1.115013774104683307e+03 0.000000000000000000e+00
1.145041322314049467e+03 0.000000000000000000e+00
1.175068870523416081e+03 0.000000000000000000e+00
1.205096418732782240e+03 8.638352853780291163e-01
1.235123966942148854e+03 2.413424921384463406e+00
1.265151515151515014e+03 3.854156795773910016e+00
1.295179063360881628e+03 4.085759930204574175e+00
1.325206611570247787e+03 3.934742476045288928e+00
1.355234159779614401e+03 3.581742058960442066e+00
1.385261707988980561e+03 3.443517281814939768e+00
1.415289256198347175e+03 3.364465984990018477e+00
1.445316804407713335e+03 3.676074938780291124e+00
1.475344352617079949e+03 3.730806661460599916e+00
1.505371900826446108e+03 3.294837716182638321e+00
1.535399449035812722e+03 2.989903503305207266e+00
1.565426997245178882e+03 2.521341302443693255e+00
1.595454545454545496e+03 2.740736231992321414e+00
1.625482093663911655e+03 2.820491892668321565e+00
1.655509641873278269e+03 2.999499452071786809e+00
1.685537190082644656e+03 2.955517635956633526e+00
1.715564738292011043e+03 3.101089239326236147e+00
1.745592286501377430e+03 3.214843424872966704e+00
1.775619834710743817e+03 3.193818567400012132e+00
1.805647382920110203e+03 2.946843931184920162e+00
1.835674931129476590e+03 2.815809198784390510e+00
1.865702479338842977e+03 2.741644642327264680e+00
1.895730027548209364e+03 2.647850122439418641e+00
1.925757575757575751e+03 2.456572106684263179e+00
1.955785123966942137e+03 2.340699065559328496e+00
1.985812672176308524e+03 2.379258086984670229e+00
2.015840220385674911e+03 2.370990169570697859e+00
2.045867768595041298e+03 2.349048832127845543e+00
2.075895316804407685e+03 2.130076290328865696e+00
2.105922865013773844e+03 2.166834169232234153e+00
2.135950413223140458e+03 2.020504711859850477e+00
2.165977961432507072e+03 2.108919436684145499e+00
2.196005509641873232e+03 2.001039138421215391e+00
2.226033057851239846e+03 2.085589199785025105e+00
2.256060606060606005e+03 2.222871328287275627e+00
2.286088154269972620e+03 2.291875237910130814e+00
2.316115702479338779e+03 2.210640528427364249e+00
2.346143250688705393e+03 2.009893603015922459e+00
2.376170798898071553e+03 1.920320655014575273e+00
2.406198347107438167e+03 1.916346013957702210e+00
2.436225895316804326e+03 2.012182843172177993e+00
2.466253443526170940e+03 1.993595015455656538e+00
2.496280991735537100e+03 1.956222460929709639e+00
2.526308539944903714e+03 1.887295558680425644e+00
2.556336088154269873e+03 1.751483832947489772e+00
2.586363636363636488e+03 1.717761750714220437e+00
2.616391184573002647e+03 1.765317723431476304e+00
2.646418732782369261e+03 1.838537440915861909e+00
2.676446280991735421e+03 1.838339850139962373e+00
2.706473829201102035e+03 1.772943067342026113e+00
2.736501377410468194e+03 1.754788694303091701e+00
2.766528925619834808e+03 1.610205160093488130e+00
2.796556473829200968e+03 1.596470295558449992e+00
2.826584022038567582e+03 1.576005240190379020e+00
2.856611570247933741e+03 1.674728923669783986e+00
2.886639118457300356e+03 1.643230371708136461e+00
2.916666666666666515e+03 1.662125076113949662e+00
2.946694214876033129e+03 1.650158038036570574e+00
2.976721763085399289e+03 1.609886640073761033e+00
3.006749311294765903e+03 1.493305200280270029e+00
3.036776859504132062e+03 1.455893796226039427e+00
3.066804407713498676e+03 1.435993730585322981e+00
3.096831955922864836e+03 1.412763672440144669e+00
3.126859504132231450e+03 1.310063503415876518e+00
3.156887052341597609e+03 1.205021526327645143e+00
3.186914600550964224e+03 1.156037458784339611e+00
3.216942148760330383e+03 1.168921437953614362e+00
3.246969696969696997e+03 1.209374172141914006e+00
3.276997245179063611e+03 1.210736211241831395e+00
3.307024793388429771e+03 1.166847080648162338e+00
3.337052341597795930e+03 1.157899354129474423e+00
3.367079889807162544e+03 1.143384962857775911e+00
3.397107438016529159e+03 1.146305363748018058e+00
3.427134986225895318e+03 1.123479709594588538e+00
3.457162534435261477e+03 1.128387431013267106e+00
3.487190082644628092e+03 1.114948952642079272e+00
3.517217630853994706e+03 1.122052537012533602e+00
3.547245179063360865e+03 1.103761210740361376e+00
3.577272727272727025e+03 1.111205103144921269e+00
3.607300275482093639e+03 1.077993482962810390e+00
3.637327823691460253e+03 1.085854575494547669e+00
3.667355371900826412e+03 1.091903919698370862e+00
3.697382920110192572e+03 1.129513145089500181e+00
3.727410468319559186e+03 1.132894667977175418e+00
3.757438016528925800e+03 1.168922821319606786e+00
3.787465564738291960e+03 1.196139394413092027e+00
3.817493112947658119e+03 1.254586492307217194e+00
3.847520661157024733e+03 1.280975005573812275e+00
3.877548209366391347e+03 1.333526428169758526e+00
3.907575757575757507e+03 1.314625613897479228e+00
3.937603305785123666e+03 1.302038251453053075e+00
3.967630853994490280e+03 1.336595079782175066e+00
3.997658402203856895e+03 1.414541182459749358e+00
4.027685950413223054e+03 1.508999833304398130e+00
4.057713498622589213e+03 1.482002177879194083e+00
4.087741046831955828e+03 1.447494920164795973e+00
4.117768595041322442e+03 1.432942140486811233e+00
4.147796143250689056e+03 1.456431695036044749e+00
4.177823691460054761e+03 1.481881133354868041e+00
4.207851239669421375e+03 1.493793874317049575e+00
4.237878787878787989e+03 1.494694099736538107e+00
4.267906336088153694e+03 1.465643298617763879e+00
4.297933884297520308e+03 1.466060498744941265e+00
4.327961432506886922e+03 1.444277902549705006e+00
4.357988980716253536e+03 1.424103930442513377e+00
4.388016528925620150e+03 1.401635184715096960e+00
4.418044077134985855e+03 1.402974859398139040e+00
4.448071625344352469e+03 1.427995915381346848e+00
4.478099173553719083e+03 1.442252424175980874e+00
4.508126721763084788e+03 1.438140599324871260e+00
4.538154269972451402e+03 1.431048197162854585e+00
4.568181818181818016e+03 1.419245664358059322e+00
4.598209366391184631e+03 1.433216508075283668e+00
4.628236914600551245e+03 1.435396001196150406e+00
4.658264462809916949e+03 1.417132226963324859e+00
4.688292011019283564e+03 1.400032324652020099e+00
4.718319559228650178e+03 1.384271635901759723e+00
4.748347107438015883e+03 1.367018295245809201e+00
4.778374655647382497e+03 1.366968839911584466e+00
4.808402203856749111e+03 1.348326715079865235e+00
4.838429752066115725e+03 1.316664349528629652e+00
4.868457300275482339e+03 1.293256989975438476e+00
4.898484848484848044e+03 1.299987296088970679e+00
4.928512396694214658e+03 1.325912266467646594e+00
4.958539944903581272e+03 1.310239652018895917e+00
4.988567493112947886e+03 1.297826247848001380e+00
5.018595041322314501e+03 1.269522118523570553e+00
5.048622589531680205e+03 1.267695383730739866e+00
5.078650137741046819e+03 1.285888145175960728e+00
5.108677685950413434e+03 1.271444997252865639e+00
5.138705234159779138e+03 1.250293907633113877e+00
5.168732782369145752e+03 1.226837208026197334e+00
5.198760330578512367e+03 1.229724523413123549e+00
5.228787878787878071e+03 1.230504050149783923e+00
5.258815426997245595e+03 1.220266104282278663e+00
5.288842975206611300e+03 1.224037505818783345e+00
5.318870523415977914e+03 1.232968977787061604e+00
5.348898071625344528e+03 1.223187427416515760e+00
5.378925619834710233e+03 1.195473764809797501e+00
5.408953168044077756e+03 1.174193215189266448e+00
5.438980716253443461e+03 1.152557832191710485e+00
5.469008264462809166e+03 1.118470541336474611e+00
5.499035812672176689e+03 1.130541101302277696e+00
5.529063360881542394e+03 1.164563604516874573e+00
5.559090909090909008e+03 1.197621901634839059e+00
5.589118457300275622e+03 1.183804496262260475e+00
5.619146005509641327e+03 1.177727715299589972e+00
5.649173553719008851e+03 1.184814583997637394e+00
5.679201101928374555e+03 1.190507250336446221e+00
5.709228650137740260e+03 1.220019058172154169e+00
5.739256198347107784e+03 1.197994949330762227e+00
5.769283746556473488e+03 1.190721210943255226e+00
5.799311294765840103e+03 1.158623892067940808e+00
5.829338842975206717e+03 1.181131026201643452e+00
5.859366391184572421e+03 1.174071478981943972e+00
5.889393939393939945e+03 1.163323071063280478e+00
5.919421487603305650e+03 1.125884460811201304e+00
5.949449035812671355e+03 1.116799089376279586e+00
5.979476584022038878e+03 1.114147522610540619e+00
6.009504132231404583e+03 1.131406742571958723e+00
6.039531680440771197e+03 1.158118963480751828e+00
6.069559228650137811e+03 1.173390747633233699e+00
6.099586776859503516e+03 1.182525459121880784e+00
6.129614325068871040e+03 1.160913132224196787e+00
6.159641873278236744e+03 1.128574185422227538e+00
6.189669421487602449e+03 1.075759231604748400e+00
6.219696969696969973e+03 1.049875877486341036e+00
6.249724517906335677e+03 1.094983638238726131e+00
6.279752066115702291e+03 1.099611343324463641e+00
6.309779614325068906e+03 1.096449199227067295e+00
6.339807162534434610e+03 1.070428776594923193e+00
6.369834710743802134e+03 1.100094368616774787e+00
6.399862258953167839e+03 1.097338472999116687e+00
6.429889807162533543e+03 1.093863688187461047e+00
6.459917355371901067e+03 1.084712722148404307e+00
6.489944903581266772e+03 1.050483059876460956e+00
6.519972451790633386e+03 9.714766071657897628e-01
6.550000000000000000e+03 9.219708953628882320e-01
6.580027548209365705e+03 9.651820613398314208e-01
6.610055096418733228e+03 1.018720630851782216e+00
6.640082644628098933e+03 1.070748103578145427e+00
6.670110192837464638e+03 1.110534055358157079e+00
6.700137741046832161e+03 1.123849298875531089e+00
6.730165289256197866e+03 1.089096954819497309e+00
6.760192837465564480e+03 1.000000000000000000e+00
6.790220385674931094e+03 9.458511355244467733e-01
6.820247933884296799e+03 9.224856227925226637e-01
6.850275482093664323e+03 9.122311918136090103e-01
6.880303030303030027e+03 9.101778155590400932e-01
6.910330578512396642e+03 9.242806554480297310e-01
6.940358126721763256e+03 9.329046743245196227e-01
6.970385674931128960e+03 9.204323618184530043e-01
7.000413223140496484e+03 9.167215978246109342e-01
7.030440771349862189e+03 9.125054441215822987e-01
7.060468319559227893e+03 9.117370995933595790e-01
7.090495867768595417e+03 8.950158937224466094e-01
7.120523415977961122e+03 8.814455344599928521e-01
7.150550964187327736e+03 8.788436535894773582e-01
7.180578512396694350e+03 8.605195876554874168e-01
7.210606060606060055e+03 8.597070906960107006e-01
7.240633608815427579e+03 8.640877496716234951e-01
7.270661157024793283e+03 8.738042818405316048e-01
7.300688705234158988e+03 8.850358303320056130e-01
7.330716253443526512e+03 8.914092280195247131e-01
7.360743801652892216e+03 8.959051674944960020e-01
7.390771349862258830e+03 8.901905978608088965e-01
7.420798898071625445e+03 8.843111771130396370e-01
7.450826446280991149e+03 8.840969859452320057e-01
7.480853994490358673e+03 8.865948838053263614e-01
7.510881542699724378e+03 8.924303826828402508e-01
7.540909090909090082e+03 8.927981274757930130e-01
7.570936639118457606e+03 8.684023529211040149e-01
7.600964187327823311e+03 8.363874596028310071e-01
7.630991735537189925e+03 8.194686629560180569e-01
7.661019283746556539e+03 8.219224083848578610e-01
7.691046831955922244e+03 8.201822492470454140e-01
7.721074380165289767e+03 8.288392383463520918e-01
7.751101928374655472e+03 8.341913660900566185e-01
7.781129476584021177e+03 8.478715876683988739e-01
7.811157024793388700e+03 8.429858848250976200e-01
7.841184573002754405e+03 8.439246139313716366e-01
7.871212121212121019e+03 8.279445463908328140e-01
7.901239669421487633e+03 8.166963975074512661e-01
7.931267217630853338e+03 8.061509985481574159e-01
7.961294765840220862e+03 8.070732425430232615e-01
7.991322314049586566e+03 8.230149216772759679e-01
8.021349862258952271e+03 8.299427032862091158e-01
8.051377410468319795e+03 8.279994199085272122e-01
8.081404958677685499e+03 8.278731877617300228e-01
8.111432506887052114e+03 8.298660417541358081e-01
8.141460055096418728e+03 8.350040936105322942e-01
8.171487603305784432e+03 8.272528633946832910e-01
8.201515151515151956e+03 8.216425073324162831e-01
8.231542699724517661e+03 8.027585240130433730e-01
8.261570247933883365e+03 8.069852835220129306e-01
8.291597796143250889e+03 7.921637850000242675e-01
8.321625344352616594e+03 8.047841176672668739e-01
8.351652892561982299e+03 7.957865899728561176e-01
8.381680440771349822e+03 7.972414298747569905e-01
8.411707988980715527e+03 7.900446988608211818e-01
8.441735537190083051e+03 7.881783075762113233e-01
8.471763085399448755e+03 7.802843601021569597e-01
8.501790633608814460e+03 7.545932938566791703e-01
8.531818181818181984e+03 7.533633662090262195e-01
8.561845730027547688e+03 7.717426515022086653e-01
8.591873278236915212e+03 8.082479508314837080e-01
8.621900826446280917e+03 7.963248346243597675e-01
8.651928374655646621e+03 7.860483850700686892e-01
8.681955922865014145e+03 8.000026283953853845e-01
8.711983471074379850e+03 8.193370126257508712e-01
8.742011019283745554e+03 8.377543404837215490e-01
8.772038567493113078e+03 8.211155601698497675e-01
8.802066115702478783e+03 8.405266059322883399e-01
8.832093663911846306e+03 8.264954705138997104e-01
8.862121212121212011e+03 8.236736344506089269e-01
8.892148760330577716e+03 7.968188115641097191e-01
8.922176308539945239e+03 7.993604007334607076e-01
8.952203856749310944e+03 8.058655640317464730e-01
8.982231404958678468e+03 8.059864932755732569e-01
9.012258953168044172e+03 8.119800417177071017e-01
9.042286501377409877e+03 8.298569345946865683e-01
9.072314049586777401e+03 8.485599275300670374e-01
9.102341597796143105e+03 8.503724828214764830e-01
9.132369146005508810e+03 8.165043401955204283e-01
9.162396694214876334e+03 7.913348029291391583e-01
9.192424242424242038e+03 7.596655205479420081e-01
9.222451790633607743e+03 7.562013415422271789e-01
9.252479338842975267e+03 7.655150836463775477e-01
9.282506887052340971e+03 7.754942247928237054e-01
9.312534435261706676e+03 7.624276413125653518e-01
9.342561983471074200e+03 7.555701808082408988e-01
9.372589531680441723e+03 7.277687897415111573e-01
9.402617079889805609e+03 7.091232064948110869e-01
9.432644628099173133e+03 6.929566151063105695e-01
9.462672176308540656e+03 7.040808374528820801e-01
9.492699724517906361e+03 7.264336109979441236e-01
9.522727272727272066e+03 7.369700180782878807e-01
9.552754820936639589e+03 7.537230413670239493e-01
9.582782369146005294e+03 7.678598890033241364e-01
9.612809917355370999e+03 7.917575365202857984e-01
9.642837465564738523e+03 7.926851986986215293e-01
9.672865013774104227e+03 7.927344234718474159e-01
9.702892561983469932e+03 7.938325855087340344e-01
9.732920110192837456e+03 7.952267878679725177e-01
9.762947658402204979e+03 8.036532159685625398e-01
9.792975206611568865e+03 8.200616658447168472e-01
9.823002754820936389e+03 8.359098524939897468e-01
9.853030303030303912e+03 8.652350212012366315e-01
9.883057851239667798e+03 9.155466589751517503e-01
9.913085399449035322e+03 9.163591559346285775e-01
9.943112947658402845e+03 7.856970101080248403e-01
9.973140495867768550e+03 4.509773134894093927e-01
1.000316804407713425e+04 1.493376558909372820e-01
1.003319559228650178e+04 0.000000000000000000e+00
1.006322314049586748e+04 0.000000000000000000e+00
1.009325068870523319e+04 0.000000000000000000e+00
1.012327823691460071e+04 0.000000000000000000e+00
1.015330578512396642e+04 0.000000000000000000e+00
1.018333333333333212e+04 0.000000000000000000e+00
1.021336088154269964e+04 0.000000000000000000e+00
1.024338842975206717e+04 0.000000000000000000e+00
1.027341597796143105e+04 0.000000000000000000e+00
1.030344352617079858e+04 0.000000000000000000e+00
1.033347107438016610e+04 0.000000000000000000e+00
1.036349862258952999e+04 0.000000000000000000e+00
1.039352617079889751e+04 0.000000000000000000e+00
1.042355371900826503e+04 0.000000000000000000e+00
1.045358126721763074e+04 0.000000000000000000e+00
1.048360881542699644e+04 0.000000000000000000e+00
1.051363636363636397e+04 0.000000000000000000e+00
1.054366391184572967e+04 0.000000000000000000e+00
1.057369146005509538e+04 0.000000000000000000e+00
1.060371900826446290e+04 0.000000000000000000e+00
1.063374655647382860e+04 0.000000000000000000e+00
1.066377410468319431e+04 0.000000000000000000e+00
1.069380165289256183e+04 0.000000000000000000e+00
1.072382920110192936e+04 0.000000000000000000e+00
1.075385674931129324e+04 0.000000000000000000e+00
1.078388429752066077e+04 0.000000000000000000e+00
1.081391184573002829e+04 0.000000000000000000e+00
1.084393939393939399e+04 0.000000000000000000e+00
1.087396694214875970e+04 0.000000000000000000e+00
1.090399449035812722e+04 0.000000000000000000e+00
1.093402203856749293e+04 0.000000000000000000e+00
1.096404958677685863e+04 0.000000000000000000e+00
1.099407713498622616e+04 0.000000000000000000e+00
1.102410468319559186e+04 0.000000000000000000e+00
1.105413223140495757e+04 0.000000000000000000e+00
1.108415977961432509e+04 0.000000000000000000e+00
1.111418732782369261e+04 0.000000000000000000e+00
1.114421487603305650e+04 0.000000000000000000e+00
1.117424242424242402e+04 0.000000000000000000e+00
1.120426997245179155e+04 0.000000000000000000e+00
1.123429752066115543e+04 0.000000000000000000e+00
1.126432506887052295e+04 0.000000000000000000e+00
1.129435261707989048e+04 0.000000000000000000e+00
1.132438016528925618e+04 0.000000000000000000e+00
1.135440771349862189e+04 0.000000000000000000e+00
1.138443526170798941e+04 0.000000000000000000e+00
1.141446280991735512e+04 0.000000000000000000e+00
1.144449035812672082e+04 0.000000000000000000e+00
1.147451790633608834e+04 0.000000000000000000e+00
1.150454545454545405e+04 0.000000000000000000e+00
1.153457300275481975e+04 0.000000000000000000e+00
1.156460055096418728e+04 0.000000000000000000e+00
1.159462809917355480e+04 0.000000000000000000e+00
1.162465564738291869e+04 0.000000000000000000e+00
1.165468319559228621e+04 0.000000000000000000e+00
1.168471074380165373e+04 0.000000000000000000e+00
1.171473829201101762e+04 0.000000000000000000e+00
1.174476584022038514e+04 0.000000000000000000e+00
1.177479338842975267e+04 0.000000000000000000e+00
1.180482093663911837e+04 0.000000000000000000e+00
1.183484848484848408e+04 0.000000000000000000e+00
1.186487603305785160e+04 0.000000000000000000e+00
1.189490358126721731e+04 0.000000000000000000e+00
1.192493112947658301e+04 0.000000000000000000e+00
1.195495867768595053e+04 0.000000000000000000e+00
1.198498622589531624e+04 0.000000000000000000e+00
