1.115013774104683307e+03 0.000000000000000000e+00
1.145041322314049467e+03 0.000000000000000000e+00
1.175068870523416081e+03 0.000000000000000000e+00
1.205096418732782240e+03 6.006387517376924334e-01
1.235123966942148854e+03 1.625671594608846027e+00
1.265151515151515014e+03 2.618406971757722079e+00
1.295179063360881628e+03 2.801931575408398434e+00
1.325206611570247787e+03 2.750864149706486739e+00
1.355234159779614401e+03 2.662193903793060201e+00
1.385261707988980561e+03 2.634771401956580661e+00
1.415289256198347175e+03 2.666451169063699833e+00
1.445316804407713335e+03 2.937149627456899559e+00
1.475344352617079949e+03 2.999599666777654328e+00
1.505371900826446108e+03 2.683956678503919502e+00
1.535399449035812722e+03 2.466623999004997181e+00
1.565426997245178882e+03 2.348494928464728737e+00
1.595454545454545496e+03 2.480443268636548293e+00
1.625482093663911655e+03 2.460531873131940550e+00
1.655509641873278269e+03 2.416034965025905201e+00
1.685537190082644656e+03 2.384323780182080466e+00
1.715564738292011043e+03 2.468598458004527263e+00
1.745592286501377430e+03 2.478037382572160219e+00
1.775619834710743817e+03 2.401012752362160718e+00
1.805647382920110203e+03 2.248874467679894185e+00
1.835674931129476590e+03 2.104140404245864460e+00
1.865702479338842977e+03 2.043695269978765605e+00
1.895730027548209364e+03 1.993923744942392107e+00
1.925757575757575751e+03 1.889459770397885041e+00
1.955785123966942137e+03 1.851533379887725150e+00
1.985812672176308524e+03 1.793386598812992672e+00
2.015840220385674911e+03 1.763372619539629982e+00
2.045867768595041298e+03 1.622540185552505232e+00
2.075895316804407685e+03 1.512678514284381937e+00
2.105922865013773844e+03 1.435761416946403468e+00
2.135950413223140458e+03 1.375902531168338161e+00
2.165977961432507072e+03 1.419690110992062104e+00
2.196005509641873232e+03 1.424548199990412822e+00
2.226033057851239846e+03 1.488710344014500198e+00
2.256060606060606005e+03 1.520081439955846880e+00
2.286088154269972620e+03 1.542307059468269514e+00
2.316115702479338779e+03 1.436733099524912127e+00
2.346143250688705393e+03 1.318079644286441754e+00
2.376170798898071553e+03 1.253655793754542724e+00
2.406198347107438167e+03 1.323832652939598953e+00
2.436225895316804326e+03 1.402925023676665717e+00
2.466253443526170940e+03 1.402708986250043699e+00
2.496280991735537100e+03 1.299617675294776120e+00
2.526308539944903714e+03 1.244740929990918232e+00
2.556336088154269873e+03 1.175180765349022050e+00
2.586363636363636488e+03 1.169489296592503447e+00
2.616391184573002647e+03 1.232217237130712073e+00
2.646418732782369261e+03 1.318203047973912190e+00
2.676446280991735421e+03 1.332253901953341035e+00
2.706473829201102035e+03 1.246606884435847551e+00
2.736501377410468194e+03 1.196187247119608887e+00
2.766528925619834808e+03 1.105682140603764907e+00
2.796556473829200968e+03 1.133475501291042464e+00
2.826584022038567582e+03 1.127691398795372946e+00
2.856611570247933741e+03 1.183941455476856364e+00
2.886639118457300356e+03 1.171586835385310943e+00
2.916666666666666515e+03 1.213246106467908092e+00
2.946694214876033129e+03 1.223240509576255741e+00
2.976721763085399289e+03 1.227435911056063533e+00
3.006749311294765903e+03 1.212659857978874545e+00
3.036776859504132062e+03 1.219878163960422590e+00
3.066804407713498676e+03 1.257002592449119494e+00
3.096831955922864836e+03 1.285366330809981861e+00
3.126859504132231450e+03 1.268369659146707296e+00
3.156887052341597609e+03 1.172006602259226815e+00
3.186914600550964224e+03 1.067758989035533679e+00
3.216942148760330383e+03 1.051363788888356465e+00
3.246969696969696997e+03 1.065627441352478444e+00
3.276997245179063611e+03 1.150070868049392736e+00
3.307024793388429771e+03 1.174810230392417498e+00
3.337052341597795930e+03 1.191020486955485458e+00
3.367079889807162544e+03 1.216670315874572639e+00
3.397107438016529159e+03 1.218135289308770908e+00
3.427134986225895318e+03 1.229656529642148666e+00
3.457162534435261477e+03 1.175211211403148548e+00
3.487190082644628092e+03 1.137640132822530736e+00
3.517217630853994706e+03 1.091400026170650905e+00
3.547245179063360865e+03 1.061817797856338785e+00
3.577272727272727025e+03 1.067586029536559344e+00
3.607300275482093639e+03 1.080202680030109219e+00
3.637327823691460253e+03 1.094839458604379034e+00
3.667355371900826412e+03 1.062104120322806100e+00
3.697382920110192572e+03 1.036778833384940812e+00
3.727410468319559186e+03 1.058652703803943051e+00
3.757438016528925800e+03 1.109247891772698891e+00
3.787465564738291960e+03 1.177824389750951273e+00
3.817493112947658119e+03 1.200874967772528112e+00
3.847520661157024733e+03 1.220862154518259191e+00
3.877548209366391347e+03 1.253035860269454238e+00
3.907575757575757507e+03 1.301384194222505064e+00
3.937603305785123666e+03 1.313413624544442992e+00
3.967630853994490280e+03 1.337250941560418793e+00
3.997658402203856895e+03 1.405330585846860325e+00
4.027685950413223054e+03 1.499753192625058906e+00
4.057713498622589213e+03 1.493846334230304551e+00
4.087741046831955828e+03 1.469430866080115861e+00
4.117768595041322442e+03 1.459713716400836025e+00
4.147796143250689056e+03 1.475847210040201807e+00
4.177823691460054761e+03 1.493028825287585626e+00
4.207851239669421375e+03 1.483034422179237977e+00
4.237878787878787989e+03 1.471034790123040947e+00
4.267906336088153694e+03 1.432260120721843721e+00
4.297933884297520308e+03 1.393984248377614144e+00
4.327961432506886922e+03 1.372641564434863071e+00
4.357988980716253536e+03 1.360934732728990015e+00
4.388016528925620150e+03 1.372300179955613597e+00
4.418044077134985855e+03 1.372163496606236599e+00
4.448071625344352469e+03 1.384724761192811737e+00
4.478099173553719083e+03 1.394364500160004017e+00
4.508126721763084788e+03 1.396169238602487317e+00
4.538154269972451402e+03 1.390909844699212305e+00
4.568181818181818016e+03 1.372910396614917206e+00
4.598209366391184631e+03 1.380899894669608718e+00
4.628236914600551245e+03 1.382966663514096473e+00
4.658264462809916949e+03 1.390585950506376456e+00
4.688292011019283564e+03 1.380652763400474603e+00
4.718319559228650178e+03 1.368175387409844124e+00
4.748347107438015883e+03 1.347739283312841652e+00
4.778374655647382497e+03 1.334737198729816665e+00
4.808402203856749111e+03 1.316441387459076129e+00
4.838429752066115725e+03 1.300556320665615662e+00
4.868457300275482339e+03 1.274084448285109916e+00
4.898484848484848044e+03 1.264343006541367220e+00
4.928512396694214658e+03 1.251812835797304624e+00
4.958539944903581272e+03 1.249391402811660834e+00
4.988567493112947886e+03 1.241349757791922803e+00
5.018595041322314501e+03 1.233654031770133663e+00
5.048622589531680205e+03 1.225293027076258978e+00
5.078650137741046819e+03 1.219418558100788141e+00
5.108677685950413434e+03 1.210315511811125733e+00
5.138705234159779138e+03 1.195184794592780930e+00
5.168732782369145752e+03 1.178851782130627912e+00
5.198760330578512367e+03 1.164646106727023289e+00
5.228787878787878071e+03 1.168332346535692512e+00
5.258815426997245595e+03 1.157875422519974551e+00
5.288842975206611300e+03 1.165001418656564702e+00
5.318870523415977914e+03 1.175057361661551614e+00
5.348898071625344528e+03 1.188244065934493054e+00
5.378925619834710233e+03 1.173100392948434934e+00
5.408953168044077756e+03 1.174223334114998130e+00
5.438980716253443461e+03 1.165506693597389232e+00
5.469008264462809166e+03 1.159499751897048458e+00
5.499035812672176689e+03 1.146113204907126537e+00
5.529063360881542394e+03 1.138607604776532556e+00
5.559090909090909008e+03 1.122152808097873100e+00
5.589118457300275622e+03 1.103368564384335615e+00
5.619146005509641327e+03 1.087420986011657709e+00
5.649173553719008851e+03 1.088855189497536458e+00
5.679201101928374555e+03 1.085384987115489253e+00
5.709228650137740260e+03 1.096597880177286877e+00
5.739256198347107784e+03 1.099173810692913422e+00
5.769283746556473488e+03 1.105728457473340365e+00
5.799311294765840103e+03 1.099173162904527601e+00
5.829338842975206717e+03 1.089133090714989871e+00
5.859366391184572421e+03 1.108088674456537914e+00
5.889393939393939945e+03 1.112792589819098676e+00
5.919421487603305650e+03 1.124499097630778710e+00
5.949449035812671355e+03 1.111419926229858968e+00
5.979476584022038878e+03 1.094084137346684749e+00
6.009504132231404583e+03 1.065534807613327528e+00
6.039531680440771197e+03 1.068449855348853506e+00
6.069559228650137811e+03 1.072644932934468498e+00
6.099586776859503516e+03 1.081066181948210803e+00
6.129614325068871040e+03 1.064069510284936015e+00
6.159641873278236744e+03 1.059812892802682427e+00
6.189669421487602449e+03 1.040271060572101058e+00
6.219696969696969973e+03 1.010364614170759623e+00
6.249724517906335677e+03 9.905762984594297382e-01
6.279752066115702291e+03 1.023289935830082653e+00
6.309779614325068906e+03 1.048862030142889257e+00
6.339807162534434610e+03 1.052286239549553803e+00
6.369834710743802134e+03 1.021037899507292179e+00
6.399862258953167839e+03 1.009778365681726076e+00
6.429889807162533543e+03 1.006169536585144630e+00
6.459917355371901067e+03 1.000000000000000000e+00
6.489944903581266772e+03 9.959746429714313454e-01
6.519972451790633386e+03 1.004498890338495487e+00
6.550000000000000000e+03 1.021557749686794248e+00
6.580027548209365705e+03 1.017612718418049012e+00
6.610055096418733228e+03 1.006559829087512403e+00
6.640082644628098933e+03 1.007174904159708451e+00
6.670110192837464638e+03 1.007137008539146450e+00
6.700137741046832161e+03 1.027891176733514156e+00
6.730165289256197866e+03 1.004692902960004242e+00
6.760192837465564480e+03 9.728589622170945583e-01
6.790220385674931094e+03 9.282192167720187959e-01
6.820247933884296799e+03 9.377818689213156533e-01
6.850275482093664323e+03 9.589736181702050999e-01
6.880303030303030027e+03 9.610400631205002764e-01
6.910330578512396642e+03 9.493338792030131534e-01
6.940358126721763256e+03 9.397245862899475943e-01
6.970385674931128960e+03 9.367172287094631677e-01
7.000413223140496484e+03 9.218955065510840985e-01
7.030440771349862189e+03 9.311031706650325646e-01
7.060468319559227893e+03 9.261832178758500067e-01
7.090495867768595417e+03 9.099732852069749578e-01
7.120523415977961122e+03 9.148929141019646050e-01
7.150550964187327736e+03 9.262910746420647268e-01
7.180578512396694350e+03 8.961012208219917285e-01
7.210606060606060055e+03 8.754027624287920029e-01
7.240633608815427579e+03 8.673517244774615609e-01
7.270661157024793283e+03 9.149243318386696133e-01
7.300688705234158988e+03 9.401262150890644653e-01
7.330716253443526512e+03 9.481617061191387474e-01
7.360743801652892216e+03 9.112899151008543308e-01
7.390771349862258830e+03 8.886176454965104554e-01
7.420798898071625445e+03 8.913322027266709080e-01
7.450826446280991149e+03 8.980659629957362666e-01
7.480853994490358673e+03 8.941636857604453592e-01
7.510881542699724378e+03 8.644428307315992210e-01
7.540909090909090082e+03 8.371894016637797531e-01
7.570936639118457606e+03 8.335342556976228501e-01
7.600964187327823311e+03 8.414771129885458834e-01
7.630991735537189925e+03 8.580880266681523150e-01
7.661019283746556539e+03 8.583503809643496796e-01
7.691046831955922244e+03 8.600472626406187038e-01
7.721074380165289767e+03 8.535998248380206599e-01
7.751101928374655472e+03 8.539703597946252112e-01
7.781129476584021177e+03 8.579338530323622480e-01
7.811157024793388700e+03 8.592142067766439517e-01
7.841184573002754405e+03 8.588287726871688399e-01
7.871212121212121019e+03 8.496515546273468722e-01
7.901239669421487633e+03 8.310198650786350116e-01
7.931267217630853338e+03 8.182182710009756610e-01
7.961294765840220862e+03 8.236473854612966772e-01
7.991322314049586566e+03 8.408908644995122250e-01
8.021349862258952271e+03 8.496360077060906013e-01
8.051377410468319795e+03 8.408293246028734069e-01
8.081404958677685499e+03 8.384075677230368173e-01
8.111432506887052114e+03 8.419707277384282929e-01
8.141460055096418728e+03 8.461350353757238762e-01
8.171487603305784432e+03 8.395337478315284541e-01
8.201515151515151956e+03 8.423409388008401555e-01
8.231542699724517661e+03 8.419707277384282929e-01
8.261570247933883365e+03 8.396571515189990009e-01
8.291597796143250889e+03 8.296627484106512407e-01
8.321625344352616594e+03 8.165217132188993254e-01
8.351652892561982299e+03 8.106300778512082195e-01
8.381680440771349822e+03 8.123266356332844440e-01
8.411707988980715527e+03 8.103521766337546950e-01
8.441735537190083051e+03 8.064502232926565872e-01
8.471763085399448755e+03 7.862298327280831112e-01
8.501790633608814460e+03 7.699117193988006536e-01
8.531818181818181984e+03 7.639582202402777078e-01
8.561845730027547688e+03 7.868623980866922274e-01
8.591873278236915212e+03 8.137452921979071441e-01
8.621900826446280917e+03 8.097358059847873379e-01
8.651928374655646621e+03 8.006353508486676596e-01
8.681955922865014145e+03 8.018541646963103231e-01
8.711983471074379850e+03 8.179714636260343452e-01
8.742011019283745554e+03 8.247424717272759942e-01
8.772038567493113078e+03 8.313282123502152565e-01
8.802066115702478783e+03 8.227683366219390448e-01
8.832093663911846306e+03 8.104448103729058328e-01
8.862121212121212011e+03 8.044760881873197489e-01
8.892148760330577716e+03 8.141158271545118064e-01
8.922176308539945239e+03 8.282437679518357410e-01
8.952203856749310944e+03 8.144241744260919402e-01
8.982231404958678468e+03 7.992319173111080977e-01
9.012258953168044172e+03 7.904851546335656121e-01
9.042286501377409877e+03 8.090844547629937322e-01
9.072314049586777401e+03 8.169524924953716072e-01
9.102341597796143105e+03 8.208644865564476145e-01
9.132369146005508810e+03 8.105057024811591626e-01
9.162396694214876334e+03 8.073295960262070192e-01
9.192424242424242038e+03 7.851810633316793631e-01
9.222451790633607743e+03 7.617839185237680333e-01
9.252479338842975267e+03 7.355948057736083623e-01
9.282506887052340971e+03 7.293789523188880519e-01
9.312534435261706676e+03 7.367666549632899686e-01
9.342561983471074200e+03 7.419952789182452380e-01
9.372589531680441723e+03 7.341295084452171826e-01
9.402617079889805609e+03 7.105545457254388575e-01
9.432644628099173133e+03 7.135324289343751847e-01
9.462672176308540656e+03 7.324857454165732973e-01
9.492699724517906361e+03 7.754933880239475164e-01
9.522727272727272066e+03 7.842022550809282233e-01
9.552754820936639589e+03 7.770772306269166929e-01
9.582782369146005294e+03 7.698372237344482949e-01
9.612809917355370999e+03 7.743228344110373307e-01
9.642837465564738523e+03 7.694028816218548839e-01
9.672865013774104227e+03 7.615432651384906881e-01
9.702892561983469932e+03 7.554352684499848758e-01
9.732920110192837456e+03 7.418932522475019109e-01
9.762947658402204979e+03 7.513237555661218536e-01
9.792975206611568865e+03 7.498429113164745141e-01
9.823002754820936389e+03 7.490532572743398010e-01
9.853030303030303912e+03 7.867927608352325297e-01
9.883057851239667798e+03 7.949166749799509990e-01
9.913085399449035322e+03 7.863224664672342490e-01
9.943112947658402845e+03 7.099605237757772302e-01
9.973140495867768550e+03 4.814455592162797393e-01
1.000316804407713425e+04 2.324604168906935220e-01
1.003319559228650178e+04 0.000000000000000000e+00
1.006322314049586748e+04 0.000000000000000000e+00
1.009325068870523319e+04 0.000000000000000000e+00
1.012327823691460071e+04 0.000000000000000000e+00
1.015330578512396642e+04 0.000000000000000000e+00
1.018333333333333212e+04 0.000000000000000000e+00
1.021336088154269964e+04 0.000000000000000000e+00
1.024338842975206717e+04 0.000000000000000000e+00
1.027341597796143105e+04 0.000000000000000000e+00
1.030344352617079858e+04 0.000000000000000000e+00
1.033347107438016610e+04 0.000000000000000000e+00
1.036349862258952999e+04 0.000000000000000000e+00
1.039352617079889751e+04 0.000000000000000000e+00
1.042355371900826503e+04 0.000000000000000000e+00
1.045358126721763074e+04 0.000000000000000000e+00
1.048360881542699644e+04 0.000000000000000000e+00
1.051363636363636397e+04 0.000000000000000000e+00
1.054366391184572967e+04 0.000000000000000000e+00
1.057369146005509538e+04 0.000000000000000000e+00
1.060371900826446290e+04 0.000000000000000000e+00
1.063374655647382860e+04 0.000000000000000000e+00
1.066377410468319431e+04 0.000000000000000000e+00
1.069380165289256183e+04 0.000000000000000000e+00
1.072382920110192936e+04 0.000000000000000000e+00
1.075385674931129324e+04 0.000000000000000000e+00
1.078388429752066077e+04 0.000000000000000000e+00
1.081391184573002829e+04 0.000000000000000000e+00
1.084393939393939399e+04 0.000000000000000000e+00
1.087396694214875970e+04 0.000000000000000000e+00
1.090399449035812722e+04 0.000000000000000000e+00
1.093402203856749293e+04 0.000000000000000000e+00
1.096404958677685863e+04 0.000000000000000000e+00
1.099407713498622616e+04 0.000000000000000000e+00
1.102410468319559186e+04 0.000000000000000000e+00
1.105413223140495757e+04 0.000000000000000000e+00
1.108415977961432509e+04 0.000000000000000000e+00
1.111418732782369261e+04 0.000000000000000000e+00
1.114421487603305650e+04 0.000000000000000000e+00
1.117424242424242402e+04 0.000000000000000000e+00
1.120426997245179155e+04 0.000000000000000000e+00
1.123429752066115543e+04 0.000000000000000000e+00
1.126432506887052295e+04 0.000000000000000000e+00
1.129435261707989048e+04 0.000000000000000000e+00
1.132438016528925618e+04 0.000000000000000000e+00
1.135440771349862189e+04 0.000000000000000000e+00
1.138443526170798941e+04 0.000000000000000000e+00
1.141446280991735512e+04 0.000000000000000000e+00
1.144449035812672082e+04 0.000000000000000000e+00
1.147451790633608834e+04 0.000000000000000000e+00
1.150454545454545405e+04 0.000000000000000000e+00
1.153457300275481975e+04 0.000000000000000000e+00
1.156460055096418728e+04 0.000000000000000000e+00
1.159462809917355480e+04 0.000000000000000000e+00
1.162465564738291869e+04 0.000000000000000000e+00
1.165468319559228621e+04 0.000000000000000000e+00
1.168471074380165373e+04 0.000000000000000000e+00
1.171473829201101762e+04 0.000000000000000000e+00
1.174476584022038514e+04 0.000000000000000000e+00
1.177479338842975267e+04 0.000000000000000000e+00
1.180482093663911837e+04 0.000000000000000000e+00
1.183484848484848408e+04 0.000000000000000000e+00
1.186487603305785160e+04 0.000000000000000000e+00
1.189490358126721731e+04 0.000000000000000000e+00
1.192493112947658301e+04 0.000000000000000000e+00
1.195495867768595053e+04 0.000000000000000000e+00
1.198498622589531624e+04 0.000000000000000000e+00
