3.813176410093784398e+03 2.293574716259350499e+00
3.833211109947481418e+03 2.312284112145636339e+00
3.853245809801177529e+03 2.267161934284823044e+00
3.873280509654874550e+03 2.271496513908051629e+00
3.893315209508570661e+03 2.251063109360945447e+00
3.913349909362267681e+03 2.365354604401374683e+00
3.933384609215963792e+03 2.428113444277604671e+00
3.953419309069660812e+03 2.482113100726570654e+00
3.973454008923356923e+03 2.362325701102392372e+00
3.993488708777053944e+03 2.188481451664017641e+00
4.013523408630750055e+03 2.075567548067668966e+00
4.033558108484447075e+03 2.023560930573833794e+00
4.053592808338143186e+03 1.999569290967076363e+00
4.073627508191840207e+03 2.013001654373459015e+00
4.093662208045536318e+03 2.028822068770005593e+00
4.113696907899233338e+03 2.052148232956263030e+00
4.133731607752930358e+03 2.032460166091356601e+00
4.153766307606626469e+03 2.007178874725099149e+00
4.173801007460322580e+03 1.988557679085422247e+00
4.193835707314019601e+03 1.959821726065797964e+00
4.213870407167716621e+03 1.908389387282527272e+00
4.233905107021412732e+03 1.895248071661853384e+00
4.253939806875108843e+03 1.868235215335951382e+00
4.273974506728805864e+03 1.851116941476009581e+00
4.294009206582502884e+03 1.870917440856165070e+00
4.314043906436198995e+03 1.810203882621756799e+00
4.334078606289895106e+03 1.722870004757211193e+00
4.354113306143592126e+03 1.693216743116651601e+00
4.374148005997289147e+03 1.691589272687347600e+00
4.394182705850985258e+03 1.696242780233321534e+00
4.414217405704681369e+03 1.726918878116313616e+00
4.434252105558378389e+03 1.830242014571801024e+00
4.454286805412075410e+03 1.932454244819261646e+00
4.474321505265771520e+03 1.965973595556010478e+00
4.494356205119467631e+03 2.058301405256617311e+00
4.514390904973164652e+03 2.121676083486939923e+00
4.534425604826861672e+03 2.217766408877452911e+00
4.554460304680557783e+03 2.204204155299919421e+00
4.574495004534253894e+03 2.183303302473886820e+00
4.594529704387950915e+03 2.242272788771288106e+00
4.614564404241647935e+03 2.243670704053583265e+00
4.634599104095344046e+03 2.212907969296152189e+00
4.654633803949040157e+03 2.092948989576281171e+00
4.674668503802737177e+03 1.994602848425010233e+00
4.694703203656434198e+03 1.907227020073894330e+00
4.714737903510130309e+03 1.751544595419150196e+00
4.734772603363826420e+03 1.653753321107328977e+00
4.754807303217523440e+03 1.575838239444908861e+00
4.774842003071220461e+03 1.605428966198656049e+00
4.794876702924916572e+03 1.615055560618420261e+00
4.814911402778612683e+03 1.528116043383838107e+00
4.834946102632309703e+03 1.512526877787484514e+00
4.854980802486006723e+03 1.533824436301736149e+00
4.875015502339702834e+03 1.661518851239340400e+00
4.895050202193398945e+03 1.652601636941859020e+00
4.915084902047095966e+03 1.595601608736018973e+00
4.935119601900792986e+03 1.561406490378649092e+00
4.955154301754489097e+03 1.557712763064238004e+00
4.975189001608185208e+03 1.562490949540795260e+00
4.995223701461882229e+03 1.543219000235222405e+00
5.015258401315579249e+03 1.551986261085367191e+00
5.035293101169275360e+03 1.539622462557399318e+00
5.055327801022971471e+03 1.498017090393722883e+00
5.075362500876668491e+03 1.500206202275214729e+00
5.095397200730365512e+03 1.499108845292663528e+00
5.115431900584061623e+03 1.527004355489726128e+00
5.135466600437757734e+03 1.564127018517035950e+00
5.155501300291454754e+03 1.595219624802404201e+00
5.175536000145151775e+03 1.654447197788922796e+00
5.195570699998847886e+03 1.679224562192280334e+00
5.215605399852543997e+03 1.714594554735646481e+00
5.235640099706241017e+03 1.737855838976835265e+00
5.255674799559938037e+03 1.741915265098087584e+00
5.275709499413634148e+03 1.760549749401212338e+00
5.295744199267330259e+03 1.693642110627993080e+00
5.315778899121027280e+03 1.665105487560084807e+00
5.335813598974724300e+03 1.620017834168033133e+00
5.355848298828420411e+03 1.600051487056809219e+00
5.375882998682116522e+03 1.591807955883721704e+00
5.395917698535813543e+03 1.573763123450836243e+00
5.415952398389510563e+03 1.544640887224129289e+00
5.435987098243206674e+03 1.517263895463556667e+00
5.456021798096902785e+03 1.482657349663363711e+00
5.476056497950599805e+03 1.447015069800333009e+00
5.496091197804296826e+03 1.397970130602156580e+00
5.516125897657992937e+03 1.346915346198018781e+00
5.536160597511689048e+03 1.290464452467004586e+00
5.556195297365386068e+03 1.255525820361632627e+00
5.576229997219083089e+03 1.230701424512151254e+00
5.596264697072779200e+03 1.186665138904640093e+00
5.616299396926475310e+03 1.148452935755630788e+00
5.636334096780172331e+03 1.108263066811165487e+00
5.656368796633869351e+03 1.091648329071081447e+00
5.676403496487565462e+03 1.066539920610658276e+00
5.696438196341261573e+03 1.036951408634152694e+00
5.716472896194958594e+03 1.009178232309417833e+00
5.736507596048655614e+03 9.877103965096153404e-01
5.756542295902351725e+03 9.598313017203411457e-01
5.776576995756048746e+03 9.601990850234091157e-01
5.796611695609744856e+03 9.686125026390047799e-01
5.816646395463441877e+03 9.637157604395316657e-01
5.836681095317137988e+03 9.699781082297800339e-01
5.856715795170835008e+03 9.722034382332174207e-01
5.876750495024531119e+03 9.701279313961025386e-01
5.896785194878228140e+03 9.615913982220940515e-01
5.916819894731924251e+03 9.669355254243072739e-01
5.936854594585621271e+03 9.728067696099470529e-01
5.956889294439317382e+03 9.659427840961536393e-01
5.976923994293014403e+03 9.576941719635126971e-01
5.996958694146710513e+03 9.450742409616404993e-01
6.016993394000407534e+03 9.369813146409605720e-01
6.037028093854103645e+03 9.556628303902091615e-01
6.057062793707800665e+03 9.806684471304335515e-01
6.077097493561496776e+03 9.962987815272724701e-01
6.097132193415193797e+03 9.962810633093424073e-01
6.117166893268889908e+03 9.969068030205132658e-01
6.137201593122586928e+03 9.752370316487106727e-01
6.157236292976283039e+03 9.392179790926331595e-01
6.177270992829980059e+03 9.064529554280640333e-01
6.197305692683676170e+03 8.991310321493805047e-01
6.217340392537373191e+03 8.923310146135563503e-01
6.237375092391069302e+03 9.109347525973311432e-01
6.257409792244766322e+03 9.553948423440135063e-01
6.277444492098462433e+03 9.794839321493872264e-01
6.297479191952159454e+03 1.029735534101022809e+00
6.317513891805855565e+03 1.073386578749564002e+00
6.337548591659552585e+03 1.115872780850202250e+00
6.357583291513248696e+03 1.147022450219787215e+00
6.377617991366945716e+03 1.145714298556271160e+00
6.397652691220641827e+03 1.142593156299239965e+00
6.417687391074338848e+03 1.129796694523135914e+00
6.437722090928034959e+03 1.074677533319206457e+00
6.457756790781731979e+03 1.042613421510998117e+00
6.477791490635428090e+03 1.035240428074750696e+00
6.497826190489125111e+03 1.000619942206039337e+00
6.517860890342821222e+03 9.993800577939606633e-01
6.537895590196518242e+03 9.761826112497264951e-01
6.557930290050214353e+03 9.727465797813896753e-01
6.577964989903911373e+03 9.392315283181090768e-01
6.597999689757607484e+03 9.125412477833499958e-01
6.618034389611304505e+03 8.896803170987772624e-01
6.638069089465000616e+03 8.646266266643154452e-01
6.658103789318697636e+03 8.365389519713178901e-01
6.678138489172393747e+03 8.156962044776150389e-01
6.698173189026090768e+03 7.959810391617562209e-01
6.718207888879786879e+03 7.770595457843636478e-01
6.738242588733483899e+03 7.698974773100956126e-01
6.758277288587180010e+03 7.631942585678170854e-01
6.778311988440877030e+03 7.514357456317916073e-01
6.798346688294573141e+03 7.338547136094347723e-01
6.818381388148270162e+03 7.069879023004435048e-01
6.838416088001966273e+03 7.159985280851015599e-01
6.858450787855663293e+03 7.180690842436772137e-01
6.878485487709359404e+03 6.980768112106291445e-01
6.898520187563056425e+03 6.789383999446044760e-01
6.918554887416752536e+03 6.711309193260224237e-01
6.938589587270449556e+03 6.767056439233579690e-01
6.958624287124145667e+03 6.805609196953690265e-01
6.978658986977842687e+03 6.807855241638385291e-01
6.998693686831538798e+03 6.744183001571645297e-01
7.018728386685235819e+03 6.696035047156190245e-01
7.038763086538931930e+03 6.663256343985131114e-01
7.058797786392628950e+03 6.625387561589535235e-01
7.078832486246325061e+03 6.620422552138625072e-01
7.098867186100022082e+03 6.718624472207183063e-01
7.118901885953718192e+03 6.855827316684678374e-01
7.138936585807415213e+03 6.964076508567834667e-01
7.158971285661111324e+03 7.145731235088116362e-01
7.179005985514808344e+03 7.502582658255114723e-01
7.199040685368504455e+03 7.790721268916234177e-01
7.219075385222201476e+03 7.980207187199681584e-01
7.239110085075897587e+03 8.094837543158027726e-01
7.259144784929594607e+03 8.118534356829664178e-01
7.279179484783290718e+03 7.934676578359373122e-01
7.299214184636987738e+03 7.658418293382550646e-01
7.319248884490683849e+03 7.302179190982260870e-01
7.339283584344380870e+03 7.092383765396202966e-01
7.359318284198076981e+03 7.118527256514390888e-01
7.379352984051774001e+03 7.115485194832976701e-01
7.399387683905470112e+03 6.817157306051793153e-01
7.419422383759167133e+03 6.691733168067524051e-01
7.439457083612863244e+03 6.382061711380522251e-01
7.459491783466560264e+03 6.288925117143802090e-01
7.479526483320256375e+03 5.995949172425685259e-01
7.499561183173953395e+03 5.755555947846164866e-01
7.519595883027649506e+03 5.248279460071181290e-01
7.539630582881346527e+03 4.927306125402901582e-01
7.559665282735042638e+03 4.783864123155684434e-01
7.579699982588739658e+03 4.757797497835869471e-01
7.599734682442435769e+03 4.780700900131069075e-01
7.619769382296132790e+03 4.890956419632800922e-01
7.639804082149829810e+03 5.225081622683904747e-01
7.659838782003525921e+03 5.479334141553318105e-01
7.679873481857222941e+03 5.792962232641373221e-01
7.699908181710919052e+03 6.073693064835453681e-01
7.719942881564616073e+03 6.385975353046892122e-01
7.739977581418312184e+03 6.409416815930709665e-01
7.760012281272009204e+03 6.522324856881419608e-01
7.780046981125705315e+03 6.578412136301821089e-01
7.800081680979402336e+03 6.429355022342868597e-01
7.820116380833098447e+03 6.397253780445614213e-01
7.840151080686795467e+03 6.221971098329530658e-01
7.860185780540491578e+03 5.983624588482989726e-01
7.880220480394188598e+03 5.917105708256124030e-01
7.900255180247884709e+03 5.788397185904036180e-01
7.920289880101580820e+03 5.780485219912071537e-01
7.940324579955277841e+03 5.658745429009190975e-01
7.960359279808974861e+03 5.532409323925567834e-01
7.980393979662670972e+03 5.438390727222758292e-01
8.000428679516367083e+03 5.230149554136027668e-01
8.020463379370064104e+03 5.036343517421925098e-01
8.040498079223761124e+03 4.752005203944830725e-01
8.060532779077457235e+03 4.508011012133006368e-01
8.080567478931153346e+03 4.231129983908341052e-01
