3.011807109768295049e+03 3.213609639584678490e+00
3.031822272052550034e+03 3.372990870354374060e+00
3.051837434336805472e+03 3.354357811213592999e+00
3.071852596621060911e+03 3.396547493029286713e+00
3.091867758905315895e+03 3.320764116355205964e+00
3.111882921189570880e+03 3.341188263559789373e+00
3.131898083473826318e+03 3.305699266399435121e+00
3.151913245758081757e+03 3.186528749384950121e+00
3.171928408042336741e+03 3.162020383335616192e+00
3.191943570326591725e+03 3.137114444379879075e+00
3.211958732610846710e+03 2.960191892010218595e+00
3.231973894895102148e+03 3.047320293571617267e+00
3.251989057179357587e+03 3.092824566170717215e+00
3.272004219463612571e+03 3.109133850765949170e+00
3.292019381747867556e+03 3.133747441030715564e+00
3.312034544032122994e+03 3.154403145528907881e+00
3.332049706316378433e+03 3.241027175175400288e+00
3.352064868600633417e+03 3.315061396741836752e+00
3.372080030884888401e+03 3.248773616670005193e+00
3.392095193169143840e+03 3.170857915582245834e+00
3.412110355453399279e+03 3.105736905137756576e+00
3.432125517737654263e+03 3.027765266499204522e+00
3.452140680021909247e+03 3.172950937264186422e+00
3.472155842306164232e+03 3.259035277983785228e+00
3.492171004590419670e+03 3.181867491350648613e+00
3.512186166874675109e+03 3.029992161694883279e+00
3.532201329158930093e+03 3.024987735535978217e+00
3.552216491443185078e+03 3.301018304487948640e+00
3.572231653727440516e+03 3.458755063007917574e+00
3.592246816011695955e+03 3.467372870887452496e+00
3.612261978295950939e+03 3.369297615402644386e+00
3.632277140580205923e+03 3.176415988951375446e+00
3.652292302864460908e+03 3.104683766075952089e+00
3.672307465148716801e+03 3.058527255807251599e+00
3.692322627432971785e+03 3.183718426650501865e+00
3.712337789717226769e+03 3.218991952174773630e+00
3.732352952001481754e+03 3.348775178310202882e+00
3.752368114285737192e+03 3.282525779603090221e+00
3.772383276569992631e+03 3.145791329804344283e+00
3.792398438854247615e+03 3.084327164110190367e+00
3.812413601138502599e+03 2.974835301440760027e+00
3.832428763422757584e+03 2.897095250288901358e+00
3.852443925707013477e+03 2.806638288089631672e+00
3.872459087991268461e+03 2.775984006435686435e+00
3.892474250275523445e+03 2.768532602070075122e+00
3.912489412559778430e+03 2.934950328435455447e+00
3.932504574844033868e+03 3.074706861696440363e+00
3.952519737128289307e+03 3.116132512450848324e+00
3.972534899412544291e+03 3.043659372696141840e+00
3.992550061696799276e+03 2.802161550060691120e+00
4.012565223981054714e+03 2.714843530840219454e+00
4.032580386265310153e+03 2.642835268089846146e+00
4.052595548549565137e+03 2.718425762884615349e+00
4.072610710833820121e+03 2.748465371793880063e+00
4.092625873118075560e+03 2.800540279567616864e+00
4.112641035402330999e+03 2.788754366032077936e+00
4.132656197686585983e+03 2.770619838431513049e+00
4.152671359970840967e+03 2.673968819888854043e+00
4.172686522255095952e+03 2.613370095109341928e+00
4.192701684539350936e+03 2.506774965960846480e+00
4.212716846823606829e+03 2.356206292199431562e+00
4.232732009107861813e+03 2.161758688409909812e+00
4.252747171392116798e+03 2.085639169840369789e+00
4.272762333676371782e+03 2.091339716216854772e+00
4.292777495960627675e+03 2.140805672948798311e+00
4.312792658244882659e+03 2.126137322001032892e+00
4.332807820529137643e+03 2.108294059792239050e+00
4.352822982813392628e+03 2.221628410355392269e+00
4.372838145097648521e+03 2.296940650905351600e+00
4.392853307381903505e+03 2.405247702131034782e+00
4.412868469666158489e+03 2.454800416833647692e+00
4.432883631950413474e+03 2.397994781817704091e+00
4.452898794234668458e+03 2.268825448937261235e+00
4.472913956518924351e+03 2.227188233774660464e+00
4.492929118803179335e+03 2.210706380408481664e+00
4.512944281087434319e+03 2.210181083566008731e+00
4.532959443371689304e+03 2.151115965205031344e+00
4.552974605655945197e+03 2.117518383442913876e+00
4.572989767940200181e+03 2.147734047274497460e+00
4.593004930224455165e+03 2.232547296004686821e+00
4.613020092508710150e+03 2.245976890523671887e+00
4.633035254792965134e+03 2.318480362275086915e+00
4.653050417077221027e+03 2.312579743011422995e+00
4.673065579361476011e+03 2.253000899498090348e+00
4.693080741645730996e+03 2.143392475070915459e+00
4.713095903929985980e+03 1.995976738699523745e+00
4.733111066214241873e+03 1.893790745949976539e+00
4.753126228498496857e+03 1.857932109411826849e+00
4.773141390782751841e+03 1.832189133822621274e+00
4.793156553067006826e+03 1.784594240760925654e+00
4.813171715351262719e+03 1.757802508594411783e+00
4.833186877635517703e+03 1.754687229260735171e+00
4.853202039919772687e+03 1.756375077429812359e+00
4.873217202204027672e+03 1.805192978718428209e+00
4.893232364488282656e+03 1.806298402161942152e+00
4.913247526772538549e+03 1.781632675229463336e+00
4.933262689056793533e+03 1.774475040083338451e+00
4.953277851341048517e+03 1.721402604342789910e+00
4.973293013625303502e+03 1.672048500735722865e+00
4.993308175909559395e+03 1.681001489466164012e+00
5.013323338193814379e+03 1.685191911612570870e+00
5.033338500478069363e+03 1.695181128128096626e+00
5.053353662762324348e+03 1.690594578824947014e+00
5.073368825046579332e+03 1.743674956514439600e+00
5.093383987330835225e+03 1.744284806161509493e+00
5.113399149615090209e+03 1.806623583071705674e+00
5.133414311899345194e+03 1.816115887580600052e+00
5.153429474183600178e+03 1.840592866027519925e+00
5.173444636467856071e+03 1.817486350980131782e+00
5.193459798752111055e+03 1.797743369484927634e+00
5.213474961036366039e+03 1.749711554182983742e+00
5.233490123320621024e+03 1.778495642000562427e+00
5.253505285604876008e+03 1.720245828143615041e+00
5.273520447889131901e+03 1.649928716186772837e+00
5.293535610173386885e+03 1.577060996132457982e+00
5.313550772457641870e+03 1.585588194830750197e+00
5.333565934741897763e+03 1.537065760131119729e+00
5.353581097026152747e+03 1.517347062792417045e+00
5.373596259310407731e+03 1.500141377065166814e+00
5.393611421594662716e+03 1.481131180035053507e+00
5.413626583878917700e+03 1.471766133112610841e+00
5.433641746163172684e+03 1.433310230205596225e+00
5.453656908447428577e+03 1.403652248415729220e+00
5.473672070731683561e+03 1.347813311075562348e+00
5.493687233015938546e+03 1.319129196174795071e+00
5.513702395300194439e+03 1.289037283367581388e+00
5.533717557584449423e+03 1.245626023086441769e+00
5.553732719868704407e+03 1.205946480825941025e+00
5.573747882152959392e+03 1.170554725787045003e+00
5.593763044437214376e+03 1.162035461864806329e+00
5.613778206721469360e+03 1.168269049562091988e+00
5.633793369005725253e+03 1.172061639401638988e+00
5.653808531289980237e+03 1.186109405757556301e+00
5.673823693574235222e+03 1.193882266859287888e+00
5.693838855858491115e+03 1.187174285290054865e+00
5.713854018142746099e+03 1.184511246353764147e+00
5.733869180427001083e+03 1.150933880488732575e+00
5.753884342711256068e+03 1.131213030751448523e+00
5.773899504995511052e+03 1.109116106347615816e+00
5.793914667279766036e+03 1.095159244132204890e+00
5.813929829564021929e+03 1.082163657861954453e+00
5.833944991848276914e+03 1.082895156094509925e+00
5.853960154132531898e+03 1.074941577576634222e+00
5.873975316416787791e+03 1.071059765524330132e+00
5.893990478701042775e+03 1.044665688908832379e+00
5.914005640985297759e+03 1.043724395866487464e+00
5.934020803269552744e+03 1.011739054407045701e+00
5.954035965553807728e+03 1.004302809991009404e+00
5.974051127838063621e+03 9.941031394558873524e-01
5.994066290122318605e+03 1.004916339998385588e+00
6.014081452406573590e+03 9.956971900089904848e-01
6.034096614690828574e+03 9.874000954153634435e-01
6.054111776975084467e+03 9.801706466328141687e-01
6.074126939259339451e+03 9.776742772688169492e-01
6.094142101543594435e+03 9.541458362625896417e-01
6.114157263827849420e+03 9.341417489812823272e-01
6.134172426112104404e+03 9.176721614371758928e-01
6.154187588396360297e+03 9.161364900571639103e-01
6.174202750680615281e+03 8.907931922191982821e-01
6.194217912964870266e+03 8.590251386004683631e-01
6.214233075249125250e+03 8.812738225833699479e-01
6.234248237533381143e+03 9.150852073341680937e-01
6.254263399817636127e+03 9.476972009334289071e-01
6.274278562101891112e+03 9.632570444292380962e-01
6.294293724386146096e+03 9.832527744601947672e-01
6.314308886670401080e+03 9.778270969084978947e-01
6.334324048954656973e+03 9.661936937527648706e-01
6.354339211238911957e+03 9.521587252599688078e-01
6.374354373523166942e+03 9.441548092822237281e-01
6.394369535807422835e+03 9.372221545630595729e-01
6.414384698091677819e+03 9.386594647547391590e-01
6.434399860375932803e+03 9.486036116730910406e-01
6.454415022660187788e+03 9.583701113337222965e-01
6.474430184944442772e+03 9.707762333065782512e-01
6.494445347228697756e+03 9.406633373580861601e-01
6.514460509512953649e+03 9.376813600929035930e-01
6.534475671797208634e+03 9.284651420329503857e-01
6.554490834081463618e+03 9.347072394913951143e-01
6.574505996365719511e+03 9.117397005077472194e-01
6.594521158649974495e+03 8.997248691335534287e-01
6.614536320934229479e+03 8.797542573298897661e-01
6.634551483218484464e+03 8.812784836732885374e-01
6.654566645502739448e+03 8.617552626522311243e-01
6.674581807786994432e+03 8.538294162788384600e-01
6.694596970071250325e+03 8.186149675573458628e-01
6.714612132355505310e+03 8.227088627702863199e-01
6.734627294639760294e+03 8.022842171418717028e-01
6.754642456924016187e+03 7.980041960880359664e-01
6.774657619208271171e+03 7.930903834847399247e-01
6.794672781492526155e+03 7.722364330774114105e-01
6.814687943776781140e+03 7.728620439883147064e-01
6.834703106061036124e+03 7.413220231767677637e-01
6.854718268345291108e+03 7.241370921485520418e-01
6.874733430629547001e+03 7.364144638987888403e-01
6.894748592913801986e+03 7.304450443366254930e-01
6.914763755198056970e+03 7.200717542800783022e-01
6.934778917482312863e+03 7.054534840590337419e-01
6.954794079766567847e+03 6.925538216978919248e-01
6.974809242050822832e+03 6.835911354289632147e-01
6.994824404335077816e+03 6.941370549757648334e-01
7.014839566619332800e+03 6.792102713107109890e-01
7.034854728903588693e+03 6.700984592961652941e-01
7.054869891187843677e+03 6.959064652879788371e-01
7.074885053472098662e+03 6.782888312663825081e-01
7.094900215756353646e+03 7.035876790855449814e-01
7.114915378040608630e+03 6.954583745115726634e-01
7.134930540324864523e+03 7.108144707335500856e-01
7.154945702609119508e+03 7.156682143535549878e-01
7.174960864893374492e+03 7.408321988194934704e-01
7.194976027177630385e+03 7.493978306039097426e-01
7.214991189461885369e+03 7.416293854593890567e-01
7.235006351746140353e+03 7.500793020931822985e-01
7.255021514030395338e+03 7.386077888620462550e-01
7.275036676314650322e+03 7.145903750108164587e-01
7.295051838598905306e+03 7.271212762001686425e-01
7.315067000883161199e+03 7.002412931097626858e-01
7.335082163167416184e+03 6.893826332883343788e-01
7.355097325451671168e+03 6.883686127563208856e-01
7.375112487735927061e+03 6.693132892802294842e-01
7.395127650020182045e+03 6.517342437851192383e-01
7.415142812304437030e+03 6.180728365440362193e-01
7.435157974588692014e+03 5.982206179650455535e-01
7.455173136872946998e+03 5.693656183869387766e-01
7.475188299157202891e+03 5.503724178047164628e-01
7.495203461441457875e+03 5.213462761619807040e-01
7.515218623725712860e+03 4.975243728273193722e-01
7.535233786009967844e+03 4.726144244888820234e-01
7.555248948294223737e+03 4.943920716071471544e-01
7.575264110578478721e+03 4.713360064502657432e-01
7.595279272862733706e+03 5.090707391113147295e-01
7.615294435146988690e+03 5.087190156131647933e-01
7.635309597431243674e+03 5.415371321396907911e-01
7.655324759715499567e+03 5.356379707628956544e-01
7.675339921999754552e+03 5.539764808701942433e-01
7.695355084284009536e+03 5.586138597282761520e-01
7.715370246568264520e+03 5.605609195568128644e-01
7.735385408852520413e+03 5.845284352031191455e-01
7.755400571136775397e+03 5.944528049608324149e-01
7.775415733421030382e+03 5.854766025732914825e-01
7.795430895705285366e+03 5.915373237070004064e-01
7.815446057989540350e+03 5.912897423768680438e-01
7.835461220273796243e+03 5.960248578912977768e-01
7.855476382558051228e+03 5.812434173754362776e-01
7.875491544842306212e+03 5.920673859399605554e-01
7.895506707126562105e+03 5.681943383093973621e-01
7.915521869410817089e+03 5.719219541587260425e-01
7.935537031695072073e+03 5.324109915753448830e-01
7.955552193979327058e+03 5.479444670226657488e-01
7.975567356263582042e+03 5.451229377276317623e-01
7.995582518547837026e+03 5.304325146401439595e-01
8.015597680832092919e+03 4.944416880085232835e-01
8.035612843116347904e+03 4.898373855543969313e-01
8.055628005400602888e+03 5.007074194210270335e-01
8.075643167684858781e+03 5.029996215002694449e-01
8.095658329969113765e+03 5.026852256102899430e-01
8.115673492253368750e+03 4.674394097442248763e-01
8.135688654537623734e+03 4.889690192066131758e-01
8.155703816821878718e+03 4.887513790830257943e-01
8.175718979106133702e+03 4.732470112345557589e-01
8.195734141390388686e+03 4.868503086664575097e-01
8.215749303674645489e+03 5.086965616622847186e-01
8.235764465958898654e+03 4.734396798454384436e-01
8.255779628243155457e+03 4.695272534333533865e-01
8.275794790527410441e+03 4.663087356649418536e-01
8.295809952811665426e+03 4.828591264383845783e-01
8.315825115095920410e+03 4.675140092785860513e-01
8.335840277380175394e+03 4.426966216100468587e-01
8.355855439664430378e+03 4.483594889227810465e-01
8.375870601948685362e+03 4.423574847536252963e-01
8.395885764232942165e+03 4.672609281305144524e-01
8.415900926517195330e+03 4.952697423790926035e-01
8.435916088801452133e+03 4.347703582712814652e-01
8.455931251085707117e+03 4.457178400612282765e-01
8.475946413369962102e+03 4.692991365172600737e-01
8.495961575654217086e+03 4.971688926000011888e-01
8.515976737938472070e+03 4.703503130867621729e-01
8.535991900222728873e+03 4.094292181021999544e-01
8.556007062506982038e+03 4.423850041946766343e-01
8.576022224791238841e+03 4.055953988625662920e-01
8.596037387075492006e+03 4.508316299425426110e-01
8.616052549359748809e+03 4.308474871012926699e-01
8.636067711644003793e+03 4.101610800138739688e-01
8.656082873928258778e+03 4.247062887576379397e-01
8.676098036212513762e+03 4.003770831866628188e-01
8.696113198496768746e+03 3.939609775117429713e-01
8.716128360781025549e+03 4.361896052485591535e-01
8.736143523065278714e+03 4.053855369759291616e-01
8.756158685349535517e+03 4.019808855781146217e-01
8.776173847633788682e+03 3.893215445258480512e-01
8.796189009918045485e+03 3.694509924387427424e-01
8.816204172202300470e+03 3.706469620451280367e-01
8.836219334486555454e+03 3.646201685076226329e-01
8.856234496770810438e+03 3.472329479152886367e-01
8.876249659055065422e+03 3.121533219464031617e-01
8.896264821339322225e+03 3.537716073549199702e-01
8.916279983623575390e+03 3.723945462229360515e-01
8.936295145907832193e+03 3.623743113012729555e-01
8.956310308192085358e+03 3.758219444689413491e-01
