3.210268227957245472e+03 1.000000000000000000e+00
3.230315734397248434e+03 3.623812657224865230e-01
3.250363240837251396e+03 8.231529276042854892e-01
3.270410747277254814e+03 1.199645291444952466e+00
3.290458253717257776e+03 1.220852515032466501e+00
3.310505760157260738e+03 9.021511500131758066e-01
3.330553266597264155e+03 8.010434838124088630e-01
3.350600773037267118e+03 7.745866871496883688e-01
3.370648279477270080e+03 9.358141216982400756e-01
3.390695785917273497e+03 9.459806529628527194e-01
3.410743292357276459e+03 1.120803278908982570e+00
3.430790798797279422e+03 9.984049096711873350e-01
3.450838305237282839e+03 1.054776804383406485e+00
3.470885811677285801e+03 1.078981656810213074e+00
3.490933318117288763e+03 1.001167548978682209e+00
3.510980824557292181e+03 1.087692090564128078e+00
3.531028330997295143e+03 1.272190049854541538e+00
3.551075837437298105e+03 1.170658285714605062e+00
3.571123343877301522e+03 1.049567481990379081e+00
3.591170850317304030e+03 1.167338651417878070e+00
3.611218356757307447e+03 1.181724664021972071e+00
3.631265863197310864e+03 1.097602599570532300e+00
3.651313369637313372e+03 1.180183970279827133e+00
3.671360876077316789e+03 1.199640172861091703e+00
3.691408382517320206e+03 1.287496942227800423e+00
3.711455888957322713e+03 1.144290598943645376e+00
3.731503395397326130e+03 1.163031595761794046e+00
3.751550901837329548e+03 1.101433626927548204e+00
3.771598408277332055e+03 1.392145458613248232e+00
3.791645914717335472e+03 1.324088767598098570e+00
3.811693421157338889e+03 1.170325577763643432e+00
3.831740927597341397e+03 1.178645137840904189e+00
3.851788434037344814e+03 1.235445597620026037e+00
3.871835940477348231e+03 1.195686299491413029e+00
3.891883446917350739e+03 1.395923438828432728e+00
3.911930953357354156e+03 1.496411477186541772e+00
3.931978459797357573e+03 1.577431214492442058e+00
3.952025966237360080e+03 1.555349178390511788e+00
3.972073472677363497e+03 1.745569249111658117e+00
3.992120979117366915e+03 1.600029296912717003e+00
4.012168485557369422e+03 1.526596231540350734e+00
4.032215991997372839e+03 1.520560955842489070e+00
4.052263498437376256e+03 1.502418368010265626e+00
4.072311004877378764e+03 1.380857585222443618e+00
4.092358511317382181e+03 1.492123034562679251e+00
4.112406017757385598e+03 1.611349277784103862e+00
4.132453524197388106e+03 1.675757349158009335e+00
4.152501030637391523e+03 1.645250589346765935e+00
4.172548537077394940e+03 1.700527572438548018e+00
4.192596043517397447e+03 1.653157870760317838e+00
4.212643549957400865e+03 1.490079788950550377e+00
4.232691056397404282e+03 1.616326867925971911e+00
4.252738562837406789e+03 1.694379687895745334e+00
4.272786069277410206e+03 1.661699856572627088e+00
4.292833575717413623e+03 1.558553877213270100e+00
4.312881082157416131e+03 1.536101907095934971e+00
4.332928588597419548e+03 1.559025717580088344e+00
4.352976095037422965e+03 1.774463189680898001e+00
4.373023601477425473e+03 1.618190963102967395e+00
4.393071107917428890e+03 1.602297294888921808e+00
4.413118614357432307e+03 1.694376430615106344e+00
4.433166120797434814e+03 1.546652704410762968e+00
4.453213627237438232e+03 1.540323342803799456e+00
4.473261133677441649e+03 1.715981507766357828e+00
4.493308640117444156e+03 1.837171425887163645e+00
4.513356146557447573e+03 1.920064564886170499e+00
4.533403652997450990e+03 1.833592139790945152e+00
4.553451159437453498e+03 1.798861152317003942e+00
4.573498665877456915e+03 1.913617010524599538e+00
4.593546172317460332e+03 1.974805492649969851e+00
4.613593678757462840e+03 1.835877820147760575e+00
4.633641185197466257e+03 1.872624133685498071e+00
4.653688691637469674e+03 1.729493173181840593e+00
4.673736198077472181e+03 1.446048334601268692e+00
4.693783704517475599e+03 1.248075935959815475e+00
4.713831210957479016e+03 1.336134656726128744e+00
4.733878717397481523e+03 1.331541891025442848e+00
4.753926223837484940e+03 1.066666809366580759e+00
4.773973730277488357e+03 1.122833495398555925e+00
4.794021236717490865e+03 1.191935773498755458e+00
4.814068743157494282e+03 1.439144760950268109e+00
4.834116249597497699e+03 1.525567396184300595e+00
4.854163756037500207e+03 1.488982085375279985e+00
4.874211262477503624e+03 1.534823657108114636e+00
4.894258768917507041e+03 1.470165705776633747e+00
4.914306275357509548e+03 1.750931663694708318e+00
4.934353781797512966e+03 1.797353496707052356e+00
4.954401288237516383e+03 1.435236954835337864e+00
4.974448794677518890e+03 1.306506897361551678e+00
4.994496301117522307e+03 1.528867952123000196e+00
5.014543807557525724e+03 1.751220631019949181e+00
5.034591313997528232e+03 1.437599413950067628e+00
5.054638820437531649e+03 1.328193871854578045e+00
5.074686326877535066e+03 1.212505966058484486e+00
5.094733833317537574e+03 1.352999925222143185e+00
5.114781339757540991e+03 1.403810245906540688e+00
5.134828846197544408e+03 1.626663615370251170e+00
5.154876352637546916e+03 1.683391018997903110e+00
5.174923859077550333e+03 2.002719922398546348e+00
5.194971365517553750e+03 1.918367056347558330e+00
5.215018871957556257e+03 1.766360936754824529e+00
5.235066378397559674e+03 1.951167407054311465e+00
5.255113884837563091e+03 1.967652039041393630e+00
5.275161391277565599e+03 2.049261344142913721e+00
5.295208897717569016e+03 1.815642196842215617e+00
5.315256404157572433e+03 2.004876707507226907e+00
5.335303910597574941e+03 1.802297118065115944e+00
5.355351417037578358e+03 1.797987270454198594e+00
5.375398923477580865e+03 1.484411655313260026e+00
5.395446429917584283e+03 1.384340083551109934e+00
5.415493936357587700e+03 1.753274113799800027e+00
5.435541442797591117e+03 1.405397472229239719e+00
5.455588949237593624e+03 1.106338626243752010e+00
5.475636455677597041e+03 1.121307226756382613e+00
5.495683962117599549e+03 1.231014765299668356e+00
5.515731468557602966e+03 1.277455676670039120e+00
5.535778974997606383e+03 1.427802909766020756e+00
5.555826481437609800e+03 9.765885746042207716e-01
5.575873987877612308e+03 9.845144690499941786e-01
5.595921494317615725e+03 7.487298350480512399e-01
5.615969000757618232e+03 8.160540567126993716e-01
5.636016507197621650e+03 7.774741268382290293e-01
5.656064013637625067e+03 8.767209551426389247e-01
5.676111520077628484e+03 8.055932534086628349e-01
5.696159026517630991e+03 6.045570565983688915e-01
5.716206532957634408e+03 5.830209872640793600e-01
5.736254039397636916e+03 5.560315786843368357e-01
5.756301545837640333e+03 4.525103605953918473e-01
5.776349052277643750e+03 5.132000599898030035e-01
5.796396558717647167e+03 6.947894538001040399e-01
5.816444065157649675e+03 7.595984964206441425e-01
5.836491571597653092e+03 8.536639218803593332e-01
5.856539078037655599e+03 1.137366550957200850e+00
5.876586584477659017e+03 1.412981352207941077e+00
5.896634090917662434e+03 1.631966468250192204e+00
5.916681597357665851e+03 1.252393694109426692e+00
5.936729103797668358e+03 9.185703106594184097e-01
5.956776610237671775e+03 8.327613936303134290e-01
5.976824116677674283e+03 9.969242429579571185e-01
5.996871623117677700e+03 8.752502929342278470e-01
6.016919129557681117e+03 7.567177574237033966e-01
6.036966635997684534e+03 6.488677994961359330e-01
6.057014142437687042e+03 6.736627315769487812e-01
6.077061648877690459e+03 8.796485989807782957e-01
6.097109155317692966e+03 8.716302908300245234e-01
6.117156661757696384e+03 9.659288910508960768e-01
6.137204168197699801e+03 1.224062797764891242e+00
6.157251674637703218e+03 1.044858850164113395e+00
6.177299181077705725e+03 8.988165322255106116e-01
6.197346687517709142e+03 7.894432837409254278e-01
6.217394193957711650e+03 9.810155447203925405e-01
6.237441700397715067e+03 1.463776317140755401e+00
6.257489206837718484e+03 1.023569729234824255e+00
6.277536713277721901e+03 8.297451517587990377e-01
6.297584219717724409e+03 9.253855654725275937e-01
6.317631726157727826e+03 8.270445869137634798e-01
6.337679232597730334e+03 7.503208305097752717e-01
6.357726739037733751e+03 9.510808099219002498e-01
6.377774245477737168e+03 9.199064006448671726e-01
6.397821751917739675e+03 1.011025941494865910e+00
6.417869258357743092e+03 1.337925695751654542e+00
6.437916764797746509e+03 1.372989856502362827e+00
6.457964271237749017e+03 1.340198812311720777e+00
6.478011777677752434e+03 1.075760671584260919e+00
6.498059284117755851e+03 1.148088122842662262e+00
6.518106790557758359e+03 1.196897077237429663e+00
6.538154296997761776e+03 9.544832722120133450e-01
6.558201803437765193e+03 1.630977185587612954e+00
6.578249309877767701e+03 1.248308133536780051e+00
6.598296816317771118e+03 9.314556940732243717e-01
6.618344322757774535e+03 6.731769779685449206e-01
6.638391829197777042e+03 5.933820247154080185e-01
6.658439335637780459e+03 7.918161661536993190e-01
6.678486842077783876e+03 1.105170193146039592e+00
6.698534348517786384e+03 7.647949758214385163e-01
6.718581854957789801e+03 4.859812457879290615e-01
6.738629361397793218e+03 4.019073890899432788e-01
6.758676867837795726e+03 3.767007832689687197e-01
6.778724374277799143e+03 3.685389686397861908e-01
6.798771880717802560e+03 3.775963493143121852e-01
6.818819387157805068e+03 5.019364300734671103e-01
6.838866893597808485e+03 4.024158971302381205e-01
6.858914400037811902e+03 3.611355420084736423e-01
6.878961906477814409e+03 3.161785546319717533e-01
6.899009412917817826e+03 3.459134785295648884e-01
6.919056919357821243e+03 3.516878460482601998e-01
6.939104425797823751e+03 3.841188211305751610e-01
6.959151932237827168e+03 4.175771425263627434e-01
6.979199438677830585e+03 4.693356110721297880e-01
6.999246945117833093e+03 6.465194862858946179e-01
7.019294451557836510e+03 5.390282945543991566e-01
7.039341957997839927e+03 7.304746383708869972e-01
7.059389464437842435e+03 1.457931825023165207e+00
7.079436970877845852e+03 1.012481945940402417e+00
7.099484477317849269e+03 8.062142772287372861e-01
7.119531983757851776e+03 6.848418583269983984e-01
7.139579490197855193e+03 5.353555710364281683e-01
7.159626996637858610e+03 5.304718836421181694e-01
7.179674503077861118e+03 6.255021156270412774e-01
7.199722009517864535e+03 6.988023304819254156e-01
7.219769515957867952e+03 9.367343500112772503e-01
7.239817022397870460e+03 7.101460895019753305e-01
7.259864528837873877e+03 7.782696478353812175e-01
7.279912035277877294e+03 1.123810214264385765e+00
7.299959541717879802e+03 1.178028115822757238e+00
7.320007048157883219e+03 1.040958954587877461e+00
7.340054554597885726e+03 7.381184988459221774e-01
7.360102061037889143e+03 6.126050525355162257e-01
7.380149567477892560e+03 6.450900984764350587e-01
7.400197073917895978e+03 6.336003202186063499e-01
7.420244580357898485e+03 7.961187546820500671e-01
7.440292086797901902e+03 5.784910870797217441e-01
7.460339593237904410e+03 8.132952330768101756e-01
7.480387099677907827e+03 6.470173383652425558e-01
7.500434606117911244e+03 7.059072506089835164e-01
7.520482112557914661e+03 7.422169954759629817e-01
7.540529618997917169e+03 5.864967849011455403e-01
7.560577125437920586e+03 4.414286265364418260e-01
7.580624631877923093e+03 4.571123862796080961e-01
7.600672138317926510e+03 3.928387009983426159e-01
7.620719644757929927e+03 3.281367298456575043e-01
7.640767151197933345e+03 5.519462973071735945e-01
7.660814657637935852e+03 5.940541878415114274e-01
7.680862164077939269e+03 6.467009633500555577e-01
7.700909670517941777e+03 8.467082317391381174e-01
7.720957176957945194e+03 6.884013215439007682e-01
7.741004683397948611e+03 5.871042212076983402e-01
7.761052189837952028e+03 6.119640197058033859e-01
7.781099696277954536e+03 9.460976358703656608e-01
7.801147202717957953e+03 9.749520237461343219e-01
7.821194709157960460e+03 8.549285843546576835e-01
7.841242215597963877e+03 8.103523265522490915e-01
7.861289722037967294e+03 7.826958734302642551e-01
7.881337228477970712e+03 1.034958578325431144e+00
7.901384734917973219e+03 1.000573327925006639e+00
7.921432241357976636e+03 7.173902351100512886e-01
7.941479747797979144e+03 6.473531174665207999e-01
7.961527254237982561e+03 5.158542783846066238e-01
7.981574760677985978e+03 4.559482807118870884e-01
8.001622267117989395e+03 5.377534414449594014e-01
8.021669773557991903e+03 5.907736874450305598e-01
8.041717279997995320e+03 5.641505833394098168e-01
8.061764786437997827e+03 5.068724200883198971e-01
8.081812292878001244e+03 4.228620803627903824e-01
8.101859799318004661e+03 5.245265554224672888e-01
8.121907305758008079e+03 5.159462732963620013e-01
8.141954812198010586e+03 4.194208564330758060e-01
8.162002318638014003e+03 8.273812036014914773e-01
8.182049825078017420e+03 6.758412474007482462e-01
8.202097331518019928e+03 6.947096504244539839e-01
8.222144837958023345e+03 8.269001963163041813e-01
8.242192344398026762e+03 5.412806110509574831e-01
8.262239850838028360e+03 4.243711784827391975e-01
8.282287357278033596e+03 4.958257715951075451e-01
8.302334863718035194e+03 7.064545668214605723e-01
8.322382370158038611e+03 9.561486732700431590e-01
8.342429876598042028e+03 9.254087852302239625e-01
8.362477383038043627e+03 5.906123589882494862e-01
8.382524889478048863e+03 6.829401648249150414e-01
8.402572395918050461e+03 7.734153224994009257e-01
8.422619902358055697e+03 7.642417965038119654e-01
8.442667408798057295e+03 1.489716369496423276e+00
8.462714915238060712e+03 1.555869877966911785e+00
8.482762421678064129e+03 2.798485215598707665e+00
8.502809928118065727e+03 2.483130194577381822e+00
8.522857434558070963e+03 2.226994396872377990e+00
8.542904940998072561e+03 2.522325517829679953e+00
8.562952447438075978e+03 1.443445767370880040e+00
8.582999953878079396e+03 1.299914626674457674e+00
8.603047460318080994e+03 1.501484459118545445e+00
8.623094966758086230e+03 2.262289824548439743e+00
8.643142473198087828e+03 2.334153345978717375e+00
8.663189979638093064e+03 2.501674358579786706e+00
8.683237486078094662e+03 1.452046849560492792e+00
8.703284992518098079e+03 1.179831718645032890e+00
8.723332498958101496e+03 1.465372384653759852e+00
8.743380005398103094e+03 8.930276000091018629e-01
8.763427511838108330e+03 7.970367959638012811e-01
8.783475018278109928e+03 8.451531128970213302e-01
8.803522524718113345e+03 3.726026588995724476e-01
8.823570031158116763e+03 6.011325843976537131e-01
8.843617537598118361e+03 4.675018086050747868e-01
8.863665044038123597e+03 3.608097674120147036e-01
8.883712550478125195e+03 2.664806418182997239e-01
8.903760056918130431e+03 2.737050576122206369e-01
8.923807563358132029e+03 6.109510519597219913e-01
8.943855069798135446e+03 4.901431197926843786e-01
8.963902576238138863e+03 5.360275945647898777e-01
8.983950082678140461e+03 5.528913740182265224e-01
9.003997589118145697e+03 5.281995581359216763e-01
9.024045095558147295e+03 4.789283025533497828e-01
9.044092601998150712e+03 8.239698070559120513e-01
9.064140108438154130e+03 9.400286705841827128e-01
9.084187614878155728e+03 1.222989756457314670e+00
9.104235121318160964e+03 1.111940683616655434e+00
9.124282627758162562e+03 1.012514425681629193e+00
9.144330134198167798e+03 6.269846901760741664e-01
9.164377640638169396e+03 1.492882446277321307e-01
9.184425147078172813e+03 8.921956440013757428e-01
9.204472653518176230e+03 1.088234660453388569e+00
9.224520159958177828e+03 1.172527034149656089e+00
9.244567666398183064e+03 7.638681864145432376e-01
9.264615172838184662e+03 -6.970763905365947623e-03
9.284662679278188079e+03 -7.558705387295555633e-02
9.304710185718191497e+03 1.487165453430449258e+00
9.324757692158193095e+03 6.334305693647451774e-01
9.344805198598198331e+03 1.098910630409906997e+00
9.364852705038199929e+03 6.825811194333597509e-01
9.384900211478205165e+03 7.550156421596161405e-01
9.404947717918206763e+03 9.221053442715300141e-01
9.424995224358208361e+03 4.091003953919902236e-01
