3.291049845705261305e+03 1.183300468995211574e+00
3.311058735675702792e+03 1.284229157218854667e+00
3.331067625646144734e+03 1.293336522462392058e+00
3.351076515616586221e+03 1.298466041942735405e+00
3.371085405587027708e+03 1.496359705799761963e+00
3.391094295557469195e+03 1.575712640833214717e+00
3.411103185527910682e+03 1.641949066306065408e+00
3.431112075498352624e+03 1.607340677512447913e+00
3.451120965468794111e+03 1.505049911171725929e+00
3.471129855439235598e+03 1.529355679438670013e+00
3.491138745409677085e+03 1.540412394679596453e+00
3.511147635380119027e+03 1.643763919890504521e+00
3.531156525350560514e+03 1.708175881221320802e+00
3.551165415321002001e+03 1.706989516988795419e+00
3.571174305291443488e+03 1.738808479985989086e+00
3.591183195261884975e+03 1.663839655195807676e+00
3.611192085232326917e+03 1.560298077353992729e+00
3.631200975202768404e+03 1.601168232656490442e+00
3.651209865173209892e+03 1.598798433612736769e+00
3.671218755143651379e+03 1.593081282498590934e+00
3.691227645114093320e+03 1.632920384290738269e+00
3.711236535084534808e+03 1.659170106252681354e+00
3.731245425054976295e+03 1.691844460269031680e+00
3.751254315025417782e+03 1.657715931241447560e+00
3.771263204995859724e+03 1.653549163501181196e+00
3.791272094966301211e+03 1.704897704608258957e+00
3.811280984936742698e+03 1.705969821410145082e+00
3.831289874907184185e+03 1.649000234764853579e+00
3.851298764877625672e+03 1.652497758221807889e+00
3.871307654848067614e+03 1.777175470485619968e+00
3.891316544818509101e+03 1.808141612131463738e+00
3.911325434788950588e+03 1.788229975812233974e+00
3.931334324759392075e+03 1.734714690811404170e+00
3.951343214729834017e+03 1.738832737650074511e+00
3.971352104700275504e+03 1.757343905015211982e+00
3.991360994670716991e+03 1.861792883952570365e+00
4.011369884641158478e+03 1.874569375069125243e+00
4.031378774611599965e+03 1.834038724277113674e+00
4.051387664582041907e+03 1.762236141370378428e+00
4.071396554552483394e+03 1.635554704938408932e+00
4.091405444522924881e+03 1.600906846047297050e+00
4.111414334493367278e+03 1.504652691922322649e+00
4.131423224463807855e+03 1.415142271199862911e+00
4.151432114434250252e+03 1.296443045266036487e+00
4.171441004404690830e+03 1.198536491955295435e+00
4.191449894375133226e+03 1.081186393012807612e+00
4.211458784345573804e+03 1.003878553799182560e+00
4.231467674316016200e+03 1.000000000000000000e+00
4.251476564286457688e+03 1.056991223248217260e+00
4.271485454256899175e+03 1.129375219192665147e+00
4.291494344227341571e+03 1.275218565664880455e+00
4.311503234197782149e+03 1.404742568623492893e+00
4.331512124168224545e+03 1.401907094379993612e+00
4.351521014138665123e+03 1.293460329057270819e+00
4.371529904109107520e+03 1.238954385723995522e+00
4.391538794079548097e+03 1.246532850016508709e+00
4.411547684049990494e+03 1.278207860223228964e+00
4.431556574020431981e+03 1.316949251322145686e+00
4.451565463990873468e+03 1.319621140513137503e+00
4.471574353961315865e+03 1.310918754915774365e+00
4.491583243931756442e+03 1.361015559441351996e+00
4.511592133902198839e+03 1.427741814991319691e+00
4.531601023872639416e+03 1.483869629856828354e+00
4.551609913843081813e+03 1.538100721521606040e+00
4.571618803813522391e+03 1.557751536558563465e+00
4.591627693783964787e+03 1.532687150962023015e+00
4.611636583754406274e+03 1.488170996796757128e+00
4.631645473724847761e+03 1.436584555844227618e+00
4.651654363695290158e+03 1.394234014918876330e+00
4.671663253665730736e+03 1.383837190370449388e+00
4.691672143636173132e+03 1.372046886364357565e+00
4.711681033606613710e+03 1.316700456085200033e+00
4.731689923577056106e+03 1.334547724076062591e+00
4.751698813547496684e+03 1.363927455605392636e+00
4.771707703517939080e+03 1.362154127852693186e+00
4.791716593488380568e+03 1.362456937506914434e+00
4.811725483458822055e+03 1.278261926033859686e+00
4.831734373429264451e+03 1.143610562115861873e+00
4.851743263399705029e+03 1.051778857677819312e+00
4.871752153370147425e+03 9.385892050927946428e-01
4.891761043340588003e+03 8.573055244568659194e-01
4.911769933311030400e+03 8.395240399618301153e-01
4.931778823281470977e+03 8.543748440211640371e-01
4.951787713251913374e+03 8.859774666857986869e-01
4.971796603222355770e+03 9.644980863169919649e-01
4.991805493192796348e+03 1.037952348902505761e+00
5.011814383163238745e+03 1.095433659194621878e+00
5.031823273133679322e+03 1.127965550827824348e+00
5.051832163104121719e+03 1.163733270948653420e+00
5.071841053074562296e+03 1.217147105464513324e+00
5.091849943045004693e+03 1.249211368950436052e+00
5.111858833015445271e+03 1.251328878009030809e+00
5.131867722985887667e+03 1.275674373340252021e+00
5.151876612956330064e+03 1.309134737345005073e+00
5.171885502926770641e+03 1.294994523523973484e+00
5.191894392897213038e+03 1.251000423070108836e+00
5.211903282867653616e+03 1.208182459570904976e+00
5.231912172838096012e+03 1.153063496285906320e+00
5.251921062808536590e+03 1.098746115176211902e+00
5.271929952778978986e+03 1.064539725214116217e+00
5.291938842749419564e+03 1.042455126405044563e+00
5.311947732719861961e+03 9.958276303839176391e-01
5.331956622690303448e+03 9.812066831098004149e-01
5.351965512660744935e+03 9.656073605153490114e-01
5.371974402631187331e+03 9.844814677613601406e-01
5.391983292601627909e+03 1.000463619465502108e+00
5.411992182572070305e+03 1.024564071274774113e+00
5.432001072542510883e+03 1.033611409078370569e+00
5.452009962512953280e+03 1.048380677578231390e+00
5.472018852483394767e+03 1.061470257020230346e+00
5.492027742453836254e+03 1.039520257410820658e+00
5.512036632424277741e+03 1.001035164978840708e+00
5.532045522394719228e+03 9.574921440115852223e-01
5.552054412365161625e+03 9.974742221204413450e-01
5.572063302335602202e+03 1.003528667830761778e+00
5.592072192306044599e+03 1.016663010885936691e+00
5.612081082276485176e+03 1.005015631803196419e+00
5.632089972246927573e+03 1.000253215065572077e+00
5.652098862217369060e+03 9.866817715166505964e-01
5.672107752187810547e+03 9.822939609517392645e-01
5.692116642158252034e+03 9.891558990733161361e-01
5.712125532128693521e+03 9.924512410673227425e-01
5.732134422099135918e+03 1.005081569479089776e+00
5.752143312069576496e+03 1.003824333808483127e+00
5.772152202040018892e+03 1.022997447600363152e+00
5.792161092010459470e+03 1.066434958007518308e+00
5.812169981980901866e+03 1.081954980653487386e+00
5.832178871951343353e+03 1.102423207019428419e+00
5.852187761921784841e+03 1.106028296770731556e+00
5.872196651892226328e+03 1.126640835680639885e+00
5.892205541862667815e+03 1.056258867923598466e+00
5.912214431833110211e+03 1.129646370539519884e+00
5.932223321803550789e+03 1.115295803711916278e+00
5.952232211773993185e+03 1.084577583615962570e+00
5.972241101744433763e+03 1.066690382987401042e+00
5.992249991714876160e+03 1.039079764955570750e+00
6.012258881685317647e+03 1.006409265440929346e+00
6.032267771655759134e+03 9.745808460662088724e-01
6.052276661626200621e+03 9.583586873890161950e-01
6.072285551596642108e+03 9.464369705713426839e-01
6.092294441567084505e+03 9.348308089602069826e-01
6.112303331537525082e+03 9.180820225629177100e-01
6.132312221507967479e+03 9.150157407571121171e-01
6.152321111478408056e+03 9.146764418200498126e-01
6.172330001448850453e+03 9.139935269040101451e-01
6.192338891419291940e+03 9.126235856034462524e-01
6.212347781389733427e+03 9.240890835988996299e-01
6.232356671360175824e+03 9.090845877081087378e-01
6.252365561330616401e+03 8.906970727577810942e-01
6.272374451301058798e+03 8.919525096609226544e-01
6.292383341271499376e+03 8.905842129477552493e-01
6.312392231241941772e+03 8.854954997921652415e-01
6.332401121212382350e+03 8.663723403424287151e-01
6.352410011182824746e+03 8.335863342599222348e-01
6.372418901153266233e+03 8.259855909475328772e-01
6.392427791123707721e+03 7.819706504877649289e-01
6.412436681094150117e+03 7.632211721303296947e-01
6.432445571064590695e+03 7.487416850689143644e-01
6.452454461035033091e+03 7.144890153896373830e-01
6.472463351005473669e+03 6.875687643104814173e-01
6.492472240975916066e+03 6.734858797781956286e-01
6.512481130946356643e+03 6.723060938952513110e-01
6.532490020916799040e+03 6.693283114486717755e-01
6.552498910887240527e+03 6.710013964602729031e-01
6.572507800857682014e+03 6.704890046998203124e-01
6.592516690828124410e+03 6.686402315003441288e-01
6.612525580798564988e+03 6.759488292799051834e-01
6.632534470769007385e+03 6.757890730324269679e-01
6.652543360739447962e+03 6.723237218163993223e-01
6.672552250709890359e+03 6.680355629689906927e-01
6.692561140680331846e+03 6.661841944050314046e-01
6.712570030650773333e+03 6.533527380941139828e-01
6.732578920621214820e+03 6.527508191073093657e-01
6.752587810591656307e+03 6.431798087015947463e-01
6.772596700562098704e+03 6.294273577524415186e-01
6.792605590532539281e+03 6.223304235100363124e-01
6.812614480502981678e+03 6.085949323683995660e-01
6.832623370473422256e+03 5.978966086963327653e-01
6.852632260443864652e+03 5.878102514121870126e-01
6.872641150414306139e+03 5.837550329513644387e-01
6.892650040384747626e+03 5.730916567614545709e-01
6.912658930355189113e+03 5.628911548333820347e-01
6.932667820325630601e+03 5.633405126425603537e-01
6.952676710296072997e+03 5.423460440066916188e-01
6.972685600266513575e+03 5.377419445025772848e-01
6.992694490236955971e+03 5.273720243760747772e-01
7.012703380207396549e+03 5.217052644475980161e-01
7.032712270177838946e+03 5.161674247529314252e-01
7.052721160148280433e+03 5.140136833782775749e-01
7.072730050118721920e+03 5.070040664479087411e-01
7.092738940089163407e+03 5.059465710558388452e-01
7.112747830059604894e+03 4.956520192860768836e-01
7.132756720030047290e+03 4.604135993398619786e-01
7.152765610000487868e+03 4.423580854700289167e-01
7.172774499970930265e+03 4.740056516245848561e-01
7.192783389941370842e+03 4.504548003655910460e-01
7.212792279911813239e+03 4.585179297029348122e-01
7.232801169882254726e+03 4.591892554171683183e-01
7.252810059852696213e+03 4.679498696870071917e-01
7.272818949823137700e+03 4.700692289064202778e-01
7.292827839793579187e+03 4.846452069939378715e-01
7.312836729764021584e+03 4.804810089214766600e-01
7.332845619734462161e+03 4.745971891534527254e-01
7.352854509704904558e+03 4.704826370629973664e-01
7.372863399675345136e+03 4.688659048663755269e-01
7.392872289645787532e+03 4.606590540086614172e-01
7.412881179616228110e+03 4.517743761771655375e-01
7.432890069586670506e+03 4.447203810837928595e-01
7.452898959557112903e+03 4.264195924219074119e-01
7.472907849527553481e+03 4.120035504586135877e-01
7.492916739497995877e+03 4.214069028883484225e-01
7.512925629468436455e+03 4.202082042503536008e-01
7.532934519438878851e+03 4.116547309023331214e-01
7.552943409409319429e+03 3.613946368360444472e-01
7.572952299379761826e+03 4.194001593605194422e-01
7.592961189350202403e+03 4.006179305869001506e-01
7.612970079320644800e+03 3.992490813951535822e-01
7.632978969291087196e+03 3.921897927860992783e-01
7.652987859261527774e+03 3.862114734845222830e-01
7.672996749231970171e+03 3.818060735434808950e-01
7.693005639202410748e+03 3.777453559935546323e-01
7.713014529172853145e+03 3.812083174185244006e-01
7.733023419143293722e+03 3.795159727467202204e-01
7.753032309113736119e+03 3.830091406167458468e-01
7.773041199084176696e+03 3.827305372332534539e-01
7.793050089054619093e+03 3.743479724909876127e-01
7.813058979025061490e+03 3.799053930543331292e-01
7.833067868995502067e+03 3.738947216350824720e-01
7.853076758965944464e+03 3.772367416447779953e-01
7.873085648936385041e+03 3.810035020460724176e-01
7.893094538906827438e+03 3.779233054890984711e-01
7.913103428877268016e+03 3.722289730250668560e-01
7.933112318847710412e+03 3.727146659370169091e-01
7.953121208818151899e+03 3.684067591925250795e-01
7.973130098788593386e+03 3.715301133202950079e-01
7.993138988759035783e+03 3.799637373618598990e-01
8.013147878729476361e+03 3.927545929214494858e-01
8.033156768699918757e+03 3.953832731482874729e-01
8.053165658670359335e+03 3.951363794655182726e-01
8.073174548640801731e+03 3.908358990609816508e-01
8.093183438611242309e+03 3.780972206061879448e-01
