3.179577308845753578e+03 7.798971494152725503e-01
3.199613016480657279e+03 6.970833907597694390e-01
3.219648724115560981e+03 4.908001098540804574e-01
3.239684431750464228e+03 7.184466215862337357e-01
3.259720139385367929e+03 7.151750203421231022e-01
3.279755847020271631e+03 6.975051362126526433e-01
3.299791554655175332e+03 5.773752838539121246e-01
3.319827262290078579e+03 6.558986424636971124e-01
3.339862969924982281e+03 6.715480758557628160e-01
3.359898677559885982e+03 5.737809791140540128e-01
3.379934385194789684e+03 8.156921267532647457e-01
3.399970092829693385e+03 1.148558084774469190e+00
3.420005800464597087e+03 1.095937751844592078e+00
3.440041508099500334e+03 1.137757478932374999e+00
3.460077215734404035e+03 9.189809552796529557e-01
3.480112923369307737e+03 9.571689710005001350e-01
3.500148631004211438e+03 9.835633672283556894e-01
3.520184338639115140e+03 1.177456805397782746e+00
3.540220046274018387e+03 1.028034347377189128e+00
3.560255753908922088e+03 1.146057288327197998e+00
3.580291461543825790e+03 1.211275042238750155e+00
3.600327169178729491e+03 1.092191330280050332e+00
3.620362876813633193e+03 9.653956792336595427e-01
3.640398584448536440e+03 9.978173674092670753e-01
3.660434292083440141e+03 1.054872694378857778e+00
3.680469999718343843e+03 1.002182632590732814e+00
3.700505707353247544e+03 9.630232897240045276e-01
3.720541414988151246e+03 9.652586599519442645e-01
3.740577122623054493e+03 9.710201106276388217e-01
3.760612830257958194e+03 8.100733763934983012e-01
3.780648537892861896e+03 6.776563549669969433e-01
3.800684245527765597e+03 6.382644528688041774e-01
3.820719953162669299e+03 6.856979496836247412e-01
3.840755660797572546e+03 8.277030263491775841e-01
3.860791368432476247e+03 1.140451586187553490e+00
3.880827076067379949e+03 1.409747549625976371e+00
3.900862783702283650e+03 1.551796232768728023e+00
3.920898491337187352e+03 1.553532242683714149e+00
3.940934198972091053e+03 1.535593871321049519e+00
3.960969906606994300e+03 1.524602081816285981e+00
3.981005614241898002e+03 1.573953718871142327e+00
4.001041321876801703e+03 1.534918943704300487e+00
4.021077029511705405e+03 1.548739784482315640e+00
4.041112737146608652e+03 1.601196534755904066e+00
4.061148444781512353e+03 1.404041093436695808e+00
4.081184152416416055e+03 1.433407007786571929e+00
4.101219860051320211e+03 1.429636461282233206e+00
4.121255567686223003e+03 1.574928314557255682e+00
4.141291275321127614e+03 1.871052196797561074e+00
4.161326982956030406e+03 2.115745183462255152e+00
4.181362690590935017e+03 2.398849639860043403e+00
4.201398398225837809e+03 2.637830982176365691e+00
4.221434105860740601e+03 3.014455326694614357e+00
4.241469813495645212e+03 3.290951832378672837e+00
4.261505521130548004e+03 3.203921916234109268e+00
4.281541228765452615e+03 3.437766669756216142e+00
4.301576936400355407e+03 3.640230946751615182e+00
4.321612644035260018e+03 3.526348156759916641e+00
4.341648351670162810e+03 3.520086463784223962e+00
4.361684059305067422e+03 3.365327205909917296e+00
4.381719766939970214e+03 3.222397158299996622e+00
4.401755474574873915e+03 3.045396573672286333e+00
4.421791182209777617e+03 2.865297620432671444e+00
4.441826889844680409e+03 2.777910758942331970e+00
4.461862597479585020e+03 2.673034094324727938e+00
4.481898305114487812e+03 2.685136928099822740e+00
4.501934012749392423e+03 3.916602729091012147e+00
4.521969720384295215e+03 4.685208161524198722e+00
4.542005428019199826e+03 5.841909269525618065e+00
4.562041135654102618e+03 6.886130258228428502e+00
4.582076843289007229e+03 7.850230921070255441e+00
4.602112550923910021e+03 8.879212626298254918e+00
4.622148258558812813e+03 9.587794378416910845e+00
4.642183966193717424e+03 1.003507221489435075e+01
4.662219673828620216e+03 1.041351272638562975e+01
4.682255381463524827e+03 1.018055110130481467e+01
4.702291089098427619e+03 9.830742172124992351e+00
4.722326796733332230e+03 9.142533283143087885e+00
4.742362504368235022e+03 8.067530116420503106e+00
4.762398212003139633e+03 7.031065425565620863e+00
4.782433919638042426e+03 5.835873365233767096e+00
4.802469627272946127e+03 5.029117116180443325e+00
4.822505334907849829e+03 4.499835859616612588e+00
4.842541042542752621e+03 4.200778540342049006e+00
4.862576750177657232e+03 3.950687896717452130e+00
4.882612457812560024e+03 3.867641034073778350e+00
4.902648165447464635e+03 4.162644533357387822e+00
4.922683873082367427e+03 4.269813015373887133e+00
4.942719580717272038e+03 4.338445719365368269e+00
4.962755288352174830e+03 4.135951454810392391e+00
4.982790995987079441e+03 4.139083027640514167e+00
5.002826703621982233e+03 3.731363036529905752e+00
5.022862411256885935e+03 3.510866690018572100e+00
5.042898118891789636e+03 3.214607656233822386e+00
5.062933826526692428e+03 3.140574182386985047e+00
5.082969534161597039e+03 3.392527790179640235e+00
5.103005241796499831e+03 4.049548268284587138e+00
5.123040949431404442e+03 4.416747906752903852e+00
5.143076657066307234e+03 4.834218316541468496e+00
5.163112364701211845e+03 5.416408212036118996e+00
5.183148072336114637e+03 5.629167353124969964e+00
5.203183779971019248e+03 5.727173546178602415e+00
5.223219487605922041e+03 5.769177297269509452e+00
5.243255195240825742e+03 5.742365721168773085e+00
5.263290902875729444e+03 5.326022179535779166e+00
5.283326610510632236e+03 5.197497574470768100e+00
5.303362318145536847e+03 4.706220620914208119e+00
5.323398025780439639e+03 4.448091028534125080e+00
5.343433733415344250e+03 3.936771178759345791e+00
5.363469441050247042e+03 3.398206230309798848e+00
5.383505148685151653e+03 2.879075814542925382e+00
5.403540856320054445e+03 2.234614209397577600e+00
5.423576563954958146e+03 1.848581760938500906e+00
5.443612271589861848e+03 1.679823293376464965e+00
5.463647979224765550e+03 1.321529026232606929e+00
5.483683686859669251e+03 1.224684721408439536e+00
5.503719394494572043e+03 1.062788164947867653e+00
5.523755102129476654e+03 1.101360571376115427e+00
5.543790809764379446e+03 9.003896540947949889e-01
5.563826517399284057e+03 8.214254576066575275e-01
5.583862225034186849e+03 7.427204874877296747e-01
5.603897932669090551e+03 6.472287097989980476e-01
5.623933640303994252e+03 5.336606335380400523e-01
5.643969347938897954e+03 4.517699521488304226e-01
5.664005055573801656e+03 4.263377000252582816e-01
5.684040763208704448e+03 5.280636475056800228e-01
5.704076470843609059e+03 6.470902637735310714e-01
5.724112178478511851e+03 7.658334509099888887e-01
5.744147886113416462e+03 9.539286024741441272e-01
5.764183593748319254e+03 1.008795045121289924e+00
5.784219301383223865e+03 1.105290186838316702e+00
5.804255009018126657e+03 1.198738218955306412e+00
5.824290716653030358e+03 1.249481579687564903e+00
5.844326424287934060e+03 1.298981857500516979e+00
5.864362131922837762e+03 1.192889399680444162e+00
5.884397839557741463e+03 1.256333581405156608e+00
5.904433547192644255e+03 1.243142686904536776e+00
5.924469254827548866e+03 1.254420292093878730e+00
5.944504962462451658e+03 1.144310331396515945e+00
5.964540670097356269e+03 1.059892134540691311e+00
5.984576377732259061e+03 1.003722633855088864e+00
6.004612085367162763e+03 8.581250423645589986e-01
6.024647793002066464e+03 7.663920340590196778e-01
6.044683500636970166e+03 5.863258440440930475e-01
6.064719208271873867e+03 6.174014902831356233e-01
6.084754915906776660e+03 6.390045956453864751e-01
6.104790623541681271e+03 6.201966888182899318e-01
6.124826331176584063e+03 6.280640132708958934e-01
6.144862038811488674e+03 6.220538941297513169e-01
6.164897746446391466e+03 5.668074966512380852e-01
6.184933454081296077e+03 6.305024480458394365e-01
6.204969161716198869e+03 5.808519989678675444e-01
6.225004869351102570e+03 5.471384591774500761e-01
6.245040576986006272e+03 5.707256722226407009e-01
6.265076284620909973e+03 5.570550286504414306e-01
6.285111992255813675e+03 4.582463311478990886e-01
6.305147699890716467e+03 4.715925072502580306e-01
6.325183407525621078e+03 4.750714013910338207e-01
6.345219115160523870e+03 5.265998084168493909e-01
6.365254822795428481e+03 6.039552086510273643e-01
6.385290530430331273e+03 6.787763488117649624e-01
6.405326238065235884e+03 8.016283244847952627e-01
6.425361945700138676e+03 8.810091820299076337e-01
6.445397653335042378e+03 9.218108366583566138e-01
6.465433360969946079e+03 9.419415165284777958e-01
6.485469068604849781e+03 1.014495016111701231e+00
6.505504776239753483e+03 1.016941025598921522e+00
6.525540483874656275e+03 1.022434248449369809e+00
6.545576191509560886e+03 9.722048786387111896e-01
6.565611899144463678e+03 9.578065957533509200e-01
6.585647606779368289e+03 8.762829766201576387e-01
6.605683314414271081e+03 8.614031288075394421e-01
6.625719022049174782e+03 8.271827836958677294e-01
6.645754729684078484e+03 7.683228074664560925e-01
6.665790437318982185e+03 7.369539264753293129e-01
6.685826144953885887e+03 6.554616697638682155e-01
6.705861852588788679e+03 6.047534588094799490e-01
6.725897560223693290e+03 5.725011121467543651e-01
6.745933267858596082e+03 5.355359455247448164e-01
6.765968975493500693e+03 5.437691908383651684e-01
6.786004683128403485e+03 4.893483591759427709e-01
6.806040390763308096e+03 4.989525755305820320e-01
6.826076098398210888e+03 5.527896874131550398e-01
6.846111806033114590e+03 6.269650833520564737e-01
6.866147513668018291e+03 6.668446724052375929e-01
6.886183221302921993e+03 6.601128025115048370e-01
6.906218928937825694e+03 7.708130719507655382e-01
6.926254636572728486e+03 9.231389016236543066e-01
6.946290344207633098e+03 1.047365116877937208e+00
6.966326051842535890e+03 1.168673718983206156e+00
6.986361759477440501e+03 1.217744313459856897e+00
7.006397467112343293e+03 1.253031785075113147e+00
7.026433174747246994e+03 1.289349365678810422e+00
7.046468882382150696e+03 1.304639648757477399e+00
7.066504590017054397e+03 1.390865140834264935e+00
7.086540297651958099e+03 1.453605341251294814e+00
7.106576005286861800e+03 1.475553640778973774e+00
7.126611712921765502e+03 1.668430718581566552e+00
7.146647420556668294e+03 1.588965449687968379e+00
7.166683128191572905e+03 1.651257911975047010e+00
7.186718835826475697e+03 1.619973001338880447e+00
7.206754543461380308e+03 1.623845131998311153e+00
7.226790251096283100e+03 1.632515791005283434e+00
7.246825958731186802e+03 1.565959284520692663e+00
7.266861666366090503e+03 1.489056343641244284e+00
7.286897374000994205e+03 1.454147400113608768e+00
7.306933081635897906e+03 1.354207891454581425e+00
7.326968789270801608e+03 1.302588665703795279e+00
7.347004496905705309e+03 1.270485738023021449e+00
7.367040204540608102e+03 1.216922820348657952e+00
7.387075912175511803e+03 1.176984838564855140e+00
7.407111619810415505e+03 1.099663732062294619e+00
7.427147327445319206e+03 1.020474940166907318e+00
7.447183035080222908e+03 9.199365623034769790e-01
7.467218742715126609e+03 8.526380193642328909e-01
7.487254450350030311e+03 7.708710496286588221e-01
7.507290157984934012e+03 4.023159527150140802e-01
7.527325865619837714e+03 2.880421960242669499e-01
7.547361573254741415e+03 2.700702443018514476e-01
7.567397280889645117e+03 3.302639146491799238e-01
7.587432988524547909e+03 3.554872785171639960e-01
7.607468696159451611e+03 2.967647495925932466e-01
7.627504403794355312e+03 3.135432820486400707e-01
7.647540111429259014e+03 3.748266473916184172e-01
7.667575819064162715e+03 4.071671538477760199e-01
7.687611526699066417e+03 4.113622474109074334e-01
7.707647234333970118e+03 4.184465878631996039e-01
7.727682941968873820e+03 4.740168302324614946e-01
7.747718649603777521e+03 4.583941936821248064e-01
7.767754357238681223e+03 5.642029110812569748e-01
7.787790064873584924e+03 4.703081525253405282e-01
7.807825772508487717e+03 4.689217467110116111e-01
7.827861480143391418e+03 5.216181380532297629e-01
7.847897187778295120e+03 4.627803671447475731e-01
7.867932895413198821e+03 4.277113948498025287e-01
7.887968603048102523e+03 4.140990013338498588e-01
7.908004310683006224e+03 4.899335316403388707e-01
7.928040018317909926e+03 4.157963983747681169e-01
7.948075725952813627e+03 3.746346725346821338e-01
7.968111433587717329e+03 3.473097410618334324e-01
7.988147141222620121e+03 4.061660207278890433e-01
8.008182848857523823e+03 3.102509022273520212e-01
8.028218556492427524e+03 2.944658244157312699e-01
8.048254264127331226e+03 2.611705410412049622e-01
8.068289971762234927e+03 2.716043570056323464e-01
8.088325679397138629e+03 2.284801062244446457e-01
8.108361387032042330e+03 1.480830374720757403e-01
8.128397094666946032e+03 1.658791819383370614e-01
8.148432802301849733e+03 1.261214757127096797e-01
8.168468509936753435e+03 1.458117327571985533e-01
8.188504217571657136e+03 1.223896458456246589e-01
8.208539925206559928e+03 1.478681893187272223e-01
8.228575632841464540e+03 1.209440561064128866e-01
8.248611340476367332e+03 1.154037766529674158e-01
8.268647048111270124e+03 1.873366037931822603e-01
8.288682755746174735e+03 2.536776849417236579e-01
8.308718463381079346e+03 1.951537976585265843e-01
8.328754171015982138e+03 2.865150484240723827e-01
8.348789878650884930e+03 3.293309150286159448e-01
8.368825586285789541e+03 3.325716337557092506e-01
8.388861293920694152e+03 3.909481254389995941e-01
8.408897001555596944e+03 4.529512181525177650e-01
8.428932709190499736e+03 5.144652749896824195e-01
8.448968416825402528e+03 5.532384631749268644e-01
8.469004124460307139e+03 4.930961037210544462e-01
8.489039832095211750e+03 5.664210047394097058e-01
8.509075539730114542e+03 5.453622150886763276e-01
8.529111247365017334e+03 6.443949373009674186e-01
