3.033506662716958090e+03 -3.223752808587169394e+00
3.053535524040745713e+03 5.548289828324855399e+00
3.073564385364533337e+03 1.267650437107955419e+01
3.093593246688321415e+03 -3.538454290091515464e+00
3.113622108012108583e+03 -9.516719927606279716e-01
3.133650969335896662e+03 -6.290942824232400588e-01
3.153679830659684740e+03 4.288726822555777751e+00
3.173708691983471908e+03 1.896617998027693375e+00
3.193737553307259986e+03 4.098010959785418628e+00
3.213766414631047610e+03 -5.635175289956670941e-01
3.233795275954835233e+03 2.668131004040466436e+00
3.253824137278623311e+03 9.037355224743834903e-01
3.273852998602410480e+03 2.852718744872247414e-01
3.293881859926198558e+03 -1.838176640028074127e-01
3.313910721249986636e+03 2.143856525263881263e+00
3.333939582573773805e+03 4.348285929201671229e-01
3.353968443897561883e+03 -1.025797573770598436e+00
3.373997305221349961e+03 -1.380149888793757551e+00
3.394026166545137130e+03 -2.935162455342854929e-02
3.414055027868925208e+03 2.683969567343543527e+00
3.434083889192712832e+03 1.277381998723037260e+00
3.454112750516500455e+03 1.482428763831733276e+00
3.474141611840288533e+03 -1.339650995982278436e+00
3.494170473164075702e+03 2.670884759789642349e+00
3.514199334487863780e+03 8.418206955710835215e-01
3.534228195811651858e+03 5.558590012071036313e-01
3.554257057135439027e+03 9.505639919223164702e-02
3.574285918459227105e+03 1.196754629802623038e+00
3.594314779783015183e+03 9.964859152298126688e-01
3.614343641106802352e+03 3.784521455737640538e-01
3.634372502430590430e+03 6.585261639288865210e-01
3.654401363754377599e+03 1.065344430671152809e+00
3.674430225078165677e+03 6.575156411701919001e-01
3.694459086401953755e+03 1.369567018616688836e+00
3.714487947725740923e+03 1.174389909069198046e+00
3.734516809049529002e+03 7.401770526852774479e-02
3.754545670373317080e+03 5.738177127418472301e-01
3.774574531697104248e+03 2.913837500792009205e-01
3.794603393020892327e+03 3.793261990209951251e-01
3.814632254344679495e+03 6.433374544899215230e-01
3.834661115668467573e+03 -3.261259124354411176e-02
3.854689976992255652e+03 2.783356592686219710e-01
3.874718838316042820e+03 -4.573931437168066855e-02
3.894747699639830898e+03 4.404904447112455435e-01
3.914776560963618977e+03 5.968550322246285456e-01
3.934805422287406145e+03 4.623710243159069866e-01
3.954834283611194223e+03 1.473537138336016739e+00
3.974863144934982301e+03 7.849487346532948440e-01
3.994892006258769470e+03 9.085996786472642917e-02
4.014920867582557548e+03 4.688110761092599277e-01
4.034949728906344717e+03 -4.313502501125059951e-01
4.054978590230132795e+03 1.491476354254837045e+00
4.075007451553920873e+03 2.514747621128698429e-01
4.095036312877708042e+03 1.768723508301070835e+00
4.115065174201496120e+03 4.292609699393848954e-01
4.135094035525284198e+03 6.522225814469971850e-01
4.155122896849071367e+03 8.751906914932504611e-01
4.175151758172859445e+03 1.013510461834895016e-01
4.195180619496646614e+03 -1.896673235606143038e-01
4.215209480820434692e+03 5.037927096144255712e-01
4.235238342144222770e+03 -2.977246991582767691e-02
4.255267203468009939e+03 6.751006867330709982e-01
4.275296064791798017e+03 -2.441858387095202365e-01
4.295324926115586095e+03 5.932190998549201344e-02
4.315353787439373264e+03 7.675943872121756550e-01
4.335382648763161342e+03 4.968343993644429579e-01
4.355411510086949420e+03 6.075451282892759819e-01
4.375440371410736589e+03 3.365885596476492214e-01
4.395469232734524667e+03 3.900512247308386415e-01
4.415498094058311835e+03 4.550049307661939713e-01
4.435526955382099914e+03 -4.402662451281268152e-02
4.455555816705887992e+03 6.626527359659997174e-01
4.475584678029675160e+03 5.101417818668027016e-01
4.495613539353463239e+03 1.648016402311530126e-01
4.515642400677251317e+03 1.084627219454025404e+00
4.535671262001038485e+03 8.266920976145489819e-01
4.555700123324826563e+03 9.095240957689639805e-01
4.575728984648614642e+03 8.473509519546792434e-01
4.595757845972401810e+03 1.789499336336741298e+00
4.615786707296189888e+03 1.312735673565406991e+00
4.635815568619977057e+03 9.691595602438901613e-01
4.655844429943765135e+03 1.388404657502643857e+00
4.675873291267553213e+03 1.208526732551017613e+00
4.695902152591340382e+03 5.443744587935788193e-01
4.715931013915128460e+03 2.936605130921183804e-01
4.735959875238916538e+03 3.407606214552502677e-01
4.755988736562703707e+03 1.062590674921976897e+00
4.776017597886491785e+03 6.936572638227979093e-01
4.796046459210279863e+03 4.699275250478049393e-02
4.816075320534067032e+03 1.106736872545786232e+00
4.836104181857855110e+03 -1.058334132112041248e-01
4.856133043181642279e+03 1.038999355020039816e+00
4.876161904505430357e+03 4.673115383178207960e-01
4.896190765829218435e+03 7.129644221255745373e-01
4.916219627153005604e+03 1.414658753612781483e+00
4.936248488476793682e+03 8.856598372440996902e-01
4.956277349800581760e+03 4.005825939891766718e-01
4.976306211124368929e+03 5.905222063188541037e-01
4.996335072448157007e+03 8.639514689134280001e-01
5.016363933771945085e+03 6.952461565205524385e-01
5.036392795095732254e+03 1.324647494894585664e+00
5.056421656419520332e+03 3.044779805141318851e-01
5.076450517743307500e+03 1.652264821948164486e-01
5.096479379067095579e+03 6.746490382975127709e-01
5.116508240390883657e+03 6.754321122037681979e-02
5.136537101714670825e+03 5.340044157570066341e-01
5.156565963038458904e+03 7.753601408883177282e-01
5.176594824362246982e+03 1.048347502855295543e+00
5.196623685686034150e+03 8.258505368605234542e-01
5.216652547009822229e+03 8.067708274101861310e-01
5.236681408333609397e+03 6.358202699168024052e-01
5.256710269657397475e+03 5.125527397026593546e-01
5.276739130981185554e+03 8.585186906094491865e-01
5.296767992304972722e+03 1.253015728088146208e+00
5.316796853628760800e+03 1.177259013879253802e+00
5.336825714952548879e+03 4.746370160010267569e-01
5.356854576276336047e+03 8.784480839871133817e-01
5.376883437600124125e+03 6.256143149809187953e-01
5.396912298923912203e+03 5.256521689685031973e-01
5.416941160247699372e+03 4.600023069812176485e-02
5.436970021571487450e+03 1.477138953377859387e+00
5.456998882895274619e+03 9.495242257397367158e-01
5.477027744219062697e+03 1.562823809995727231e+00
5.497056605542850775e+03 1.609070660235279560e+00
5.517085466866637944e+03 6.270894832524535369e-03
5.537114328190426022e+03 7.138465987461071194e-01
5.557143189514213191e+03 9.388341296750892795e-01
5.577172050838001269e+03 1.463035499891961688e+00
5.597200912161789347e+03 -3.290681258052095826e-02
5.617229773485577425e+03 -3.319734599681897214e-01
5.637258634809364594e+03 2.187895497000111877e+00
5.657287496133152672e+03 1.003514084770187331e+00
5.677316357456939841e+03 6.256034299286947764e-01
5.697345218780727919e+03 3.503880439886081222e-01
5.717374080104515997e+03 8.053346503704979231e-02
5.737402941428303166e+03 -3.170937560416101642e-01
5.757431802752091244e+03 6.102712652492271461e-01
5.777460664075878412e+03 1.108179548124115676e+00
5.797489525399666491e+03 -2.291649540309622923e-01
5.817518386723454569e+03 -5.438306935727827973e-01
5.837547248047241737e+03 4.355872973065182396e-01
5.857576109371029816e+03 -1.141824107303870184e+00
5.877604970694817894e+03 1.145305699380851916e+00
5.897633832018605062e+03 1.255618392813916184e+00
5.917662693342393140e+03 1.840735439618016223e+00
5.937691554666181219e+03 1.046232228527609998e+00
5.957720415989968387e+03 9.532673839970237095e-01
5.977749277313756465e+03 5.933214518385176994e-01
5.997778138637543634e+03 2.861995408782450623e-01
6.017806999961331712e+03 2.524076273348030974e-01
6.037835861285119790e+03 1.097112536818283024e+00
6.057864722608906959e+03 4.082724772266836388e-01
6.077893583932695037e+03 6.648492420266992609e-01
6.097922445256483115e+03 5.852715495602927032e-01
6.117951306580270284e+03 7.421558577014993885e-01
6.137980167904058362e+03 -3.003125797086380611e-01
6.158009029227846440e+03 5.349856950918162601e-01
6.178037890551633609e+03 -3.071659385595664205e-01
6.198066751875421687e+03 2.321602929541219495e+00
6.218095613199208856e+03 3.003280137379106929e+00
6.238124474522996934e+03 2.811725963124042771e+00
6.258153335846785012e+03 6.398363667970165203e+00
6.278182197170572181e+03 8.215387564721384095e+00
6.298211058494360259e+03 9.282837521912261636e+00
6.318239919818148337e+03 7.253067716397276321e+00
6.338268781141935506e+03 6.203927391827763316e+00
6.358297642465723584e+03 5.149653221731763431e+00
6.378326503789511662e+03 4.831566001595391846e+00
6.398355365113298831e+03 4.197861006006274209e+00
6.418384226437086909e+03 1.098733922209243374e+00
6.438413087760874078e+03 1.204575621057214940e+00
6.458441949084662156e+03 1.753708634770755781e+00
6.478470810408450234e+03 1.958323247059817529e+00
6.498499671732237402e+03 2.189767076128755541e+00
6.518528533056025481e+03 3.084937524674138842e+00
6.538557394379812649e+03 2.830092457958516494e+00
6.558586255703600727e+03 3.397111074647088724e+00
6.578615117027388806e+03 3.284166473064370262e+00
6.598643978351176884e+03 3.114210191983077802e+00
6.618672839674964052e+03 2.129034983258139668e+00
6.638701700998752131e+03 1.400773001171361720e+00
6.658730562322539299e+03 2.320293474005033385e+00
6.678759423646327377e+03 2.074783558047383902e+00
6.698788284970115456e+03 2.098742045382544497e+00
6.718817146293902624e+03 1.254445406589193235e+00
6.738846007617690702e+03 2.142311497701954615e+00
6.758874868941477871e+03 -8.876077742017762784e-01
6.778903730265265949e+03 1.491817527533495946e+00
6.798932591589054027e+03 1.171390833486319671e+00
6.818961452912841196e+03 1.125056252975112470e+00
6.838990314236629274e+03 4.907696381776148198e-01
6.859019175560417352e+03 7.029989131194123164e-01
6.879048036884204521e+03 8.787583892072270420e-01
6.899076898207992599e+03 9.575791643854089097e-01
6.919105759531780677e+03 5.706756693088641530e-01
6.939134620855567846e+03 -2.091990063734417427e-01
6.959163482179355924e+03 7.163062956217720600e-01
6.979192343503143093e+03 9.000508510648668192e-01
6.999221204826931171e+03 1.453206460197262961e+00
7.019250066150719249e+03 8.287423865558232183e-01
7.039278927474506418e+03 1.223005476643439726e+00
7.059307788798294496e+03 6.307904010085731983e-01
7.079336650122082574e+03 2.456252650185289710e+00
7.099365511445869743e+03 1.502034854912001949e+00
7.119394372769657821e+03 1.803350971450295326e+00
7.139423234093444989e+03 1.437921897313341857e+00
7.159452095417233068e+03 6.578373188329273979e-01
7.179480956741021146e+03 2.512042604419331138e+00
7.199509818064809224e+03 2.892636018475345239e+00
7.219538679388596393e+03 7.432183687693229679e+00
7.239567540712384471e+03 1.931801086230733944e+01
7.259596402036171639e+03 3.787835710444613824e+01
7.279625263359959717e+03 5.869382622582746478e+01
7.299654124683747796e+03 7.138742175353317521e+01
7.319682986007534964e+03 7.395125771092226330e+01
7.339711847331323042e+03 6.673446808648904494e+01
7.359740708655110211e+03 5.530061427436505994e+01
7.379769569978898289e+03 3.851911301446087776e+01
7.399798431302686367e+03 1.716069098961371253e+01
7.419827292626474446e+03 1.065162471589201587e+01
7.439856153950261614e+03 3.780622332552967535e+00
7.459885015274048783e+03 2.659033049942894245e+00
7.479913876597836861e+03 2.931598006898198605e+00
7.499942737921624939e+03 1.227430981458044856e+00
7.519971599245413017e+03 2.735030210081508262e+00
7.540000460569200186e+03 1.725423745335267656e+00
7.560029321892988264e+03 1.619738011414683099e+00
7.580058183216775433e+03 1.574238493118859994e+00
7.600087044540563511e+03 9.180972928712655134e-01
7.620115905864351589e+03 1.023646557480386576e+00
7.640144767188139667e+03 2.164088100688357663e+00
7.660173628511926836e+03 2.122780139816058842e+00
7.680202489835714005e+03 1.835229552754324533e+00
7.700231351159502083e+03 2.147741026736612824e+00
7.720260212483290161e+03 2.775538850700948856e+00
7.740289073807078239e+03 1.913861870311913682e+00
7.760317935130865408e+03 1.997150390805867648e+00
7.780346796454653486e+03 3.250439057516940622e+00
7.800375657778440655e+03 2.918672413541004929e+00
7.820404519102228733e+03 2.344581762176230821e+00
7.840433380426016811e+03 1.378369289206089920e+00
7.860462241749804889e+03 1.985683719373605882e+00
7.880491103073592058e+03 9.041351826008126036e-01
7.900519964397379226e+03 1.828549055031249981e+00
7.920548825721167304e+03 2.070616370143763874e+00
7.940577687044955383e+03 1.453768583789720292e+00
7.960606548368743461e+03 1.239164092974592180e+00
7.980635409692530629e+03 1.564984574093900793e+00
8.000664271016318708e+03 2.427285414192483781e+00
8.020693132340105876e+03 2.126247110181098243e+00
8.040721993663893954e+03 1.832773105147979864e+00
8.060750854987682033e+03 1.231843489195367347e+00
8.080779716311469201e+03 1.468214835188936807e+00
8.100808577635257279e+03 2.425569799991227349e+00
8.120837438959044448e+03 2.052748638149996196e+00
8.140866300282832526e+03 1.366165033638060633e+00
8.160895161606620604e+03 -2.287248405014922215e-01
8.180924022930408682e+03 6.959512479631142501e-01
8.200952884254194942e+03 8.939162305876466319e-02
8.220981745577984839e+03 8.022478445159645366e-01
8.241010606901771098e+03 3.897498550013565599e-01
8.261039468225559176e+03 -7.443523637621990430e-01
8.281068329549347254e+03 5.152203898148404182e-01
8.301097190873133513e+03 -7.084983014444626859e-01
8.321126052196923411e+03 5.742726104467258397e-01
8.341154913520709670e+03 8.000318428393414782e-01
8.361183774844497748e+03 -3.363058732167603648e-01
8.381212636168285826e+03 6.989178308527870254e-01
8.401241497492072085e+03 7.694367229169339906e-01
8.421270358815861982e+03 1.425045042995956246e+00
8.441299220139648241e+03 1.575885872664384513e+00
8.461328081463436320e+03 2.361461716296547664e+00
8.481356942787224398e+03 1.792937063277895371e+00
8.501385804111010657e+03 2.890621471496597206e+00
8.521414665434800554e+03 4.743770744553818197e+00
8.541443526758586813e+03 4.706826552379034467e+00
8.561472388082376710e+03 5.439861711097718100e+00
8.581501249406162970e+03 6.682739718905711612e+00
8.601530110729951048e+03 8.835315658391319715e+00
8.621558972053739126e+03 9.739343615104552043e+00
8.641587833377525385e+03 1.083423365170757258e+01
8.661616694701315282e+03 1.317244034747686143e+01
8.681645556025101541e+03 1.238065839944242619e+01
8.701674417348889619e+03 1.265109508499276281e+01
8.721703278672677698e+03 1.046267970490135824e+01
8.741732139996463957e+03 8.103840148946506616e+00
8.761761001320253854e+03 8.689293495125284039e+00
8.781789862644040113e+03 6.999705941126489250e+00
8.801818723967828191e+03 4.829161542298176180e+00
8.821847585291616269e+03 5.322400625159417586e+00
8.841876446615402529e+03 4.191070033126300665e+00
8.861905307939192426e+03 2.953338867922076005e+00
8.881934169262978685e+03 2.798338973523328832e+00
8.901963030586766763e+03 2.121990567371162761e+00
8.921991891910554841e+03 2.451710171675144601e+00
8.942020753234341100e+03 2.107537817433304372e+00
8.962049614558130997e+03 1.234488394422304403e+00
8.982078475881917257e+03 1.152112918607428371e+00
9.002107337205707154e+03 9.325305471931999435e-01
9.022136198529493413e+03 1.150709234260945513e+00
9.042165059853279672e+03 6.307985241818745425e-01
9.062193921177069569e+03 1.427979133192423422e+00
9.082222782500855828e+03 9.863546934883018480e-01
9.102251643824645726e+03 1.143362636327156068e+00
9.122280505148431985e+03 1.137513951550145341e+00
9.142309366472220063e+03 7.556955629602792879e-01
9.162338227796008141e+03 1.070868188516107544e+00
9.182367089119794400e+03 6.529406699668411918e-01
9.202395950443584297e+03 1.980653850465376564e+00
9.222424811767370556e+03 1.850767558645249666e+00
9.242453673091158635e+03 2.166089650589823723e+00
9.262482534414946713e+03 1.270912703505799213e+00
9.282511395738732972e+03 1.006051764109545887e+00
9.302540257062522869e+03 3.890090215962685449e-01
9.322569118386309128e+03 8.549802363193577115e-01
9.342597979710097206e+03 9.403255442932271224e-01
9.362626841033885285e+03 1.492301668662259662e+00
9.382655702357671544e+03 2.620464223107828450e-01
9.402684563681461441e+03 7.127499703504175388e-01
9.422713425005247700e+03 7.983747154858551465e-01
9.442742286329035778e+03 1.273937773243241922e-01
9.462771147652823856e+03 2.015170838457701896e-01
9.482800008976610115e+03 7.904010085731970614e-01
9.502828870300400013e+03 -4.424582022117775626e-01
9.522857731624186272e+03 7.389098376502584165e-01
9.542886592947976169e+03 4.687168472989636236e-01
9.562915454271762428e+03 6.081527416522211071e-01
9.582944315595550506e+03 1.790227172664546895e-01
9.602973176919338584e+03 7.676203813667401565e-01
9.623002038243124844e+03 -6.339421922495178663e-01
9.643030899566914741e+03 -4.741431270643014506e-01
9.663059760890701000e+03 1.462460379222222384e+00
9.683088622214489078e+03 1.269720221665153082e+00
9.703117483538277156e+03 -1.362971001895948664e+00
9.723146344862063415e+03 3.930803560549321896e-01
9.743175206185853312e+03 -3.801092729272504411e-01
9.763204067509639572e+03 -4.361331745523724934e-02
9.783232928833427650e+03 -1.324959424749359294e-01
9.803261790157215728e+03 1.678553035386167736e+00
9.823290651481001987e+03 6.744703284848819758e-01
9.843319512804791884e+03 -7.928314620249772293e-01
9.863348374128578143e+03 7.606442001354946081e-01
9.883377235452366222e+03 -5.961012017422582243e-01
9.903406096776154300e+03 2.490210763854478149e+00
9.923434958099940559e+03 -6.067263124204944624e-01
9.943463819423730456e+03 1.016490041801849875e+00
9.963492680747516715e+03 8.950242314259581056e-01
9.983521542071306612e+03 1.449632263944645505e+00
1.000355040339509287e+04 -2.261904104314542252e+00
1.002357926471887913e+04 1.166773621781801884e+00
1.004360812604266903e+04 -3.076106010660852319e-01
1.006363698736645529e+04 -8.218620587695341095e-01
1.008366584869024518e+04 1.062358352165556852e+00
1.010369471001403144e+04 1.975662972788994054e+00
1.012372357133781952e+04 1.173350142886618430e+00
1.014375243266160760e+04 1.587560497333162290e+00
