3.313860450768311239e+03 1.177892375339927078e+00
3.333911735785759902e+03 4.068394936418439634e-01
3.353963020803208565e+03 1.244144058177481860e+00
3.374014305820656773e+03 8.032498372732385095e-01
3.394065590838104981e+03 3.688271580176661346e-01
3.414116875855553644e+03 4.381268414235133801e-01
3.434168160873002307e+03 9.061620955115106124e-01
3.454219445890450515e+03 6.378142444138282796e-01
3.474270730907899178e+03 1.104533911168331217e+00
3.494322015925347841e+03 5.603630839507602879e-01
3.514373300942796050e+03 6.255029400324449984e-01
3.534424585960244258e+03 6.549072918476083194e-01
3.554475870977693376e+03 6.177522356325065855e-01
3.574527155995141584e+03 9.774363279265713134e-01
3.594578441012589792e+03 6.714771970159298942e-01
3.614629726030038455e+03 9.708970299470352783e-02
3.634681011047487118e+03 8.421807393604455738e-01
3.654732296064935326e+03 3.219312120145140232e-02
3.674783581082383989e+03 5.799084865989262427e-01
3.694834866099832652e+03 2.963785297355343018e-01
3.714886151117280860e+03 5.517333680918488081e-01
3.734937436134729069e+03 2.191260330825047231e-01
3.754988721152177732e+03 3.053729082843372189e-01
3.775040006169626395e+03 4.566420953715023129e-02
3.795091291187074603e+03 1.183121328263051358e-01
3.815142576204523266e+03 1.685095570522501252e-01
3.835193861221971929e+03 2.543786737033712150e-02
3.855245146239420137e+03 2.732675450787562799e-01
3.875296431256868800e+03 1.572863181088118012e-01
3.895347716274317008e+03 3.399590207322961688e-01
3.915399001291765671e+03 3.399631736538202831e-01
3.935450286309213880e+03 3.675821152924593771e-01
3.955501571326662543e+03 4.147816099700086245e-01
3.975552856344111206e+03 5.067944155664275696e-01
3.995604141361559414e+03 3.024166102010634738e-01
4.015655426379008077e+03 5.295473444536535901e-01
4.035706711396456740e+03 3.457461679939143329e-01
4.055757996413904948e+03 2.936272506907490198e-01
4.075809281431353156e+03 4.758671056304829006e-01
4.095860566448801819e+03 5.638361454746925183e-01
4.115911851466249573e+03 3.377878922390989969e-01
4.135963136483698690e+03 3.545282402281281220e-01
4.156014421501147808e+03 3.076124970594975583e-01
4.176065706518595107e+03 3.836335502322228974e-01
4.196116991536044225e+03 2.070773419968440776e-01
4.216168276553493342e+03 1.442241725956534826e-01
4.236219561570940641e+03 2.322750871303310705e-01
4.256270846588389759e+03 9.422621248239894387e-02
4.276322131605838877e+03 3.119251251531830471e-01
4.296373416623286175e+03 2.416175638754602673e-01
4.316424701640735293e+03 4.081800063697074155e-01
4.336475986658184411e+03 6.322067306713891055e-01
4.356527271675631710e+03 3.388496401100164479e-01
4.376578556693080827e+03 9.404685228527105700e-02
4.396629841710528126e+03 2.924585729561165470e-01
4.416681126727977244e+03 3.726620821559256114e-01
4.436732411745426361e+03 1.973088250557248624e-01
4.456783696762873660e+03 1.193550667042679037e-01
4.476834981780322778e+03 6.978050834464679664e-01
4.496886266797771896e+03 5.340296052336775956e-01
4.516937551815219194e+03 3.686775112661196396e-01
4.536988836832668312e+03 2.374267862745747804e-01
4.557040121850117430e+03 4.572097438990725404e-01
4.577091406867564729e+03 4.762714491710672293e-01
4.597142691885013846e+03 3.946925757372396482e-01
4.617193976902462964e+03 5.165224297246138185e-01
4.637245261919910263e+03 7.110298417926756986e-01
4.657296546937359381e+03 4.073426421069138992e-01
4.677347831954808498e+03 6.384985011572513747e-01
4.697399116972255797e+03 4.256409177037849823e-01
4.717450401989704915e+03 2.548891527042577154e-01
4.737501687007152213e+03 6.126079456776787335e-01
4.757552972024601331e+03 4.524003461648807844e-01
4.777604257042050449e+03 6.311950223584220643e-01
4.797655542059497748e+03 5.134762460597329659e-01
4.817706827076946865e+03 6.228284585742793755e-01
4.837758112094395983e+03 3.518470889263048407e-01
4.857809397111843282e+03 4.610435196915743106e-01
4.877860682129292400e+03 4.712643472033488101e-01
4.897911967146741517e+03 3.479866809514666204e-01
4.917963252164188816e+03 6.155186874703860722e-01
4.938014537181637934e+03 3.861583692081222430e-01
4.958065822199087052e+03 6.146410681842741086e-01
4.978117107216534350e+03 7.311671694688983703e-01
4.998168392233983468e+03 6.485678256871328928e-01
5.018219677251432586e+03 7.552965873398544971e-01
5.038270962268879885e+03 3.892988116068876181e-01
5.058322247286329002e+03 6.560507295723263521e-01
5.078373532303776301e+03 7.011495381151181538e-01
5.098424817321225419e+03 5.336919443987822032e-01
5.118476102338674536e+03 8.442459998164224544e-01
5.138527387356121835e+03 5.594368644712457428e-01
5.158578672373570953e+03 7.397555055548811209e-01
5.178629957391020071e+03 6.972367466980129436e-01
5.198681242408467369e+03 7.868113154400880882e-01
5.218732527425916487e+03 8.092697801685228010e-01
5.238783812443365605e+03 7.464465857370600199e-01
5.258835097460812904e+03 6.578843388076134335e-01
5.278886382478262021e+03 7.498586197645923379e-01
5.298937667495711139e+03 5.306359290068058954e-01
5.318988952513158438e+03 1.385881948234851224e+00
5.339040237530607556e+03 8.164934410739420612e-01
5.359091522548055764e+03 8.668722803282906675e-01
5.379142807565503972e+03 1.036587458812708862e+00
5.399194092582953090e+03 7.986966307506585538e-01
5.419245377600401298e+03 9.782413025475199531e-01
5.439296662617849506e+03 8.578142865722419019e-01
5.459347947635298624e+03 6.205706221135988132e-01
5.479399232652745923e+03 3.365121450301906264e-02
5.499450517670195040e+03 9.105691003193443489e-01
5.519501802687644158e+03 7.664423994660890527e-01
5.539553087705091457e+03 1.186361629547233898e+00
5.559604372722540575e+03 1.104336206934770637e+00
5.579655657739989692e+03 1.019331881131989581e+00
5.599706942757436991e+03 8.628413666092236145e-01
5.619758227774886109e+03 7.219535670025043483e-01
5.639809512792335227e+03 8.123812936936389839e-01
5.659860797809782525e+03 7.322480931403742010e-01
5.679912082827231643e+03 4.110795950511365593e-01
5.699963367844679851e+03 2.996722998844911778e-01
5.720014652862128059e+03 4.365089245496864279e-01
5.740065937879577177e+03 6.229182812328720731e-01
5.760117222897024476e+03 6.767633312635747966e-01
5.780168507914473594e+03 8.862571741325909747e-01
5.800219792931922711e+03 7.443171123047267468e-01
5.820271077949370010e+03 1.039743773551237815e+00
5.840322362966819128e+03 1.388166306762221192e+00
5.860373647984268246e+03 1.541156978136947631e+00
5.880424933001715544e+03 1.759920865451289451e+00
5.900476218019164662e+03 1.622653217870507536e+00
5.920527503036613780e+03 1.849821045262978192e+00
5.940578788054061079e+03 1.473451898613429734e+00
5.960630073071510196e+03 1.362203814502445764e+00
5.980681358088959314e+03 1.140391179408794642e+00
6.000732643106406613e+03 1.116130063587324361e+00
6.020783928123855731e+03 1.217014091586080538e+00
6.040835213141303939e+03 1.191746395681108073e+00
6.060886498158752147e+03 1.029081588012969117e+00
6.080937783176201265e+03 9.047034132894923308e-01
6.100989068193648563e+03 1.006053543805935035e+00
6.121040353211097681e+03 1.073456844365260787e+00
6.141091638228546799e+03 1.162133296636449042e+00
6.161142923245994098e+03 1.055452576735258274e+00
6.181194208263443215e+03 1.270897619064030426e+00
6.201245493280892333e+03 1.178322706101712969e+00
6.221296778298339632e+03 1.335119844663219091e+00
6.241348063315788750e+03 1.326027840996959029e+00
6.261399348333237867e+03 1.514600869791766558e+00
6.281450633350685166e+03 1.473174156256381595e+00
6.301501918368134284e+03 1.450817092028097832e+00
6.321553203385582492e+03 1.267764428547178523e+00
6.341604488403030700e+03 1.202497365647419603e+00
6.361655773420479818e+03 1.336197401950919739e+00
6.381707058437928026e+03 1.333707977192833960e+00
6.401758343455376234e+03 1.251957150784667183e+00
6.421809628472825352e+03 1.231578827814798993e+00
6.441860913490272651e+03 1.281624929962838833e+00
6.461912198507721769e+03 1.243977878393641046e+00
6.481963483525170886e+03 1.198390566727064455e+00
6.502014768542618185e+03 1.290562457532575147e+00
6.522066053560067303e+03 1.367350479802388108e+00
6.542117338577516421e+03 1.249367992987125753e+00
6.562168623594963719e+03 1.143158346524266289e+00
6.582219908612412837e+03 1.336215586713391579e+00
6.602271193629861955e+03 1.409812088795702412e+00
6.622322478647309254e+03 1.346923454389100439e+00
6.642373763664758371e+03 1.272458299555580652e+00
6.662425048682206580e+03 1.677198695869357659e+00
6.682476333699654788e+03 1.775465942850183110e+00
6.702527618717103906e+03 1.620025614087259758e+00
6.722578903734552114e+03 1.556357803510853399e+00
6.742630188752000322e+03 1.610741065878073419e+00
6.762681473769449440e+03 1.244987227091943316e+00
6.782732758786896738e+03 1.370078508778791671e+00
6.802784043804345856e+03 1.183211261037020234e+00
6.822835328821794974e+03 9.795151168388395169e-01
6.842886613839242273e+03 1.111980036528581239e+00
6.862937898856691390e+03 1.096700085414965109e+00
6.882989183874140508e+03 1.020743559833398706e+00
6.903040468891587807e+03 1.064637675058621280e+00
6.923091753909036925e+03 1.103199879514913162e+00
6.943143038926486042e+03 9.003791522960534754e-01
6.963194323943933341e+03 1.151448521721991192e+00
6.983245608961382459e+03 1.127949907460674250e+00
7.003296893978830667e+03 1.308959962784617792e+00
7.023348178996278875e+03 1.264942518374977398e+00
7.043399464013727993e+03 1.481480250986164870e+00
7.063450749031176201e+03 1.365998326309715294e+00
7.083502034048624409e+03 1.468134774762026140e+00
7.103553319066073527e+03 1.380321438013122570e+00
7.123604604083520826e+03 1.321201265269439595e+00
7.143655889100969944e+03 1.407726755886075320e+00
7.163707174118419061e+03 1.269123000191451078e+00
7.183758459135866360e+03 1.342300623507775903e+00
7.203809744153315478e+03 1.333264747204969458e+00
7.223861029170764596e+03 1.662768111590711584e+00
7.243912314188211894e+03 1.990883330497126735e+00
7.263963599205661012e+03 2.087285601100616894e+00
7.284014884223110130e+03 2.430943191714680207e+00
7.304066169240557429e+03 2.747836146985023653e+00
7.324117454258006546e+03 2.717007374550381549e+00
7.344168739275454755e+03 2.624026607893915397e+00
7.364220024292902963e+03 2.033093436046381264e+00
7.384271309310352081e+03 1.602619209848168191e+00
7.404322594327800289e+03 1.296437142559513145e+00
7.424373879345248497e+03 1.053823656192532265e+00
7.444425164362697615e+03 1.073588668162040349e+00
7.464476449380145823e+03 7.663259288943726766e-01
7.484527734397594031e+03 1.015935640790959660e+00
7.504579019415043149e+03 9.680206166125281397e-01
7.524630304432491357e+03 9.929799580951857996e-01
7.544681589449939565e+03 9.773278171211206011e-01
7.564732874467387774e+03 1.107065179757404927e+00
7.584784159484835982e+03 1.174700729306328517e+00
7.604835444502285100e+03 1.272615166727263158e+00
7.624886729519733308e+03 1.291886547343690239e+00
7.644938014537181516e+03 1.218129906090511305e+00
7.664989299554630634e+03 1.250936098398710339e+00
7.685040584572078842e+03 1.277282295437952353e+00
7.705091869589527050e+03 1.377734922983608667e+00
7.725143154606976168e+03 1.443941301222688711e+00
7.745194439624424376e+03 1.415738119034087195e+00
7.765245724641872584e+03 1.445173460453009096e+00
7.785297009659321702e+03 1.194297044570402422e+00
7.805348294676769910e+03 1.361378830350456148e+00
7.825399579694218119e+03 1.469889069488492073e+00
7.845450864711667236e+03 1.333404058845338414e+00
7.865502149729115445e+03 1.164879132837035147e+00
7.885553434746563653e+03 9.794007856508321064e-01
7.905604719764011861e+03 1.228452055448871372e+00
7.925656004781460069e+03 1.271717506448603041e+00
7.945707289798909187e+03 1.326160986177583379e+00
7.965758574816357395e+03 1.341905970117234004e+00
7.985809859833805604e+03 1.360031081471162473e+00
8.005861144851254721e+03 1.363415586663097923e+00
8.025912429868702930e+03 1.318380047250600651e+00
8.045963714886151138e+03 1.082064906828550166e+00
8.066014999903600255e+03 1.029319751769780300e+00
8.086066284921048464e+03 9.593025331906293030e-01
8.106117569938496672e+03 9.953769803498683233e-01
8.126168854955945790e+03 7.704713625700851942e-01
8.146220139973393998e+03 5.800577400813955453e-01
8.166271424990842206e+03 7.647475355636348393e-01
8.186322710008290414e+03 7.291692681415229416e-01
8.206373995025738623e+03 5.950803830993520727e-01
8.226425280043187740e+03 3.695994441125524110e-01
8.246476565060635039e+03 3.229209680472360233e-01
8.266527850078084157e+03 4.394636023642897182e-01
8.286579135095533275e+03 2.760928845573080159e-01
8.306630420112982392e+03 3.971102367533445032e-01
8.326681705130429691e+03 6.981138783305936846e-01
8.346732990147878809e+03 5.720882207635953343e-01
8.366784275165326108e+03 4.639012330810484142e-01
8.386835560182775225e+03 7.506542817739906281e-01
8.406886845200224343e+03 8.340424604133523934e-01
8.426938130217673461e+03 8.140215718475078965e-01
8.446989415235120759e+03 9.730339479625326193e-01
8.467040700252569877e+03 8.553439274993042130e-01
8.487091985270017176e+03 1.471960999788329394e+00
8.507143270287466294e+03 1.643477728212353606e+00
8.527194555304915411e+03 1.832956597282434874e+00
8.547245840322362710e+03 2.144108830706260793e+00
8.567297125339811828e+03 3.014588363834612483e+00
8.587348410357259127e+03 3.662352127285284364e+00
8.607399695374708244e+03 3.089278153968381790e+00
8.627450980392157362e+03 3.154235635445286956e+00
8.647502265409606480e+03 3.233771507453568006e+00
8.667553550427053779e+03 2.878160864861975199e+00
8.687604835444502896e+03 3.195991499472721653e+00
8.707656120461950195e+03 3.053642815337261229e+00
8.727707405479399313e+03 2.456671043909024021e+00
8.747758690496848430e+03 2.414461630513131229e+00
8.767809975514297548e+03 2.329240660637738713e+00
8.787861260531744847e+03 1.994458933001708623e+00
8.807912545549193965e+03 2.082860096914562753e+00
8.827963830566641263e+03 1.615513339010708149e+00
8.848015115584090381e+03 1.413368122231088098e+00
8.868066400601539499e+03 1.562875876757930493e+00
8.888117685618986798e+03 1.399509130968586756e+00
8.908168970636435915e+03 1.461197067672384220e+00
8.928220255653883214e+03 1.514799392025123481e+00
8.948271540671332332e+03 1.514049726767832338e+00
8.968322825688781450e+03 1.232226620648655180e+00
8.988374110706230567e+03 1.345487109850740159e+00
9.008425395723677866e+03 1.004623019650131566e+00
9.028476680741126984e+03 1.226161624846751508e+00
9.048527965758574283e+03 7.249672981026272778e-01
9.068579250776023400e+03 1.445643999045514549e+00
9.088630535793472518e+03 1.350497735509499808e+00
9.108681820810921636e+03 1.201969818768784615e+00
9.128733105828368934e+03 1.079732821165093393e+00
9.148784390845818052e+03 1.880557824193946903e+00
9.168835675863265351e+03 1.822745695882210137e+00
9.188886960880714469e+03 5.313915404925816377e-01
9.208938245898163586e+03 8.735293505998530383e-01
9.228989530915610885e+03 9.898042001328816175e-01
9.249040815933060003e+03 1.133745057748172691e+00
9.269092100950507302e+03 7.682416212526724797e-01
9.289143385967956419e+03 1.068575651427445816e+00
9.309194670985405537e+03 -1.143183869687745963e-01
9.329245956002854655e+03 1.156379203641244358e+00
9.349297241020301954e+03 6.981314653240900947e-01
9.369348526037751071e+03 3.336954358417126842e-01
9.389399811055198370e+03 1.111470611488863058e+00
9.409451096072647488e+03 1.152312581090169541e+00
9.429502381090096605e+03 1.367118860043273321e+00
