3.563963903885285617e+03 2.532109704482657264e+00
3.583973738555879208e+03 3.136201441518983390e+00
3.603983573226471890e+03 3.248485785040396312e+00
3.623993407897065481e+03 3.838372293728619766e+00
3.644003242567658162e+03 4.111405499450394352e+00
3.664013077238251753e+03 3.623300585303281807e+00
3.684022911908844435e+03 3.141130096053188048e+00
3.704032746579437116e+03 2.879452922852150820e+00
3.724042581250030707e+03 2.991023616360099613e+00
3.744052415920623389e+03 3.162942138298324490e+00
3.764062250591216980e+03 3.208318798824492113e+00
3.784072085261809661e+03 3.496121025168618335e+00
3.804081919932403252e+03 3.473902497457372451e+00
3.824091754602995934e+03 3.339277958099208465e+00
3.844101589273589525e+03 2.875898986681979075e+00
3.864111423944182206e+03 2.578596276276176269e+00
3.884121258614775797e+03 2.733713934502160825e+00
3.904131093285368479e+03 2.915280023097957862e+00
3.924140927955962070e+03 2.905393355934446031e+00
3.944150762626554751e+03 2.994260017710531852e+00
3.964160597297147433e+03 3.230147784049883342e+00
3.984170431967741024e+03 3.255585185890597533e+00
4.004180266638333705e+03 3.398532672182217329e+00
4.024190101308927296e+03 3.349168130706916546e+00
4.044199935979519978e+03 3.196197703108818899e+00
4.064209770650113569e+03 3.141247674493797604e+00
4.084219605320706250e+03 3.135718858701855183e+00
4.104229439991299841e+03 3.219518546958328287e+00
4.124239274661892523e+03 3.170613510792555267e+00
4.144249109332486114e+03 3.084337810455009432e+00
4.164258944003078796e+03 2.957910168099563197e+00
4.184268778673671477e+03 3.043400356817707042e+00
4.204278613344265068e+03 2.878201187155195573e+00
4.224288448014858659e+03 2.669128900404598159e+00
4.244298282685451341e+03 2.433067322457375781e+00
4.264308117356044022e+03 2.135087623141965985e+00
4.284317952026637613e+03 2.011652680735503740e+00
4.304327786697231204e+03 1.956873761615114615e+00
4.324337621367823886e+03 1.914478700464653294e+00
4.344347456038416567e+03 2.202855892686379047e+00
4.364357290709009249e+03 2.246701258341273544e+00
4.384367125379602840e+03 2.479175014157793289e+00
4.404376960050196431e+03 2.677953271917708378e+00
4.424386794720789112e+03 2.844482173410452397e+00
4.444396629391381794e+03 2.746077197987452756e+00
4.464406464061975385e+03 2.459946922462824315e+00
4.484416298732568976e+03 2.428678798449118492e+00
4.504426133403161657e+03 2.379947281770854683e+00
4.524435968073754339e+03 2.382891124591405951e+00
4.544445802744347930e+03 2.367794929177799990e+00
4.564455637414941521e+03 2.355333878405561077e+00
4.584465472085534202e+03 2.434374999201231571e+00
4.604475306756126884e+03 2.507513463187890590e+00
4.624485141426719565e+03 2.561780222305775734e+00
4.644494976097313156e+03 2.559158588230548759e+00
4.664504810767906747e+03 2.596434605409129404e+00
4.684514645438499429e+03 2.471663285434483104e+00
4.704524480109092110e+03 2.309190401962347927e+00
4.724534314779685701e+03 2.188275581809711490e+00
4.744544149450279292e+03 2.138880805878246250e+00
4.764553984120871974e+03 2.036624004558834855e+00
4.784563818791464655e+03 2.020698406443325101e+00
4.804573653462057337e+03 2.000485723110885239e+00
4.824583488132651837e+03 1.953524455749664490e+00
4.844593322803244519e+03 1.971805128121617789e+00
4.864603157473837200e+03 1.997682536238530648e+00
4.884612992144429882e+03 1.967734577113623873e+00
4.904622826815023473e+03 1.899319480085665202e+00
4.924632661485617064e+03 1.851732052755623359e+00
4.944642496156209745e+03 1.635479301757873927e+00
4.964652330826802427e+03 1.448416238488223096e+00
4.984662165497396018e+03 1.414088884115961342e+00
5.004672000167989609e+03 1.304642416758389212e+00
5.024681834838582290e+03 1.279436009083920300e+00
5.044691669509174972e+03 1.313093093314596116e+00
5.064701504179767653e+03 1.398456501801128793e+00
5.084711338850362154e+03 1.446917442005806631e+00
5.104721173520954835e+03 1.497977376958641749e+00
5.124731008191547517e+03 1.508778307785522799e+00
5.144740842862140198e+03 1.562229174767678863e+00
5.164750677532733789e+03 1.526686599742134831e+00
5.184760512203327380e+03 1.486110425946890468e+00
5.204770346873920062e+03 1.541822669583440719e+00
5.224780181544512743e+03 1.477512520734612478e+00
5.244790016215106334e+03 1.471089597583398856e+00
5.264799850885699925e+03 1.573604341171296328e+00
5.284809685556292607e+03 1.564978027255044202e+00
5.304819520226885288e+03 1.527812066418088088e+00
5.324829354897477970e+03 1.446526292858027141e+00
5.344839189568072470e+03 1.379777304242573832e+00
5.364849024238665152e+03 1.336547144043412683e+00
5.384858858909257833e+03 1.290565794394086030e+00
5.404868693579850515e+03 1.290696737340681244e+00
5.424878528250444106e+03 1.310727356665399412e+00
5.444888362921037697e+03 1.291658762681172190e+00
5.464898197591630378e+03 1.232072272911391764e+00
5.484908032262223060e+03 1.394770381172874663e+00
5.504917866932816651e+03 1.390718744957495812e+00
5.524927701603410242e+03 1.394465991768853330e+00
5.544937536274002923e+03 1.348131614677338108e+00
5.564947370944595605e+03 1.407062367292922112e+00
5.584957205615188286e+03 1.424342016257734045e+00
5.604967040285782787e+03 1.403614762929906723e+00
5.624976874956375468e+03 1.376334885015770837e+00
5.644986709626968150e+03 1.344419787458345672e+00
5.664996544297560831e+03 1.334575039564962262e+00
5.685006378968155332e+03 1.317185991529312927e+00
5.705016213638748013e+03 1.278659553195352849e+00
5.725026048309340695e+03 1.289064880039135330e+00
5.745035882979933376e+03 1.277577977601891623e+00
5.765045717650526058e+03 1.231052188651468038e+00
5.785055552321120558e+03 1.192254260967831936e+00
5.805065386991713240e+03 1.161578228387211809e+00
5.825075221662305921e+03 1.160506073675015903e+00
5.845085056332898603e+03 1.185164828724544650e+00
5.865094891003493103e+03 1.167210819933256039e+00
5.885104725674085785e+03 1.177316869479130501e+00
5.905114560344678466e+03 1.218761407527861662e+00
5.925124395015271148e+03 1.233444727342717373e+00
5.945134229685865648e+03 1.227193570956927937e+00
5.965144064356458330e+03 1.248920387090135753e+00
5.985153899027051011e+03 1.260415907077685027e+00
6.005163733697643693e+03 1.255374932269158528e+00
6.025173568368236374e+03 1.253627760459706586e+00
6.045183403038830875e+03 1.217993459644468590e+00
6.065193237709423556e+03 1.225622146052652184e+00
6.085203072380016238e+03 1.238490449106920410e+00
6.105212907050608919e+03 1.238246017404603938e+00
6.125222741721203420e+03 1.208434661058052750e+00
6.145232576391796101e+03 1.173329280650353912e+00
6.165242411062388783e+03 1.139052024918012496e+00
6.185252245732981464e+03 1.066980274902046055e+00
6.205262080403575965e+03 1.036929854564597298e+00
6.225271915074168646e+03 1.060881422763397808e+00
6.245281749744761328e+03 1.027773415244366051e+00
6.265291584415354009e+03 1.056363525955422489e+00
6.285301419085946691e+03 1.069542243395916525e+00
6.305311253756541191e+03 1.083289463551285969e+00
6.325321088427133873e+03 1.112808115307789336e+00
6.345330923097726554e+03 1.095364878947335807e+00
6.365340757768319236e+03 1.114747757912416759e+00
6.385350592438913736e+03 1.081646578706551898e+00
6.405360427109506418e+03 1.061492392474060242e+00
6.425370261780099099e+03 1.034374860444066790e+00
6.445380096450691781e+03 1.034834475298723078e+00
6.465389931121286281e+03 1.005618350679013506e+00
6.485399765791878963e+03 1.038957717514728873e+00
6.505409600462471644e+03 9.908255222481959779e-01
6.525419435133064326e+03 9.988575538287429723e-01
6.545429269803657007e+03 1.001142446171257028e+00
6.565439104474251508e+03 9.724739011464006433e-01
6.585448939144844189e+03 9.814585371861719310e-01
6.605458773815436871e+03 9.756994210138155710e-01
6.625468608486029552e+03 9.681486942238638482e-01
6.645478443156624053e+03 9.472126113612984177e-01
6.665488277827216734e+03 9.315091342564305599e-01
6.685498112497809416e+03 9.058284691947953160e-01
6.705507947168402097e+03 8.709119080779055277e-01
6.725517781838996598e+03 8.816304609662765079e-01
6.745527616509589279e+03 8.616188294642667111e-01
6.765537451180181961e+03 8.819499675983761833e-01
6.785547285850774642e+03 8.567657245554138878e-01
6.805557120521367324e+03 8.403336992992731513e-01
6.825566955191961824e+03 8.569972299322720088e-01
6.845576789862554506e+03 8.176511018980407997e-01
6.865586624533147187e+03 7.988252234090792436e-01
6.885596459203739869e+03 7.854545098689758031e-01
6.905606293874334369e+03 7.877571485227128356e-01
6.925616128544927051e+03 7.589248700420460070e-01
6.945625963215519732e+03 7.837517768676691698e-01
6.965635797886112414e+03 7.588672493031377586e-01
6.985645632556706914e+03 7.751490151545832319e-01
7.005655467227299596e+03 7.355086854135147734e-01
7.025665301897892277e+03 7.526212415385059584e-01
7.045675136568484959e+03 7.402143425760328022e-01
7.065684971239077640e+03 7.275303309471601310e-01
7.085694805909672141e+03 6.712621457707559358e-01
7.105704640580264822e+03 6.551835131072395457e-01
7.125714475250857504e+03 6.736710797166127751e-01
7.145724309921450185e+03 6.801617017587804348e-01
7.165734144592044686e+03 6.777904878530337518e-01
7.185743979262637367e+03 6.764299373259441417e-01
7.205753813933230049e+03 6.897543497906758470e-01
7.225763648603822730e+03 7.089121865416286861e-01
7.245773483274417231e+03 7.179947924435623463e-01
7.265783317945009912e+03 6.990122644172616084e-01
7.285793152615602594e+03 7.194978977011338150e-01
7.305802987286195275e+03 6.883374200361628281e-01
7.325812821956787957e+03 6.970453450750137003e-01
7.345822656627382457e+03 6.454127812073721104e-01
7.365832491297975139e+03 6.658515291751732068e-01
7.385842325968567820e+03 6.716489131132933332e-01
7.405852160639160502e+03 6.373938585275026325e-01
7.425861995309755002e+03 6.543210277757891546e-01
7.445871829980347684e+03 6.214490900140738905e-01
7.465881664650940365e+03 6.509780390128920846e-01
7.485891499321533047e+03 6.320265487737098953e-01
7.505901333992127547e+03 5.879043625727663480e-01
7.525911168662720229e+03 5.799374920876462225e-01
7.545921003333312910e+03 5.570540071736718168e-01
7.565930838003905592e+03 5.378848507591824646e-01
7.585940672674498273e+03 5.294345210958909531e-01
7.605950507345092774e+03 5.630655153278646408e-01
7.625960342015685455e+03 5.398879382521848402e-01
7.645970176686278137e+03 5.695616876566699238e-01
7.665980011356870818e+03 5.127086775408715713e-01
7.685989846027464409e+03 5.243445613562828234e-01
7.705999680698058000e+03 5.100420021592806386e-01
7.726009515368650682e+03 5.501793564172439144e-01
7.746019350039243363e+03 5.298658185341817983e-01
7.766029184709836954e+03 5.535336648436774976e-01
7.786039019380430545e+03 5.773418749810350636e-01
7.806048854051023227e+03 5.366777912181539545e-01
7.826058688721615908e+03 5.996697835055924131e-01
7.846068523392209499e+03 5.511014342999613902e-01
7.866078358062803090e+03 5.698670629668697307e-01
7.886088192733395772e+03 5.902752295855984155e-01
7.906098027403988453e+03 5.331202948312263601e-01
7.926107862074581135e+03 5.962276381416140580e-01
7.946117696745174726e+03 5.057059137537305293e-01
7.966127531415768317e+03 5.376365302047144690e-01
7.986137366086360998e+03 5.446392939918548448e-01
8.006147200756953680e+03 4.953740004052440971e-01
8.026157035427547271e+03 4.780004712631537034e-01
8.046166870098140862e+03 4.557136969352884592e-01
8.066176704768733543e+03 4.195321816756341082e-01
8.086186539439326225e+03 4.852734098583968425e-01
8.106196374109919816e+03 4.723240616647073620e-01
8.126206208780513407e+03 4.341253093326279400e-01
8.146216043451106088e+03 5.019499215894206445e-01
8.166225878121698770e+03 4.952151599652851455e-01
8.186235712792291451e+03 5.483905574580094644e-01
8.206245547462884133e+03 5.053835589482245094e-01
8.226255382133476814e+03 5.342584687423737044e-01
8.246265216804071315e+03 4.842023323399902157e-01
8.266275051474665815e+03 5.420503956532783940e-01
8.286284886145258497e+03 5.056731049869945815e-01
8.306294720815851178e+03 5.002332033263889866e-01
8.326304555486443860e+03 4.446548786124926989e-01
8.346314390157036541e+03 4.321193188936543472e-01
8.366324224827629223e+03 4.800350164662759989e-01
8.386334059498221905e+03 4.589549547865247603e-01
8.406343894168816405e+03 4.526020309740318437e-01
8.426353728839409087e+03 4.285327747894873140e-01
8.446363563510003587e+03 3.911865756969813979e-01
8.466373398180596269e+03 4.198141325853199102e-01
8.486383232851188950e+03 4.377030167962259743e-01
8.506393067521781632e+03 3.893158369797558582e-01
8.526402902192374313e+03 4.449421789760764079e-01
8.546412736862966995e+03 4.245167042266485558e-01
8.566422571533559676e+03 3.907563919675233755e-01
8.586432406204154177e+03 3.970880457670792896e-01
8.606442240874748677e+03 3.839346880244133842e-01
8.626452075545341359e+03 3.826838104309819855e-01
8.646461910215934040e+03 4.091894598742212841e-01
8.666471744886526722e+03 3.761830189491527920e-01
8.686481579557119403e+03 3.959112754547743918e-01
8.706491414227712085e+03 4.302603197629675802e-01
8.726501248898304766e+03 3.457125660643869391e-01
8.746511083568897448e+03 4.011091736634664340e-01
8.766520918239491948e+03 3.283555234645119114e-01
8.786530752910086449e+03 4.204571807618441848e-01
8.806540587580679130e+03 3.529453746266380532e-01
8.826550422251271812e+03 3.056430841438429469e-01
8.846560256921864493e+03 3.397002545792324746e-01
8.866570091592457175e+03 3.418988618735582796e-01
8.886579926263049856e+03 2.901719522618385061e-01
8.906589760933642538e+03 2.584453727461135109e-01
8.926599595604237038e+03 3.467590324433609816e-01
8.946609430274829720e+03 3.148310450755213985e-01
8.966619264945424220e+03 2.488548334579891719e-01
8.986629099616016902e+03 2.699480679397447958e-01
9.006638934286609583e+03 2.544219991745407805e-01
9.026648768957202265e+03 2.308571526744731539e-01
9.046658603627794946e+03 2.992625458295753993e-01
9.066668438298387628e+03 2.671122913909249053e-01
9.086678272968980309e+03 3.265296069633892850e-01
9.106688107639574810e+03 2.858293915647980299e-01
9.126697942310169310e+03 2.970322252198229762e-01
9.146707776980761992e+03 3.026584083757034582e-01
9.166717611651354673e+03 2.237421142568127297e-01
9.186727446321947355e+03 3.913122604772891200e-01
9.206737280992540036e+03 1.856512730075355333e-01
9.226747115663132718e+03 1.935024729630751561e-01
9.246756950333725399e+03 1.641363536727359351e-01
9.266766785004318081e+03 2.107227849819320598e-01
9.286776619674912581e+03 1.974635153551052014e-01
9.306786454345507082e+03 1.630634960459499405e-01
9.326796289016099763e+03 1.546999261264153658e-01
9.346806123686692445e+03 2.715863884040200515e-01
9.366815958357285126e+03 2.171439645398031137e-01
9.386825793027877808e+03 2.261601313197821594e-01
9.406835627698470489e+03 2.696711561060838869e-01
9.426845462369063171e+03 1.996125991214552919e-01
9.446855297039657671e+03 1.681528259010549586e-01
9.466865131710250353e+03 1.414875189937568334e-01
