2.968960692418577310e+03 4.183727860320657577e+00
2.978973099341973466e+03 -5.974809032149751287e-02
2.988985506265369622e+03 1.146780827667254199e+00
2.998997913188765324e+03 4.312591286829513537e-01
3.009010320112161480e+03 2.325589691933182213e+00
3.019022727035557637e+03 7.481969277260135387e-01
3.029035133958953793e+03 -4.773163770670695860e-01
3.039047540882349494e+03 5.527407034332242342e-01
3.049059947805745651e+03 7.848002182489717260e-01
3.059072354729141807e+03 6.262713002602199319e-01
3.069084761652537964e+03 6.820364307898932887e-01
3.079097168575934120e+03 4.747830101569713445e-04
3.089109575499329821e+03 -2.848480651389239116e-01
3.099121982422725978e+03 8.188659447662217650e-01
3.109134389346122134e+03 1.304700747083018531e+00
3.119146796269518291e+03 6.653319902627382598e-01
3.129159203192914447e+03 2.167791488290103097e-01
3.139171610116310148e+03 9.610509527407034014e-01
3.149184017039706305e+03 7.830386972215225283e-01
3.159196423963102461e+03 5.212591286829514337e-01
3.169208830886498617e+03 1.000000000000000000e+00
3.179221237809894774e+03 9.918471417778896848e-01
3.189233644733290475e+03 1.315915386552505506e+00
3.199246051656686632e+03 1.326466884915638023e+00
3.209258458580082788e+03 7.554167715940568462e-01
3.219270865503478944e+03 1.139729707042726359e+00
3.229283272426874646e+03 4.601284311256610970e-01
3.239295679350270802e+03 7.143221690590112471e-01
3.249308086273666959e+03 9.270628724922352903e-01
3.259320493197063115e+03 9.095064215562829180e-01
3.269332900120459271e+03 5.383052127927473451e-01
3.279345307043855428e+03 6.174087131704859566e-01
3.289357713967251129e+03 6.048224628557038463e-01
3.299370120890647286e+03 7.929564341475698885e-01
3.309382527814043442e+03 9.135314362461176563e-01
3.319394934737439598e+03 7.439763283807605543e-01
3.329407341660835300e+03 1.301662049861495696e+00
3.339419748584231456e+03 5.854738520943507663e-01
3.349432155507627613e+03 1.353450012591286722e+00
3.359444562431023769e+03 1.191765298413497876e+00
3.369456969354419925e+03 9.252413329975656131e-01
3.379469376277815627e+03 1.038403424830017574e+00
3.389481783201211783e+03 1.133627130026022112e+00
3.399494190124607940e+03 9.199026273818516897e-01
3.409506597048004096e+03 1.437790648870981292e+00
3.419519003971400252e+03 8.489213464282715504e-01
3.429531410894795954e+03 7.938718207000754479e-01
3.439543817818192110e+03 9.582221102996726358e-01
3.449556224741588267e+03 9.926131117266852044e-01
3.459568631664984423e+03 1.231923109208427736e+00
3.469581038588380579e+03 1.136930244270964563e+00
3.479593445511776281e+03 1.081851758583060485e+00
3.489605852435172437e+03 1.001905481406866416e+00
3.499618259358568594e+03 1.295786116007722644e+00
3.509630666281964750e+03 1.457542180810878829e+00
3.519643073205360906e+03 1.265222865776882477e+00
3.529655480128756608e+03 1.278477293712750873e+00
3.539667887052152764e+03 1.532090993032821036e+00
3.549680293975548921e+03 9.455384873667421752e-01
3.559692700898945077e+03 1.305376479476202611e+00
3.569705107822340779e+03 1.385352136321665428e+00
3.579717514745736935e+03 1.329228573826911841e+00
3.589729921669133091e+03 1.389624779652480324e+00
3.599742328592529248e+03 1.555498195248887994e+00
3.609754735515925404e+03 1.534835893561655062e+00
3.619767142439321105e+03 1.019785108704776233e+00
3.629779549362717262e+03 1.472660119197515272e+00
3.639791956286113418e+03 1.363577604297825596e+00
3.649804363209509575e+03 1.305431041719130381e+00
3.659816770132905731e+03 1.346058927222361978e+00
3.669829177056301432e+03 1.560950222446067182e+00
3.679841583979697589e+03 1.263225048266599426e+00
3.689853990903093745e+03 1.419336019474523480e+00
3.699866397826489901e+03 1.648644338118022024e+00
3.709878804749886058e+03 1.662343658188533579e+00
3.719891211673281759e+03 1.857088894485016350e+00
3.729903618596677916e+03 1.832498111306975597e+00
3.739916025520074072e+03 1.676588600688323716e+00
3.749928432443470228e+03 1.483656509695290726e+00
3.759940839366866385e+03 1.565650969529085668e+00
3.769953246290262086e+03 1.325644254176109982e+00
3.779965653213658243e+03 1.316360278687148444e+00
3.789978060137054399e+03 1.277377654662973150e+00
3.799990467060450555e+03 1.238881893729539163e+00
3.810002873983846712e+03 1.068639301603290459e+00
3.820015280907242413e+03 1.240258541089565902e+00
3.830027687830638570e+03 1.068513388734995351e+00
3.840040094754034726e+03 1.107529589524049340e+00
3.850052501677430882e+03 1.345697976999916001e+00
3.860064908600826584e+03 1.447443968773608480e+00
3.870077315524222740e+03 1.650104927390245946e+00
3.880089722447618897e+03 1.685545202719717972e+00
3.890102129371015053e+03 1.626231847561487198e+00
3.900114536294411209e+03 1.538113825232938936e+00
3.910126943217806911e+03 1.804683958700579183e+00
3.920139350141203067e+03 2.092646688491563989e+00
3.930151757064599224e+03 2.797288676236044491e+00
3.940164163987995380e+03 3.715399143792495362e+00
3.950176570911391536e+03 2.389121128179299891e+00
3.960188977834787238e+03 2.401427012507344916e+00
3.970201384758183394e+03 3.146016956266263875e+00
3.980213791681579551e+03 2.197448165869218428e+00
3.990226198604975707e+03 2.023621254092168087e+00
4.000238605528371863e+03 1.588281709057332014e+00
4.010251012451768020e+03 1.744069503903298957e+00
4.020263419375163721e+03 1.707982875849912041e+00
4.030275826298559878e+03 1.619281457231595445e+00
4.040288233221956034e+03 1.399236128599009366e+00
4.050300640145351736e+03 1.403819357004952639e+00
4.060313047068747892e+03 1.303928481490808311e+00
4.070325453992144048e+03 1.456060606060606055e+00
4.080337860915540205e+03 1.367220683287164951e+00
4.090350267838936361e+03 1.649475363048769960e+00
4.100362674762332972e+03 1.489540837740283674e+00
4.110375081685728219e+03 1.192361285990094721e+00
4.120387488609124375e+03 1.418643498698900274e+00
4.130399895532520532e+03 1.326668345504910418e+00
4.140412302455916688e+03 1.363569210106606144e+00
4.150424709379312844e+03 1.453403844539578271e+00
4.160437116302708091e+03 1.580584235708889507e+00
4.170449523226105157e+03 1.406152942164022424e+00
4.180461930149500404e+03 1.474338957441450493e+00
4.190474337072897470e+03 1.456148745068412520e+00
4.200486743996292716e+03 1.517963569210106334e+00
4.210499150919688873e+03 1.684076219256274598e+00
4.220511557843085029e+03 1.512725593889028941e+00
4.230523964766481186e+03 1.459850583396289592e+00
4.240536371689877342e+03 1.530911609166456966e+00
4.250548778613272589e+03 1.594199613867203880e+00
4.260561185536669655e+03 1.417938386636447667e+00
4.270573592460064901e+03 1.453672458658608058e+00
4.280585999383461967e+03 1.461764458994375904e+00
4.290598406306857214e+03 1.644741039200873001e+00
4.300610813230254280e+03 1.596684294468228016e+00
4.310623220153649527e+03 1.708385797028456166e+00
4.320635627077045683e+03 1.746046335935532490e+00
4.330648034000441839e+03 1.961479056492906548e+00
4.340660440923837086e+03 1.780726936959623918e+00
4.350672847847234152e+03 1.717955175018887060e+00
4.360685254770629399e+03 1.834004868630907170e+00
4.370697661694026465e+03 1.688617476706119280e+00
4.380710068617421712e+03 1.406765718123058839e+00
4.390722475540818778e+03 1.348123898262402420e+00
4.400734882464214024e+03 1.258087803240157676e+00
4.410747289387610181e+03 1.196902543439939626e+00
4.420759696311006337e+03 1.200772265592210175e+00
4.430772103234402493e+03 1.114270125073449025e+00
4.440784510157798650e+03 1.191538655250566681e+00
4.450796917081193897e+03 1.237030974565600516e+00
4.460809324004590962e+03 1.337421304457315552e+00
4.470821730927986209e+03 1.335213632166540654e+00
4.480834137851383275e+03 1.536053051288508220e+00
4.490846544774778522e+03 1.620834382607235558e+00
4.500858951698174678e+03 1.442449424997901186e+00
4.510871358621570835e+03 1.904339796860572198e+00
4.520883765544966991e+03 1.688105431041719173e+00
4.530896172468363147e+03 1.951750188869302516e+00
4.540908579391758394e+03 2.158406782506505195e+00
4.550920986315155460e+03 2.357995467136741130e+00
4.560933393238550707e+03 2.398203643078989256e+00
4.570945800161947773e+03 2.580634600856207328e+00
4.580958207085343020e+03 2.654201292705447468e+00
4.590970614008740085e+03 2.692252161504239183e+00
4.600983020932135332e+03 2.834214723411399461e+00
4.610995427855531489e+03 2.902014605892721644e+00
4.621007834778927645e+03 3.085112901871904345e+00
4.631020241702322892e+03 3.157433056325023024e+00
4.641032648625719958e+03 3.061218836565096968e+00
4.651045055549115204e+03 3.099597078821455742e+00
4.661057462472512270e+03 2.966721228909594554e+00
4.671069869395907517e+03 2.992948879375471716e+00
4.681082276319304583e+03 2.832132963988919006e+00
4.691094683242699830e+03 2.851699823721984384e+00
4.701107090166095986e+03 2.630731134055233955e+00
4.711119497089492143e+03 2.491765298413497920e+00
4.721131904012888299e+03 2.341307814992025449e+00
4.731144310936284455e+03 2.143297238311088648e+00
4.741156717859679702e+03 2.002690338285906257e+00
4.751169124783076768e+03 1.728775287501049140e+00
4.761181531706472015e+03 1.700285402501468868e+00
4.771193938629869081e+03 1.657634516914295197e+00
4.781206345553264327e+03 1.376706119365399328e+00
4.791218752476660484e+03 1.266280533870561387e+00
4.801231159400056640e+03 1.330580038613279337e+00
4.811243566323452796e+03 1.272534206329220208e+00
4.821255973246848953e+03 1.354302023000083954e+00
4.831268380170244200e+03 1.546944514396037862e+00
4.841280787093641266e+03 1.760329052295811492e+00
4.851293194017036512e+03 2.064853521363216871e+00
4.861305600940433578e+03 2.117409552589607724e+00
4.871318007863828825e+03 1.586086628053386960e+00
4.881330414787224981e+03 1.444430454125745111e+00
4.891342821710621138e+03 1.559691093763115877e+00
4.901355228634017294e+03 1.432712163183077259e+00
4.911367635557413450e+03 1.464358264081255800e+00
4.921380042480808697e+03 1.730806681776210887e+00
4.931392449404205763e+03 1.786418198606564367e+00
4.941404856327601010e+03 1.633988080248467867e+00
4.951417263250998076e+03 1.508822294971879252e+00
4.961429670174393323e+03 1.731822378913791649e+00
4.971442077097790389e+03 1.775807940904893689e+00
4.981454484021185635e+03 1.654150927558129425e+00
4.991466890944581792e+03 1.518391672962310146e+00
5.001479297867977948e+03 1.713812641651976776e+00
5.011491704791374104e+03 1.591312012087635175e+00
5.021504111714770261e+03 1.274246621338033902e+00
5.031516518638165508e+03 1.181331318727440571e+00
5.041528925561562573e+03 1.163523042054897871e+00
5.051541332484957820e+03 1.321539494669688786e+00
5.061553739408354886e+03 1.269797699991605633e+00
5.071566146331750133e+03 1.200360950222445933e+00
5.081578553255146289e+03 1.099076638965835739e+00
5.091590960178542446e+03 1.355854948375724067e+00
5.101603367101938602e+03 1.315781079492990724e+00
5.111615774025334758e+03 1.371207924116511379e+00
5.121628180948730005e+03 1.452514060270292839e+00
5.131640587872127071e+03 1.364022496432468534e+00
5.141652994795522318e+03 1.392571140770586524e+00
5.151665401718919384e+03 1.448568790397045003e+00
5.161677808642314631e+03 1.773465961554604231e+00
5.171690215565710787e+03 1.505233778225467889e+00
5.181702622489106943e+03 1.422974901368253109e+00
5.191715029412503100e+03 1.647116595316041376e+00
5.201727436335899256e+03 1.591521866868127022e+00
5.211739843259295412e+03 1.712335263997313728e+00
5.221752250182691569e+03 1.649131201208763553e+00
5.231764657106086815e+03 1.731696466045496541e+00
5.241777064029483881e+03 1.647595064215562788e+00
5.251789470952879128e+03 1.670276168891127400e+00
5.261801877876275285e+03 1.976420716863930060e+00
5.271814284799671441e+03 2.073801729203391009e+00
5.281826691723067597e+03 1.964123226727104488e+00
5.291839098646463754e+03 1.829765802064970970e+00
5.301851505569859910e+03 1.859401494166036839e+00
5.311863912493256066e+03 2.047166960463359331e+00
5.321876319416651313e+03 2.103458406782506618e+00
5.331888726340048379e+03 2.482254679761604965e+00
5.341901133263443626e+03 1.873894065306807466e+00
5.351913540186840692e+03 1.853235960715184927e+00
5.361925947110235938e+03 1.935952320993872044e+00
5.371938354033632095e+03 1.887408713170485974e+00
5.381950760957028251e+03 2.014992025518341112e+00
5.391963167880424407e+03 1.535440275329472026e+00
5.401975574803820564e+03 2.032519096785024626e+00
5.411987981727215811e+03 1.754234869470326252e+00
5.422000388650612877e+03 1.998392512381432118e+00
5.432012795574008123e+03 1.809502224460673103e+00
5.442025202497405189e+03 1.613195668597330323e+00
5.452037609420800436e+03 1.848552002014606011e+00
5.462050016344196592e+03 1.892294132460337508e+00
5.472062423267592749e+03 1.859233610341643361e+00
5.482074830190988905e+03 1.642256358599848864e+00
5.492087237114385061e+03 1.818341307814991925e+00
5.502099644037781218e+03 1.830689163099135097e+00
5.512112050961177374e+03 1.755775203559136743e+00
5.522124457884572621e+03 1.704532863258624964e+00
5.532136864807969687e+03 1.600285402501468779e+00
5.542149271731364934e+03 1.749685217829262340e+00
5.552161678654761090e+03 1.890808360614454786e+00
5.562174085578157246e+03 1.688441198690506129e+00
5.572186492501553403e+03 1.668244774615965875e+00
5.582198899424949559e+03 1.500730294636111628e+00
5.592211306348345715e+03 1.546008562075043891e+00
5.602223713271741872e+03 1.517963569210106334e+00
5.612236120195137119e+03 1.349013682531688074e+00
5.622248527118534184e+03 1.300218248971711343e+00
5.632260934041929431e+03 1.161231427851926457e+00
5.642273340965326497e+03 1.213136909258792917e+00
5.652285747888721744e+03 1.138260723579282985e+00
5.662298154812117900e+03 1.173382019642407403e+00
5.672310561735514057e+03 1.168622513220850978e+00
5.682322968658910213e+03 1.056568454629396525e+00
5.692335375582306369e+03 9.834886258708973594e-01
5.702347782505701616e+03 1.204171913036178765e+00
5.712360189429098682e+03 1.065726517250062955e+00
5.722372596352493929e+03 1.093830269453538007e+00
5.732385003275890995e+03 1.183035339545034814e+00
5.742397410199286242e+03 1.259120288760177786e+00
5.752409817122682398e+03 1.333593553261143372e+00
5.762422224046078554e+03 1.499043062200956733e+00
5.772434630969474711e+03 1.541249055653487687e+00
5.782447037892870867e+03 1.665995131369092608e+00
5.792459444816267023e+03 1.634265088558717327e+00
5.802471851739663180e+03 1.710282884244103352e+00
5.812484258663058426e+03 1.751515151515151247e+00
5.822496665586455492e+03 1.881860152774280204e+00
5.832509072509850739e+03 1.930101569713758236e+00
5.842521479433246895e+03 2.068975069252077414e+00
5.852533886356643052e+03 2.134877864517753743e+00
5.862546293280039208e+03 2.214043481910517919e+00
5.872558700203435365e+03 2.299236128599009277e+00
5.882571107126831521e+03 2.261420297154369319e+00
5.892583514050227677e+03 2.160047846889952439e+00
5.902595920973622924e+03 2.107252581213800102e+00
5.912608327897019990e+03 2.075665239654159056e+00
5.922620734820415237e+03 2.073826911777050253e+00
5.932633141743812303e+03 1.921174347351632505e+00
5.942645548667207549e+03 1.954704944178628390e+00
5.952657955590603706e+03 1.935935532611432919e+00
5.962670362513999862e+03 1.759111894568958334e+00
5.972682769437396018e+03 1.608809703685049941e+00
5.982695176360792175e+03 1.612893477713422286e+00
5.992707583284187422e+03 1.567690757995467088e+00
6.002719990207584488e+03 1.484966003525560074e+00
6.012732397130979734e+03 1.555149836313271194e+00
6.022744804054376800e+03 1.554159321749349454e+00
6.032757210977772047e+03 1.414572315957357551e+00
6.042769617901168203e+03 1.394283555779400663e+00
6.052782024824564360e+03 1.298833207420465152e+00
6.062794431747960516e+03 1.247104004029211621e+00
6.072806838671356672e+03 1.278619994963485329e+00
6.082819245594752829e+03 1.274406110971207706e+00
6.092831652518148985e+03 1.149257114077058661e+00
6.102844059441544232e+03 1.307777218165029787e+00
6.112856466364941298e+03 1.326534038445395858e+00
6.122868873288336545e+03 1.274884579870729340e+00
6.132881280211732701e+03 1.306992361285989945e+00
6.142893687135128857e+03 1.267350793251070140e+00
6.152906094058525014e+03 1.281675480567447289e+00
6.162918500981921170e+03 1.278880214891295219e+00
6.172930907905317326e+03 1.375707210610257691e+00
6.182943314828713483e+03 1.310828506673382021e+00
6.192955721752108730e+03 1.351779568538570953e+00
6.202968128675505795e+03 1.348627549735582853e+00
6.212980535598901042e+03 1.389582808696381955e+00
6.222992942522298108e+03 1.345278267438932085e+00
6.233005349445693355e+03 1.313682531688072030e+00
6.243017756369089511e+03 1.322253000923360844e+00
6.253030163292485668e+03 1.266196591958364870e+00
6.263042570215881824e+03 1.208746747250902365e+00
6.273054977139277980e+03 1.286850499454377461e+00
6.283067384062673227e+03 1.098321161756064646e+00
6.293079790986070293e+03 1.119541677159405557e+00
6.303092197909465540e+03 1.324888776966339332e+00
6.313104604832862606e+03 1.120888944850163771e+00
6.323117011756257853e+03 1.096382103584319756e+00
6.333129418679654009e+03 1.120901536136993171e+00
6.343141825603050165e+03 1.126340972047343181e+00
6.353154232526446322e+03 1.111877780575841523e+00
6.363166639449842478e+03 1.125283303953664049e+00
6.373179046373238634e+03 1.108788718207000645e+00
6.383191453296634791e+03 1.173046251993620448e+00
6.393203860220030037e+03 1.231083690086460347e+00
6.403216267143427103e+03 1.292088474775455298e+00
6.413228674066822350e+03 1.252875010492738861e+00
6.423241080990218506e+03 1.377746999076638890e+00
6.433253487913614663e+03 1.379845546881558027e+00
6.443265894837010819e+03 1.420486023671619247e+00
6.453278301760406976e+03 1.403710232519096657e+00
6.463290708683803132e+03 1.474355745823889841e+00
6.473303115607199288e+03 1.479585326953748003e+00
6.483315522530594535e+03 1.507810794929908438e+00
6.493327929453991601e+03 1.481658692185008119e+00
6.503340336377386848e+03 1.608276672542600538e+00
6.513352743300783914e+03 1.683085704692352635e+00
6.523365150224179160e+03 1.978313606983966855e+00
6.533377557147575317e+03 2.390682447746159678e+00
6.543389964070971473e+03 3.761285990094854093e+00
6.553402370994367629e+03 4.581650297993788534e+00
6.563414777917763786e+03 5.194711659531604298e+00
6.573427184841159033e+03 3.491832451943255311e+00
6.583439591764556098e+03 2.206127759590363446e+00
6.593451998687951345e+03 1.506522286577688163e+00
6.603464405611348411e+03 1.322311760261898783e+00
6.613476812534743658e+03 1.247947620246789402e+00
6.623489219458139814e+03 1.140946864769579294e+00
6.633501626381535971e+03 1.090170402081759526e+00
6.643514033304932127e+03 1.039981532779316709e+00
6.653526440228328283e+03 9.912490556534876429e-01
6.663538847151724440e+03 9.419289851422816273e-01
6.673551254075120596e+03 8.547637035171662401e-01
6.683563660998515843e+03 9.028959959707882899e-01
6.693576067921912909e+03 7.643465122135482126e-01
6.703588474845308156e+03 6.935448669520691833e-01
6.713600881768704312e+03 7.055720641316209907e-01
6.723613288692100468e+03 8.878955762612272817e-01
6.733625695615496625e+03 8.191228070175438081e-01
6.743638102538892781e+03 6.280252665155712233e-01
6.753650509462288937e+03 6.793612020481826219e-01
6.763662916385685094e+03 6.296298161672123639e-01
6.773675323309080341e+03 5.670763031981868041e-01
6.783687730232477406e+03 6.157521195332830155e-01
6.793700137155872653e+03 6.781566356081590863e-01
6.803712544079268810e+03 5.723898262402418169e-01
6.813724951002664966e+03 6.079400654746914823e-01
6.823737357926061122e+03 6.165298413497859453e-01
6.833749764849457279e+03 6.044875346260387694e-01
6.843762171772853435e+03 6.592017124150089113e-01
6.853774578696249591e+03 6.242164022496432541e-01
6.863786985619644838e+03 6.653294720053722910e-01
6.873799392543041904e+03 6.293595232099387093e-01
6.883811799466437151e+03 7.125006295643415699e-01
6.893824206389834217e+03 7.043011835809618315e-01
6.903836613313229464e+03 6.353890707630318602e-01
6.913849020236625620e+03 7.059082514899688299e-01
6.923861427160021776e+03 6.948241416939477944e-01
6.933873834083417933e+03 7.001259128682951749e-01
6.943886241006814089e+03 7.207042726433308122e-01
6.953898647930210245e+03 8.169189121128178632e-01
6.963911054853606402e+03 7.079132040627886813e-01
6.973923461777001648e+03 6.868085284982792249e-01
6.983935868700398714e+03 7.496180642995047272e-01
6.993948275623793961e+03 7.322693695962393390e-01
7.003960682547190117e+03 6.864635272391504950e-01
7.013973089470586274e+03 7.752581213800049387e-01
7.023985496393982430e+03 7.231310333249391098e-01
7.033997903317378587e+03 7.019457735247208729e-01
7.044010310240774743e+03 8.020599345253084378e-01
7.054022717164170899e+03 8.049290690841935936e-01
7.064035124087566146e+03 8.152085956518088095e-01
7.074047531010962302e+03 7.646797616049693103e-01
7.084059937934358459e+03 7.389687736086628655e-01
7.094072344857754615e+03 7.227071266683454676e-01
7.104084751781150771e+03 7.280626206664986277e-01
7.114097158704546928e+03 7.486863090741207039e-01
7.124109565627943084e+03 7.719063208259884235e-01
7.134121972551339240e+03 7.996172248803827820e-01
7.144134379474735397e+03 7.808788718207000379e-01
7.154146786398131553e+03 8.086090825148997130e-01
7.164159193321527709e+03 8.132200117518677551e-01
7.174171600244923866e+03 8.387945941408544437e-01
7.184184007168319113e+03 7.986829513976326789e-01
7.194196414091715269e+03 8.521531100478468845e-01
7.204208821015111425e+03 8.978594812389825153e-01
7.214221227938507582e+03 8.853689247041047761e-01
7.224233634861903738e+03 8.881306136153782615e-01
7.234246041785299894e+03 9.147150172080920072e-01
7.244258448708696051e+03 9.330269453538151403e-01
7.254270855632092207e+03 9.335012171577268258e-01
7.354394924866052861e+03 8.821119785108705313e-01
7.364407331789448108e+03 9.365650969529085712e-01
7.374419738712844264e+03 1.007626122723075612e+00
7.384432145636240421e+03 9.750692520775623429e-01
7.394444552559636577e+03 9.431293544866952150e-01
7.404456959483032733e+03 9.230084781331319155e-01
7.414469366406428890e+03 8.814878703936875892e-01
7.424481773329825046e+03 9.308738353059682336e-01
7.434494180253221202e+03 8.915218668681272884e-01
7.444506587176617359e+03 8.679006127759588685e-01
7.454518994100013515e+03 1.105817174515235424e+00
7.464531401023409671e+03 9.525182573659027874e-01
7.474543807946804918e+03 9.804163518844958292e-01
7.484556214870201075e+03 7.783589356165533379e-01
7.494568621793597231e+03 8.892722236212541320e-01
7.504581028716993387e+03 9.622135482246285676e-01
7.514593435640389544e+03 7.846730462519936333e-01
7.524605842563785700e+03 8.052833039536640980e-01
7.534618249487181856e+03 8.055594728447913466e-01
7.544630656410578013e+03 8.870729455216990189e-01
7.554643063333974169e+03 8.521195332829681890e-01
7.564655470257369416e+03 8.507596743053805755e-01
7.574667877180765572e+03 8.133190632082598626e-01
7.584680284104161728e+03 7.787517837656340314e-01
7.594692691027557885e+03 8.106110971207923788e-01
7.604705097950954041e+03 8.493326617980357929e-01
7.614717504874350197e+03 8.068446235205237738e-01
7.624729911797746354e+03 7.481188617476705049e-01
7.634742318721142510e+03 8.121892050700914023e-01
7.644754725644538667e+03 8.030924200453285478e-01
7.654767132567933913e+03 7.933207420465038240e-01
7.664779539491330070e+03 8.116007722655921297e-01
7.674791946414726226e+03 7.874359942919499922e-01
7.684804353338122382e+03 7.253680852849827554e-01
7.694816760261518539e+03 8.050264417023419439e-01
7.704829167184914695e+03 8.550742885922940628e-01
7.714841574108310851e+03 8.157814992025518297e-01
7.724853981031707008e+03 8.374095525896079195e-01
7.734866387955103164e+03 8.517837656341811226e-01
7.744878794878499320e+03 8.536136993200705847e-01
7.754891201801895477e+03 8.089053974649541567e-01
7.764903608725290724e+03 8.140023503735415167e-01
7.774916015648686880e+03 7.655032317636195627e-01
7.784928422572083036e+03 8.546545790313103685e-01
7.794940829495479193e+03 7.532149752371357643e-01
7.804953236418875349e+03 8.082523293880634618e-01
7.814965643342271505e+03 7.475371442961471491e-01
7.824978050265667662e+03 7.581020733652311661e-01
7.834990457189063818e+03 8.323125996810206706e-01
7.845002864112459974e+03 7.478884411986905789e-01
7.855015271035855221e+03 7.155544363300595512e-01
7.865027677959251378e+03 7.493242676068159192e-01
7.875040084882647534e+03 7.358784521111390031e-01
7.885052491806043690e+03 7.176072357928311440e-01
7.895064898729439847e+03 6.948635943926801950e-01
7.905077305652836003e+03 7.037429698648534071e-01
7.915089712576232159e+03 6.735624947536305029e-01
7.925102119499628316e+03 5.369222697893057950e-01
7.935114526423024472e+03 7.862477965248046985e-01
7.945126933346419719e+03 5.543481910517921163e-01
7.955139340269815875e+03 5.704918996054729741e-01
7.965151747193212032e+03 5.849475363048769472e-01
7.975164154116608188e+03 6.841211281792998200e-01
7.985176561040004344e+03 7.044850163686728894e-01
7.995188967963400501e+03 6.065869218500797855e-01
8.005201374886796657e+03 5.586460169562662559e-01
8.015213781810192813e+03 5.560198942331906480e-01
8.025226188733588970e+03 4.877486779148829665e-01
8.035238595656985126e+03 5.266314110635440526e-01
8.045251002580381282e+03 5.569831276756483929e-01
8.055263409503776529e+03 4.774305380676571176e-01
8.065275816427172686e+03 5.204650381935700398e-01
8.075288223350568842e+03 5.435373121799714768e-01
8.085300630273964998e+03 5.684176949550910907e-01
8.095313037197361155e+03 4.884584067825065157e-01
8.105325444120757311e+03 5.249827919079996796e-01
8.115337851044153467e+03 5.524057752035591573e-01
8.125350257967549624e+03 4.759539998321162257e-01
8.135362664890945780e+03 4.826668345504910307e-01
8.145375071814341027e+03 5.130781499202551332e-01
8.155387478737737183e+03 4.613506253672458035e-01
8.165399885661133339e+03 5.526223453370266991e-01
8.175412292584529496e+03 5.497020062117015105e-01
8.185424699507925652e+03 4.298635943926802927e-01
8.195437106431321808e+03 4.505170821791320557e-01
8.205449513354717055e+03 4.742978259044741129e-01
8.215461920278114121e+03 4.806429950474271351e-01
8.225474327201511187e+03 4.808553680852850065e-01
8.235486734124904615e+03 3.941039200872996084e-01
8.245499141048301681e+03 6.103861327961050964e-01
8.255511547971698747e+03 6.568278351380845148e-01
8.265523954895093993e+03 5.749303282128767068e-01
8.275536361818489240e+03 5.353487786451774921e-01
8.285548768741886306e+03 6.155846554184504216e-01
8.295561175665283372e+03 4.759439268026525727e-01
8.305573582588678619e+03 5.158658608243096300e-01
8.315585989512073866e+03 4.933131872744060953e-01
8.325598396435470931e+03 5.115311004784689475e-01
8.335610803358867997e+03 4.674624359942919360e-01
8.345623210282261425e+03 4.767774699907663671e-01
8.355635617205658491e+03 5.310719382187526483e-01
8.365648024129055557e+03 5.549374632754133785e-01
8.375660431052450804e+03 6.159707882145555313e-01
8.385672837975846051e+03 5.905850751280113942e-01
8.395685244899243116e+03 5.772668513388734546e-01
8.405697651822640182e+03 6.612918660287081529e-01
8.415710058746035429e+03 6.304423738772768626e-01
8.425722465669430676e+03 7.672232015445310527e-01
8.435734872592827742e+03 8.401552925375639358e-01
8.445747279516222989e+03 1.207999664232351167e+00
8.455759686439618235e+03 7.405355493998152516e-01
8.465772093363015301e+03 7.044833375304289103e-01
8.475784500286412367e+03 7.632548476454292796e-01
8.485796907209807614e+03 7.624712498950726447e-01
8.495809314133202861e+03 7.824250818433643451e-01
8.505821721056599927e+03 8.353680852849828531e-01
8.515834127979996993e+03 8.598589775875093988e-01
8.525846534903390420e+03 8.751057668093680242e-01
8.535858941826787486e+03 7.717837656341811625e-01
8.545871348750184552e+03 9.183245194325526661e-01
8.555883755673579799e+03 8.046982288256526727e-01
8.565896162596975046e+03 7.410475950642154697e-01
8.575908569520372112e+03 6.539721312851506374e-01
8.585920976443769177e+03 6.942021321245698262e-01
8.595933383367164424e+03 7.621153361873582721e-01
8.605945790290559671e+03 6.661071938218752209e-01
8.615958197213956737e+03 6.785368924704103799e-01
8.625970604137353803e+03 7.178200285402501768e-01
8.635983011060747231e+03 7.296642323512130268e-01
8.645995417984144296e+03 7.648140686644842035e-01
8.656007824907541362e+03 7.897187945941408493e-01
8.666020231830936609e+03 7.802232854864433742e-01
8.676032638754331856e+03 6.405397464954251108e-01
8.686045045677728922e+03 6.198178460505330278e-01
8.696057452601125988e+03 6.475774364140014505e-01
8.706069859524521235e+03 5.554352388147402175e-01
8.716082266447916481e+03 5.947695794510198253e-01
8.726094673371313547e+03 6.906228489884997934e-01
8.736107080294708794e+03 6.590938470578360242e-01
8.746119487218104041e+03 6.837035171661210997e-01
8.756131894141501107e+03 6.768723243515487598e-01
8.766144301064898173e+03 5.385838999412405625e-01
8.776156707988293419e+03 5.760983799210945833e-01
8.786169114911688666e+03 5.885948123898262496e-01
8.796181521835085732e+03 5.751120624527826797e-01
8.806193928758482798e+03 5.488264920674893466e-01
8.816206335681876226e+03 5.853240157810793987e-01
8.826218742605273292e+03 6.148837404516075411e-01
8.836231149528670358e+03 6.552807856962981070e-01
8.846243556452065604e+03 6.554772097708385648e-01
8.856255963375460851e+03 6.382951397632837809e-01
8.866268370298857917e+03 6.414450600184671281e-01
8.876280777222254983e+03 5.361923948627549397e-01
8.886293184145650230e+03 5.651573910853688876e-01
8.896305591069045477e+03 6.906757323931840276e-01
8.906317997992442542e+03 6.002451103836144997e-01
8.916330404915839608e+03 6.698346344329724200e-01
8.926342811839233036e+03 7.780794090489380199e-01
8.936355218762630102e+03 5.743120960295475808e-01
8.946367625686027168e+03 4.445085201040879785e-01
8.956380032609422415e+03 7.352866616301519942e-01
8.966392439532817662e+03 1.800327373457567104e+00
8.976404846456214727e+03 5.668664484176949570e-01
8.986417253379611793e+03 6.423621254092167776e-01
8.996429660303007040e+03 4.126382943003441550e-01
9.006442067226402287e+03 5.343120960295475452e-01
9.016454474149799353e+03 5.160631243179719663e-01
9.026466881073194600e+03 3.508981784605053056e-01
9.036479287996589846e+03 4.350801645261479500e-01
9.046491694919986912e+03 4.801435406698564279e-01
9.056504101843383978e+03 5.048644338118022379e-01
9.066516508766779225e+03 5.264542936288088004e-01
9.076528915690174472e+03 5.665520859565180700e-01
9.086541322613571538e+03 4.792638294300344270e-01
9.096553729536968603e+03 5.300856207504407447e-01
9.106566136460362031e+03 4.531654495089398327e-01
9.116578543383759097e+03 5.768618316125241341e-01
9.126590950307156163e+03 6.364769579451019510e-01
9.136603357230551410e+03 6.338562914463191644e-01
9.146615764153946657e+03 6.596986485352135388e-01
9.156628171077343723e+03 5.856879039704524503e-01
9.166640578000740788e+03 6.086594476622176897e-01
9.176652984924136035e+03 6.649080836061445066e-01
9.186665391847531282e+03 8.175606480315620317e-01
9.196677798770928348e+03 7.387114916477797166e-01
9.206690205694325414e+03 7.377041887014187393e-01
9.216702612617718842e+03 6.224427096449256513e-01
9.226715019541115907e+03 6.685234617644589816e-01
9.236727426464512973e+03 7.463283807605137765e-01
9.246739833387908220e+03 6.393146142869133852e-01
9.256752240311303467e+03 4.823570888944849755e-01
9.266764647234700533e+03 7.147897255099471270e-01
9.276777054158097599e+03 5.447855284143372501e-01
9.286789461081492846e+03 6.405514983631327430e-01
9.296801868004888092e+03 6.329043901620079460e-01
9.306814274928285158e+03 6.961428691345588060e-01
9.316826681851680405e+03 6.015126332577855894e-01
9.326839088775075652e+03 6.026080752119532535e-01
9.336851495698472718e+03 5.737454881222193714e-01
9.346863902621869784e+03 6.525316880718542434e-01
9.356876309545265030e+03 5.034533702677747025e-01
9.366888716468660277e+03 5.527822546797616088e-01
9.376901123392057343e+03 6.058389994124065980e-01
9.386913530315454409e+03 7.107739444304540521e-01
9.396925937238847837e+03 6.332544279358682804e-01
9.406938344162244903e+03 7.460295475530932530e-01
9.416950751085641969e+03 6.818794594140854537e-01
9.426963158009037215e+03 6.924452279022915713e-01
9.436975564932432462e+03 8.600940149416603786e-01
9.446987971855829528e+03 6.518274154285234046e-01
9.457000378779226594e+03 7.670150256022831847e-01
9.467012785702621841e+03 6.067094770418869354e-01
9.477025192626017088e+03 8.324972718878536071e-01
9.487037599549414153e+03 4.724460673214135320e-01
9.497050006472811219e+03 5.936120204818264856e-01
9.507062413396204647e+03 9.375975824729286812e-01
9.517074820319601713e+03 7.335205237975320758e-01
9.527087227242998779e+03 6.392075883488625987e-01
9.537099634166394026e+03 9.298371526903382867e-01
9.547112041089789273e+03 8.604885419289850512e-01
9.557124448013186338e+03 7.815621589859816920e-01
9.567136854936583404e+03 8.295912028876016864e-01
9.577149261859978651e+03 7.206463527239150846e-01
9.587161668783373898e+03 5.643859649122806577e-01
9.597174075706770964e+03 6.891815663560816319e-01
9.607186482630166211e+03 5.270133467640392144e-01
9.617198889553561457e+03 9.688911273398806978e-01
9.627211296476958523e+03 5.992806178124736594e-01
9.637223703400355589e+03 7.530286241920590706e-01
9.647236110323750836e+03 3.696642323512129291e-01
9.657248517247146083e+03 7.386359439268027627e-01
9.667260924170543149e+03 5.710824309577771096e-01
9.677273331093940214e+03 4.966146226811046227e-01
9.687285738017333642e+03 4.218089482078401509e-01
9.697298144940730708e+03 4.763359355326114430e-01
9.707310551864127774e+03 7.854960967010827799e-01
9.717322958787523021e+03 5.550146898346343116e-01
9.727335365710918268e+03 5.983497020062116256e-01
9.737347772634315334e+03 6.795064215562830467e-01
9.747360179557712399e+03 6.088588097036850000e-01
