3.246293390547738454e+03 4.042877046306118105e-01
3.276368429348506652e+03 3.776922033614223406e-01
3.306443468149275304e+03 3.845726768098906567e-01
3.336518506950043957e+03 -1.311328673757660920e-02
3.366593545750812154e+03 2.388438687452998366e-01
3.396668584551580352e+03 1.306185823782250732e-01
3.426743623352349005e+03 -2.604229841279643090e-02
3.456818662153117657e+03 8.692354429151440132e-02
3.486893700953885855e+03 2.079216416100070908e-01
3.516968739754654052e+03 2.114857235482611730e-01
3.547043778555422705e+03 7.012590171996675725e-02
3.577118817356190903e+03 1.988684668720599735e-01
3.607193856156959555e+03 1.836327488372195560e-01
3.637268894957727753e+03 2.849806561632325375e-01
3.667343933758496405e+03 2.717806309117654084e-01
3.697418972559264603e+03 3.043160160462597963e-01
3.727494011360033255e+03 2.813874909304228122e-01
3.757569050160801453e+03 1.589681853567955216e-01
3.787644088961569651e+03 1.151188886487487795e-01
3.817719127762338303e+03 1.821938838520727189e-01
3.847794166563106955e+03 2.201488237668131898e-01
3.877869205363875153e+03 3.562547828925169968e-01
3.907944244164643351e+03 3.706546663388019525e-01
3.938019282965412003e+03 4.468259512304852410e-01
3.968094321766180201e+03 5.776914039154108504e-01
3.998169360566948853e+03 5.864160476932951394e-01
4.028244399367717051e+03 4.777806386305544772e-01
4.058319438168485703e+03 3.797193503426039007e-01
4.088394476969253901e+03 3.749000692485648378e-01
4.118469515770022554e+03 3.093559718065715947e-01
4.148544554570790751e+03 2.720767705248114954e-01
4.178619593371558949e+03 2.778362966132159051e-01
4.208694632172328056e+03 2.573761299755866205e-01
4.238769670973095344e+03 2.601978298073169826e-01
4.268844709773864452e+03 2.683733368766251237e-01
4.298919748574633559e+03 2.455867823455856469e-01
4.328994787375400847e+03 1.974965899492544530e-01
4.359069826176169954e+03 1.989651584887934255e-01
4.389144864976937242e+03 2.619117455710691100e-01
4.419219903777706350e+03 3.254710115362816070e-01
4.449294942578475457e+03 4.700091963858424315e-01
4.479369981379242745e+03 6.006740983903017250e-01
4.509445020180011852e+03 6.422483233687442672e-01
4.539520058980780959e+03 8.470761778320788915e-01
4.569595097781548247e+03 1.003230313228460790e+00
4.599670136582317355e+03 1.025572486045532195e+00
4.629745175383084643e+03 8.421619280652965500e-01
4.659820214183853750e+03 7.520049554625871657e-01
4.689895252984622857e+03 6.724755148983655451e-01
4.719970291785390145e+03 6.409372319099151394e-01
4.750045330586159253e+03 6.553768119857357188e-01
4.780120369386926541e+03 8.056309668996270990e-01
4.810195408187695648e+03 9.516977476573474926e-01
4.840270446988464755e+03 1.012644065684689565e+00
4.870345485789232043e+03 9.434135572811337411e-01
4.900420524590001151e+03 1.065608535547228897e+00
4.930495563390770258e+03 1.101629298538502555e+00
4.960570602191537546e+03 8.752824249788837552e-01
4.990645640992306653e+03 7.163788155628431076e-01
5.020720679793073941e+03 5.509318783783485607e-01
5.050795718593843048e+03 5.950796303361644002e-01
5.080870757394612156e+03 6.831605243483688250e-01
5.110945796195379444e+03 8.219375980010541483e-01
5.141020834996148551e+03 8.303649994817384750e-01
5.171095873796915839e+03 8.677982319562279612e-01
5.201170912597684946e+03 9.397737347250677553e-01
5.231245951398454054e+03 1.048649115426771861e+00
5.261320990199221342e+03 1.163048392396772268e+00
5.291396028999990449e+03 1.261136282939932407e+00
5.321471067800758647e+03 1.235624858029415352e+00
5.351546106601526844e+03 1.124146246793945814e+00
5.381621145402295951e+03 1.245940468287906500e+00
5.411696184203063240e+03 1.518161759354621054e+00
5.441771223003832347e+03 1.882368686857548656e+00
5.471846261804601454e+03 2.119361700250750324e+00
5.501921300605368742e+03 2.071078607045269582e+00
5.531996339406137849e+03 2.275176484598810500e+00
5.562071378206905138e+03 2.454554250957681205e+00
5.592146417007674245e+03 2.517228061547418516e+00
5.622221455808443352e+03 2.457652793429766724e+00
5.652296494609210640e+03 2.116052958611853274e+00
5.682371533409979747e+03 1.721026698188731219e+00
5.712446572210747945e+03 1.721750334664640780e+00
5.742521611011516143e+03 1.585863809685536641e+00
5.772596649812285250e+03 1.825129730790690630e+00
5.802671688613052538e+03 1.793466155315268207e+00
5.832746727413821645e+03 1.800452348606979003e+00
5.862821766214590752e+03 1.688730457680085006e+00
5.892896805015358041e+03 1.624792695379091656e+00
5.922971843816127148e+03 1.694050219544414926e+00
5.953046882616894436e+03 1.649159258466960321e+00
5.983121921417663543e+03 1.453405943247052079e+00
6.013196960218432650e+03 1.462039270993452211e+00
6.043271999019199939e+03 1.515901256839398359e+00
6.073347037819969046e+03 1.375116539931501292e+00
6.103422076620737244e+03 1.322354136940139702e+00
6.133497115421505441e+03 1.044339481165052153e+00
6.163572154222274548e+03 9.323970534074043082e-01
6.193647193023041837e+03 9.315314463466971562e-01
6.223722231823810944e+03 1.185183811935012210e+00
6.253797270624580051e+03 1.271155477914339027e+00
6.283872309425347339e+03 1.266404907826631510e+00
6.313947348226116446e+03 1.306341509001210710e+00
6.344022387026883735e+03 1.514950191756774256e+00
6.374097425827652842e+03 1.616555644750451659e+00
6.404172464628421949e+03 1.849190988203485153e+00
6.434247503429189237e+03 2.114409270045143785e+00
6.464322542229958344e+03 2.267762312019919069e+00
6.494397581030726542e+03 2.322066749882564451e+00
6.524472619831494740e+03 2.350048738639596291e+00
6.554547658632263847e+03 2.386670257741394074e+00
6.584622697433031135e+03 2.341568408319531613e+00
6.614697736233800242e+03 2.161448397689656353e+00
6.644772775034569349e+03 1.840443256976131314e+00
6.674847813835336638e+03 1.741947373296077295e+00
6.704922852636105745e+03 1.751059679471770103e+00
6.734997891436873033e+03 1.660574796168834411e+00
6.765072930237642140e+03 1.681393472991957294e+00
6.795147969038411247e+03 1.530459444379508538e+00
6.825223007839178536e+03 1.430092443526030932e+00
6.855298046639947643e+03 1.488346558191950830e+00
6.885373085440715840e+03 1.575592306793195840e+00
6.915448124241484038e+03 1.628749263958327420e+00
6.945523163042253145e+03 1.678463089853320822e+00
6.975598201843020433e+03 1.601127715084057712e+00
7.005673240643789541e+03 1.346108710322667212e+00
7.035748279444558648e+03 1.206854725773477854e+00
7.065823318245325936e+03 1.212632652903698149e+00
7.095898357046095043e+03 1.131369172589918426e+00
7.125973395846862331e+03 1.162613245662591721e+00
7.156048434647631439e+03 1.327958804822699346e+00
7.186123473448400546e+03 1.513177626979593793e+00
7.216198512249167834e+03 1.492678728561063428e+00
7.246273551049936941e+03 1.441414942252430942e+00
7.276348589850705139e+03 1.374648657261505980e+00
7.306423628651473337e+03 1.495463006049325028e+00
7.336498667452242444e+03 1.448311542456647949e+00
7.366573706253010641e+03 1.582329706972713135e+00
7.396648745053778839e+03 1.681725656593279661e+00
7.516948900256852539e+03 6.520240318984472649e-01
7.547023939057620737e+03 8.541953823998376105e-01
7.577098977858388935e+03 1.273698060819647315e+00
7.607174016659157132e+03 1.490318984472001729e+00
7.637249055459926240e+03 2.000033356195651368e+00
7.667324094260694437e+03 1.982310465134229593e+00
7.697399133061462635e+03 2.217524021974289550e+00
7.727474171862231742e+03 2.251381938915708592e+00
7.757549210662999940e+03 2.292108199779904432e+00
7.787624249463768138e+03 2.210776973308427262e+00
7.817699288264536335e+03 2.191843886388245899e+00
7.847774327065304533e+03 1.904053659918975017e+00
7.877849365866073640e+03 1.930385068333337006e+00
7.907924404666841838e+03 1.834757541808269554e+00
7.937999443467610035e+03 1.531212026314454855e+00
7.968074482268378233e+03 1.436990422085440366e+00
7.998149521069146431e+03 1.474410008843526798e+00
8.028224559869915538e+03 1.314209849615935122e+00
8.058299598670683736e+03 1.228258514375693444e+00
8.088374637471451933e+03 1.214186265958596467e+00
8.118449676272221041e+03 8.438151272828318117e-01
8.148524715072989238e+03 6.366872115102583107e-01
8.178599753873757436e+03 2.844599135716160410e-01
8.208674792674526543e+03 2.875940865254202339e-01
8.238749831475293831e+03 3.454443431200227566e-01
8.268824870276062939e+03 5.589573514849848213e-01
8.298899909076830227e+03 4.822164613101211361e-01
8.328974947877599334e+03 5.050112859723138170e-01
8.359049986678368441e+03 6.775382135193487310e-01
8.389125025479135729e+03 9.627101164655003096e-01
8.419200064279904836e+03 1.110532852820335092e+00
8.449275103080672125e+03 1.636227530053656620e+00
8.479350141881441232e+03 2.033379903360760910e+00
8.509425180682210339e+03 2.175401487300386627e+00
8.539500219482979446e+03 1.957421505428514230e+00
8.569575258283746734e+03 2.528329334265468908e+00
8.599650297084514023e+03 1.941666216403970857e+00
8.629725335885283130e+03 2.350937777738571377e+00
8.659800374686052237e+03 1.931498779328642001e+00
8.689875413486821344e+03 1.825672802736421074e+00
8.719950452287588632e+03 1.717273437000346181e+00
8.750025491088355921e+03 1.491186659065496967e+00
8.780100529889125028e+03 1.443931818833404268e+00
8.810175568689894135e+03 1.547883232364221096e+00
8.840250607490663242e+03 1.658460399303985700e+00
8.870325646291430530e+03 1.880021347965216805e+00
8.900400685092199637e+03 1.293752853195248020e+00
8.930475723892966926e+03 9.967696867715393205e-01
8.960550762693736033e+03 7.779191357602676105e-01
8.990625801494505140e+03 6.493766250807716522e-01
9.020700840295272428e+03 9.518759000659405833e-01
9.050775879096041535e+03 9.333026327686856360e-01
9.080850917896808824e+03 1.093732425971299271e+00
9.110925956697577931e+03 9.724728684563965775e-01
9.141000995498347038e+03 8.105978698347516831e-01
9.171076034299114326e+03 7.698361163243566674e-01
9.201151073099883433e+03 4.165658170117700343e-01
9.231226111900650722e+03 4.544450852264582674e-01
9.261301150701419829e+03 4.771115850202563013e-01
9.291376189502188936e+03 7.447133186602828969e-01
9.321451228302958043e+03 6.748582775191370731e-01
9.351526267103725331e+03 7.464962900191646211e-01
9.381601305904492619e+03 8.085829902147808612e-01
9.411676344705261727e+03 7.328603599381615652e-01
9.441751383506030834e+03 8.607223077415043777e-01
9.471826422306799941e+03 1.009175848350053695e+00
9.501901461107567229e+03 9.859091437878082509e-01
9.531976499908334517e+03 8.193285094577219541e-01
9.562051538709103625e+03 1.003362635326912722e+00
9.592126577509872732e+03 9.089689434521511791e-01
9.622201616310641839e+03 8.535774657671704180e-01
9.652276655111409127e+03 9.211036379755601633e-01
9.682351693912178234e+03 6.954790914544183300e-01
9.712426732712945523e+03 6.396837556981204154e-01
9.742501771513714630e+03 5.726253972419663718e-01
9.772576810314483737e+03 6.986417274429416180e-01
9.802651849115251025e+03 6.606151819759659150e-01
9.832726887916020132e+03 6.678580250044658939e-01
9.862801926716787420e+03 6.287055700987344009e-01
9.892876965517556528e+03 3.863416578635714971e-01
9.922952004318325635e+03 7.990123809376784569e-01
9.953027043119092923e+03 6.500105306336685373e-01
9.983102081919862030e+03 6.547688884282119037e-01
1.001317712072062932e+04 5.383669302816916913e-01
1.004325215952139843e+04 7.718509270265682121e-01
1.007332719832216753e+04 4.359199914431710066e-01
1.010340223712293664e+04 3.054621873063410598e-01
1.013347727592370393e+04 6.453093745796016911e-01
1.016355231472447122e+04 3.677010579151771541e-01
