3.959299490169642013e+03 4.129509678567581943e-02
3.979323256790984033e+03 2.637489988899973867e-02
3.999347023412326052e+03 2.946231845367729835e-02
4.019370790033668527e+03 1.940565679841508781e-02
4.039394556655011002e+03 1.747576962526872085e-02
4.059418323276352567e+03 1.431777924529185723e-02
4.079442089897695041e+03 2.252677822896029941e-02
4.099465856519037516e+03 2.063233620435289684e-02
4.119489623140379990e+03 1.823731576063284537e-02
4.139513389761721555e+03 1.722739130638415578e-02
4.159537156383064030e+03 2.142902774069962990e-02
4.179560923004406504e+03 2.208184044999602150e-02
4.199584689625748069e+03 2.354112395966522289e-02
4.219608456247090544e+03 2.507706790687218648e-02
4.239632222868433018e+03 2.775169661800452187e-02
4.259655989489774583e+03 3.124699666999199849e-02
4.279679756111117058e+03 3.198862832708078419e-02
4.299703522732459533e+03 3.159833827448445265e-02
4.319727289353801098e+03 2.933951562668315680e-02
4.339751055975144482e+03 3.170130156009236255e-02
4.359774822596486047e+03 3.340688388997391234e-02
4.379798589217827612e+03 3.267892821514380847e-02
4.399822355839170996e+03 3.492928299447808915e-02
4.419846122460512561e+03 3.508597602956260719e-02
4.439869889081854126e+03 3.866031576531640118e-02
4.459893655703197510e+03 3.909307629980376259e-02
4.479917422324539075e+03 4.054198105033417210e-02
4.499941188945881549e+03 4.129134994122137664e-02
4.519964955567224024e+03 4.594436872696276014e-02
4.539988722188565589e+03 4.823650082196399846e-02
4.560012488809908064e+03 5.179525368478734432e-02
4.580036255431250538e+03 5.421721394013479661e-02
4.600060022052592103e+03 5.353828572499099575e-02
4.620083788673934578e+03 5.504226908900160947e-02
4.640107555295277052e+03 5.620229213209500252e-02
4.660131321916618617e+03 5.650353842623166700e-02
4.680155088537961092e+03 6.116423824310463636e-02
4.700178855159303566e+03 6.205092898324692657e-02
4.720202621780645131e+03 6.767812732714167945e-02
4.740226388401988515e+03 7.460829083006656481e-02
4.760250155023330080e+03 7.863165240523996291e-02
4.780273921644671645e+03 8.266363172265857318e-02
4.800297688266015030e+03 8.697662437415988601e-02
4.820321454887356595e+03 8.943417965182447193e-02
4.840345221508699069e+03 9.353247811608660089e-02
4.860368988130041544e+03 9.922206142014773633e-02
4.880392754751383109e+03 9.509641099136821596e-02
4.900416521372725583e+03 9.907612182864743156e-02
4.920440287994068058e+03 1.023454309573655907e-01
4.940464054615409623e+03 1.058713989312126263e-01
4.960487821236752097e+03 1.029651590301293163e-01
4.980511587858094572e+03 1.087847578367593521e-01
5.000535354479436137e+03 1.118957627872776001e-01
5.020559121100778611e+03 1.158376304955670150e-01
5.040582887722121086e+03 1.186901031787291616e-01
5.060606654343462651e+03 1.223704411440989653e-01
5.080630420964805126e+03 1.269387812451700792e-01
5.100654187586147600e+03 1.302183941961379543e-01
5.120677954207489165e+03 1.336248378318884433e-01
5.140701720828832549e+03 1.372311756192831356e-01
5.160725487450174114e+03 1.424876237044114535e-01
5.180749254071516589e+03 1.470160599120428624e-01
5.200773020692859063e+03 1.512001611143115598e-01
5.220796787314200628e+03 1.568481544449284448e-01
5.240820553935543103e+03 1.593184489937380932e-01
5.260844320556885577e+03 1.633324434577754225e-01
5.280868087178227142e+03 1.691258143532244074e-01
5.300891853799569617e+03 1.756449490194976482e-01
5.320915620420912092e+03 1.805656798415084807e-01
5.340939387042253657e+03 1.859723763892596748e-01
5.360963153663596131e+03 1.891043636687227414e-01
5.380986920284938606e+03 1.930355528703170398e-01
5.401010686906280171e+03 1.983497023600436782e-01
5.421034453527622645e+03 1.991131219176349998e-01
5.441058220148965120e+03 2.044619297185651940e-01
5.461081986770306685e+03 2.088208212146333287e-01
5.481105753391650069e+03 2.132096874663369224e-01
5.501129520012991634e+03 2.149499093731997990e-01
5.521153286634333199e+03 2.210327240027539497e-01
5.541177053255676583e+03 2.256986694018631168e-01
5.561200819877018148e+03 2.349908436488644947e-01
5.581224586498360622e+03 2.410273847494063815e-01
5.601248353119703097e+03 2.471575969613091506e-01
5.621272119741044662e+03 2.519722920852594528e-01
5.641295886362387137e+03 2.523780753396748788e-01
5.661319652983729611e+03 2.513870349814765759e-01
5.681343419605071176e+03 2.574222646864594011e-01
5.701367186226413651e+03 2.727328078383986498e-01
5.721390952847756125e+03 2.949332359153775673e-01
5.741414719469097690e+03 3.068133556270578599e-01
5.761438486090440165e+03 3.225592821046025516e-01
5.781462252711782639e+03 3.267668010847114557e-01
5.801486019333124204e+03 3.429246931100214391e-01
5.821509785954466679e+03 3.584845887604033443e-01
5.841533552575809153e+03 3.649186700575609010e-01
5.861557319197150719e+03 3.726412911625990310e-01
5.881581085818494103e+03 3.750806742446596842e-01
5.901604852439835668e+03 3.699589252176682663e-01
5.921628619061178142e+03 3.804733201257066155e-01
5.941652385682520617e+03 3.815599050174930951e-01
5.961676152303862182e+03 3.849582929376665352e-01
5.981699918925204656e+03 3.858650292956401495e-01
6.001723685546547131e+03 3.910956241540328171e-01
6.021747452167888696e+03 4.016804597378145769e-01
6.041771218789231170e+03 4.048840117463574084e-01
6.061794985410573645e+03 4.131720316795698955e-01
6.081818752031915210e+03 4.130933479460267566e-01
6.101842518653257684e+03 4.194479961407501789e-01
6.121866285274600159e+03 4.217822802358639489e-01
6.141890051895941724e+03 4.282380932308571531e-01
6.161913818517284199e+03 4.345927414255806864e-01
6.181937585138626673e+03 4.371331019656883310e-01
6.201961351759969148e+03 4.478134820830582674e-01
6.221985118381310713e+03 4.640242046151756838e-01
6.242008885002653187e+03 4.752347632228482444e-01
6.262032651623995662e+03 4.802780158585191472e-01
6.282056418245338136e+03 4.617236421201519336e-01
6.302080184866679701e+03 4.953290900319887169e-01
6.322103951488022176e+03 5.088364642902305501e-01
6.342127718109364650e+03 5.339103473793165300e-01
6.362151484730706215e+03 5.703221817875259170e-01
6.382175251352048690e+03 6.268620646049655187e-01
6.402199017973391165e+03 6.667359832890736859e-01
6.422222784594732730e+03 6.899551783732138510e-01
6.442246551216075204e+03 7.084570962892189350e-01
6.462270317837417679e+03 7.263108101146067419e-01
6.482294084458759244e+03 7.537808002323043155e-01
6.502317851080101718e+03 7.706378534328119922e-01
6.522341617701444193e+03 7.774870850955211132e-01
6.542365384322785758e+03 7.975195889711634845e-01
6.562389150944128232e+03 8.280619915414986210e-01
6.582412917565470707e+03 8.165760398664250186e-01
6.602436684186813181e+03 7.953838876321348561e-01
6.622460450808154746e+03 7.864888788973037892e-01
6.642484217429497221e+03 7.816966648400800466e-01
6.662507984050839696e+03 7.727604408162500604e-01
6.682531750672182170e+03 7.787272906099395042e-01
6.702555517293523735e+03 7.762075377143311528e-01
6.722579283914866210e+03 7.798906858130417730e-01
6.742603050536208684e+03 7.759639928247930030e-01
6.762626817157550249e+03 7.733749233067775952e-01
6.782650583778892724e+03 7.721665659702219298e-01
6.802674350400235198e+03 7.778917442966002405e-01
6.822698117021576763e+03 7.761119931807431982e-01
6.842721883642919238e+03 7.838248724901998310e-01
6.862745650264261712e+03 7.986024270184954865e-01
6.882769416885603277e+03 8.208624299222997411e-01
6.902793183506945752e+03 8.323914703085996125e-01
6.922816950128288227e+03 8.420770632233166575e-01
6.942840716749630701e+03 8.376632804559910328e-01
6.962864483370972266e+03 8.618210600759673712e-01
6.982888249992314741e+03 8.754689410012505002e-01
7.002912016613657215e+03 8.831012631549367553e-01
7.022935783234999690e+03 8.963838267459124376e-01
7.042959549856341255e+03 9.152697962184972447e-01
7.062983316477683729e+03 9.275425852290024586e-01
7.083007083099026204e+03 9.424568995798852100e-01
7.103030849720367769e+03 9.652545746629009882e-01
7.123054616341710243e+03 9.759499421580889456e-01
7.143078382963052718e+03 9.887023272587618372e-01
7.163102149584394283e+03 9.935975795384824893e-01
7.183125916205736758e+03 1.006402420461517622e+00
7.203149682827079232e+03 1.014120920037655971e+00
7.223173449448420797e+03 1.012028307409853278e+00
7.243197216069763272e+03 1.031854734840501386e+00
7.263220982691105746e+03 1.038310547835494813e+00
7.283244749312447311e+03 1.031892203285045939e+00
7.303268515933789786e+03 1.042128582334565401e+00
7.323292282555132260e+03 1.043848383939151248e+00
7.343316049176474735e+03 1.042066759401066856e+00
7.363339815797816300e+03 1.041431669266040139e+00
7.383363582419158774e+03 1.057228365485942234e+00
7.403387349040501249e+03 1.057286441574986080e+00
7.423411115661843724e+03 1.053129317652789165e+00
7.443434882283185289e+03 1.056786237840318776e+00
7.463458648904527763e+03 1.066445602843854923e+00
7.483482415525870238e+03 1.066880236800569426e+00
7.503506182147211803e+03 1.091135434376361291e+00
7.523529948768554277e+03 1.102857437252064532e+00
7.543553715389896752e+03 1.116838787333792382e+00
7.563577482011238317e+03 1.125020022200053482e+00
7.583601248632580791e+03 1.151808086627043926e+00
7.603625015253923266e+03 1.122035660592095141e+00
7.623648781875264831e+03 1.146013591678258559e+00
7.643672548496607305e+03 1.152950874185646679e+00
7.663696315117949780e+03 1.163415810746886603e+00
7.683720081739292254e+03 1.181803449907031567e+00
7.703743848360633820e+03 1.189729899350390863e+00
7.723767614981976294e+03 1.211002608740451514e+00
7.743791381603318769e+03 1.254050104677467026e+00
7.763815148224661243e+03 1.273964582952794578e+00
7.783838914846002808e+03 1.296936486302941782e+00
7.803862681467345283e+03 1.336570606941966277e+00
7.823886448088687757e+03 1.361415932519331573e+00
7.843910214710029322e+03 1.366466678843911264e+00
7.863933981331371797e+03 1.395958091544777346e+00
7.883957747952714271e+03 1.395720166921920580e+00
7.903981514574055836e+03 1.420825898188869063e+00
7.924005281195398311e+03 1.410087441982455614e+00
7.944029047816740785e+03 1.443220787493033397e+00
7.964052814438082351e+03 1.468086720714897986e+00
7.984076581059424825e+03 1.498196362750745969e+00
8.004100347680767300e+03 1.517391446890821838e+00
8.024124114302108865e+03 1.519924313742020860e+00
8.044147880923451339e+03 1.527998763541330352e+00
8.064171647544793814e+03 1.558788457845658337e+00
8.084195414166136288e+03 1.570656587655084202e+00
8.104219180787477853e+03 1.583030541465859198e+00
8.124242947408820328e+03 1.582974338799042702e+00
8.144266714030162802e+03 1.618743589383316639e+00
8.164290480651504367e+03 1.622563497304613689e+00
8.184314247272846842e+03 1.645059551409048026e+00
8.204338013894190226e+03 1.662501112344447307e+00
8.224361780515529972e+03 1.685975092851489165e+00
8.244385547136873356e+03 1.690823509575529515e+00
8.264409313758216740e+03 1.706365420372530251e+00
8.284433080379558305e+03 1.689710696772561915e+00
8.304456847000899870e+03 1.684877267426339476e+00
8.324480613622243254e+03 1.665300005151911122e+00
8.344504380243584819e+03 1.664711750572564597e+00
8.364528146864926384e+03 1.675967271313690610e+00
8.384551913486269768e+03 1.690323305840862433e+00
8.404575680107611333e+03 1.692434652690936847e+00
8.424599446728952898e+03 1.737325596099535074e+00
8.444623213350296282e+03 1.746072604478416057e+00
8.464646979971637847e+03 1.777656629807084609e+00
8.484670746592979413e+03 1.781969247774140230e+00
8.504694513214322797e+03 1.781326663950204781e+00
8.524718279835664362e+03 1.801559624004158922e+00
8.544742046457005927e+03 1.805870368548987637e+00
8.564765813078349311e+03 1.802342714495136056e+00
8.584789579699690876e+03 1.840393793352161245e+00
8.604813346321032441e+03 1.877922187407792709e+00
8.624837112942375825e+03 1.837169633699119231e+00
8.644860879563719209e+03 1.837463760988792494e+00
8.664884646185058955e+03 1.908831780734662642e+00
8.684908412806402339e+03 1.921565431613063479e+00
8.704932179427745723e+03 1.961190185140951892e+00
8.724955946049085469e+03 1.958820306023521196e+00
8.744979712670428853e+03 2.004734137968180008e+00
8.765003479291772237e+03 1.998450679818090769e+00
8.785027245913111983e+03 2.023944209486073564e+00
8.805051012534455367e+03 2.010582962161554299e+00
8.825074779155798751e+03 2.032618154398092791e+00
8.845098545777138497e+03 2.066032513242753499e+00
8.865122312398481881e+03 2.035173502316018457e+00
8.885146079019825265e+03 2.012879777812124349e+00
8.905169845641165011e+03 2.079856495857395515e+00
8.925193612262508395e+03 2.111616622875422067e+00
8.945217378883851779e+03 2.154115206099862512e+00
8.965241145505191525e+03 2.196205383278770462e+00
8.985264912126534909e+03 2.227982371096842051e+00
9.005288678747878294e+03 2.250714476401905806e+00
9.025312445369219859e+03 2.275170130156009662e+00
9.045336211990561424e+03 2.300656166135083058e+00
9.065359978611904808e+03 2.300225279022822811e+00
9.085383745233246373e+03 2.318818994627962038e+00
9.105407511854587938e+03 2.302819968807519935e+00
9.125431278475931322e+03 2.338482434324842263e+00
9.145455045097272887e+03 2.307509144642247101e+00
9.165478811718614452e+03 2.335288249427435847e+00
9.185502578339957836e+03 2.377655693095970690e+00
9.205526344961299401e+03 2.396552903101918819e+00
9.225550111582640966e+03 2.447805988394149423e+00
9.245573878203984350e+03 2.415127884484785437e+00
9.265597644825325915e+03 2.407583613175778403e+00
9.285621411446667480e+03 2.411913091942879728e+00
9.305645178068010864e+03 2.450934603513603705e+00
9.325668944689352429e+03 2.516418204043782136e+00
9.345692711310693994e+03 2.671413918590437309e+00
9.365716477932037378e+03 2.549085067419782913e+00
9.385740244553380762e+03 2.624956794199885035e+00
9.405764011174720508e+03 2.527789876962995397e+00
9.425787777796063892e+03 2.564643839016828242e+00
9.445811544417407276e+03 2.532394748797497375e+00
9.465835311038747022e+03 2.537408026677532735e+00
9.485859077660090406e+03 2.590216052418353954e+00
9.505882844281433790e+03 2.585832244406664149e+00
9.525906610902773537e+03 2.606325610150201921e+00
9.545930377524116921e+03 2.684348025647150582e+00
9.565954144145460305e+03 2.615364872396528373e+00
9.585977910766800051e+03 2.664227470926828989e+00
9.606001677388143435e+03 2.678338087142234869e+00
9.626025444009486819e+03 2.664662104883543492e+00
9.646049210630826565e+03 2.690191229573843490e+00
9.666072977252169949e+03 2.589065771170842023e+00
9.686096743873513333e+03 2.661098855807375152e+00
9.706120510494853079e+03 2.589492911438648015e+00
9.726144277116196463e+03 2.620145845920389238e+00
9.746168043737539847e+03 2.721994445303096199e+00
9.766191810358881412e+03 2.766763616266925130e+00
9.786215576980222977e+03 2.808244931221986374e+00
9.806239343601566361e+03 2.780578231770431064e+00
9.826263110222907926e+03 2.859179534735590167e+00
9.846286876844249491e+03 2.848939408841616228e+00
9.866310643465592875e+03 2.871233133345510780e+00
9.886334410086934440e+03 2.931785886573651467e+00
9.906358176708276005e+03 2.979018607766271920e+00
9.926381943329619389e+03 2.988958986103890769e+00
9.946405709950960954e+03 2.995081329942439474e+00
9.966429476572302519e+03 2.900342367912024155e+00
9.986453243193645903e+03 2.967553263735697833e+00
1.000647700981498747e+04 3.029649716879065924e+00
1.002650077643632903e+04 3.073952405708317848e+00
1.004652454305767242e+04 3.032152608974628905e+00
1.006654830967901398e+04 3.176657159048863921e+00
1.008657207630035555e+04 3.041643365977715341e+00
1.010659584292169893e+04 3.256037805660545903e+00
1.012661960954304232e+04 3.074008608375134344e+00
1.014664337616438206e+04 2.937117646232314083e+00
1.016666714278572545e+04 3.098482996351510366e+00
1.018669090940706883e+04 2.992274943446066704e+00
1.020671467602840858e+04 2.995708926388557458e+00
1.022673844264975196e+04 3.048605002974058120e+00
1.024676220927109534e+04 3.004268592544716121e+00
1.026678597589243509e+04 2.995253684787343218e+00
1.028680974251377847e+04 3.009409263136202384e+00
1.030683350913512186e+04 2.821430076857146751e+00
1.032685727575646160e+04 2.911219457363252161e+00
1.034688104237780499e+04 2.893221490026368414e+00
1.036690480899914837e+04 2.945930224389147423e+00
1.038692857562048812e+04 2.827365078472973803e+00
