2.749105136281035811e+03 8.184295031202358794e-01
2.759115432465155664e+03 8.581166552467399677e-01
2.769125728649275516e+03 8.778358439339185582e-01
2.779136024833394913e+03 9.023825606818192124e-01
2.789146321017515220e+03 8.910712353771766958e-01
2.799156617201634617e+03 8.928979613349942168e-01
2.809166913385754015e+03 8.586670607168914726e-01
2.819177209569874321e+03 8.499381976541662276e-01
2.829187505753993719e+03 8.366608979193277396e-01
2.839197801938113116e+03 8.171690840056163863e-01
2.849208098122233423e+03 8.063673456932743955e-01
2.859218394306352820e+03 7.836474044401786632e-01
2.869228690490472673e+03 7.693472154466631796e-01
2.879238986674592525e+03 7.479542214826460089e-01
2.889249282858711922e+03 7.272202180657828530e-01
2.899259579042831774e+03 7.185431211551868147e-01
2.909269875226951626e+03 7.150475931562869647e-01
2.919280171411071024e+03 7.194908628035479037e-01
2.929290467595191330e+03 7.049390259126001590e-01
2.939300763779310728e+03 6.986979103713413242e-01
2.949311059963430125e+03 6.843692376099078656e-01
2.959321356147550432e+03 6.850045494769488874e-01
2.969331652331669829e+03 6.925577016739935532e-01
2.979341948515789682e+03 6.937675930611759689e-01
2.989352244699909534e+03 6.996700242176425721e-01
2.999362540884028931e+03 6.944585349653855655e-01
3.009372837068148783e+03 6.911694771311506225e-01
3.019383133252268635e+03 6.793749680486429465e-01
3.029393429436388033e+03 6.573538450807989708e-01
3.039403725620507885e+03 6.729235184576798368e-01
3.049414021804627737e+03 7.097185526322568050e-01
3.059424317988747134e+03 7.314595934717383896e-01
3.069434614172867441e+03 7.424881121136958084e-01
3.079444910356986838e+03 6.916297748207058671e-01
3.089455206541106691e+03 6.805015877595292917e-01
3.099465502725226543e+03 6.769411663067640417e-01
3.109475798909345940e+03 6.857101047925253656e-01
3.119486095093465792e+03 7.084169682808724167e-01
3.129496391277585644e+03 6.947182573918103676e-01
3.139506687461705042e+03 6.858073954363357316e-01
3.149516983645824894e+03 6.779826319358224218e-01
3.159527279829944746e+03 7.018044739429502021e-01
3.169537576014064143e+03 7.226564744644755622e-01
3.179547872198184450e+03 7.455935858715757591e-01
3.189558168382303847e+03 7.564782491013001264e-01
3.199568464566423245e+03 7.201082918180352621e-01
3.209578760750543552e+03 7.173453167929992880e-01
3.219589056934662949e+03 7.155101695472756429e-01
3.229599353118782801e+03 7.291928799893159230e-01
3.239609649302902653e+03 7.383278968140584153e-01
3.249619945487022051e+03 7.523845124391339567e-01
3.259630241671141903e+03 7.593848813906183270e-01
3.269640537855261755e+03 7.777983741564348241e-01
3.279650834039381152e+03 7.841421798731617043e-01
3.289661130223501004e+03 7.909662962224679461e-01
3.299671426407620856e+03 7.921126811914399601e-01
3.309681722591740254e+03 7.916629844172490271e-01
3.319692018775860561e+03 8.098765954377623588e-01
3.329702314959979958e+03 8.165769188548476221e-01
3.339712611144099810e+03 8.234342249859019081e-01
3.349722907328219662e+03 8.253642851000271285e-01
3.359733203512339060e+03 8.284318630623290769e-01
3.369743499696458912e+03 8.301525303295161917e-01
3.379753795880578764e+03 8.370613549277613474e-01
3.389764092064698161e+03 8.459311507204463343e-01
3.399774388248818013e+03 8.506321117776368679e-01
3.409784684432937865e+03 8.585199854004590403e-01
3.419794980617057263e+03 8.616380415532106651e-01
3.429805276801177115e+03 8.713090485846888278e-01
3.439815572985296967e+03 8.668433882189947592e-01
3.449825869169416364e+03 8.684165838738480137e-01
3.459836165353536671e+03 8.747043137205171570e-01
3.469846461537656069e+03 8.761370224783000538e-01
3.479856757721775921e+03 8.685244754330228023e-01
3.489867053905895773e+03 8.684169306327618187e-01
3.499877350090015170e+03 8.703413930672788679e-01
3.509887646274135022e+03 8.681615674612533917e-01
3.519897942458254875e+03 8.811334221300350933e-01
3.529908238642374272e+03 8.820951332089229657e-01
3.539918534826494124e+03 8.809307167764340862e-01
3.549928831010613976e+03 8.708925415922456059e-01
3.559939127194733373e+03 8.697662686402731769e-01
3.569949423378853680e+03 8.670432204273101906e-01
3.579959719562973078e+03 8.626030220732856524e-01
3.589970015747092930e+03 8.584563799082735036e-01
3.599980311931212782e+03 8.683955306540824814e-01
3.609990608115332179e+03 8.689359296527220389e-01
3.620000904299452031e+03 8.762087520364656434e-01
3.630011200483571884e+03 8.653710498710652788e-01
3.640021496667691281e+03 8.491551169528650522e-01
3.650031792851811133e+03 8.319081211730201542e-01
3.660042089035930985e+03 8.235745137350216627e-01
3.670052385220050382e+03 8.201141569973769974e-01
3.680062681404170235e+03 8.221255568452786600e-01
3.690072977588290087e+03 8.318373823546080237e-01
3.700083273772409484e+03 8.525721783632742579e-01
3.710093569956529791e+03 8.785972274346142141e-01
3.720103866140649188e+03 8.768645722164079004e-01
3.730114162324769040e+03 8.720841042939851961e-01
3.740124458508888893e+03 8.450596960331178131e-01
3.750134754693008290e+03 8.175856405350471201e-01
3.760145050877128142e+03 8.140411204553281710e-01
3.770155347061247994e+03 8.155873679888815397e-01
3.780165643245367392e+03 8.184471878248389398e-01
3.790175939429487244e+03 8.208409636806696108e-01
3.800186235613607096e+03 8.307977991310816490e-01
3.810196531797726493e+03 8.395623288249390859e-01
3.820206827981846345e+03 8.517674004613677852e-01
3.830217124165966197e+03 8.800220598113551729e-01
3.840227420350086049e+03 9.082630469527421813e-01
3.850237716534205902e+03 9.385284621697915775e-01
3.860248012718325299e+03 9.603576788473497938e-01
3.870258308902445151e+03 9.788971441728453460e-01
3.880268605086565003e+03 1.007217687716452259e+00
3.890278901270684401e+03 1.043484360380396714e+00
3.900289197454804253e+03 1.099496228650053808e+00
3.910299493638924105e+03 1.148680512981266943e+00
3.920309789823043502e+03 1.201836871132895279e+00
3.930320086007163354e+03 1.248261301269296464e+00
3.940330382191283206e+03 1.269066390263485333e+00
3.950340678375402604e+03 1.284618676157689654e+00
3.960350974559522456e+03 1.284202912220061776e+00
3.970361270743642308e+03 1.274889463165683301e+00
3.980371566927762160e+03 1.261815661376248565e+00
3.990381863111882012e+03 1.255002690849171154e+00
4.000392159296001410e+03 1.249869420500466344e+00
4.010402455480121262e+03 1.235516177393142012e+00
4.020412751664241114e+03 1.222252946162805776e+00
4.030423047848360511e+03 1.200336098554035225e+00
4.040433344032480363e+03 1.189051176463828075e+00
4.050443640216600215e+03 1.178744164047481169e+00
4.060453936400719613e+03 1.163585796279336559e+00
4.070464232584839465e+03 1.154872735515682258e+00
4.080474528768959317e+03 1.134993146062384328e+00
4.090484824953079169e+03 1.120925335078092333e+00
4.100495121137199021e+03 1.102256726825705746e+00
4.110505417321318419e+03 1.084705128108594652e+00
4.120515713505437816e+03 1.075933118329597038e+00
4.130526009689558123e+03 1.058204276270554578e+00
4.140536305873677520e+03 1.045256645188749944e+00
4.150546602057796918e+03 1.028415208727069929e+00
4.160556898241917224e+03 1.024946975608383548e+00
4.170567194426036622e+03 1.019592918905573686e+00
4.180577490610156019e+03 1.017885725699036348e+00
4.190587786794276326e+03 1.021600108109522065e+00
4.200598082978395723e+03 1.018365640035714392e+00
4.210608379162515121e+03 1.014202650664766558e+00
4.220618675346635428e+03 1.012625591124874047e+00
4.230628971530755734e+03 1.008511148001856261e+00
4.240639267714875132e+03 1.009545232619749822e+00
4.250649563898994529e+03 1.011984186208347847e+00
4.260659860083114836e+03 1.023669466233013470e+00
4.270670156267234233e+03 1.029390641551546137e+00
4.280680452451353631e+03 1.029680779688408432e+00
4.290690748635473938e+03 1.022538338656248103e+00
4.300701044819593335e+03 1.022547403924993992e+00
4.310711341003712732e+03 1.016280430076164087e+00
4.320721637187833039e+03 1.026439970880177466e+00
4.330731933371952437e+03 1.033641905834546071e+00
4.340742229556071834e+03 1.042513980328664269e+00
4.350752525740192141e+03 1.047722844120573926e+00
4.360762821924311538e+03 1.055742783352560554e+00
4.370773118108430936e+03 1.057753588756609853e+00
4.380783414292551242e+03 1.068563054839030801e+00
4.390793710476670640e+03 1.079872101442239885e+00
4.400804006660790037e+03 1.094294250499431964e+00
4.410814302844910344e+03 1.115421131765613305e+00
4.420824599029029741e+03 1.143987180620179567e+00
4.430834895213149139e+03 1.163086463443486540e+00
4.440845191397269446e+03 1.185147166464489699e+00
4.450855487581388843e+03 1.203503444009532020e+00
4.460865783765508240e+03 1.232213843646207785e+00
4.470876079949628547e+03 1.257434015741665911e+00
4.480886376133748854e+03 1.283165706771944192e+00
4.490896672317868251e+03 1.316854177374912283e+00
4.500906968501987649e+03 1.352869202141424587e+00
4.510917264686107956e+03 1.391916732682959124e+00
4.520927560870227353e+03 1.424313625406054884e+00
4.530937857054346750e+03 1.448610626199043239e+00
4.540948153238467057e+03 1.479666849887472102e+00
4.550958449422586455e+03 1.486354095539808906e+00
4.560968745606705852e+03 1.484843712785338443e+00
4.570979041790826159e+03 1.471660929622999880e+00
4.580989337974945556e+03 1.459791471078127234e+00
4.590999634159064954e+03 1.450101739065304374e+00
4.601009930343185260e+03 1.432244497134186334e+00
4.611020226527304658e+03 1.405822854939452249e+00
4.621030522711424055e+03 1.394551060150981181e+00
4.631040818895544362e+03 1.382135060020995843e+00
4.641051115079663759e+03 1.356304493163301483e+00
4.651061411263783157e+03 1.329238870128681471e+00
4.661071707447903464e+03 1.294419717781837065e+00
4.671082003632022861e+03 1.265270965341149578e+00
4.681092299816142258e+03 1.239940870670021456e+00
4.691102596000262565e+03 1.217463313897661381e+00
4.701112892184381963e+03 1.208958308482277921e+00
4.711123188368501360e+03 1.199383155521967392e+00
4.721133484552621667e+03 1.185488476309629391e+00
4.731143780736741974e+03 1.171643581769913123e+00
4.741154076920861371e+03 1.161077837666895318e+00
4.751164373104980768e+03 1.151257823376465206e+00
4.761174669289101075e+03 1.155459501134793454e+00
4.771184965473220473e+03 1.154315939774119393e+00
4.781195261657339870e+03 1.161323293440867044e+00
4.791205557841460177e+03 1.166566090069340200e+00
4.801215854025579574e+03 1.157683216511906865e+00
4.811226150209698972e+03 1.152285914018848834e+00
4.821236446393819278e+03 1.155284189735381606e+00
4.831246742577938676e+03 1.159890931441998063e+00
4.841257038762058073e+03 1.167875104968876920e+00
4.851267334946178380e+03 1.171920443994076466e+00
4.861277631130297777e+03 1.179157550209700256e+00
4.871287927314417175e+03 1.182348574345309489e+00
4.881298223498537482e+03 1.173211031134195004e+00
4.891308519682656879e+03 1.166377403683253711e+00
4.901318815866776276e+03 1.157154310094409722e+00
4.911329112050896583e+03 1.152211757148286386e+00
4.921339408235015981e+03 1.147257117177168606e+00
4.931349704419135378e+03 1.145295799223814859e+00
4.941360000603255685e+03 1.126846293067952587e+00
4.951370296787375082e+03 1.110568339841172536e+00
4.961380592971495389e+03 1.099895298622832307e+00
4.971390889155614786e+03 1.092156580869925175e+00
4.981401185339734184e+03 1.099366639890273722e+00
4.991411481523854491e+03 1.099397055600711548e+00
5.001421777707973888e+03 1.106568277622716368e+00
5.011432073892093285e+03 1.109081289007901150e+00
5.021442370076213592e+03 1.117053771805686768e+00
5.031452666260332990e+03 1.113446686510523476e+00
5.041462962444453296e+03 1.102115794095746004e+00
5.051473258628572694e+03 1.088636284377183516e+00
5.061483554812692091e+03 1.090120709750107997e+00
5.071493850996812398e+03 1.099516687425967199e+00
5.081504147180931795e+03 1.098383875591620207e+00
5.091514443365051193e+03 1.106047742956137947e+00
5.101524739549171500e+03 1.129659696746450503e+00
5.111535035733290897e+03 1.164926564387978702e+00
5.121545331917410294e+03 1.194522833975398823e+00
5.131555628101530601e+03 1.221303718404813887e+00
5.141565924285649999e+03 1.249321293731748383e+00
5.151576220469769396e+03 1.274331428999428084e+00
5.161586516653889703e+03 1.291728125556052875e+00
5.171596812838009100e+03 1.293220823605920389e+00
5.181607109022128498e+03 1.300077386682159331e+00
5.191617405206248804e+03 1.312875465598147606e+00
5.201627701390368202e+03 1.328405014015004770e+00
5.211637997574488509e+03 1.336541266094072089e+00
5.221648293758607906e+03 1.341164305469636497e+00
5.231658589942727303e+03 1.348974158336857077e+00
5.241668886126847610e+03 1.348414043617119695e+00
5.251679182310967008e+03 1.347845408535500500e+00
5.261689478495086405e+03 1.347269243831753727e+00
5.271699774679206712e+03 1.348726423861452028e+00
5.281710070863326109e+03 1.350639344177838819e+00
5.291720367047446416e+03 1.353220023088199442e+00
5.301730663231565813e+03 1.355486488885683460e+00
5.311740959415685211e+03 1.355158950323120060e+00
5.321751255599805518e+03 1.361577755039199866e+00
5.331761551783924915e+03 1.371553810840833165e+00
5.341771847968044312e+03 1.371442996599384845e+00
5.351782144152164619e+03 1.378105424220892328e+00
5.361792440336284017e+03 1.378604806593729970e+00
5.371802736520403414e+03 1.377021158634475606e+00
5.381813032704523721e+03 1.369962732333426247e+00
5.391823328888643118e+03 1.361879831590093959e+00
5.401833625072762516e+03 1.352577528357944203e+00
5.411843921256882822e+03 1.338196544537517019e+00
5.421854217441002220e+03 1.328813248330504626e+00
5.431864513625121617e+03 1.321185493430008684e+00
5.441874809809241924e+03 1.309603597098638605e+00
5.451885105993361321e+03 1.308855192288716163e+00
5.461895402177481628e+03 1.308850387200910736e+00
5.471905698361601026e+03 1.309229989137529637e+00
5.481915994545720423e+03 1.313113193602040596e+00
5.491926290729840730e+03 1.316022996258570554e+00
5.501936586913960127e+03 1.318707603769091241e+00
5.511946883098079525e+03 1.312903453996188796e+00
5.521957179282199832e+03 1.312196164886043181e+00
5.531967475466319229e+03 1.313384210461657098e+00
5.541977771650439536e+03 1.312054142342354845e+00
5.551988067834558933e+03 1.310672506218873545e+00
5.561998364018678330e+03 1.306040649259501363e+00
5.572008660202798637e+03 1.299185076923016213e+00
5.582018956386918035e+03 1.289014588444725051e+00
5.592029252571037432e+03 1.265621489065998029e+00
5.602039548755157739e+03 1.250259276593535640e+00
5.612049844939277136e+03 1.229700931334998248e+00
5.622060141123396534e+03 1.204148613737122009e+00
5.632070437307516841e+03 1.186655369591502529e+00
5.642080733491636238e+03 1.170930992202085630e+00
5.652091029675755635e+03 1.160491220658746991e+00
5.662101325859875942e+03 1.150948762110307610e+00
5.672111622043995339e+03 1.147328103680519185e+00
5.682121918228114737e+03 1.143242738769271627e+00
5.692132214412235044e+03 1.131886186194873911e+00
5.702142510596354441e+03 1.118828979296313308e+00
5.712152806780473838e+03 1.101715535235263221e+00
5.722163102964594145e+03 1.082034093732699320e+00
5.732173399148713543e+03 1.063391888694747989e+00
5.742183695332833850e+03 1.049241895847889072e+00
5.752193991516953247e+03 1.028293347737368579e+00
5.762204287701072644e+03 1.019625712391420080e+00
5.772214583885192951e+03 1.015509832695759451e+00
5.782224880069312348e+03 1.015223112611047362e+00
5.792235176253431746e+03 1.017346565125088809e+00
5.802245472437552053e+03 1.018225747582496066e+00
5.812255768621671450e+03 1.028415704096946826e+00
5.822266064805791757e+03 1.039556374479019718e+00
5.832276360989911154e+03 1.047875913412516180e+00
5.842286657174030552e+03 1.053264943228630957e+00
5.852296953358150859e+03 1.056350404043486568e+00
5.862307249542270256e+03 1.055585404342689770e+00
5.872317545726389653e+03 1.051707401261885666e+00
5.882327841910509960e+03 1.047960274902541178e+00
5.892338138094629358e+03 1.042626676975644262e+00
5.902348434278748755e+03 1.037158239368272783e+00
5.912358730462869062e+03 1.033134399395728042e+00
5.922369026646988459e+03 1.034671433049572542e+00
5.932379322831107856e+03 1.027542267930110942e+00
5.942389619015228163e+03 1.027023219373162988e+00
5.952399915199347561e+03 1.019735288208176049e+00
5.962410211383466958e+03 1.010876440089768957e+00
5.972420507567587265e+03 1.004356282696889036e+00
5.982430803751706662e+03 9.964730655509088653e-01
5.992441099935826969e+03 9.895384817190684412e-01
6.002451396119946367e+03 9.869064824894676624e-01
6.012461692304065764e+03 9.785237343596870918e-01
6.022471988488186071e+03 9.683130218473969819e-01
6.032482284672305468e+03 9.663319881729451888e-01
6.042492580856424865e+03 9.612911538432579173e-01
6.052502877040545172e+03 9.668548015409571539e-01
6.062513173224664570e+03 9.695790386416246465e-01
6.072523469408784877e+03 9.807131206043354643e-01
6.082533765592904274e+03 1.003526934449091135e+00
6.092544061777023671e+03 1.020219115966880974e+00
6.102554357961143978e+03 1.038221451734923972e+00
6.112564654145263376e+03 1.065111020315316903e+00
6.122574950329382773e+03 1.080580628977077184e+00
6.132585246513503080e+03 1.092946299527575826e+00
6.142595542697622477e+03 1.105493968970823637e+00
6.152605838881741875e+03 1.114441389223208789e+00
6.162616135065862181e+03 1.118858007971095914e+00
6.172626431249981579e+03 1.116096370444727315e+00
6.182636727434100976e+03 1.112050387438688226e+00
6.192647023618221283e+03 1.105041101829420835e+00
6.202657319802340680e+03 1.099649000720069880e+00
6.212667615986460078e+03 1.095430678533879654e+00
6.222677912170580385e+03 1.091672356815318823e+00
6.232688208354699782e+03 1.088886347091009954e+00
6.242698504538820089e+03 1.086373781538714223e+00
6.252708800722939486e+03 1.090943865874445029e+00
6.262719096907058884e+03 1.100020181368782435e+00
6.272729393091179190e+03 1.107385588382506558e+00
6.282739689275298588e+03 1.110171598106815427e+00
6.292749985459417985e+03 1.115088936726207569e+00
6.302760281643538292e+03 1.118772457593366632e+00
6.312770577827657689e+03 1.130954692678473039e+00
6.322780874011777996e+03 1.142084861219156977e+00
6.332791170195897394e+03 1.150485492201491322e+00
6.342801466380016791e+03 1.158949134232158951e+00
6.352811762564137098e+03 1.162047078367910879e+00
6.362822058748256495e+03 1.166880848089081102e+00
6.372832354932375893e+03 1.170169658238377597e+00
6.382842651116496199e+03 1.176156104125955615e+00
6.392852947300615597e+03 1.168683746755822872e+00
6.402863243484734994e+03 1.162594065785912179e+00
6.412873539668855301e+03 1.158793043183968363e+00
6.422883835852974698e+03 1.157991287038310446e+00
6.432894132037094096e+03 1.155183035206531539e+00
6.442904428221214403e+03 1.155917371511952174e+00
6.452914724405333800e+03 1.158521382343512096e+00
6.462925020589453197e+03 1.159530104023711594e+00
6.472935316773573504e+03 1.156793086380221602e+00
6.482945612957692902e+03 1.157065638886456416e+00
6.492955909141813208e+03 1.154111252941011134e+00
6.502966205325932606e+03 1.153228107524589596e+00
6.512976501510052003e+03 1.142693968019713457e+00
6.522986797694172310e+03 1.137899481129776458e+00
6.532997093878291707e+03 1.134112279347396113e+00
6.543007390062411105e+03 1.126543721147181598e+00
6.553017686246531412e+03 1.116179790731986365e+00
6.563027982430650809e+03 1.106720257100929139e+00
6.573038278614771116e+03 1.091121604586253291e+00
6.583048574798890513e+03 1.076913158093927736e+00
6.593058870983009911e+03 1.066980348082542163e+00
6.603069167167130217e+03 1.057187133302448734e+00
6.613079463351249615e+03 1.048416956391995392e+00
6.623089759535369012e+03 1.037864983571553434e+00
6.633100055719489319e+03 1.032653890615197856e+00
6.723192721376566624e+03 9.724530755930471670e-01
6.733203017560686021e+03 9.580379112511182571e-01
6.743213313744806328e+03 9.439444896441938626e-01
6.753223609928925725e+03 9.298144106663835950e-01
6.763233906113045123e+03 9.166403955508654056e-01
6.773244202297165430e+03 9.033806814466546209e-01
6.783254498481284827e+03 8.958015223310761277e-01
6.793264794665404224e+03 8.852607448698507353e-01
6.803275090849524531e+03 8.824233652893139768e-01
6.813285387033643929e+03 8.783856054232302979e-01
6.823295683217764235e+03 8.741030833010023926e-01
6.833305979401883633e+03 8.736700804916606167e-01
6.843316275586003030e+03 8.756538387004350055e-01
6.853326571770122428e+03 8.753885681313895439e-01
6.863336867954242734e+03 8.751537132727821300e-01
6.873347164138362132e+03 8.703299995601118111e-01
6.883357460322481529e+03 8.653950257731041207e-01
6.893367756506601836e+03 8.610447370517251287e-01
6.903378052690722143e+03 8.568520750251550355e-01
6.913388348874841540e+03 8.483982908550362634e-01
6.923398645058960938e+03 8.406230643422064608e-01
6.933408941243081244e+03 8.440920900526955872e-01
6.943419237427200642e+03 8.451083413550229961e-01
6.953429533611320039e+03 8.484237528667055717e-01
6.963439829795440346e+03 8.553876625952547830e-01
6.973450125979559743e+03 8.585211742881635466e-01
6.983460422163679141e+03 8.640530687767574713e-01
6.993470718347799448e+03 8.682041692706611302e-01
7.003481014531918845e+03 8.749183135073101969e-01
7.013491310716038242e+03 8.787177013886606769e-01
7.023501606900158549e+03 8.801142481454343747e-01
7.033511903084277947e+03 8.808935640356715391e-01
7.043522199268397344e+03 8.797468818447734540e-01
7.053532495452517651e+03 8.800173042605379248e-01
7.063542791636637048e+03 8.821293137304246912e-01
7.073553087820756446e+03 8.839043230731006284e-01
7.083563384004876752e+03 8.874838658031116712e-01
7.093573680188996150e+03 8.876311888044823295e-01
7.103583976373115547e+03 8.882788849184443114e-01
7.113594272557235854e+03 8.865821935532961495e-01
7.123604568741355251e+03 8.911051682137400842e-01
7.133614864925474649e+03 8.939272408650824620e-01
7.143625161109594956e+03 8.938693816634680767e-01
7.153635457293714353e+03 9.002671331597824622e-01
7.163645753477833750e+03 9.051680750362511851e-01
7.173656049661954057e+03 9.111869676507620142e-01
7.183666345846074364e+03 9.186563032646462013e-01
7.193676642030193761e+03 9.242535865769823111e-01
7.203686938214313159e+03 9.350124753949785594e-01
7.213697234398433466e+03 9.437992967332934358e-01
7.223707530582552863e+03 9.524373089606071874e-01
7.233717826766672260e+03 9.601474934086086099e-01
7.243728122950792567e+03 9.638273980756665305e-01
7.253738419134911965e+03 9.700495904876303976e-01
7.263748715319031362e+03 9.728822640543369760e-01
7.273759011503151669e+03 9.746536076599242593e-01
7.283769307687271066e+03 9.791706378818461065e-01
7.293779603871390464e+03 9.819342568877219568e-01
7.303789900055510770e+03 9.775980366708451053e-01
7.313800196239630168e+03 9.729608297168029774e-01
7.323810492423749565e+03 9.683781629862007190e-01
7.333820788607869872e+03 9.525975611157633249e-01
7.343831084791989269e+03 9.373973345930260992e-01
7.353841380976108667e+03 9.244202290035498093e-01
7.363851677160228974e+03 9.078109724031425687e-01
7.373861973344348371e+03 8.874566204598858254e-01
7.383872269528467768e+03 8.749095949974776687e-01
7.393882565712588075e+03 8.524550233874026439e-01
7.403892861896707473e+03 8.301026961199066134e-01
7.413903158080826870e+03 8.152664178456802135e-01
7.423913454264947177e+03 8.021606646991897849e-01
7.433923750449067484e+03 7.916370270357028227e-01
7.443934046633186881e+03 7.815811671469113930e-01
7.453944342817306278e+03 7.725285303326866471e-01
7.463954639001426585e+03 7.670964033372871249e-01
7.473964935185545983e+03 7.558817742326028322e-01
7.483975231369665380e+03 7.469993465080586592e-01
7.493985527553785687e+03 7.400385080727457376e-01
7.503995823737905084e+03 7.303125149849388764e-01
7.514006119922024482e+03 7.188787837837302686e-01
7.524016416106144789e+03 7.088157410317248441e-01
7.534026712290264186e+03 6.913704486901827151e-01
7.544037008474383583e+03 6.731190904850543610e-01
7.554047304658503890e+03 6.647747830577162009e-01
7.564057600842623287e+03 6.506583762885066458e-01
7.574067897026742685e+03 6.374052010666702017e-01
7.584078193210862992e+03 6.354066808355662843e-01
7.594088489394982389e+03 6.356600625275674599e-01
7.604098785579101786e+03 6.405478275653126996e-01
7.614109081763222093e+03 6.492960595902221854e-01
7.624119377947341491e+03 6.585997003210395384e-01
7.634129674131460888e+03 6.785276378743165804e-01
7.644139970315581195e+03 7.026692906739290256e-01
7.654150266499700592e+03 7.192576426655338251e-01
7.664160562683819990e+03 7.486107847174034990e-01
7.674170858867940296e+03 7.761256091563377701e-01
7.684181155052060603e+03 7.976708302835061604e-01
7.694191451236180001e+03 8.294971064454755849e-01
7.704201747420299398e+03 8.560229249253081818e-01
7.714212043604419705e+03 8.723294114569938307e-01
7.724222339788539102e+03 8.925103839433582431e-01
7.734232635972658500e+03 9.060027732787186983e-01
7.744242932156778807e+03 9.142467187690098696e-01
7.754253228340898204e+03 9.209294565554674294e-01
7.764263524525017601e+03 9.334277376219948241e-01
7.774273820709137908e+03 9.437408430878269083e-01
7.784284116893257305e+03 9.513384299628235841e-01
7.794294413077376703e+03 9.588804363376395301e-01
7.804304709261497010e+03 9.654379446192330461e-01
7.814315005445616407e+03 9.674243778253422965e-01
7.824325301629735804e+03 9.678324635298790612e-01
7.834335597813856111e+03 9.698606564166053490e-01
7.844345893997975509e+03 9.654755927298724894e-01
7.854356190182094906e+03 9.611727109057067731e-01
7.864366486366215213e+03 9.502473282721064507e-01
7.874376782550334610e+03 9.359548175116818580e-01
7.884387078734454008e+03 9.269826783024429639e-01
7.894397374918574315e+03 9.183335202529002705e-01
7.904407671102693712e+03 9.038167555492325755e-01
7.914417967286813109e+03 8.858052554384677757e-01
7.924428263470933416e+03 8.726047380345388627e-01
7.934438559655053723e+03 8.595046816416320734e-01
7.944448855839173120e+03 8.394342261747895773e-01
7.954459152023292518e+03 8.170952738939679660e-01
7.964469448207412825e+03 8.003477100239483333e-01
7.974479744391532222e+03 7.824089797480906494e-01
7.984490040575651619e+03 7.543757507330484113e-01
7.994500336759771926e+03 7.268246156821422943e-01
8.004510632943891324e+03 7.083293868866479270e-01
8.014520929128010721e+03 6.876750389459798107e-01
8.024531225312131028e+03 6.596894645130891854e-01
8.034541521496250425e+03 6.320477758486974240e-01
8.044551817680369822e+03 6.145738015912866059e-01
8.054562113864490129e+03 5.975194056195552994e-01
8.064572410048609527e+03 5.725186823795349600e-01
8.074582706232728924e+03 5.488442624477533061e-01
8.084593002416849231e+03 5.338857764249116400e-01
8.094603298600968628e+03 5.220283058310583035e-01
8.104613594785088026e+03 5.047325656553327544e-01
8.114623890969208333e+03 4.904959326170153511e-01
8.124634187153327730e+03 4.815689711405435891e-01
8.134644483337447127e+03 4.755391308517549209e-01
8.144654779521567434e+03 4.694854137349027123e-01
8.154665075705686831e+03 4.642050680697656362e-01
8.164675371889806229e+03 4.620078054440754367e-01
8.174685668073926536e+03 4.612804043169306256e-01
8.184695964258046843e+03 4.617047381534276629e-01
8.194706260442166240e+03 4.610025018160260890e-01
8.204716556626284728e+03 4.600879499494128222e-01
8.214726852810406854e+03 4.602503321950395243e-01
8.224737148994525342e+03 4.601980211360456319e-01
8.234747445178643829e+03 4.567355838449184691e-01
8.244757741362765955e+03 4.564562943083586566e-01
8.254768037546884443e+03 4.593493534630516684e-01
8.264778333731002931e+03 4.654557779347990865e-01
8.274788629915125057e+03 4.730893286628540806e-01
8.284798926099243545e+03 4.887446019544522402e-01
8.294809222283362033e+03 5.063976028853512945e-01
8.304819518467484158e+03 5.220399965601517644e-01
8.314829814651602646e+03 5.340984882500247055e-01
8.324840110835721134e+03 5.501143908119587866e-01
8.334850407019843260e+03 5.772228138039373624e-01
8.344860703203961748e+03 6.019586132338261564e-01
8.354870999388080236e+03 6.223005809301620506e-01
8.364881295572202362e+03 6.436962994285018169e-01
8.374891591756320850e+03 6.670484317184143253e-01
8.384901887940439337e+03 7.045447114906394637e-01
8.394912184124561463e+03 7.388437750037946117e-01
8.404922480308679951e+03 7.644401309837214331e-01
8.414932776492798439e+03 7.892520192266920809e-01
8.424943072676920565e+03 8.160914563755492512e-01
8.434953368861039053e+03 8.564725226255239798e-01
8.444963665045157541e+03 8.948287149669470475e-01
8.454973961229279666e+03 9.227554889954575623e-01
8.464984257413398154e+03 9.501658894643547626e-01
8.474994553597518461e+03 9.787799396599862201e-01
8.485004849781638768e+03 1.005099634734067715e+00
8.495015145965757256e+03 1.044779653534345432e+00
8.505025442149877563e+03 1.082230606962839792e+00
8.515035738333997870e+03 1.105046352750115535e+00
8.525046034518116358e+03 1.128541052490581231e+00
8.535056330702236664e+03 1.146621656699164493e+00
8.545066626886356971e+03 1.165863308825074052e+00
8.555076923070475459e+03 1.193614920065135143e+00
8.565087219254595766e+03 1.212655848316951390e+00
8.575097515438716073e+03 1.223767490024241456e+00
8.585107811622834561e+03 1.234355129475815716e+00
8.595118107806954868e+03 1.245548903508685301e+00
8.605128403991075174e+03 1.255900301065996594e+00
8.615138700175193662e+03 1.263698165982197752e+00
8.625148996359313969e+03 1.265318718997276548e+00
8.635159292543434276e+03 1.264278739477848523e+00
8.645169588727552764e+03 1.259994978930928600e+00
8.655179884911673071e+03 1.257779090397869393e+00
8.665190181095793378e+03 1.253398435503040309e+00
8.675200477279911865e+03 1.244480142999413230e+00
8.685210773464032172e+03 1.233360723985056584e+00
8.695221069648152479e+03 1.222454165406775983e+00
8.705231365832270967e+03 1.210160373025406244e+00
8.715241662016393093e+03 1.195214469397436030e+00
8.725251958200511581e+03 1.178196829870566065e+00
8.735262254384630069e+03 1.155049483487736950e+00
8.745272550568752195e+03 1.129942255724197153e+00
8.755282846752870682e+03 1.111483387077662810e+00
8.765293142936989170e+03 1.093743002900489980e+00
8.775303439121111296e+03 1.075304840714806920e+00
8.785313735305229784e+03 1.056522693686649861e+00
8.795324031489348272e+03 1.037864785423602720e+00
8.805334327673470398e+03 1.008786920412290566e+00
