3.262112112419700225e+03 2.832786704343855100e-02
3.292216789063249962e+03 2.280606645650106734e-01
3.322321465706800154e+03 -5.067016238184234023e-02
3.352426142350350347e+03 -2.571994220163749054e-02
3.382530818993900539e+03 7.127125664007208372e-02
3.412635495637450731e+03 -3.777165581273564301e-03
3.442740172281000469e+03 9.532988553339702409e-02
3.472844848924550661e+03 1.004910828045515597e-01
3.502949525568100398e+03 2.567508579368811203e-02
3.533054202211650590e+03 1.227353696987413811e-01
3.563158878855200783e+03 1.798143502270044963e-02
3.593263555498750975e+03 9.567293928776172962e-02
3.623368232142301167e+03 1.246880851013370956e-01
3.653472908785850905e+03 3.563509108856405261e-02
3.683577585429401097e+03 1.292122032854850500e-01
3.713682262072950834e+03 1.005567121627511107e-01
3.743786938716501027e+03 6.843994998423393039e-02
3.773891615360051219e+03 1.521973856187006646e-01
3.803996292003601411e+03 9.364539867294145725e-02
3.834100968647151603e+03 8.997426854846106437e-02
3.864205645290701341e+03 1.375212139882491524e-01
3.894310321934251533e+03 1.599809500623986802e-01
3.924414998577801271e+03 1.191518421836571529e-01
3.954519675221351463e+03 1.429430169225493763e-01
3.984624351864901655e+03 2.188586154383385107e-01
4.014729028508451847e+03 2.273298119665648209e-01
4.044833705152002040e+03 2.557207770883844766e-01
4.074938381795551777e+03 3.144393057904598665e-01
4.105043058439101515e+03 2.959496860946829733e-01
4.135147735082651707e+03 2.960950289875098340e-01
4.165252411726201899e+03 3.657108867053843748e-01
4.195357088369752091e+03 2.877359008803094254e-01
4.225461765013302283e+03 3.201074124149353439e-01
4.255566441656852476e+03 3.020692365529389356e-01
4.285671118300402668e+03 2.718265894247194336e-01
4.315775794943952860e+03 3.488625817553772102e-01
4.345880471587502143e+03 5.158888627801921922e-01
4.375985148231052335e+03 2.866490477330162490e-01
4.406089824874602527e+03 3.570967430463008463e-01
4.436194501518152720e+03 3.415069633184642517e-01
4.466299178161702002e+03 4.612902944778654035e-01
4.496403854805252195e+03 6.172233021973008160e-01
4.526508531448802387e+03 5.351890244094263949e-01
4.556613208092352579e+03 6.386147946287499266e-01
4.586717884735902771e+03 7.276587331452700758e-01
4.616822561379452964e+03 7.404525860556488981e-01
4.646927238023003156e+03 6.966435374804859082e-01
4.677031914666553348e+03 7.454229451561684705e-01
4.707136591310103540e+03 8.110181818973803969e-01
4.737241267953653733e+03 7.618377865869756516e-01
4.767345944597203015e+03 7.821398123126193092e-01
4.797450621240753208e+03 7.878475337082498919e-01
4.827555297884303400e+03 7.401934081698386958e-01
4.857659974527853592e+03 7.470615011457307775e-01
4.887764651171402875e+03 7.524672113354872183e-01
4.917869327814953067e+03 6.882665984560158989e-01
4.947974004458503259e+03 9.343292604573194549e-01
4.978078681102053451e+03 6.026556174447286196e-01
5.008183357745603644e+03 6.120324845963394100e-01
5.038288034389153836e+03 6.656506054622888247e-01
5.068392711032704028e+03 7.384660395900874974e-01
5.098497387676254220e+03 9.103634128911837209e-01
5.128602064319804413e+03 6.796089438876247169e-01
5.158706740963354605e+03 7.430463008830198168e-01
5.188811417606903888e+03 6.384168417710536225e-01
5.218916094250454080e+03 7.559996292618850200e-01
5.249020770894004272e+03 4.581994469419791716e-01
5.279125447537554464e+03 9.770737679310078638e-01
5.309230124181103747e+03 9.671918547964968305e-01
5.339334800824653939e+03 1.019684693525174879e+00
5.369439477468204132e+03 1.131299613749931376e+00
5.399544154111754324e+03 9.123313256525364956e-01
5.429648830755304516e+03 8.641423886037231661e-01
5.459753507398854708e+03 1.109727592184201583e+00
5.489858184042404901e+03 8.398810637279944258e-01
5.519962860685955093e+03 1.180854135121458981e+00
5.550067537329505285e+03 1.137921596632574861e+00
5.580172213973055477e+03 9.068626964615562613e-01
5.610276890616604760e+03 9.162463395056066329e-01
5.640381567260154952e+03 9.729779829474985986e-01
5.670486243903705144e+03 9.568392591336004616e-01
5.700590920547254427e+03 9.213514904664402705e-01
5.730695597190804619e+03 1.023272528571881335e+00
5.760800273834354812e+03 1.031121431978388570e+00
5.790904950477905004e+03 1.074955648154041210e+00
5.821009627121455196e+03 1.133406190310134898e+00
5.851114303765005388e+03 1.068961887299000990e+00
5.881218980408555581e+03 1.000369044141793173e+00
5.911323657052105773e+03 1.105216783788774082e+00
5.941428333695655965e+03 9.913421034354499284e-01
5.971533010339206157e+03 1.140962520360951915e+00
6.001637686982756350e+03 1.170704816231746825e+00
6.031742363626305632e+03 1.223830232918882599e+00
6.061847040269855825e+03 1.181174538035383081e+00
6.091951716913406017e+03 1.175299355298033976e+00
6.122056393556955300e+03 9.964864577739691587e-01
6.152161070200505492e+03 1.104083757774428909e+00
6.182265746844055684e+03 1.092088492187274884e+00
6.212370423487605876e+03 8.806399927207555489e-01
6.242475100131156069e+03 9.647999647653593414e-01
6.272579776774706261e+03 1.041570100116230746e+00
6.302684453418256453e+03 1.055049528143790161e+00
6.332789130061806645e+03 1.130376156408892996e+00
6.362893806705356837e+03 1.221359452140056812e+00
6.392998483348907030e+03 1.130004450309355590e+00
6.423103159992457222e+03 9.959361585094197444e-01
6.453207836636006505e+03 1.208779039841521463e+00
6.483312513279556697e+03 1.084894914378129238e+00
6.513417189923105980e+03 1.316544043179858514e+00
6.543521866566656172e+03 1.347113723916746553e+00
6.573626543210206364e+03 2.290714341200547732e+00
6.603731219853756556e+03 1.167547734347264887e+00
6.633835896497306749e+03 1.105404088815494124e+00
6.663940573140856941e+03 1.040870005229536988e+00
6.694045249784407133e+03 1.111480612356759323e+00
6.724149926427957325e+03 1.011781098986834548e+00
6.754254603071507518e+03 1.059254453394806728e+00
6.784359279715057710e+03 1.098094836842560040e+00
6.814463956358607902e+03 1.151402718633244504e+00
6.844568633002158094e+03 1.143169525326954927e+00
6.874673309645707377e+03 1.245029096408123648e+00
6.904777986289257569e+03 1.204451664534277100e+00
6.934882662932806852e+03 1.142235420154940284e+00
6.964987339576357044e+03 1.157752697833674516e+00
6.995092016219907237e+03 1.173870609977937018e+00
7.025196692863457429e+03 1.173513423647912779e+00
7.055301369507007621e+03 1.011416168779736724e+00
7.085406046150557813e+03 9.929968731676351856e-01
7.115510722794108005e+03 9.173595218349503977e-01
7.145615399437658198e+03 9.708251851210113470e-01
7.175720076081208390e+03 9.908370574525499075e-01
7.205824752724758582e+03 1.029897899400744832e+00
7.235929429368308774e+03 1.077733764054229271e+00
7.266034106011858967e+03 1.121397614934260378e+00
7.296138782655408249e+03 1.233685768472111421e+00
7.326243459298958442e+03 1.219315068592601081e+00
7.356348135942507724e+03 1.257880060411920908e+00
7.386452812586057917e+03 1.237754691882021030e+00
7.416557489229608109e+03 1.295477309593187298e+00
7.446662165873158301e+03 1.290827837398909050e+00
7.476766842516708493e+03 1.219007733471238808e+00
7.506871519160258686e+03 1.291845673241782899e+00
7.536976195803808878e+03 1.370753844653469722e+00
7.567080872447359070e+03 1.332505867801854427e+00
7.717604255665109122e+03 1.290982230948065856e+00
7.747708932308658405e+03 1.215912118611029102e+00
7.777813608952208597e+03 1.234638749344492803e+00
7.807918285595758789e+03 1.330341696155915132e+00
7.838022962239308981e+03 1.271268255887705756e+00
7.868127638882859173e+03 1.176427541389207798e+00
7.898232315526409366e+03 1.053040476035483453e+00
7.928336992169959558e+03 1.004211459147297480e+00
7.958441668813509750e+03 1.015630531880936882e+00
7.988546345457059942e+03 1.087736433271858205e+00
8.018651022100610135e+03 1.058433118432677844e+00
8.048755698744160327e+03 1.104393512857376969e+00
8.078860375387710519e+03 1.106676988609482715e+00
8.108965052031260711e+03 1.042011743105589971e+00
8.139069728674809994e+03 9.996309558582066046e-01
8.169174405318359277e+03 8.404589505546188333e-01
8.199279081961909469e+03 1.001336060791371052e+00
8.229383758605459661e+03 1.044730811943091142e+00
8.259488435249009854e+03 1.100791400037315571e+00
8.289593111892560046e+03 1.075774563154584307e+00
8.319697788536110238e+03 1.007733713235035911e+00
8.349802465179660430e+03 1.032036661450036030e+00
8.379907141823210623e+03 8.933341432138104388e-01
8.410011818466760815e+03 8.989346603112021716e-01
8.440116495110311007e+03 1.142205896623596839e+00
8.470221171753861199e+03 1.024258904914143509e+00
8.500325848397411391e+03 1.367197953099692276e+00
8.530430525040961584e+03 1.056407126593272405e+00
8.560535201684509957e+03 1.397715604662491451e+00
8.590639878328060149e+03 1.287584120889664785e+00
8.620744554971610341e+03 1.347259405604195326e+00
8.650849231615160534e+03 1.051405549988299493e+00
8.680953908258710726e+03 1.396876361984629611e+00
8.711058584902260918e+03 1.405344049568556963e+00
8.741163261545811110e+03 1.364900441570390477e+00
8.771267938189361303e+03 1.446508564123053064e+00
8.801372614832911495e+03 1.132173219882307569e+00
8.831477291476461687e+03 1.512146876180487487e+00
8.861581968120011879e+03 1.428341912500481037e+00
8.891686644763562072e+03 1.435775792495070036e+00
8.921791321407112264e+03 1.394826654521686082e+00
8.951895998050662456e+03 1.387326709575812167e+00
8.982000674694212648e+03 1.264877137340321811e+00
9.012105351337761022e+03 1.344144673047459992e+00
9.042210027981311214e+03 1.550829962125181316e+00
9.072314704624861406e+03 1.364727898309342047e+00
9.102419381268411598e+03 1.337445493390237772e+00
9.132524057911961791e+03 1.090593439919734564e+00
9.162628734555511983e+03 9.252527105384729111e-01
9.192733411199062175e+03 8.797363790647185766e-01
9.222838087842612367e+03 9.169824918199247499e-01
9.252942764486162559e+03 9.238130753912411341e-01
9.283047441129712752e+03 8.520021673175959265e-01
9.313152117773262944e+03 8.598326790160533140e-01
9.343256794416813136e+03 9.196367056869337864e-01
9.373361471060363328e+03 9.616968480242342743e-01
9.403466147703911702e+03 8.816602485252148513e-01
9.433570824347461894e+03 9.280281644809170727e-01
9.463675500991012086e+03 9.288966886939636902e-01
9.493780177634562278e+03 9.628910990666933456e-01
9.523884854278112471e+03 8.606515940165964107e-01
9.553989530921662663e+03 1.015335538563660878e+00
9.584094207565212855e+03 9.205112798039443156e-01
9.614198884208763047e+03 8.346401529222124971e-01
9.644303560852313240e+03 8.525302029355584787e-01
9.674408237495863432e+03 8.245939243960440646e-01
9.704512914139413624e+03 8.622303769549960473e-01
9.734617590782963816e+03 8.855307350851111536e-01
9.764722267426514009e+03 8.026850441776086642e-01
9.794826944070064201e+03 1.086609215165318387e+00
9.824931620713612574e+03 1.110967822496785828e+00
9.855036297357162766e+03 1.145689673322125568e+00
9.885140974000712959e+03 1.109397509423935446e+00
9.915245650644263151e+03 1.081373144282707699e+00
9.945350327287813343e+03 1.113627118283124329e+00
9.975455003931363535e+03 1.066224426753449750e+00
