3.997090951623493766e+03 1.687322134015172503e+00
4.007113773735160066e+03 8.456507529481694929e-01
4.017136595846826822e+03 2.008625889043996526e+00
4.027159417958493577e+03 1.407699343715844265e+00
4.037182240070160333e+03 1.298879718032494246e+00
4.047205062181826634e+03 1.541477239973247260e+00
4.057227884293492934e+03 2.036165299976372633e+00
4.067250706405159690e+03 2.267271704948806033e+00
4.077273528516826445e+03 7.949537080323286764e-01
4.087296350628493201e+03 1.856239021050964277e+00
4.097319172740159956e+03 1.259902845509559999e+00
4.107341994851825802e+03 1.538474451062561643e+00
4.117364816963492558e+03 1.271743129810062323e+00
4.127387639075159314e+03 8.495357530966605175e-01
4.137410461186826069e+03 1.761374908809493656e+00
4.147433283298492825e+03 1.883408646600502889e+00
4.157456105410159580e+03 1.388225623389822472e+00
4.167478927521825426e+03 1.275397346404581134e+00
4.177501749633492182e+03 1.518541144003884291e+00
4.187524571745158937e+03 1.170981822426043095e+00
4.197547393856825693e+03 1.426341436807020413e+00
4.207570215968492448e+03 1.087001849687483590e+00
4.217593038080158294e+03 5.218243927388989123e-01
4.227615860191825050e+03 1.550604964772136718e+00
4.237638682303491805e+03 1.423593359957866955e+00
4.247661504415158561e+03 6.173910984980673922e-01
4.257684326526825316e+03 1.616703686555348796e+00
4.267707148638492072e+03 1.447206731968126103e+00
4.277729970750158827e+03 9.461132621518146824e-01
4.287752792861824673e+03 9.191093878326050959e-01
4.297775614973491429e+03 1.416761960653447394e+00
4.307798437085158184e+03 6.994882707896095120e-01
4.317821259196824940e+03 1.150842888338870385e+00
4.327844081308490786e+03 9.396449112524452030e-01
4.337866903420157541e+03 1.154718245475061078e+00
4.347889725531824297e+03 8.302183958106953421e-01
4.357912547643491052e+03 9.249551288881399103e-01
4.367935369755157808e+03 1.039712470134491751e+00
4.377958191866824563e+03 9.477078671785671427e-01
4.387981013978491319e+03 9.286001543381312562e-01
4.398003836090157165e+03 7.204713000828887326e-01
4.408026658201823921e+03 1.008428472048354507e+00
4.418049480313490676e+03 8.280312516719648963e-01
4.428072302425157432e+03 1.261321868876422503e+00
4.438095124536823278e+03 1.113302700701301662e+00
4.448117946648490033e+03 1.034968876457759146e+00
4.458140768760156789e+03 1.058594252350998799e+00
4.468163590871823544e+03 9.612877357374960408e-01
4.478186412983490300e+03 9.951715677587600339e-01
4.488209235095157055e+03 1.311337481894748525e+00
4.498232057206823811e+03 1.215927231546750642e+00
4.508254879318489657e+03 1.231251911099233265e+00
4.518277701430156412e+03 1.205823493155669501e+00
4.528300523541823168e+03 1.419478586601945702e+00
4.538323345653489923e+03 1.353625598418028098e+00
4.548346167765155769e+03 1.282209542479210596e+00
4.558368989876822525e+03 9.256953705277564115e-01
4.568391811988489280e+03 1.379405308678420150e+00
4.578414634100156036e+03 1.564942081226643467e+00
4.588437456211822791e+03 1.413500659108141821e+00
4.598460278323489547e+03 1.665444949133209729e+00
4.608483100435156302e+03 1.369110196674140134e+00
4.618505922546823058e+03 1.754923094817654405e+00
4.628528744658488904e+03 1.124945304558304215e+00
4.638551566770155659e+03 1.276879174282733231e+00
4.648574388881822415e+03 1.734137350288433632e+00
4.658597210993489171e+03 1.358111103694898958e+00
4.668620033105155017e+03 1.235226285042654970e+00
4.678642855216821772e+03 1.167905076949827592e+00
4.688665677328488528e+03 1.309709487635784431e+00
4.698688499440155283e+03 1.498645765717498746e+00
4.708711321551822039e+03 1.160261710491399034e+00
4.718734143663488794e+03 8.242796332265105441e-01
4.728756965775155550e+03 1.039715101689140608e+00
4.738779787886821396e+03 1.170861810177961537e+00
4.748802609998488151e+03 1.099796017586155195e+00
4.758825432110154907e+03 1.073959217882547890e+00
4.768848254221821662e+03 1.143370686850965878e+00
4.778871076333487508e+03 9.128943237658013743e-01
4.788893898445154264e+03 9.038472518132718569e-01
4.798916720556821019e+03 8.006147243688557236e-01
4.808939542668487775e+03 1.034241176520444228e+00
4.818962364780154530e+03 7.824233479273952074e-01
4.828985186891821286e+03 8.469032249244133892e-01
4.839008009003488041e+03 1.019227168725148402e+00
4.849030831115153887e+03 1.301242018686832091e+00
4.859053653226820643e+03 1.214403078626388854e+00
4.869076475338487398e+03 1.197470579868301188e+00
4.879099297450154154e+03 1.238045068826855832e+00
4.889122119561820000e+03 1.183239840447063429e+00
4.899144941673486755e+03 9.503943389905449290e-01
4.909167763785153511e+03 9.719288950629242363e-01
4.919190585896820266e+03 9.802307879567553339e-01
4.929213408008487022e+03 9.829041114474590390e-01
4.939236230120153778e+03 9.904013110387565044e-01
4.949259052231820533e+03 1.106074889430222585e+00
4.959281874343487289e+03 1.238612583056712513e+00
4.969304696455153135e+03 1.367375123447231111e+00
4.979327518566819890e+03 1.502606388988943165e+00
4.989350340678486646e+03 1.158674438840284093e+00
4.999373162790152492e+03 1.451711638411907757e+00
5.009395984901819247e+03 1.445462380016335535e+00
5.019418807013486003e+03 1.352326220038227111e+00
5.029441629125152758e+03 1.256973129787733345e+00
5.039464451236819514e+03 1.055894049959812842e+00
5.049487273348486269e+03 8.127252910689014564e-01
5.059510095460153025e+03 8.903945115192211102e-01
5.069532917571819780e+03 8.914068869121833938e-01
5.079555739683485626e+03 8.117471931375990213e-01
5.089578561795152382e+03 1.000000000000000000e+00
5.099601383906819137e+03 7.962471298601239145e-01
5.109624206018484983e+03 9.817303737500326921e-01
5.119647028130151739e+03 1.223949376041942427e+00
5.129669850241818494e+03 8.285702595945106941e-01
5.139692672353485250e+03 9.023430682571251804e-01
5.149715494465152005e+03 1.022726752951749418e+00
5.159738316576818761e+03 9.847375361277981298e-01
5.169761138688485516e+03 9.290977662020074579e-01
5.179783960800152272e+03 1.310869893766348548e+00
5.189806782911818118e+03 8.981148090151573893e-01
5.199829605023484874e+03 1.042516211114507207e+00
5.209852427135151629e+03 1.288774568395177678e+00
5.219875249246818385e+03 1.151672365876160509e+00
5.229898071358484231e+03 1.336282338073774945e+00
5.239920893470150986e+03 1.063276942487412446e+00
5.249943715581817742e+03 1.327750075447200029e+00
5.259966537693484497e+03 7.523228580989473890e-01
5.269989359805151253e+03 1.218330954447095937e+00
5.280012181916818008e+03 1.152179519692952514e+00
5.290035004028484764e+03 1.157462195123401871e+00
5.300057826140151519e+03 1.204790291614629583e+00
5.310080648251817365e+03 1.381829139225707381e+00
5.320103470363484121e+03 1.323333570514277691e+00
5.330126292475150876e+03 1.452902654470422439e+00
5.340149114586816722e+03 1.383152093691848883e+00
5.350171936698483478e+03 1.271736906054624638e+00
5.360194758810150233e+03 1.432247315847965830e+00
5.370217580921816989e+03 1.146942338137848072e+00
5.380240403033483744e+03 1.180716924069745710e+00
5.390263225145150500e+03 1.182928440146732374e+00
5.400286047256817255e+03 1.095805062627593918e+00
5.410308869368484011e+03 1.178239953377574700e+00
5.420331691480149857e+03 1.307669941649817202e+00
5.430354513591816612e+03 1.157713310870023049e+00
5.440377335703483368e+03 1.306059052443788504e+00
5.450400157815149214e+03 1.388147207841357256e+00
5.460422979926815970e+03 1.357856604297679848e+00
5.470445802038482725e+03 1.324673868414744105e+00
5.480468624150149481e+03 1.401444849648933344e+00
5.490491446261816236e+03 1.096543480004105620e+00
5.500514268373482992e+03 1.265575341374666429e+00
5.510537090485149747e+03 1.066264030137721308e+00
5.520559912596816503e+03 1.019487344206836843e+00
5.530582734708482349e+03 1.045110847142283639e+00
5.540605556820149104e+03 1.161255751058051233e+00
5.550628378931815860e+03 1.103988067139966445e+00
5.560651201043481706e+03 1.258957093432061969e+00
5.570674023155148461e+03 1.078241557895583735e+00
5.580696845266815217e+03 1.113689588199515912e+00
5.590719667378481972e+03 9.999244279251413570e-01
5.600742489490148728e+03 1.054052811890068275e+00
5.610765311601815483e+03 1.145223377362036388e+00
5.620788133713482239e+03 1.044984273042723899e+00
5.630810955825148994e+03 1.230468676451287546e+00
5.640833777936814840e+03 9.948066077971016163e-01
5.650856600048481596e+03 1.041486068554120958e+00
5.660879422160148351e+03 1.110915060148162992e+00
5.670902244271815107e+03 1.170993512431444783e+00
5.680925066383480953e+03 1.038045707025916142e+00
5.690947888495147708e+03 1.041030602156454377e+00
5.700970710606814464e+03 9.818127481800225098e-01
5.710993532718481219e+03 8.569336000641972761e-01
5.721016354830147975e+03 7.417245686189962717e-01
5.731039176941814731e+03 9.283517181330411816e-01
5.741061999053481486e+03 8.398130170515808457e-01
5.751084821165148242e+03 1.058420644140733335e+00
5.761107643276814088e+03 9.286737739116353030e-01
5.771130465388480843e+03 8.747531532266128451e-01
5.781153287500147599e+03 9.048293396299352809e-01
5.791176109611813445e+03 9.339802028283413771e-01
5.801198931723480200e+03 1.019323384401751964e+00
5.811221753835146956e+03 1.179618452736400869e+00
5.821244575946813711e+03 1.421041222847008845e+00
5.831267398058480467e+03 1.191934883763499320e+00
5.841290220170147222e+03 1.242374998263507280e+00
5.851313042281813978e+03 1.240049000633971055e+00
5.861335864393480733e+03 1.188300000923373290e+00
5.871358686505146579e+03 1.120408695250729947e+00
5.881381508616813335e+03 9.558130234295281191e-01
5.891404330728480090e+03 1.142080834034929770e+00
5.901427152840145936e+03 1.200156189203013035e+00
5.911449974951812692e+03 1.175125684445998964e+00
5.921472797063479447e+03 1.034639908197890534e+00
5.931495619175146203e+03 9.611484418854302492e-01
5.941518441286812958e+03 1.296597281448733208e+00
5.951541263398479714e+03 1.032537271356476882e+00
5.961564085510146469e+03 1.163488930001941313e+00
5.971586907621813225e+03 9.833380309856153412e-01
5.981609729733479071e+03 1.088359645720220703e+00
5.991632551845145827e+03 8.354424096773528374e-01
6.001655373956812582e+03 8.285771266439652116e-01
6.011678196068478428e+03 9.930384707610087069e-01
6.021701018180145184e+03 8.392255713956645602e-01
6.031723840291811939e+03 8.530915486529140335e-01
6.041746662403478695e+03 9.626921371854996190e-01
6.051769484515145450e+03 7.838727068887664240e-01
6.061792306626812206e+03 8.628868896250033727e-01
6.071815128738478961e+03 8.648220613985094785e-01
6.081837950850145717e+03 1.001324512088643370e+00
6.091860772961812472e+03 1.053331072998857421e+00
6.101883595073478318e+03 8.992565930552023357e-01
6.111906417185145074e+03 9.889386357755416412e-01
6.121929239296810920e+03 9.472986675525497668e-01
6.131952061408477675e+03 7.442343235192059314e-01
6.141974883520144431e+03 9.627518862677605371e-01
6.151997705631811186e+03 9.359133149900218385e-01
6.162020527743477942e+03 9.890123497909383277e-01
6.172043349855144697e+03 8.185476073540630670e-01
6.182066171966811453e+03 7.903866861888637629e-01
6.192088994078478208e+03 8.299288297636926437e-01
6.202111816190144964e+03 7.138716455436175945e-01
6.212134638301810810e+03 8.786498967678363359e-01
6.222157460413477565e+03 7.743834193196410531e-01
6.232180282525143411e+03 8.720733789574525163e-01
6.242203104636810167e+03 7.656807420438542788e-01
6.252225926748476923e+03 8.460798125938837622e-01
6.262248748860143678e+03 6.995411664852603240e-01
6.272271570971810434e+03 7.436623453049827637e-01
6.282294393083477189e+03 8.347097715532729723e-01
6.292317215195143945e+03 8.194637708211074401e-01
6.302340037306810700e+03 5.582384779153439780e-01
6.312362859418477456e+03 8.160159391883878843e-01
6.322385681530144211e+03 5.866281052532049678e-01
6.332408503641810057e+03 6.466075736940010144e-01
6.342431325753475903e+03 6.982415228554995634e-01
6.352454147865142659e+03 7.263359395041879552e-01
6.362476969976809414e+03 6.091544756441540365e-01
6.372499792088476170e+03 6.966322137213751819e-01
6.382522614200142925e+03 6.580439434487189709e-01
6.392545436311809681e+03 6.801587452585998728e-01
6.402568258423476436e+03 7.227844922147536044e-01
6.412591080535143192e+03 9.087495721868983356e-01
6.422613902646809947e+03 9.593324635541674583e-01
6.432636724758476703e+03 1.021208691605700380e+00
6.442659546870142549e+03 9.327568780238969515e-01
6.452682368981809304e+03 1.186081888053633682e+00
6.462705191093475150e+03 8.884217356502106533e-01
6.472728013205141906e+03 1.005144597946592500e+00
6.482750835316808661e+03 9.322256347662026821e-01
6.492773657428475417e+03 9.694699268501053568e-01
6.502796479540142172e+03 1.051576188368279263e+00
6.512819301651808928e+03 9.189033083864861506e-01
6.522842123763475684e+03 1.097884556207854967e+00
6.532864945875142439e+03 8.963076391321583847e-01
6.542887767986809195e+03 1.025140711113442960e+00
6.552910590098475041e+03 8.477224581482027954e-01
6.562933412210141796e+03 1.020337951420126732e+00
6.572956234321807642e+03 1.092006930581016499e+00
6.582979056433474398e+03 8.940485359013163880e-01
6.593001878545141153e+03 1.030343028914070924e+00
6.603024700656807909e+03 9.684699050527388886e-01
6.613047522768474664e+03 1.186979877639817271e+00
6.623070344880141420e+03 9.884397440122715262e-01
6.633093166991808175e+03 9.478388078549676576e-01
6.643115989103474931e+03 1.179809286194067885e+00
6.653138811215141686e+03 7.677145813513863715e-01
6.663161633326807532e+03 9.617334734616306280e-01
6.673184455438474288e+03 8.985499223193473828e-01
6.683207277550140134e+03 1.145455560987088450e+00
6.693230099661806889e+03 9.355612870395300096e-01
6.703252921773473645e+03 9.832076639603092305e-01
6.713275743885140400e+03 9.205969378992935326e-01
6.723298565996807156e+03 1.028350797753389889e+00
6.733321388108473911e+03 1.062497570087059362e+00
6.743344210220140667e+03 9.605500845374560503e-01
6.753367032331807422e+03 1.034483009457328295e+00
6.763389854443474178e+03 6.983591233607064908e-01
6.773412676555140933e+03 7.666403442536801061e-01
6.783435498666806780e+03 9.031181728944921439e-01
6.793458320778472626e+03 9.049454660429018249e-01
6.803481142890139381e+03 9.378508323370252642e-01
6.813503965001806137e+03 6.598743803823340359e-01
6.823526787113472892e+03 7.096565644283910901e-01
6.833549609225139648e+03 8.366655029114046238e-01
6.843572431336806403e+03 7.862116395592019247e-01
6.853595253448473159e+03 7.704041039398309421e-01
6.863618075560139914e+03 4.656407279871295213e-01
6.873640897671806670e+03 8.535386452219203557e-01
6.883663719783473425e+03 7.078110846516413313e-01
6.893686541895139271e+03 7.179282512274751671e-01
6.903709364006806027e+03 9.776559218430096454e-01
6.913732186118471873e+03 7.700097064479323183e-01
6.923755008230138628e+03 5.025547512653136817e-01
6.933777830341805384e+03 5.243354694769049029e-01
6.943800652453472139e+03 6.828718500994828133e-01
6.953823474565138895e+03 8.620478931859761884e-01
7.054051695681804631e+03 9.147480449119013146e-01
7.064074517793471387e+03 4.320726408718498224e-01
7.074097339905138142e+03 9.102412618049146031e-01
7.084120162016804898e+03 6.426930106621565608e-01
7.094142984128471653e+03 8.619223055319362725e-01
7.104165806240138409e+03 6.849221464418326910e-01
7.114188628351804255e+03 8.503356344858091775e-01
7.124211450463471010e+03 7.640129500937724583e-01
7.134234272575136856e+03 6.349361921505983775e-01
7.144257094686803612e+03 6.345627589567637283e-01
7.154279916798470367e+03 6.012293776628291342e-01
7.164302738910137123e+03 7.652021040831669119e-01
7.174325561021803878e+03 4.403101173997530648e-01
7.184348383133470634e+03 9.251663151786498895e-01
7.194371205245137389e+03 8.442982805232043253e-01
7.204394027356804145e+03 4.955833609640916126e-01
7.214416849468470900e+03 4.221901384577735339e-01
7.224439671580137656e+03 3.602862737935835225e-01
7.234462493691803502e+03 6.226129757486376093e-01
7.244485315803469348e+03 5.310175188715184902e-01
7.254508137915136103e+03 7.247586992313114207e-01
7.264530960026802859e+03 1.664117938295157195e+00
7.274553782138469614e+03 6.324887790450006708e-01
7.284576604250136370e+03 3.347851564969777649e-01
7.294599426361803125e+03 9.384799385338808975e-01
7.304622248473469881e+03 3.846025787086364556e-01
7.314645070585136637e+03 9.321674788551123081e-01
7.324667892696803392e+03 2.667344686201320592e-01
7.334690714808470148e+03 1.151619132166395332e+00
