3.418562880025850973e+03 4.710994550934304748e+00
3.438600095189491185e+03 4.839666538062897594e+00
3.458637310353130488e+03 4.901565748527040078e+00
3.478674525516770700e+03 4.847692021960337883e+00
3.498711740680410003e+03 4.808107293266585813e+00
3.518748955844050215e+03 4.678964889585722986e+00
3.538786171007689518e+03 4.608442474569849345e+00
3.558823386171329730e+03 4.610737498719747585e+00
3.578860601334969942e+03 4.415864335416638475e+00
3.598897816498609245e+03 4.511267348155703516e+00
3.618935031662249457e+03 4.452161220121060303e+00
3.638972246825888760e+03 4.288846287238945898e+00
3.659009461989528972e+03 4.158586929539493937e+00
3.679046677153168275e+03 3.918651030451578698e+00
3.699083892316808488e+03 3.608044490754904299e+00
3.719121107480447790e+03 3.940343953747782457e+00
3.739158322644088003e+03 4.087606143678211623e+00
3.759195537807727305e+03 3.811413934898470135e+00
3.779232752971367518e+03 3.729921304446079944e+00
3.799269968135006820e+03 3.641537008104446915e+00
3.819307183298647033e+03 3.694695092886506327e+00
3.839344398462286335e+03 3.368336192128264184e+00
3.859381613625926548e+03 3.531392205711256782e+00
3.879418828789566305e+03 3.467820163555973778e+00
3.899456043953206063e+03 3.346193266583000092e+00
3.919493259116845820e+03 3.379324539523533399e+00
3.939530474280485578e+03 3.307251778635791339e+00
3.959567689444125790e+03 3.252758649142445613e+00
3.979604904607765093e+03 3.276401455387662587e+00
3.999642119771405305e+03 3.215280524383854921e+00
4.019679334935044608e+03 3.278711441573456398e+00
4.039716550098684820e+03 3.228510260834249745e+00
4.059753765262324123e+03 3.207641644278294457e+00
4.079790980425964335e+03 3.005471445350736293e+00
4.099828195589603638e+03 2.944486060248377779e+00
4.119865410753243850e+03 2.830711062197088346e+00
4.139902625916884062e+03 2.831647711003458578e+00
4.159939841080523365e+03 2.721481733525570323e+00
4.179977056244162668e+03 2.634927623845795264e+00
4.200014271407802880e+03 2.545086430958176660e+00
4.220051486571443093e+03 2.506973814440133896e+00
4.240088701735082395e+03 2.446844688900442488e+00
4.260125916898721698e+03 2.445672324630278727e+00
4.280163132062361910e+03 2.392684274510374465e+00
4.300200347226002123e+03 2.412214930026013615e+00
4.320237562389641425e+03 2.489865233582581272e+00
4.340274777553280728e+03 2.485127213283726988e+00
4.360311992716920940e+03 2.492596439117875207e+00
4.380349207880561153e+03 2.381391614520643074e+00
4.400386423044201365e+03 2.442743189111669988e+00
4.420423638207840668e+03 2.328041812804073185e+00
4.440460853371479971e+03 2.237826695816009348e+00
4.460498068535120183e+03 2.260805720214556835e+00
4.480535283698760395e+03 2.202030785720220152e+00
4.500572498862399698e+03 2.111827334048277383e+00
4.520609714026039001e+03 2.105488439307182880e+00
4.540646929189679213e+03 1.975319424409211377e+00
4.560684144353319425e+03 2.028631313848388018e+00
4.580721359516958728e+03 2.038654863522299632e+00
4.600758574680598031e+03 2.103645065766231337e+00
4.620795789844238243e+03 2.178934347378976177e+00
4.640833005007878455e+03 2.216564121247140751e+00
4.660870220171518667e+03 2.311129767163777604e+00
4.680907435335157061e+03 2.247159963088150025e+00
4.700944650498797273e+03 2.176944269808111176e+00
4.720981865662437485e+03 2.128235298555539501e+00
4.741019080826077698e+03 2.012792096900484662e+00
4.761056295989716091e+03 1.995181780652813375e+00
4.781093511153356303e+03 1.954450047071769392e+00
4.801130726316996515e+03 1.905940210373198829e+00
4.821167941480636728e+03 1.839539519253937216e+00
4.841205156644276030e+03 1.805763610800802166e+00
4.861242371807915333e+03 1.855922251175240900e+00
4.881279586971555545e+03 1.725261137452641869e+00
4.901316802135195758e+03 1.742921475083027527e+00
4.921354017298835061e+03 1.747174116793715815e+00
4.941391232462474363e+03 1.774553437909722531e+00
4.961428447626114576e+03 1.884130760712698915e+00
4.981465662789754788e+03 1.775075397407681610e+00
5.001502877953395000e+03 2.171411613246968741e+00
5.021540093117033393e+03 1.774980806909569608e+00
5.041577308280673606e+03 1.780929484146724695e+00
5.061614523444313818e+03 1.786962861722671381e+00
5.081651738607954030e+03 1.772540410097358299e+00
5.101688953771593333e+03 1.744763453857921531e+00
5.121726168935232636e+03 1.711821108319782736e+00
5.141763384098872848e+03 1.727758656274771987e+00
5.161800599262513060e+03 1.702810539194685502e+00
5.181837814426152363e+03 1.695240319618249947e+00
5.201875029589791666e+03 1.693328285548172829e+00
5.221912244753431878e+03 1.644921534740975799e+00
5.241949459917072090e+03 1.636395329828730150e+00
5.261986675080712303e+03 1.602697464876383204e+00
5.282023890244350696e+03 1.552648884223607917e+00
5.302061105407990908e+03 1.531205243661033943e+00
5.322098320571631120e+03 1.520362966311106012e+00
5.342135535735271333e+03 1.524732768370661962e+00
5.362172750898909726e+03 1.533955785725767740e+00
5.382209966062549938e+03 1.492057964321820807e+00
5.402247181226190150e+03 1.470275395607165470e+00
5.422284396389830363e+03 1.445622651939078462e+00
5.442321611553469666e+03 1.428599658998718436e+00
5.462358826717108968e+03 1.410889363384075335e+00
5.482396041880749181e+03 1.389356077403049783e+00
5.502433257044389393e+03 1.369852619825540740e+00
5.522470472208029605e+03 1.360678482680920620e+00
5.542507687371667998e+03 1.356247437711729065e+00
5.562544902535308211e+03 1.358875937746392371e+00
5.582582117698948423e+03 1.347169793018936135e+00
5.602619332862588635e+03 1.333873234594674217e+00
5.622656548026227028e+03 1.328311985329343692e+00
5.642693763189867241e+03 1.302094948128808882e+00
5.662730978353507453e+03 1.306966929367683772e+00
5.682768193517147665e+03 1.302046321512152049e+00
5.702805408680786059e+03 1.335205299578473115e+00
5.722842623844426271e+03 1.333993628264858122e+00
5.742879839008066483e+03 1.310663883601193458e+00
5.762917054171706695e+03 1.354905799560896185e+00
5.782954269335345089e+03 1.386422694187809945e+00
5.802991484498985301e+03 1.413319933435423836e+00
5.823028699662625513e+03 1.370432905904105159e+00
5.843065914826265725e+03 1.352252447331018681e+00
5.863103129989905938e+03 1.350765499916330104e+00
5.883140345153544331e+03 1.281114560092845966e+00
5.903177560317184543e+03 1.292272625157985022e+00
5.923214775480824756e+03 1.273009067342443679e+00
5.943251990644464968e+03 1.251421005094415007e+00
5.963289205808103361e+03 1.237861660065143754e+00
5.983326420971743573e+03 1.188047526907018536e+00
6.003363636135383786e+03 1.176735593786304435e+00
6.023400851299023998e+03 1.168734011107219528e+00
6.043438066462662391e+03 1.132843827505604750e+00
6.063475281626302603e+03 1.138705205067223281e+00
6.083512496789942816e+03 1.124622822766221386e+00
6.103549711953583028e+03 1.110308338713485110e+00
6.123586927117221421e+03 1.108839713452921316e+00
6.143624142280861633e+03 1.122068308731086539e+00
6.163661357444501846e+03 1.103902938990808824e+00
6.183698572608142058e+03 1.130872389081150065e+00
6.203735787771782270e+03 1.102559652480089136e+00
6.223773002935420664e+03 1.105015581914309486e+00
6.243810218099060876e+03 1.037965658894301146e+00
6.263847433262701088e+03 9.883677144751580324e-01
6.283884648426341300e+03 9.614222607008591215e-01
6.303921863589979694e+03 9.299215960789830593e-01
6.323959078753619906e+03 8.840810563222701868e-01
6.343996293917260118e+03 9.264831490546228121e-01
6.364033509080900330e+03 9.266660853028143574e-01
6.384070724244538724e+03 9.410426047459008458e-01
6.404107939408178936e+03 9.533331881508664285e-01
6.424145154571819148e+03 9.769141809003335508e-01
6.444182369735459361e+03 1.003576338668725754e+00
6.464219584899099573e+03 1.120660799583243827e+00
6.484256800062737966e+03 1.144130781634189686e+00
6.504294015226378178e+03 1.207287944285689640e+00
6.524331230390018391e+03 1.207049692883608749e+00
6.544368445553658603e+03 1.233692767716389804e+00
6.564405660717296996e+03 1.758246784137033947e+00
6.584442875880937208e+03 1.253301973920474266e+00
6.604480091044577421e+03 1.230606847813176419e+00
6.624517306208217633e+03 1.165387269951169813e+00
6.644554521371856026e+03 1.162155533596443524e+00
6.664591736535496239e+03 1.135649209235798374e+00
6.684628951699136451e+03 1.057966477368383451e+00
6.704666166862776663e+03 1.089752308250652835e+00
6.724703382026415056e+03 1.157923623181252859e+00
6.744740597190055269e+03 1.013774804685995568e+00
6.764777812353695481e+03 9.848831133739711641e-01
6.784815027517335693e+03 9.745328714502135004e-01
6.804852242680975905e+03 9.592563792082350327e-01
6.824889457844614299e+03 9.415388878687021013e-01
6.844926673008254511e+03 9.186425033590880362e-01
6.864963888171894723e+03 9.021253667085635808e-01
6.885001103335534935e+03 9.220478563888004908e-01
6.905038318499173329e+03 8.860160406338464245e-01
6.925075533662813541e+03 8.804738426048981381e-01
6.945112748826453753e+03 8.989060564514445018e-01
6.965149963990093966e+03 9.256558625868872570e-01
6.985187179153732359e+03 9.163107398032537265e-01
7.005224394317372571e+03 9.785460888873630525e-01
7.025261609481012783e+03 9.890518472265822369e-01
7.045298824644652996e+03 9.239699074151122016e-01
7.065336039808291389e+03 9.261519238150884847e-01
7.085373254971931601e+03 9.512730235855892946e-01
7.105410470135571813e+03 9.643352296128867573e-01
7.125447685299212026e+03 9.879547369250906153e-01
7.145484900462852238e+03 9.616009809516483653e-01
7.165522115626490631e+03 9.519427965864623031e-01
7.185559330790130844e+03 9.964236613312744684e-01
7.205596545953771056e+03 9.422153494068075119e-01
7.225633761117411268e+03 9.422111017101765240e-01
7.245670976281049661e+03 8.972283113798741327e-01
7.265708191444689874e+03 8.858616970898428589e-01
7.285745406608330086e+03 8.915730422025460733e-01
7.305782621771970298e+03 8.621486136548421886e-01
7.325819836935608691e+03 8.553888799549896893e-01
7.345857052099248904e+03 8.266264897963828684e-01
7.365894267262889116e+03 7.961809022988883822e-01
7.385931482426529328e+03 7.925732130930874808e-01
7.405968697590167722e+03 5.647532980590657115e-01
7.426005912753807934e+03 6.499325804956739283e-01
7.446043127917448146e+03 6.640471058144659100e-01
7.466080343081088358e+03 6.715014647104058376e-01
7.486117558244728571e+03 6.865031563397395731e-01
7.506154773408366964e+03 6.589068540040358135e-01
7.526191988572007176e+03 7.063206581748872059e-01
7.546229203735647388e+03 6.670290839471335609e-01
7.566266418899286691e+03 6.703659032446347421e-01
7.586303634062925994e+03 6.637367703665721930e-01
7.606340849226566206e+03 6.552444202304603671e-01
7.626378064390206418e+03 6.619452250643645952e-01
7.646415279553846631e+03 6.501016324817430192e-01
7.666452494717485934e+03 6.480875902940639310e-01
7.686489709881125236e+03 6.514068165196980065e-01
7.706526925044765449e+03 5.935954434768043741e-01
7.726564140208405661e+03 6.312561557920720601e-01
7.746601355372044964e+03 6.909513505915979570e-01
7.766638570535684266e+03 6.492131031043719691e-01
7.786675785699324479e+03 6.368563317101110233e-01
7.806713000862964691e+03 6.243858551828983527e-01
7.826750216026603994e+03 6.260457852880012553e-01
7.846787431190243296e+03 6.310898299396614508e-01
7.866824646353883509e+03 6.465387659851682400e-01
7.886861861517523721e+03 5.749295112178657297e-01
7.906899076681163933e+03 5.935809886285674519e-01
7.926936291844803236e+03 6.416279531912706391e-01
7.946973507008442539e+03 6.347154292096156558e-01
7.967010722172082751e+03 6.387738814459629211e-01
7.987047937335722963e+03 6.417910457223651166e-01
8.007085152499362266e+03 5.971630648576677913e-01
8.027122367663001569e+03 6.065468607001808232e-01
8.047159582826641781e+03 6.223691819592462871e-01
8.067196797990281993e+03 6.419859642789635945e-01
8.087234013153921296e+03 5.719908976299089565e-01
8.107271228317560599e+03 5.750825867927257251e-01
8.127308443481200811e+03 6.133772202813313479e-01
8.147345658644841023e+03 5.068085663614950720e-01
8.167382873808480326e+03 5.542496635681620765e-01
8.187420088972119629e+03 5.911249006982040033e-01
8.207457304135759841e+03 5.626639385042573327e-01
8.227494519299400054e+03 5.073971576379497916e-01
8.247531734463040266e+03 4.751127929876488576e-01
8.267568949626678659e+03 5.106247889425736819e-01
8.287606164790318871e+03 5.411456779575832821e-01
8.307643379953959084e+03 5.525696995505905429e-01
8.327680595117599296e+03 4.870001305057241603e-01
8.347717810281239508e+03 4.999941514923251784e-01
8.367755025444877901e+03 5.631836790562150252e-01
8.387792240608518114e+03 5.079235233286827356e-01
8.407829455772158326e+03 5.112544624192807419e-01
8.427866670935796719e+03 5.628505518629652871e-01
8.447903886099436932e+03 5.080203010735673264e-01
8.467941101263077144e+03 5.017281468450280890e-01
8.487978316426717356e+03 5.118693006570077531e-01
8.508015531590357568e+03 4.940814687292340857e-01
8.528052746753995962e+03 5.394665698191835057e-01
8.548089961917636174e+03 5.330812357082047592e-01
8.568127177081276386e+03 5.263203608361229913e-01
8.588164392244916598e+03 5.286489069202553459e-01
8.608201607408554992e+03 5.599259810332738452e-01
8.628238822572195204e+03 5.363619790703307855e-01
8.648276037735835416e+03 4.487504306736444515e-01
8.668313252899475629e+03 4.864891072416285822e-01
8.688350468063115841e+03 5.621031791505044506e-01
8.708387683226754234e+03 5.286073967804172380e-01
8.728424898390394446e+03 5.282138350078610101e-01
8.748462113554034659e+03 5.159882191718899724e-01
8.768499328717673052e+03 5.330611383972787554e-01
8.788536543881313264e+03 5.809110922542967126e-01
8.808573759044953476e+03 5.008558474726949594e-01
8.828610974208593689e+03 5.050992013094064426e-01
8.848648189372233901e+03 5.468831115354159111e-01
8.868685404535872294e+03 5.735524333294692578e-01
8.888722619699512506e+03 5.749027887681645854e-01
8.908759834863152719e+03 5.270428338045266559e-01
8.928797050026792931e+03 5.161123850502761234e-01
8.948834265190431324e+03 5.038026077623992682e-01
8.968871480354071537e+03 4.829198850497213868e-01
8.988908695517711749e+03 4.470729867447457151e-01
9.008945910681351961e+03 4.823266656858926082e-01
9.028983125844992173e+03 5.052539886426101745e-01
9.049020341008630567e+03 5.376451638436443581e-01
9.069057556172270779e+03 4.940987765080440686e-01
9.089094771335910991e+03 8.624103541853078703e-01
9.109131986499549384e+03 7.795669245050221852e-01
9.129169201663189597e+03 4.432029230239073470e-01
9.149206416826829809e+03 5.333894156085543514e-01
9.169243631990470021e+03 5.312781518867903952e-01
9.189280847154110234e+03 6.313879611845482076e-01
9.209318062317750446e+03 6.476778143660840703e-01
9.229355277481388839e+03 5.052049340863675742e-01
9.249392492645029051e+03 5.172778864374502072e-01
9.269429707808669264e+03 5.441992646476351281e-01
9.289466922972307657e+03 5.013869838973308291e-01
9.309504138135947869e+03 4.243464467019155695e-01
9.329541353299588081e+03 4.691481393392847865e-01
9.349578568463228294e+03 5.359208843045042414e-01
9.369615783626868506e+03 5.071088373043115549e-01
9.389652998790506899e+03 4.540454222684354724e-01
9.409690213954147112e+03 4.049847797738888033e-01
9.429727429117787324e+03 4.184248564555907435e-01
9.449764644281425717e+03 4.228811340107395678e-01
9.469801859445065929e+03 5.177056358280404114e-01
9.489839074608706142e+03 4.004411708439751805e-01
9.509876289772346354e+03 4.205945894044885169e-01
9.529913504935986566e+03 2.676450823766268750e-01
9.549950720099626778e+03 3.626288252687484559e-01
9.569987935263265172e+03 3.356110021555793188e-01
9.590025150426905384e+03 3.642994221642718577e-01
9.610062365590545596e+03 2.420687975331914099e-01
9.630099580754183989e+03 3.159139415394585093e-01
9.650136795917824202e+03 3.399684890648280722e-01
9.670174011081464414e+03 3.941638518544160474e-01
9.690211226245104626e+03 5.836920021800193759e-01
9.710248441408744839e+03 3.204067049067140793e-01
9.730285656572383232e+03 2.602874061278857010e-01
