3.126952995334681873e+03 8.500575149817249709e+00
3.146965749164374301e+03 9.021456798827436785e+00
3.166978502994066730e+03 9.111170893708605334e+00
3.186991256823759613e+03 9.157734837381028115e+00
3.207004010653452497e+03 9.126217555056680197e+00
3.227016764483144470e+03 8.964405647600139915e+00
3.247029518312837354e+03 9.161719141356982732e+00
3.267042272142530237e+03 9.729030223195234583e+00
3.287055025972222666e+03 9.915861147702184297e+00
3.307067779801915094e+03 1.011799847863596824e+01
3.327080533631607977e+03 1.012092061077200000e+01
3.347093287461300861e+03 1.015621811165327770e+01
3.367106041290992835e+03 1.028423532904135485e+01
3.387118795120685718e+03 1.066286016438152906e+01
3.407131548950378601e+03 1.106606801610419488e+01
3.427144302780071030e+03 1.095140911705226472e+01
3.447157056609763458e+03 1.101439729865117911e+01
3.467169810439456342e+03 1.129033006178222109e+01
3.487182564269149225e+03 1.119501289448783865e+01
3.507195318098841199e+03 1.133212118963246162e+01
3.527208071928534082e+03 1.139696469322250749e+01
3.547220825758226965e+03 1.132850331174975445e+01
3.567233579587918939e+03 1.115837028516298979e+01
3.587246333417611822e+03 1.098276405870238825e+01
3.607259087247304706e+03 1.119056012170912240e+01
3.627271841076997134e+03 1.146598267129260407e+01
3.647284594906689563e+03 1.160782203751461239e+01
3.667297348736382446e+03 1.134441269782370831e+01
3.687310102566075329e+03 1.123861296127943099e+01
3.707322856395767303e+03 1.059889793873726838e+01
3.727335610225460186e+03 1.012597636319783234e+01
3.747348364055153070e+03 9.380461604111394180e+00
3.767361117884845498e+03 9.321972578340972149e+00
3.787373871714537927e+03 9.433013599510195135e+00
3.807386625544230810e+03 1.008061374051466608e+01
3.827399379373923693e+03 1.052765357427781723e+01
3.847412133203615667e+03 1.114696005491753183e+01
3.867424887033308551e+03 1.137293827343735586e+01
3.887437640863001434e+03 1.154270023562589564e+01
3.907450394692693408e+03 1.125670235069296332e+01
3.927463148522386291e+03 1.102590029499619639e+01
3.947475902352079174e+03 1.109190337483070188e+01
3.967488656181772058e+03 1.138128722239744661e+01
3.987501410011464031e+03 1.156477856732035825e+01
4.007514163841156915e+03 1.174372437336499786e+01
4.027526917670849798e+03 1.163351824709178395e+01
4.047539671500541772e+03 1.132748288465463204e+01
4.067552425330234655e+03 1.048368244308799824e+01
4.087565179159927538e+03 1.006345201209669860e+01
4.107577932989619512e+03 9.678008868439118118e+00
4.127590686819312396e+03 9.022384459823001635e+00
4.147603440649005279e+03 8.600382196330174978e+00
4.167616194478698162e+03 8.581379060836008321e+00
4.187628948308390136e+03 8.398142822686876841e+00
4.207641702138083019e+03 8.479786266906621961e+00
4.227654455967775903e+03 8.670759197758771464e+00
4.247667209797467876e+03 8.678843763335127193e+00
4.267679963627160760e+03 8.614965027180469193e+00
4.287692717456853643e+03 8.572357557654131099e+00
4.307705471286546526e+03 8.227369710013171300e+00
4.327718225116238500e+03 8.616616263752574056e+00
4.347730978945931383e+03 8.942716933523811917e+00
4.367743732775624267e+03 8.990677006994564735e+00
4.387756486605316240e+03 9.069537468227611754e+00
4.407769240435009124e+03 9.359635614760941635e+00
4.427781994264702007e+03 9.666876936492327488e+00
4.447794748094394890e+03 9.911640290172361034e+00
4.467807501924086864e+03 1.025807528896640086e+01
4.487820255753779747e+03 1.055956511252527896e+01
4.507833009583472631e+03 1.072733260357334828e+01
4.527845763413164605e+03 1.072097812575372444e+01
4.547858517242857488e+03 1.062570734150911811e+01
4.567871271072550371e+03 1.052310803539954343e+01
4.587884024902242345e+03 1.016813855544629774e+01
4.607896778731935228e+03 9.847585298428544576e+00
4.627909532561628112e+03 9.511215421436389761e+00
4.647922286391320995e+03 8.875633128629473845e+00
4.667935040221012969e+03 8.738399599250449512e+00
4.687947794050705852e+03 8.299217054119742087e+00
4.707960547880398735e+03 8.030891111152339334e+00
4.727973301710090709e+03 7.861592979461586417e+00
4.747986055539783592e+03 7.688806842427504229e+00
4.767998809369476476e+03 7.553368337074898520e+00
4.788011563199169359e+03 7.332172210987217831e+00
4.808024317028861333e+03 7.117237796619604318e+00
4.828037070858554216e+03 7.299458245978589943e+00
4.848049824688247099e+03 8.329866973413237119e+00
4.868062578517939073e+03 8.826411436204754324e+00
4.888075332347631957e+03 8.489805005658732640e+00
4.908088086177324840e+03 8.175754652219891838e+00
4.928100840007016814e+03 7.827209224660940379e+00
4.948113593836709697e+03 7.577932800237481281e+00
4.968126347666402580e+03 7.361407447262473092e+00
4.988139101496095464e+03 7.446242045306964208e+00
5.008151855325787437e+03 7.699294049982374766e+00
5.028164609155480321e+03 7.706191209484406279e+00
5.048177362985173204e+03 7.730931928236145723e+00
5.068190116814865178e+03 7.758664353698584648e+00
5.088202870644558061e+03 7.810256219966975166e+00
5.108215624474250944e+03 7.842251247704039585e+00
5.128228378303943828e+03 7.840433032152731130e+00
5.148241132133635801e+03 7.951872947550048032e+00
5.168253885963328685e+03 8.149307037236313889e+00
5.188266639793021568e+03 8.189753056642981477e+00
5.208279393622713542e+03 8.408806285830905836e+00
5.228292147452406425e+03 8.523488376407724942e+00
5.248304901282099308e+03 8.620493886714040599e+00
5.268317655111791282e+03 8.560186645392308336e+00
5.288330408941484166e+03 8.485686190838420018e+00
5.308343162771177049e+03 8.334876342789291570e+00
5.328355916600869932e+03 8.240449730050649180e+00
5.348368670430561906e+03 8.054704168908514816e+00
5.368381424260254789e+03 7.750505575242583767e+00
5.388394178089947673e+03 7.601894283752945292e+00
5.408406931919639646e+03 7.439052672591328630e+00
5.428419685749332530e+03 7.329379951390564862e+00
5.448432439579025413e+03 7.098638193658509898e+00
5.468445193408718296e+03 7.167748937828159583e+00
5.488457947238410270e+03 6.997031484814189461e+00
5.508470701068103153e+03 6.799908161561439179e+00
5.528483454897796037e+03 6.592098183639771847e+00
5.548496208727488010e+03 6.335024768548581875e+00
5.568508962557180894e+03 6.085474684131431999e+00
5.588521716386873777e+03 5.909084584129575823e+00
5.608534470216566660e+03 5.702833076680457580e+00
5.628547224046258634e+03 5.371611718213696207e+00
5.648559977875951517e+03 5.328011651422104755e+00
5.668572731705644401e+03 5.295710495556503972e+00
5.688585485535336375e+03 5.313623629380878732e+00
5.708598239365029258e+03 5.365461325813095428e+00
5.728610993194722141e+03 5.398731887419062403e+00
5.748623747024415024e+03 5.421148815376908736e+00
5.768636500854106998e+03 5.425545928495890458e+00
5.788649254683799882e+03 5.426993079648973151e+00
5.808662008513491855e+03 5.495278205532570404e+00
5.828674762343184739e+03 5.596745765227555403e+00
5.848687516172877622e+03 5.589639882001521620e+00
5.868700270002570505e+03 5.645475797324626122e+00
5.888713023832263389e+03 5.713241433050706419e+00
5.908725777661955362e+03 5.773622887252082947e+00
5.928738531491648246e+03 5.731623035677841926e+00
5.948751285321340220e+03 5.697999962893559811e+00
5.968764039151033103e+03 5.680392957197722303e+00
5.988776792980725986e+03 5.629464368541160724e+00
6.008789546810418869e+03 5.549295905304365562e+00
6.028802300640110843e+03 5.459544703983375769e+00
6.048815054469803727e+03 5.409794244791183537e+00
6.068827808299496610e+03 5.357135568377892731e+00
6.088840562129188584e+03 5.255886009016864868e+00
6.108853315958881467e+03 5.178955082654595365e+00
6.128866069788574350e+03 4.999545446112172442e+00
6.148878823618267234e+03 5.053108591996141818e+00
6.168891577447959207e+03 5.030826174882650825e+00
6.188904331277652091e+03 4.912929738956195891e+00
6.208917085107344974e+03 4.837139835618471828e+00
6.228929838937036948e+03 4.838262305423106646e+00
6.248942592766729831e+03 4.763761850869218328e+00
6.268955346596422714e+03 4.567784188945991808e+00
6.288968100426115598e+03 4.550868290691849616e+00
6.308980854255807571e+03 4.784671329709271781e+00
6.328993608085500455e+03 4.935778029276980838e+00
6.349006361915193338e+03 5.260264568915935968e+00
6.369019115744885312e+03 5.624649807974174465e+00
6.389031869574578195e+03 6.014805469489229672e+00
6.409044623404271078e+03 6.377205514016957899e+00
6.429057377233963962e+03 6.644051837696432372e+00
6.449070131063655936e+03 6.737035937586968615e+00
6.469082884893348819e+03 6.725226813113414970e+00
6.489095638723041702e+03 6.694140893152007443e+00
6.509108392552733676e+03 6.848781981112822770e+00
6.529121146382426559e+03 7.493858884209355864e+00
6.549133900212119443e+03 8.186691775357614276e+00
6.569146654041812326e+03 8.598503682814152782e+00
6.589159407871504300e+03 8.480157331304848611e+00
6.609172161701197183e+03 8.244958162489099962e+00
6.629184915530889157e+03 8.115298985138872823e+00
6.649197669360582040e+03 7.901723594129760997e+00
6.669210423190274923e+03 7.605651310784987018e+00
6.689223177019967807e+03 7.308938941353271268e+00
6.709235930849660690e+03 6.599264364830516705e+00
6.729248684679352664e+03 6.513747935954285140e+00
6.749261438509045547e+03 6.286053544592664188e+00
6.769274192338737521e+03 6.064490992411733394e+00
6.789286946168430404e+03 5.849589046178964580e+00
6.809299699998123288e+03 5.613452939757695326e+00
6.829312453827816171e+03 5.395239243770755699e+00
6.849325207657508145e+03 5.248900721720254126e+00
6.869337961487201028e+03 5.125002319152488717e+00
6.889350715316893911e+03 5.043794875600660532e+00
6.909363469146585885e+03 4.984665763743297617e+00
6.929376222976278768e+03 4.927011632868884661e+00
6.949388976805971652e+03 4.807575279689790371e+00
6.969401730635664535e+03 4.763641254939794401e+00
6.989414484465356509e+03 4.611203361843448256e+00
7.009427238295049392e+03 4.541382957012189969e+00
7.029439992124742275e+03 4.653045511048442329e+00
7.049452745954434249e+03 4.570720235996957648e+00
7.069465499784127132e+03 4.530751962003005673e+00
7.089478253613820016e+03 4.516521642331027486e+00
7.109491007443512899e+03 4.494860758084566754e+00
7.129503761273204873e+03 4.491349561216348540e+00
7.149516515102897756e+03 4.486354106755227278e+00
7.169529268932590639e+03 4.432048832074806377e+00
7.189542022762282613e+03 4.409849904450917180e+00
7.209554776591975497e+03 4.373021762926955880e+00
7.229567530421668380e+03 4.312269244327353590e+00
7.249580284251360354e+03 4.299133564630141180e+00
7.269593038081053237e+03 4.268483645336648813e+00
7.289605791910746120e+03 4.221608935230709569e+00
7.309618545740439004e+03 4.151718955824783563e+00
7.329631299570130977e+03 4.152372956826657635e+00
7.349644053399823861e+03 4.020686840201117107e+00
7.369656807229516744e+03 3.906259856398078156e+00
7.389669561059208718e+03 3.806415703445332976e+00
7.409682314888901601e+03 1.372279634130503467e+00
7.429695068718594484e+03 2.351156793261470312e+00
7.449707822548287368e+03 2.976066346314403255e+00
7.469720576377979341e+03 3.532686135178760178e+00
7.489733330207672225e+03 3.677313122692443592e+00
7.509746084037365108e+03 3.747657655986196268e+00
7.529758837867057082e+03 3.823809347112191670e+00
7.549771591696749965e+03 3.835316981762184607e+00
7.569784345526442848e+03 3.764466873225848165e+00
7.589797099356135732e+03 3.606495482290951848e+00
7.609809853185827706e+03 3.477717582886509895e+00
7.629822607015520589e+03 3.500315404738492564e+00
7.649835360845212563e+03 3.575140540640828313e+00
7.669848114674905446e+03 3.655281174047756210e+00
7.689860868504598329e+03 3.643880220412252680e+00
7.709873622334291213e+03 3.627599769940073049e+00
7.729886376163984096e+03 3.782639752128982291e+00
7.749899129993676070e+03 3.951738436705690471e+00
7.769911883823368953e+03 4.056309022430843569e+00
7.789924637653060927e+03 4.120957717211823024e+00
7.809937391482753810e+03 4.117284179669381317e+00
7.829950145312446693e+03 4.135814208055808017e+00
7.849962899142139577e+03 4.137293827343735408e+00
7.869975652971832460e+03 4.123749976808475104e+00
7.889988406801524434e+03 4.066100484239040469e+00
7.910001160631217317e+03 4.015436278966213912e+00
7.930013914460909291e+03 3.840971075530157819e+00
7.950026668290602174e+03 3.791907085474684358e+00
7.970039422120295058e+03 3.779722258297927517e+00
7.990052175949987941e+03 3.734911593907122906e+00
8.010064929779680824e+03 3.592478524647952920e+00
8.030077683609372798e+03 3.592232694484128075e+00
8.050090437439065681e+03 3.473645151115976049e+00
8.070103191268757655e+03 3.308558600345089751e+00
8.090115945098450538e+03 3.265097682702833293e+00
8.110128698928143422e+03 3.110716339820776000e+00
8.130141452757836305e+03 3.048572329727824215e+00
8.150154206587528279e+03 3.045696580641570339e+00
8.170166960417221162e+03 3.068976233325293901e+00
8.190179714246914045e+03 3.115345368188649378e+00
8.210192468076606019e+03 3.169632089649159212e+00
8.230205221906298902e+03 3.159066030909664313e+00
8.250217975735991786e+03 3.137813317501252364e+00
8.270230729565684669e+03 3.113610642126940942e+00
8.290243483395377552e+03 3.165596764318447498e+00
8.310256237225068617e+03 3.289467337056346086e+00
8.330268991054763319e+03 3.373624742574073743e+00
8.350281744884454383e+03 3.434701942522125240e+00
8.370294498714147267e+03 3.475259281248261001e+00
8.390307252543840150e+03 3.557194938681608409e+00
8.410320006373533033e+03 3.666700680903170806e+00
8.430332760203225916e+03 3.712944581532124921e+00
8.450345514032916981e+03 3.724340896862650574e+00
8.470358267862609864e+03 3.671515241470157065e+00
8.490371021692302747e+03 3.742750329319653790e+00
8.510383775521995631e+03 3.768149687378244739e+00
8.530396529351688514e+03 3.817839848605725894e+00
8.550409283181381397e+03 3.857195866342603807e+00
8.570422037011074281e+03 3.891343067589380311e+00
8.590434790840765345e+03 3.917396426649844887e+00
8.610447544670458228e+03 3.964962244197480778e+00
8.630460298500151112e+03 3.974582088721497541e+00
8.650473052329843995e+03 3.972355702332139860e+00
8.670485806159536878e+03 3.955880443050891593e+00
8.690498559989229761e+03 3.924414182081300329e+00
8.710511313818922645e+03 3.926083971873318923e+00
8.730524067648613709e+03 3.855934247388634883e+00
8.750536821478306592e+03 3.823141431195383966e+00
8.770549575307999476e+03 3.835748344125123666e+00
8.790562329137692359e+03 3.873198018516113450e+00
8.810575082967385242e+03 3.917855618842650767e+00
8.830587836797078126e+03 3.836175068183083514e+00
8.850600590626771009e+03 3.723946640939535424e+00
8.870613344456462073e+03 3.703153119723928466e+00
8.890626098286154956e+03 3.494897864524388442e+00
8.910638852115847840e+03 3.498497189187183221e+00
8.930651605945540723e+03 3.392660346203083765e+00
8.950664359775233606e+03 3.354923096903468238e+00
8.970677113604924671e+03 3.322918792556448064e+00
8.990689867434619373e+03 3.264986363383365120e+00
9.010702621264310437e+03 3.223422512477040591e+00
9.030715375094003321e+03 3.106013098573257913e+00
9.050728128923696204e+03 2.977838178815933379e+00
9.070740882753389087e+03 2.767509601291303856e+00
9.090753636583081970e+03 2.252291322659047523e+00
9.110766390412773035e+03 2.345980444906213602e+00
9.130779144242467737e+03 2.147980482012653347e+00
9.150791898072158801e+03 2.924646097330191985e+00
9.170804651901851685e+03 2.908115178389210076e+00
9.190817405731544568e+03 2.401213380582199797e+00
9.210830159561237451e+03 2.742778159149521056e+00
9.230842913390930335e+03 2.802579825228668220e+00
9.250855667220621399e+03 2.835562811926009896e+00
9.270868421050316101e+03 2.900730996864505862e+00
9.290881174880007165e+03 2.841448820942874764e+00
9.310893928709700049e+03 2.678676784355924934e+00
9.330906682539392932e+03 2.915480806694001892e+00
9.350919436369085815e+03 2.624937382882799763e+00
9.370932190198778699e+03 2.737017384367057105e+00
9.390944944028469763e+03 2.844978571031002268e+00
9.410957697858164465e+03 2.754132729735245366e+00
9.430970451687855530e+03 2.828238928366018090e+00
9.450983205517548413e+03 2.759902781127665072e+00
9.470995959347241296e+03 2.723584853151264085e+00
9.491008713176934180e+03 2.698974006938904324e+00
9.511021467006627063e+03 2.694516595855210639e+00
9.531034220836318127e+03 2.724679493126032082e+00
9.551046974666012829e+03 2.708463978923542292e+00
9.571059728495703894e+03 2.625939256758010654e+00
9.591072482325396777e+03 2.615336091578693622e+00
9.611085236155089660e+03 2.579277908681051557e+00
9.631097989984782544e+03 2.570492959053043869e+00
9.651110743814475427e+03 2.557148555631830078e+00
9.671123497644166491e+03 2.525167442809699736e+00
9.691136251473861194e+03 2.477995881185179883e+00
9.711149005303552258e+03 2.463069815766526283e+00
9.731161759133245141e+03 2.464683945898810791e+00
9.751174512962938024e+03 2.409673648861760498e+00
9.771187266792630908e+03 2.382632330841017332e+00
9.791200020622323791e+03 2.360855488970110994e+00
9.811212774452014855e+03 2.370377929089593660e+00
9.831225528281709558e+03 2.314402864617154609e+00
9.851238282111400622e+03 2.313452012096699484e+00
9.871251035941093505e+03 2.286062821202619499e+00
9.891263789770786389e+03 2.222787064695077586e+00
9.911276543600479272e+03 2.074676710143045000e+00
9.931289297430172155e+03 2.115238687174159082e+00
9.951302051259863219e+03 2.002128981984823142e+00
9.971314805089557922e+03 2.017695133490417181e+00
9.991327558919248986e+03 2.054648509248780286e+00
1.001134031274894187e+04 2.048479563628267996e+00
1.003135306657863475e+04 2.029355832204679189e+00
1.005136582040832764e+04 2.037681589639881885e+00
1.007137857423802052e+04 2.028636894933115276e+00
1.009139132806771158e+04 2.020093137163954555e+00
1.011140408189740447e+04 2.001679066401974350e+00
1.013141683572709735e+04 1.986451511159761818e+00
1.015142958955679023e+04 1.941849570492959032e+00
1.017144234338648312e+04 1.935509007588267050e+00
1.019145509721617600e+04 1.988863429748232825e+00
1.021146785104586888e+04 2.033748307018683477e+00
1.023148060487555995e+04 1.977058943579658390e+00
1.025149335870525283e+04 1.912289652869255674e+00
1.027150611253494571e+04 1.878453218055993856e+00
1.029151886636463860e+04 1.830330803911018656e+00
1.031153162019433148e+04 1.777430935638880438e+00
1.033154437402402436e+04 1.742063860182934798e+00
1.035155712785371725e+04 1.687123137720551336e+00
1.037156988168340831e+04 1.674196181747342305e+00
1.039158263551310120e+04 1.712735857808122653e+00
1.041159538934279408e+04 1.737657470453997544e+00
1.043160814317248696e+04 1.739345813465927204e+00
1.045162089700217985e+04 1.794008237629640679e+00
1.047163365083187091e+04 1.800743056457448255e+00
1.049164640466156561e+04 1.821870535631458843e+00
1.051165915849125668e+04 1.861936214029945136e+00
1.053167191232094956e+04 1.874728659158797273e+00
1.055168466615064244e+04 1.909571606152247858e+00
1.057169741998033533e+04 1.927596059296090791e+00
1.059171017381002821e+04 1.953589120391844070e+00
1.061172292763971927e+04 1.939163991910796137e+00
1.063173568146941398e+04 1.839431158277519351e+00
1.065174843529910504e+04 1.850354366500306380e+00
1.067176118912879792e+04 1.868754522347353397e+00
1.069177394295849081e+04 1.865220133954247794e+00
1.071178669678818369e+04 1.905030705578953487e+00
1.073179945061787657e+04 1.904761683890239254e+00
1.075181220444756764e+04 1.939349524109909240e+00
1.077182495827726234e+04 1.893954433291897610e+00
1.079183771210695340e+04 1.866467837993283752e+00
1.081185046593664629e+04 1.885716803651273699e+00
1.083186321976633917e+04 1.781025621996697783e+00
1.085187597359603205e+04 1.786475630345646382e+00
1.087188872742572494e+04 1.773896547245774613e+00
1.089190148125541600e+04 1.693941446037960041e+00
1.091191423508511070e+04 1.666153360915787029e+00
1.093192698891480177e+04 1.425935546114028174e+00
1.095193974274449465e+04 1.703988014619937319e+00
1.097195249657418753e+04 1.624682276109018497e+00
1.099196525040388042e+04 1.616096773595057767e+00
1.101197800423357330e+04 1.707109593870016262e+00
1.103199075806326437e+04 1.695481363290599175e+00
1.105200351189295907e+04 1.033284476520900164e+00
1.107201626572265013e+04 1.685040538785506303e+00
1.109202901955234302e+04 1.775376166533702005e+00
1.111204177338203590e+04 1.768901092784652906e+00
1.113205452721172878e+04 1.769466965991947971e+00
1.115206728104142167e+04 1.537709419469748928e+00
1.117208003487111273e+04 1.442355145735542354e+00
1.119209278870080743e+04 1.641459025213825917e+00
1.121210554253049850e+04 1.761034527542254979e+00
1.123211829636019138e+04 1.675072821388152056e+00
1.125213105018988426e+04 1.704623462401899658e+00
1.127214380401957715e+04 1.725788048015733267e+00
1.129215655784927003e+04 1.767421473496725515e+00
1.131216931167896109e+04 1.710852705987124356e+00
1.133218206550865580e+04 1.730969034675968299e+00
1.135219481933834686e+04 1.719725783409710607e+00
1.137220757316804156e+04 1.726149835804003940e+00
1.139222032699773263e+04 1.693936807732982164e+00
1.141223308082742369e+04 1.692304124380786368e+00
1.143224583465711839e+04 1.671413198760644869e+00
1.145225858848680946e+04 1.709349895174307576e+00
1.147227134231650416e+04 1.699103879478283563e+00
1.149228409614619522e+04 1.779179576615521841e+00
1.151229684997588811e+04 1.749967531865155301e+00
1.153230960380558099e+04 1.720087571197981502e+00
1.155232235763527206e+04 1.822357557654131099e+00
1.157233511146496676e+04 1.793335683407855541e+00
1.159234786529465782e+04 1.826369691459952760e+00
1.161236061912435252e+04 1.840057329449526158e+00
1.163237337295404359e+04 1.821763854616968992e+00
1.165238612678373647e+04 1.828753780218557168e+00
1.167239888061342936e+04 1.786795673389116601e+00
1.169241163444312042e+04 1.793261470528210166e+00
1.171242438827281512e+04 1.814806397150225514e+00
1.173243714210250619e+04 1.775241655689345111e+00
1.175244989593220089e+04 1.794235514573554235e+00
1.177246264976189195e+04 1.798428542273511566e+00
1.179247540359158484e+04 1.788405165216423454e+00
1.181248815742127772e+04 1.775185996029610802e+00
1.183250091125096878e+04 1.768158963988200272e+00
1.185251366508066349e+04 1.831620252694855067e+00
1.187252641891035455e+04 1.782115623666487458e+00
1.189253917274004925e+04 1.737662108758975199e+00
1.191255192656974032e+04 1.736414404719939242e+00
1.193256468039943320e+04 1.736525724039407192e+00
1.195257743422912608e+04 1.758961205217165480e+00
1.197259018805881715e+04 1.767973431789087169e+00
1.199260294188851185e+04 1.780404089129668410e+00
1.201261569571820291e+04 1.733325293604705220e+00
1.203262844954789762e+04 1.714493775394719810e+00
1.205264120337758868e+04 1.729109074379858502e+00
1.207265395720728156e+04 1.688570288873634029e+00
1.209266671103697445e+04 1.673389116681200273e+00
1.211267946486666551e+04 1.665434423644223338e+00
1.213269221869636021e+04 1.663657952837715115e+00
1.215270497252605128e+04 1.632265904747769003e+00
1.217271772635574598e+04 1.616546689177906782e+00
1.219273048018543705e+04 1.599185513645893453e+00
1.221274323401512811e+04 1.566388059147665102e+00
1.223275598784482281e+04 1.531178686060965966e+00
1.225276874167451388e+04 1.503928644316221197e+00
1.227278149550420858e+04 1.457596615892688297e+00
1.229279424933389964e+04 1.443598211469600878e+00
1.231280700316359435e+04 1.387623146997161161e+00
1.233281975699328541e+04 1.416561531753836034e+00
1.235283251082297647e+04 1.272222119148778363e+00
1.237284526465267118e+04 1.397623332529360773e+00
1.239285801848236224e+04 1.430091467374162928e+00
1.241287077231205694e+04 1.414478932818791002e+00
1.243288352614174801e+04 1.476669325961520451e+00
1.245289627997144271e+04 1.483116569880702729e+00
1.247290903380113377e+04 1.487035937586968171e+00
1.249292178763082484e+04 1.511586485834616633e+00
1.251293454146051954e+04 1.547626115512347189e+00
1.253294729529021060e+04 1.536800311694094479e+00
1.255296004911990531e+04 1.522769439136161918e+00
1.257297280294959637e+04 1.569249893318985789e+00
1.259298555677929107e+04 1.526911445481363261e+00
1.261299831060898214e+04 1.544694706766359449e+00
1.263301106443867320e+04 1.527843744781906876e+00
1.265302381826836790e+04 1.535594352399858975e+00
1.267303657209805897e+04 1.521688714076327775e+00
1.269304932592775367e+04 1.478830776081188958e+00
1.271306207975744474e+04 1.515584704725505105e+00
1.273307483358713944e+04 1.467420545835729895e+00
1.275308758741683050e+04 1.473441065696951879e+00
1.277310034124652157e+04 1.526373402103935240e+00
1.279311309507621627e+04 1.514081893912688548e+00
1.281312584890590733e+04 1.534351286665800895e+00
1.283313860273560203e+04 1.536062821202619944e+00
1.285315135656529310e+04 1.439099055641106517e+00
1.287316411039498780e+04 1.499438765097682813e+00
1.289317686422467887e+04 1.411612460342492437e+00
1.291318961805436993e+04 1.485816063377799257e+00
1.293320237188406463e+04 1.321981854950926571e+00
1.295321512571375570e+04 1.387252082598935177e+00
1.297322787954345040e+04 1.264740533219540497e+00
1.299324063337314146e+04 1.309347112191320939e+00
1.301325338720283435e+04 1.414808252472216532e+00
1.303326614103252723e+04 1.287519248965657948e+00
1.305327889486221829e+04 1.301016716451140143e+00
1.307329164869191300e+04 1.245788419080131382e+00
1.309330440252160406e+04 9.106142971112636264e-01
1.311331715635129876e+04 1.054982467207183916e+00
1.313332991018098983e+04 5.785209373086699358e-01
1.315334266401068271e+04 6.318062487244662240e-01
1.317335541784037559e+04 4.286127757472309452e-01
1.319336817167006666e+04 1.592524907697731029e-01
1.321338092549976136e+04 1.983594315293419064e-01
1.323339367932945243e+04 1.064922354774671259e-01
1.325340643315914713e+04 5.534156477856732453e-02
1.327341918698883819e+04 3.302705059463070109e-02
1.329343194081853107e+04 3.047811647711460778e-02
1.331344469464822396e+04 1.066469229484777043e-01
1.333345744847791502e+04 3.805033488561940236e-02
1.335347020230760972e+04 6.237328150800571652e-02
1.337348295613730079e+04 2.071235087849496448e-01
1.339349570996699549e+04 1.431380916157999339e-01
1.341350846379668656e+04 3.321114491920072465e-01
1.343352121762637944e+04 2.214285051670717708e-01
1.345353397145607232e+04 2.560928774188760484e-02
1.347354672528576339e+04 1.889200170689623454e-02
1.349355947911545809e+04 7.611444553702294280e-02
1.351357223294514915e+04 1.710667173788011086e-01
1.353358498677484386e+04 5.146486947809792989e-01
1.355359774060453492e+04 2.296967476205495629e-01
1.357361049443422780e+04 2.864287834653704290e-01
1.359362324826392069e+04 5.168435406964879200e-03
1.361363600209361175e+04 4.485621254568730176e-01
1.363364875592330645e+04 5.694196552811740808e-02
1.365366150975299752e+04 2.785255756136477689e-01
1.367367426358269222e+04 1.793103768158963995e-01
1.369368701741238328e+04 3.420564388949702272e-01
1.371369977124207617e+04 3.465991947902558601e-01
1.373371252507176905e+04 2.854960203343290259e-01
1.375372527890146011e+04 4.981038609250635907e-01
1.377373803273115482e+04 2.047315349078832891e-01
1.379375078656084588e+04 6.324467986419042287e-01
1.381376354039054058e+04 3.321318577339097411e-01
1.383377629422023165e+04 4.130127646152990661e-01
1.385378904804992271e+04 7.053813614352770767e-01
1.387380180187961741e+04 6.187730755672646854e-01
1.389381455570930848e+04 7.275408634668547592e-01
1.391382730953900318e+04 4.527310339709456621e-01
1.393384006336869425e+04 6.671570901129891817e-01
1.395385281719838895e+04 5.538850442494294146e-01
1.397386557102808001e+04 6.528460639343958150e-01
1.399387832485777108e+04 4.879074750923023673e-01
1.401389107868746578e+04 6.817774912336036497e-01
1.403390383251715684e+04 7.589194604723651372e-01
1.405391658634685155e+04 8.198881240839348550e-01
1.407392934017654261e+04 5.361518766581940820e-01
1.409394209400623731e+04 7.901987977513497130e-01
1.411395484783592838e+04 8.550965695096384156e-01
1.413396760166561944e+04 3.381904116959498219e-01
1.415398035549531414e+04 9.525083953320099273e-01
1.417399310932500521e+04 8.921951242138073113e-01
1.419400586315469991e+04 9.605326629436538033e-01
1.421401861698439097e+04 9.912336035919034893e-01
1.423403137081408568e+04 9.614881537690865843e-01
1.425404412464377674e+04 9.039230783502476552e-01
1.427405687847346780e+04 7.689479396649289145e-01
1.429406963230316251e+04 8.536846694743873698e-01
1.431408238613285357e+04 7.285079500547320119e-01
1.433409513996254827e+04 5.941112080001484941e-01
1.435410789379223934e+04 9.475454090057330303e-01
1.437412064762193404e+04 9.620030056216256620e-01
1.439413340145162510e+04 8.021512458487172204e-01
1.441414615528131617e+04 7.176427206441677864e-01
1.443415890911101087e+04 1.002101152154956543e+00
1.445417166294070194e+04 9.426705504740348074e-01
1.447418441677039664e+04 8.590576819607043113e-01
1.449419717060008770e+04 9.621375164659827783e-01
1.451420992442978240e+04 1.091754949071411351e+00
1.453422267825947347e+04 1.000000000000000000e+00
1.455423543208916453e+04 1.037194567617210073e+00
1.457424818591885924e+04 1.069096829254717163e+00
1.459426093974855030e+04 1.069184957049295948e+00
1.461427369357824500e+04 1.107947271749012197e+00
1.463428644740793607e+04 1.077394756860053038e+00
1.465429920123762895e+04 9.912104120670143237e-01
1.467431195506732183e+04 1.114403792278149785e+00
1.469432470889701290e+04 1.053479656394367137e+00
1.471433746272670760e+04 1.094714187647266357e+00
1.473435021655639866e+04 1.069333382808586475e+00
1.475436297038609337e+04 1.081972763873169985e+00
1.477437572421578443e+04 1.066763761850869185e+00
1.479438847804547731e+04 1.052607655058535485e+00
1.481440123187517020e+04 1.073396537969164566e+00
1.483441398570486126e+04 1.056397150225421688e+00
1.485442673953455596e+04 1.045344069463255199e+00
1.487443949336424703e+04 1.041781851240282775e+00
1.489445224719394173e+04 1.041638063785970125e+00
1.491446500102363279e+04 1.039569379765858281e+00
1.493447775485332568e+04 1.022356629993135257e+00
1.495449050868301856e+04 1.033957030742685301e+00
1.497450326251270963e+04 1.038117590307797933e+00
1.499451601634240433e+04 1.008905545557431616e+00
1.501452877017209539e+04 1.006303456464869628e+00
1.503454152400179009e+04 1.001247704039035957e+00
1.505455427783148116e+04 9.903801554759829040e-01
1.507456703166117404e+04 9.892113026215699767e-01
1.509457978549086693e+04 9.979498691997997772e-01
1.511459253932055799e+04 9.779634130503349621e-01
1.513460529315025269e+04 9.770496669697026348e-01
1.515461804697994376e+04 9.849672535668565487e-01
1.517463080080963846e+04 9.814653333085958664e-01
1.519464355463932952e+04 9.757741331007996344e-01
1.521465630846902241e+04 9.764466873225848831e-01
1.523466906229871529e+04 9.666042041596319967e-01
1.525468181612840635e+04 9.592153843299504601e-01
1.527469456995810106e+04 9.387047997179911452e-01
1.529470732378779212e+04 8.873661849013896319e-01
1.531472007761748682e+04 8.809398133546078036e-01
1.533473283144717789e+04 9.083521957735765096e-01
1.535474558527686895e+04 9.150935082283532251e-01
1.537475833910656365e+04 8.822250876639641248e-01
1.539477109293625472e+04 8.959164362975193807e-01
1.541478384676594942e+04 8.805126254661497232e-01
1.543479660059564048e+04 9.072292621384441258e-01
1.545480935442533519e+04 9.192461826750032428e-01
1.547482210825502625e+04 9.066392697452643201e-01
1.549483486208471732e+04 8.984832742722500543e-01
1.551484761591441202e+04 8.987963598582534575e-01
1.553486036974410308e+04 8.939344885804932916e-01
1.555487312357379778e+04 8.992096328317779053e-01
1.557488587740348885e+04 8.668458598489768852e-01
1.559489863123318355e+04 8.326058925026438295e-01
1.561491138506287461e+04 8.231214864839793144e-01
1.563492413889256568e+04 8.658101263474277109e-01
1.565493689272226038e+04 8.358220931742704751e-01
1.567494964655195145e+04 8.262393550900759553e-01
1.569496240038164615e+04 8.449154900833040216e-01
1.571497515421133721e+04 8.540566615336092626e-01
1.573498790804103191e+04 8.598007384181526325e-01
1.575500066187072298e+04 8.589236349468450937e-01
1.577501341570041404e+04 8.607585483960742412e-01
1.579502616953010875e+04 8.602260709846193398e-01
1.581503892335979981e+04 8.571800961056792456e-01
1.583505167718949451e+04 8.620837121282398652e-01
1.585506443101918558e+04 8.775441102803392956e-01
1.587507718484888028e+04 8.555325701775543523e-01
1.589508993867857134e+04 8.605771906714410058e-01
1.591510269250826241e+04 8.442944210467727695e-01
1.593511544633795711e+04 8.533340136180634916e-01
1.595512820016764817e+04 8.509698695708639571e-01
1.597514095399734288e+04 8.446520343605633530e-01
1.599515370782703394e+04 8.177243548117775207e-01
1.601516646165672864e+04 8.420536559119836673e-01
1.603517921548641971e+04 8.400174400267166330e-01
1.605519196931611077e+04 8.330061782222304423e-01
1.607520472314580547e+04 8.283293753130855919e-01
1.609521747697549654e+04 8.389756767286962180e-01
1.611523023080519124e+04 8.397131672201710861e-01
1.613524298463488230e+04 8.385341100948069393e-01
1.615525573846457519e+04 8.344816230356779663e-01
1.617526849229426807e+04 8.374598786619418256e-01
1.619528124612395914e+04 8.188268799050075764e-01
1.621529399995365384e+04 8.211989090706692807e-01
1.623530675378334490e+04 7.869246182675004864e-01
1.625531950761303960e+04 7.953941631570159432e-01
1.627533226144273067e+04 8.017671941965528459e-01
1.629534501527242355e+04 8.032899497207740547e-01
1.631535776910211644e+04 7.863967791610234626e-01
1.633537052293180750e+04 7.966868587543367575e-01
1.635538327676150220e+04 7.955249633573907575e-01
1.637539603059119327e+04 7.867659882372586289e-01
1.639540878442088433e+04 7.928876231469972335e-01
1.641542153825057903e+04 7.925434609176422729e-01
1.643543429208027374e+04 8.099148407206070432e-01
1.645544704590996116e+04 7.952480565502143550e-01
1.647545979973965586e+04 7.802881315052226929e-01
1.649547255356935057e+04 7.733478357668973624e-01
1.651548530739904527e+04 7.987040575891947158e-01
1.653549806122873269e+04 7.789745635355016518e-01
1.655551081505842740e+04 7.714980797417392289e-01
1.657552356888812210e+04 7.711682962578155776e-01
1.659553632271780953e+04 7.824217517950239342e-01
1.661554907654750423e+04 7.719697953579844896e-01
1.663556183037719893e+04 7.743942373698956549e-01
1.665557458420689363e+04 7.759374014360193028e-01
1.667558733803658106e+04 7.685300283864264781e-01
1.669560009186627576e+04 7.627094194697491281e-01
1.671561284569597046e+04 7.747838549880332604e-01
1.673562559952565789e+04 7.745681738065641753e-01
1.675563835335535259e+04 7.718700718009610107e-01
1.677565110718504729e+04 7.594013803595615064e-01
1.679566386101474200e+04 7.560144900647507438e-01
1.681567661484442942e+04 7.835405109556763392e-01
1.683568936867412413e+04 7.542737342065716222e-01
1.685570212250381883e+04 7.690703909163435492e-01
1.687571487633350625e+04 7.415378763984489252e-01
1.689572763016320096e+04 7.608165272082970665e-01
1.691574038399289566e+04 7.490041559212602396e-01
1.693575313782259036e+04 7.501655874877084518e-01
1.695576589165227779e+04 7.377748195699364020e-01
1.697577864548197249e+04 7.598846917382511279e-01
1.699579139931166719e+04 7.509898142822687417e-01
1.701580415314135462e+04 6.975101578879014941e-01
1.703581690697104932e+04 7.566058739494239127e-01
1.705582966080074402e+04 7.444215106031650819e-01
1.707584241463043872e+04 7.519341731757547276e-01
1.709585516846012615e+04 7.343791164956678941e-01
1.711586792228982085e+04 7.323252750514851472e-01
1.713588067611951556e+04 7.498608508506651171e-01
1.715589342994920298e+04 7.353772797268965933e-01
1.717590618377889768e+04 7.261475166515147794e-01
1.719591893760859239e+04 5.687308669919663995e-01
1.721593169143828709e+04 7.208793298576968711e-01
1.723594444526797452e+04 7.203658694966511566e-01
1.725595719909766922e+04 7.280802983357762548e-01
1.727596995292736392e+04 7.067881593350526792e-01
1.729598270675705135e+04 6.982713037347630936e-01
1.731599546058674605e+04 6.823039388485871992e-01
1.733600821441644075e+04 7.137947828345609924e-01
1.735602096824613545e+04 7.138791999851574754e-01
1.737603372207582288e+04 6.639362511363847696e-01
1.739604647590551758e+04 6.516122748102932682e-01
1.741605922973521228e+04 6.379802964804541787e-01
1.743607198356489971e+04 6.640740087942261782e-01
1.745608473739459441e+04 5.791137126848365790e-01
1.747609749122428912e+04 5.901890573108963256e-01
1.749611024505398382e+04 5.973450342306907412e-01
1.751612299888367124e+04 6.879223176682314200e-01
1.753613575271336595e+04 2.881514499341361057e-01
1.755614850654306065e+04 3.563785970055103336e-01
1.757616126037274807e+04 5.322816749846935869e-01
1.759617401420244278e+04 2.339171413198760929e-01
1.761618676803213748e+04 5.265927939293864046e-01
1.763619952186183218e+04 2.833123063507672068e-01
1.765621227569151961e+04 2.710115215495649821e-01
1.767622502952121431e+04 2.877098833002468270e-01
1.769623778335090901e+04 3.276827955991761798e-01
1.771625053718059644e+04 2.889399617803670162e-01
1.773626329101029114e+04 3.574593220653445036e-02
1.775627604483998584e+04 4.848508321119129882e-01
1.777628879866968055e+04 3.124492105604927961e-01
1.779630155249936797e+04 2.141227109964934650e-01
1.781631430632906267e+04 4.539314272992078098e-02
1.783632706015875738e+04 1.066262824913263713e-01
1.785633981398844480e+04 1.372961464962244027e-01
1.787635256781813951e+04 1.400624315850015726e-02
1.789636532164783421e+04 1.121365888049871001e-02
1.791637807547752891e+04 3.264689511864784371e-02
1.793639082930721634e+04 1.067570826917011405e-02
1.795640358313691104e+04 1.081703742184456085e-01
1.797641633696660574e+04 1.770468839867158639e-01
1.799642909079629317e+04 2.933505259837845131e-03
1.801644184462598787e+04 2.759731163843485297e-02
1.803645459845568257e+04 1.882182415258168151e-01
1.805646735228537727e+04 1.012644019369561728e-02
1.807648010611506470e+04 6.338540603721776190e-02
1.809649285994475940e+04 1.175467077311267289e-01
1.811650561377445410e+04 3.496396037032226817e-03
1.813651836760414153e+04 2.371820441937698420e-01
1.815653112143383623e+04 4.374236998831147749e-02
1.817654387526353094e+04 2.097098276405870154e-01
1.819655662909322564e+04 1.017509601291304196e-02
1.821656938292291306e+04 -5.002384088758604326e-04
1.823658213675260777e+04 5.635494165012337568e-03
1.825659489058230247e+04 5.910684799346927441e-03
1.827660764441198990e+04 1.604097478617414266e-02
1.829662039824168460e+04 1.421413198760644869e-01
1.831663315207137930e+04 8.607868420564387946e-02
1.833664590590107400e+04 2.807092895972095881e-01
1.835665865973076143e+04 5.617005881370711745e-02
1.837667141356045613e+04 2.481052524165568984e-01
1.839668416739015083e+04 3.963176496781016800e-01
1.841669692121983826e+04 7.697396983246443392e-02
1.843670967504953296e+04 4.174919757323884012e-02
1.845672242887922766e+04 2.920429878105345045e-01
1.847673518270892237e+04 2.296434071133045263e-01
1.849674793653860979e+04 8.004693964637562761e-03
1.851676069036830449e+04 8.103819180318744264e-02
1.853677344419799920e+04 5.123114529026512320e-02
1.855678619802768662e+04 6.495811610605021179e-03
1.857679895185738133e+04 6.399580697230004833e-02
1.859681170568707603e+04 2.332937531308558743e-01
1.861682445951676709e+04 2.945764299894246610e-02
1.863683721334645816e+04 1.935416241488710498e-02
1.865684996717615286e+04 6.843684483942188979e-02
1.867686272100584756e+04 4.287250227276944159e-01
1.869687547483553499e+04 1.947499025955954505e-02
1.871688822866522969e+04 1.437280840089797673e-01
1.873690098249492439e+04 1.707591977587710752e-01
1.875691373632461546e+04 5.500343234568358941e-01
1.877692649015430652e+04 6.457299764374108131e-02
1.879693924398400122e+04 2.402948106643908177e-01
1.881695199781369593e+04 1.840219670123750262e-01
1.883696475164338335e+04 3.326276925360396319e-01
1.885697750547307805e+04 3.664469656208835247e-01
1.887699025930277276e+04 2.992267945601959078e-01
1.889700301313246382e+04 2.061898179929126940e-01
1.891701576696215488e+04 5.240737304959276477e-01
1.893702852079184959e+04 2.464053136421826273e-01
1.895704127462154429e+04 4.152776489359728540e-01
1.897705402845123172e+04 3.155299727267667498e-01
1.899706678228092642e+04 4.275839997031484763e-01
1.901707953611062112e+04 3.677350229132266279e-01
1.903709228994031218e+04 2.447076940202972672e-01
1.905710504377000325e+04 2.495171524518080275e-01
1.907711779759969795e+04 2.183839217796248455e-01
1.909713055142939265e+04 4.551206886955231901e-01
1.911714330525908008e+04 3.367270264754448350e-01
1.913715605908877478e+04 3.667850980537672445e-01
1.915716881291846948e+04 4.502370173843671108e-01
1.917718156674816055e+04 4.723538470101485975e-01
1.919719432057785161e+04 4.493789309634687590e-01
1.921720707440754632e+04 5.176663759995547842e-01
1.923721982823724102e+04 5.429423551457355224e-01
1.925723258206692844e+04 6.116514221043062305e-01
1.927724533589662315e+04 5.732907846156700682e-01
1.929725808972631785e+04 6.023196163194122210e-01
1.931727084355600527e+04 6.066332399487930349e-01
1.933728359738569998e+04 6.073823262027125969e-01
1.935729635121539468e+04 5.690235440360674746e-01
1.937730910504508938e+04 5.788511846230913749e-01
1.939732185887477681e+04 5.983329931909683319e-01
1.941733461270447151e+04 5.768423347371935961e-01
1.943734736653416621e+04 5.260997421102432403e-01
1.945736012036385364e+04 4.005338689029480648e-01
1.947737287419354834e+04 2.987365257240394145e-01
1.949738562802324304e+04 1.864900090910777686e-01
1.951739838185293775e+04 1.440713185773390970e-01
1.953741113568262517e+04 1.493974841833800304e-01
1.955742388951231987e+04 2.982383717694206404e-01
1.957743664334201458e+04 2.676557078981057214e-01
1.959744939717170564e+04 2.334013618063414952e-01
1.961746215100139671e+04 2.190397781034898739e-01
1.963747490483109141e+04 2.579741739178834647e-01
1.965748765866078611e+04 2.857798845989721892e-01
1.967750041249047354e+04 3.450880350284792342e-01
1.969751316632016824e+04 4.174831629529305310e-01
1.971752592014986294e+04 4.494383012671849253e-01
1.973753867397955401e+04 4.775821443811573697e-01
1.975755142780924507e+04 4.675865971539360233e-01
1.977756418163893977e+04 4.894636264123639058e-01
1.979757693546863084e+04 4.978028349320024470e-01
1.981758968929832190e+04 4.979424479118350622e-01
1.983760244312801660e+04 4.971237870832483363e-01
1.985761519695771131e+04 4.958403680958830551e-01
1.987762795078740237e+04 4.750528766767472266e-01
1.989764070461709343e+04 4.811262732147164045e-01
1.991765345844678814e+04 4.787574908625392145e-01
1.993766621227647920e+04 4.756980648991632754e-01
1.995767896610617026e+04 4.226237963598583058e-01
1.997769171993586497e+04 3.720314848141895170e-01
1.999770447376555967e+04 3.539077719438208924e-01
2.001771722759525073e+04 3.188537820738789885e-01
2.003772998142494180e+04 3.601597432234364682e-01
2.005774273525463650e+04 4.376621087589751546e-01
2.007775548908432756e+04 4.190833781702814065e-01
2.009776824291401863e+04 3.863754429581253702e-01
2.011778099674371333e+04 3.809866602348838116e-01
2.013779375057340803e+04 4.061893541624149173e-01
2.015780650440309910e+04 3.916468765654279038e-01
2.017781925823279016e+04 4.164256294179854989e-01
2.019783201206248486e+04 4.261145846861722486e-01
2.021784476589217593e+04 4.368327798289393660e-01
2.023785751972186699e+04 4.441223399320952669e-01
2.025787027355156170e+04 4.599227258390694018e-01
2.027788302738125640e+04 4.539601847900703313e-01
2.029789578121094746e+04 4.447976771368670756e-01
2.031790853504063853e+04 4.461015046661348515e-01
2.033792128887033323e+04 4.488385684335516879e-01
2.035793404270002429e+04 4.434822538451548279e-01
2.037794679652971536e+04 4.516261897252268342e-01
2.039795955035941006e+04 4.572297259689419580e-01
2.041797230418910476e+04 4.549764374107126419e-01
2.043798505801879583e+04 4.446956344273548800e-01
2.045799781184848689e+04 4.479776990296666095e-01
2.047801056567818159e+04 4.636755783966307054e-01
2.049802331950787266e+04 4.758511289634316244e-01
2.051803607333756372e+04 4.736980277927234084e-01
2.053804882716725842e+04 4.656412920462346117e-01
2.055806158099695313e+04 4.616013284105457415e-01
2.057807433482664419e+04 4.697805154084491730e-01
2.059808708865633525e+04 4.726794560195922146e-01
2.061809984248602996e+04 4.629492198371027434e-01
2.063811259631572102e+04 4.633244587098091505e-01
2.065812535014541209e+04 4.696877493088925659e-01
2.067813810397510679e+04 4.586388430212063883e-01
2.069815085780480149e+04 4.624816786953376280e-01
2.071816361163449255e+04 4.632423607117014952e-01
2.073817636546418362e+04 4.808414812890777212e-01
2.075818911929387832e+04 4.758585502513961729e-01
2.077820187312356938e+04 4.686311434349431648e-01
2.079821462695326045e+04 4.643527709233937761e-01
2.081822738078295515e+04 4.633782630475519193e-01
2.083824013461264985e+04 4.703927716655225688e-01
2.085825288844234092e+04 4.651923041243808399e-01
2.087826564227203198e+04 4.600966622757379776e-01
2.089827839610172668e+04 4.605461140280895926e-01
2.091829114993141775e+04 4.597126106235737142e-01
2.093830390376110881e+04 4.602061262732147773e-01
2.095831665759080352e+04 4.523029184214920617e-01
2.097832941142049822e+04 4.532602645689159382e-01
2.099834216525018928e+04 4.553795061132859812e-01
2.101835491907988035e+04 4.565093972058850702e-01
2.103836767290957505e+04 4.522467949312602986e-01
2.105838042673926611e+04 4.488761387038721073e-01
2.107839318056895718e+04 4.471604296925731359e-01
2.109840593439865188e+04 4.503014898235588870e-01
2.111841868822834658e+04 4.497931315979888933e-01
2.113843144205803765e+04 4.497537060056773228e-01
2.115844419588772871e+04 4.404353513052190472e-01
2.117845694971742341e+04 4.452499118722054727e-01
2.119846970354711448e+04 4.427438356926844953e-01
2.121848245737680554e+04 4.597051893356092211e-01
2.123849521120650024e+04 4.673973543108407291e-01
2.125850796503619495e+04 4.468450249540807939e-01
2.127852071886588237e+04 4.395517542069426464e-01
2.129853347269557707e+04 4.521099649344143545e-01
2.131854622652527178e+04 4.455815506781202195e-01
2.133855898035496284e+04 4.298975862260895342e-01
2.135857173418465391e+04 4.471710977940221987e-01
2.137858448801434861e+04 4.426046865433496125e-01
2.139859724184404331e+04 4.385879144325498524e-01
2.141860999567373074e+04 4.227151709679215497e-01
2.143862274950342544e+04 4.254072431770533624e-01
2.145863550333312014e+04 4.400953635503441763e-01
2.147864825716281121e+04 4.544383940332845095e-01
2.149866101099250227e+04 4.384496929442104896e-01
2.151867376482219697e+04 4.413959442661273824e-01
2.153868651865189167e+04 4.386055399914655095e-01
2.155869927248157910e+04 4.430884617525371882e-01
2.157871202631127380e+04 4.203259800738418095e-01
2.159872478014096851e+04 4.294843132525649754e-01
2.161873753397065957e+04 4.384932930110020943e-01
2.163875028780035063e+04 4.402614148685504158e-01
2.165876304163004534e+04 4.598508321119130215e-01
2.167877579545974004e+04 4.328229651756062002e-01
2.169878854928942746e+04 4.220885359654168445e-01
2.171880130311912217e+04 4.400188315182100296e-01
2.173881405694881687e+04 4.207949127071002882e-01
2.175882681077850793e+04 4.211961260876825319e-01
2.177883956460819900e+04 4.185671348262490765e-01
2.179885231843789370e+04 4.209948236516448117e-01
2.181886507226758840e+04 4.088568433551643122e-01
2.183887782609727583e+04 4.057213491901519586e-01
2.185889057992697053e+04 4.062362010426910364e-01
2.187890333375666523e+04 3.794755004731071302e-01
2.189891608758635630e+04 4.125294532366092226e-01
2.191892884141604736e+04 4.055214382456075461e-01
2.193894159524574206e+04 3.899534314180226335e-01
2.195895434907543677e+04 3.862362938087905428e-01
2.197896710290512419e+04 3.845437763223807370e-01
2.199897985673481890e+04 3.795501771832501814e-01
2.201899261056451360e+04 3.579110929701849741e-01
2.203900536439420466e+04 3.645429414274847790e-01
2.205901811822389573e+04 3.517978070094065490e-01
2.207903087205359043e+04 3.624538488654706070e-01
2.209904362588328513e+04 3.280594259633759502e-01
2.211905637971297256e+04 3.447410898161376580e-01
2.213906913354266726e+04 2.769040241933987678e-01
2.215908188737236196e+04 3.135396760607803701e-01
2.217909464120205303e+04 3.405350748622423818e-01
2.219910739503174409e+04 3.491924711033600470e-01
2.221912014886143879e+04 3.501985194530511381e-01
2.223913290269113349e+04 3.561248817232230968e-01
2.225914565652082092e+04 3.755519582923616539e-01
2.227915841035051562e+04 3.794615855581736641e-01
2.229917116418021033e+04 3.394246646505501563e-01
2.231918391800990139e+04 3.318786062821202920e-01
2.233919667183959245e+04 3.532978348392363799e-01
2.235920942566928716e+04 3.413245143694688122e-01
2.237922217949898186e+04 3.278836342047162788e-01
2.239923493332866929e+04 3.167484554444423561e-01
2.241924768715836399e+04 3.436868030946770847e-01
2.243926044098805869e+04 3.356115141282769443e-01
2.245927319481774975e+04 3.515584704725505660e-01
2.247928594864744082e+04 3.435481177758399896e-01
2.249929870247713552e+04 3.473844598230023117e-01
2.251931145630683022e+04 3.483557208853597098e-01
2.253932421013651765e+04 3.615790645466520625e-01
2.255933696396621235e+04 2.991233603591903489e-01
2.257934971779590705e+04 3.178996827399395153e-01
2.259936247162559812e+04 3.557412939015566211e-01
2.261937522545528918e+04 3.385624037551717147e-01
2.263938797928498389e+04 3.556976938347650719e-01
2.265940073311467859e+04 3.796202155884154106e-01
2.267941348694436601e+04 3.473561661626375363e-01
2.269942624077406072e+04 3.587418133917141261e-01
2.271943899460375542e+04 3.504471325998627651e-01
2.273945174843344648e+04 3.390113916770255420e-01
2.275946450226313755e+04 3.517073600623388252e-01
2.277947725609283225e+04 3.320864023451270408e-01
2.279949000992252695e+04 3.348819087552645235e-01
2.281950276375221438e+04 3.462680198148389010e-01
2.283951551758190908e+04 3.011772018033729292e-01
2.285952827141160378e+04 3.213311007625374027e-01
2.287954102524129485e+04 3.200495370971632170e-01
2.289955377907098591e+04 2.959512235848532069e-01
2.291956653290068061e+04 2.954099333939404493e-01
2.293957928673037168e+04 3.383787268780496515e-01
2.295959204056006274e+04 3.375688788289207265e-01
2.297960479438975744e+04 3.487253937920926083e-01
2.299961754821945215e+04 3.356815525334422290e-01
2.301963030204914321e+04 3.428375294532367001e-01
2.303964305587883428e+04 3.449108517783261441e-01
2.305965580970852898e+04 3.184391176088610109e-01
2.307966856353822004e+04 3.131296499007402145e-01
2.309968131736791111e+04 2.517467856546503624e-01
2.311969407119760581e+04 3.258288650995380675e-01
2.313970682502730051e+04 3.282769624668361863e-01
2.315971957885699157e+04 3.200328391992429689e-01
2.317973233268668264e+04 3.140656598452661319e-01
2.319974508651637734e+04 3.366286944099148859e-01
2.321975784034606841e+04 2.847956362826768451e-01
2.323977059417575947e+04 3.480491289263251686e-01
2.325978334800545417e+04 2.987787342993376560e-01
2.327979610183514887e+04 2.994754077070075349e-01
2.329980885566483994e+04 3.236034063711757391e-01
2.331982160949453100e+04 3.321596875637767288e-01
2.333983436332422571e+04 3.190059184771517620e-01
2.335984711715391677e+04 3.297412753483366932e-01
2.337985987098360783e+04 3.333800256034434861e-01
2.339987262481330254e+04 3.210848067682146589e-01
2.341988537864299724e+04 2.835841110224679440e-01
2.343989813247268830e+04 2.740936752073322435e-01
2.345991088630237937e+04 2.950087200133583165e-01
2.347992364013207407e+04 2.890638045232750142e-01
2.349993639396176513e+04 3.365920518005900419e-01
2.351994914779145620e+04 2.966386203825673862e-01
2.353996190162115090e+04 2.779694428468060807e-01
2.355997465545084560e+04 1.792055511233975051e-01
2.357998740928053667e+04 2.958797936881946145e-01
2.360000016311022773e+04 2.813948310729327273e-01
2.362001291693992243e+04 2.825251859960296041e-01
2.364002567076961350e+04 3.289170485537765698e-01
2.366003842459930456e+04 3.014188574927179065e-01
2.368005117842899926e+04 3.062811926009759156e-01
2.370006393225869397e+04 2.765482662015992799e-01
2.372007668608838503e+04 1.770376073767602476e-01
2.374008943991807610e+04 2.743613054045529465e-01
2.376010219374777080e+04 3.021874246275441656e-01
2.378011494757746186e+04 2.962105048331138413e-01
2.380012770140715293e+04 2.747634464461307657e-01
2.382014045523684763e+04 2.342065715504926260e-01
2.384015320906654233e+04 2.338879199985157420e-01
2.386016596289623340e+04 2.320080149910017098e-01
2.388017871672592446e+04 2.650257889756767460e-01
2.390019147055561916e+04 2.468181227852093984e-01
2.392020422438531023e+04 3.377168407577135212e-01
2.394021697821500129e+04 3.281795580623017572e-01
2.396022973204469599e+04 3.353638286424608927e-01
2.398024248587439070e+04 2.634306758938013693e-01
2.400025523970408176e+04 2.716673778734299272e-01
2.402026799353377282e+04 2.803521401139167923e-01
2.404028074736346753e+04 2.212717304588211198e-01
2.406029350119315859e+04 2.630707434275218470e-01
2.408030625502284965e+04 1.354264457596615900e-01
2.410031900885254436e+04 2.171742518414071232e-01
2.412033176268223906e+04 1.867650605762630200e-01
2.414034451651193012e+04 1.976882687990500764e-01
