MJD,Mag,Mag_err,band,Instr,source
52498.5,18.5,0.10857362047581294,;;;C,,14;18
52509.5,16.4,0.10857362047581294,;;;C,,14;18
52510.48,17.682,0.033,Bessell_B,,4;18
52510.48,16.835,0.031,Bessell_I,,4;18
52510.48,17.007,0.025,Bessell_R,,4;18
52510.48,17.245,0.028,Bessell_V,,4;18
52510.5,16.3,0.10857362047581294,;;;C,,14;18
52511.48,17.625,0.029,Bessell_B,,4;18
52511.48,16.711,0.029,Bessell_I,,4;18
52511.48,16.882,0.022,Bessell_R,,4;18
52511.48,17.148,0.027,Bessell_V,,4;18
52512.47,17.498,0.033,Bessell_B,,4;18
52512.47,16.622,0.03,Bessell_I,,4;18
52512.47,16.786,0.027,Bessell_R,,4;18
52512.47,17.05,0.028,Bessell_V,,4;18
52513.5,17.482,0.034,Bessell_B,,4;18
52513.5,16.521,0.033,Bessell_I,,4;18
52513.5,16.711,0.029,Bessell_R,,4;18
52513.5,17.009,0.029,Bessell_V,,4;18
52514.51,17.453,0.035,Bessell_B,,4;18
52514.51,16.47,0.03,Bessell_I,,4;18
52514.51,16.669,0.02,Bessell_R,,4;18
52514.51,16.918,0.026,Bessell_V,,4;18
52515.51,16.375,0.033,Bessell_I,,4;18
52515.51,16.552,0.097,Bessell_R,,4;18
52515.51,16.752,0.111,Bessell_V,,4;18
52516.52,17.372,0.104,Bessell_B,,4;18
52516.52,16.347,0.046,Bessell_I,,4;18
52516.52,16.587,0.055,Bessell_R,,4;18
52517.51,17.307,0.044,Bessell_B,,4;18
52517.51,16.374,0.022,Bessell_I,,4;18
52517.51,16.465,0.09,Bessell_R,,4;18
52517.51,16.778,0.045,Bessell_V,,4;18
52518.03,16.0,0.10857362047581294,Bessell_R,,14;18
52518.52,17.373,0.02,Bessell_B,,4;18
52518.52,16.332,0.026,Bessell_I,,4;18
52518.52,16.503,0.02,Bessell_R,,4;18
52518.52,16.817,0.024,Bessell_V,,4;18
52519.51,17.369,0.02,Bessell_B,,4;18
52519.51,16.318,0.026,Bessell_I,,4;18
52519.51,16.493,0.022,Bessell_R,,4;18
52519.51,16.762,0.02,Bessell_V,,4;18
52520.49,17.414,0.026,Bessell_B,,4;18
52520.49,16.303,0.026,Bessell_I,,4;18
52520.49,16.453,0.02,Bessell_R,,4;18
52520.49,16.79,0.02,Bessell_V,,4;18
52520.87851,17.514,0.023,Bessell_B,,8;18
52520.88279,16.385,0.04,Bessell_R,,8;18
52521.49,16.211,0.111,Bessell_I,,4;18
52521.49,16.829,0.031,Bessell_V,,4;18
52521.95714,17.514,0.046,Bessell_U,,8;18
52521.96035,17.538,0.016,Bessell_B,,8;18
52521.96284,16.786,0.02,Bessell_V,,8;18
52521.96463,16.478,0.013,Bessell_R,,8;18
52521.96608,16.314,0.019,Bessell_I,,8;18
52521.96777,16.828,0.011,Bessell_V,,8;18
52522.52,17.506,0.023,Bessell_B,,4;18
52522.52,16.32,0.031,Bessell_I,,4;18
52522.52,16.484,0.02,Bessell_R,,4;18
52522.52,16.829,0.021,Bessell_V,,4;18
52523.52,17.55,0.026,Bessell_B,,4;18
52523.52,16.339,0.037,Bessell_I,,4;18
52523.52,16.498,0.02,Bessell_R,,4;18
52523.52,16.844,0.02,Bessell_V,,4;18
52524.07,15.8,0.10857362047581294,Bessell_R,,14;18
52524.45,17.729,0.02,Bessell_B,,4;18
52524.45,16.311,0.02,Bessell_I,,4;18
52524.45,16.514,0.02,Bessell_R,,4;18
52524.45,16.925,0.02,Bessell_V,,4;18
52525.45,17.805,0.02,Bessell_B,,4;18
52525.45,16.336,0.02,Bessell_I,,4;18
52525.45,16.539,0.02,Bessell_R,,4;18
52525.45,16.985,0.02,Bessell_V,,4;18
52526.7,16.31,0.10857362047581294,Bessell_R,,14;18
52528.47,18.094,0.02,Bessell_B,,4;18
52528.47,16.4,0.02,Bessell_I,,4;18
52528.47,16.687,0.02,Bessell_R,,4;18
52528.47,17.165,0.02,Bessell_V,,4;18
52528.5,18.142,0.03,Bessell_B,,4;18
52528.5,16.4,0.023,Bessell_I,,4;18
52528.5,16.64,0.023,Bessell_R,,4;18
52528.5,17.164,0.028,Bessell_V,,4;18
52528.87683,18.494,0.059,Bessell_U,,8;18
52528.88007,18.263,0.016,Bessell_B,,8;18
52528.88255,17.23,0.013,Bessell_V,,8;18
52528.88435,16.759,0.014,Bessell_R,,8;18
52528.8858,16.449,0.017,Bessell_I,,8;18
52529.51,18.255,0.04,Bessell_B,,4;18
52529.51,16.446,0.023,Bessell_I,,4;18
52529.51,16.746,0.02,Bessell_R,,4;18
52529.51,17.193,0.025,Bessell_V,,4;18
52530.51,18.323,0.039,Bessell_B,,4;18
52530.51,16.492,0.022,Bessell_I,,4;18
52530.51,16.774,0.02,Bessell_R,,4;18
52530.51,17.293,0.031,Bessell_V,,4;18
52531.03,16.3,0.10857362047581294,Bessell_R,,14;18
52531.04,16.5,0.10857362047581294,Bessell_R,,14;18
52531.49,18.5,0.049,Bessell_B,,4;18
52531.49,16.533,0.029,Bessell_I,,4;18
52531.49,16.814,0.02,Bessell_R,,4;18
52531.49,17.354,0.02,Bessell_V,,4;18
52531.99058,18.939,0.059,Bessell_U,,8;18
52531.99378,18.578,0.019,Bessell_B,,8;18
52531.99627,17.484,0.014,Bessell_V,,8;18
52531.99807,16.909,0.012,Bessell_R,,8;18
52531.99951,16.541,0.016,Bessell_I,,8;18
52532.5,18.583,0.071,Bessell_B,,4;18
52532.5,16.588,0.101,Bessell_I,,4;18
52532.5,16.914,0.105,Bessell_R,,4;18
52532.5,17.525,0.08,Bessell_V,,4;18
52533.1,16.5,0.10857362047581294,Bessell_R,,14;18
52534.16,16.5,0.10857362047581294,Bessell_R,,14;18
52534.5,18.779,0.037,Bessell_B,,4;18
52534.5,16.621,0.025,Bessell_I,,4;18
52534.5,16.977,0.033,Bessell_R,,4;18
52534.5,17.556,0.031,Bessell_V,,4;18
52535.52,18.824,0.053,Bessell_B,,4;18
52535.52,16.641,0.028,Bessell_I,,4;18
52535.52,17.042,0.033,Bessell_R,,4;18
52535.52,17.629,0.032,Bessell_V,,4;18
52537.49,18.876,0.094,Bessell_B,,4;18
52537.49,16.732,0.043,Bessell_I,,4;18
52537.49,17.122,0.03,Bessell_R,,4;18
52537.49,17.717,0.05,Bessell_V,,4;18
52540.37,19.041,0.155,Bessell_B,,4;18
52540.37,16.792,0.058,Bessell_I,,4;18
52540.37,17.248,0.043,Bessell_R,,4;18
52540.37,17.836,0.063,Bessell_V,,4;18
52546.84081,19.359,0.076,Bessell_B,,8;18
52546.84329,18.378,0.043,Bessell_V,,8;18
52546.84508,17.661,0.03,Bessell_R,,8;18
52546.84653,17.106,0.037,Bessell_I,,8;18
52547.48,19.429,0.167,Bessell_B,,4;18
52547.48,17.11,0.055,Bessell_I,,4;18
52547.48,17.715,0.036,Bessell_R,,4;18
52547.48,18.275,0.084,Bessell_V,,4;18
52550.47,19.61,0.082,Bessell_B,,4;18
52550.47,17.346,0.033,Bessell_I,,4;18
52550.47,17.91,0.032,Bessell_R,,4;18
52550.47,18.464,0.061,Bessell_V,,4;18
52551.49,19.744,0.032,Bessell_B,,4;18
52551.49,17.417,0.042,Bessell_I,,4;18
52551.49,17.964,0.02,Bessell_R,,4;18
52551.49,18.57,0.025,Bessell_V,,4;18
52552.06,17.5,0.10857362047581294,Bessell_R,,14;18
52552.08,17.8,0.10857362047581294,Bessell_R,,14;18
52552.34,19.771,0.043,Bessell_B,,4;18
52552.34,17.505,0.025,Bessell_I,,4;18
52552.34,18.01,0.021,Bessell_R,,4;18
52552.34,18.631,0.027,Bessell_V,,4;18
52553.46,19.834,0.1,Bessell_B,,4;18
52553.46,17.615,0.058,Bessell_I,,4;18
52553.46,18.116,0.038,Bessell_R,,4;18
52553.46,18.602,0.07,Bessell_V,,4;18
52553.83461,20.264,0.22,Bessell_U,,8;18
52553.83784,19.914,0.065,Bessell_B,,8;18
52553.84031,18.793,0.037,Bessell_V,,8;18
52553.84211,18.28,0.026,Bessell_R,,8;18
52553.84355,17.725,0.038,Bessell_I,,8;18
52557.84584,20.356,0.22,Bessell_U,,8;18
52557.84907,20.087,0.064,Bessell_B,,8;18
52557.85159,19.147,0.034,Bessell_V,,8;18
52557.85336,18.657,0.034,Bessell_R,,8;18
52557.85481,18.066,0.035,Bessell_I,,8;18
52561.41,18.481,0.334,Bessell_I,,4;18
52562.41,18.508,0.123,Bessell_I,,4;18
52562.41,19.167,0.109,Bessell_R,,4;18
52562.41,19.447,0.118,Bessell_V,,4;18
52566.37,18.961,0.12,Bessell_I,,4;18
52566.37,19.445,0.125,Bessell_R,,4;18
52566.37,19.579,0.161,Bessell_V,,4;18
52573.36,20.155,0.171,Bessell_V,,4;18
52577.42,20.811,0.307,Bessell_V,,4;18
52578.86332,20.448,0.256,Bessell_R,,8;18
52578.86509,20.15,0.202,Bessell_I,,8;18
52592.39,23.18,0.15,Bessell_B,,4;18
52592.39,22.34,0.11,Bessell_R,,4;18
52592.39,22.711,0.11,Bessell_V,,4;18
52613.80021,21.064,0.411,Bessell_U,,8;18
52613.80409,21.995,0.293,Bessell_B,,8;18
