3.459141045343091719e+03 4.584141901016334786e-01
3.489325768280744342e+03 4.365890133707848175e-01
3.519510491218396965e+03 4.319170656525719298e-01
3.549695214156049587e+03 3.769570605772961103e-01
3.579879937093702210e+03 3.838134907041291233e-01
3.610064660031354833e+03 3.761129360604961169e-01
3.640249382969007456e+03 4.885520245585771582e-01
3.670434105906660079e+03 5.887935030453010921e-01
3.700618828844312702e+03 6.608035985897320330e-01
3.730803551781965325e+03 4.501284988072197790e-01
3.760988274719617948e+03 3.933237239009133579e-01
3.791172997657270571e+03 4.182611330402882799e-01
3.821357720594923194e+03 4.359829267033594746e-01
3.851542443532575817e+03 6.603689126033528423e-01
3.881727166470228440e+03 1.000000000000000000e+00
3.911911889407881063e+03 1.248550406572680016e+00
3.942096612345533686e+03 1.377495395428076641e+00
3.972281335283186309e+03 1.538490794106087689e+00
4.002466058220838931e+03 1.596290117334598913e+00
4.032650781158491554e+03 1.411394456206599202e+00
4.062835504096144177e+03 1.102977228352552297e+00
4.093020227033796800e+03 9.718708423953332787e-01
4.123204949971449423e+03 8.776645533829801060e-01
4.153389672909102046e+03 8.108628737073393378e-01
4.183574395846754669e+03 7.748026844169554339e-01
4.213759118784407292e+03 8.891127436963678354e-01
4.243943841722059915e+03 8.980684997859607055e-01
4.274128564659712538e+03 8.681125007298965413e-01
4.304313287597365161e+03 8.940136777824065906e-01
4.334498010535017784e+03 9.339991212810988541e-01
4.364682733472670407e+03 8.531204002291185029e-01
4.394867456410323030e+03 7.586638928128422998e-01
4.425052179347975652e+03 7.561702767932360070e-01
4.455236902285628275e+03 8.500552784990503818e-01
4.485421625223280898e+03 1.080874047586729558e+00
4.515606348160933521e+03 1.229788323717728282e+00
4.545791071098586144e+03 1.461165518184968093e+00
4.575975794036238767e+03 1.660817404113524631e+00
4.606160516973891390e+03 1.664866343997019049e+00
4.636345239911544013e+03 1.556320064040442208e+00
4.666529962849196636e+03 1.434486316604068223e+00
4.696714685786849259e+03 1.341567889576440464e+00
4.726899408724501882e+03 1.222844252687930178e+00
4.757084131662154505e+03 1.047580334853250195e+00
4.787268854599807128e+03 9.260520279159527579e-01
4.817453577537459751e+03 1.079635901603039461e+00
4.847638300475112374e+03 1.075782817516172774e+00
4.877823023412764996e+03 9.603486555487966703e-01
4.908007746350417619e+03 1.126131294184057108e+00
4.938192469288070242e+03 1.369002742142308993e+00
4.968377192225722865e+03 1.368469591077701386e+00
4.998561915163375488e+03 1.037890576129221865e+00
5.028746638101028111e+03 8.810669166630390459e-01
5.058931361038680734e+03 9.827924620980635906e-01
5.089116083976333357e+03 1.086834112450129064e+00
5.119300806913985980e+03 1.101802147290756650e+00
5.149485529851638603e+03 1.078753583594356913e+00
5.179670252789291226e+03 1.095978203817555618e+00
5.209854975726943849e+03 1.203504701425468282e+00
5.240039698664596472e+03 1.363780655044711576e+00
5.270224421602249095e+03 1.481116004163577582e+00
5.300409144539901718e+03 1.528404972631492109e+00
5.330593867477554340e+03 1.528110759192612633e+00
5.360778590415206963e+03 1.489683808919305186e+00
5.390963313352859586e+03 1.392945602959476226e+00
5.421148036290512209e+03 1.412061633659740245e+00
5.451332759228164832e+03 1.485151299677260894e+00
5.481517482165817455e+03 1.486353830632657136e+00
5.511702205103470078e+03 1.422678833505224283e+00
5.541886928041122701e+03 1.350147136264334469e+00
5.572071650978775324e+03 1.322230111007697051e+00
5.602256373916427947e+03 1.308564952330389719e+00
5.632441096854080570e+03 1.264660056166459823e+00
5.662625819791733193e+03 1.217070374382708042e+00
5.692810542729385816e+03 1.115879108090107374e+00
5.722995265667038439e+03 1.040959377541701425e+00
5.753179988604691061e+03 1.032657047099454939e+00
5.783364711542343684e+03 1.062141455909054955e+00
5.813549434479996307e+03 1.134833286482292980e+00
5.843734157417648930e+03 1.161855799746209117e+00
5.873918880355301553e+03 1.102035874271324545e+00
5.904103603292954176e+03 1.123054435072867285e+00
5.934288326230606799e+03 1.128119611917597798e+00
5.964473049168259422e+03 1.128953959759960490e+00
5.994657772105912045e+03 1.065915681984549890e+00
6.024842495043564668e+03 1.071709543382569629e+00
6.055027217981217291e+03 1.100546596677854927e+00
6.085211940918869914e+03 1.077071995591690090e+00
6.115396663856522537e+03 1.089158167629897145e+00
6.145581386794175160e+03 1.160748242199598046e+00
6.175766109731827783e+03 1.134223318689990601e+00
6.205950832669480405e+03 9.940578232277361703e-01
6.236135555607133028e+03 9.562744682093432536e-01
6.266320278544785651e+03 9.550787057208657282e-01
6.296505001482438274e+03 9.789965876720356786e-01
6.326689724420091807e+03 1.036448140624249170e+00
6.356874447357744430e+03 1.094270938615003574e+00
6.387059170295397053e+03 1.159659485949983138e+00
6.417243893233049675e+03 1.169134587580390905e+00
6.447428616170702298e+03 1.125556565394107533e+00
6.477613339108354921e+03 1.099769834522265510e+00
6.507798062046007544e+03 1.102754782150179524e+00
6.537982784983660167e+03 1.121734852614216793e+00
6.568167507921312790e+03 1.185529640862464262e+00
6.598352230858965413e+03 1.097268080226959874e+00
6.628536953796618036e+03 1.029913884150815973e+00
6.658721676734270659e+03 9.864374964042537108e-01
6.688906399671923282e+03 9.667145598371974513e-01
6.719091122609575905e+03 9.927898100408283355e-01
6.749275845547228528e+03 9.677534120728086275e-01
6.779460568484881151e+03 9.282818617388075566e-01
6.809645291422533774e+03 9.247229910908172368e-01
6.839830014360186397e+03 8.822988045007318370e-01
6.870014737297839019e+03 8.287316532243688139e-01
6.900199460235491642e+03 8.225803254525998476e-01
6.930384183173144265e+03 8.130323822258572752e-01
6.960568906110796888e+03 8.274622702286771325e-01
6.990753629048449511e+03 8.398406949990792070e-01
7.020938351986102134e+03 8.472779777668774104e-01
7.051123074923754757e+03 8.333215064222321278e-01
7.081307797861407380e+03 8.524280290380134018e-01
7.111492520799060003e+03 8.358051040364408157e-01
7.141677243736712626e+03 8.621882120487623924e-01
7.171861966674365249e+03 8.617366317540897658e-01
7.202046689612017872e+03 9.223219043113943805e-01
7.232231412549670495e+03 8.722687154422115174e-01
7.262416135487323118e+03 8.883124530605499558e-01
7.292600858424975740e+03 9.145666378935244367e-01
7.322785581362628363e+03 8.769750292454187024e-01
7.352970304300280986e+03 8.190228246133899326e-01
7.383155027237933609e+03 9.043685995349000084e-01
7.413339750175586232e+03 8.950497635414630393e-01
7.443524473113238855e+03 8.053440484252685216e-01
7.473709196050891478e+03 7.625416603167545215e-01
7.503893918988544101e+03 7.326208196860543032e-01
7.534078641926196724e+03 5.203389476333930563e-01
7.564263364863849347e+03 4.160246247570009714e-01
7.685002256614459839e+03 6.948944057385449957e-01
7.715186979552112462e+03 7.430958011493206117e-01
7.745371702489765084e+03 7.460301732883345416e-01
7.775556425427417707e+03 7.457103632265527082e-01
