3.437839220676051809e+03 1.244232537453005882e+00
3.447846020237109769e+03 1.301726437579571627e+00
3.457852819798167729e+03 1.244557668025257469e+00
3.467859619359226144e+03 1.307113181137883329e+00
3.477866418920284104e+03 1.374652453521487683e+00
3.487873218481342064e+03 1.332459513662224593e+00
3.497880018042400025e+03 1.335493398828661693e+00
3.507886817603457985e+03 1.305392624643407773e+00
3.517893617164516399e+03 1.307973785228001118e+00
3.527900416725574360e+03 1.309009298744975291e+00
3.537907216286632320e+03 1.299709682329486915e+00
3.547914015847690280e+03 1.286428584186240398e+00
3.557920815408748240e+03 1.301248585207265496e+00
3.567927614969806200e+03 1.318337604489381532e+00
3.577934414530864160e+03 1.359500517116439378e+00
3.587941214091922575e+03 1.359028287428247550e+00
3.597948013652980535e+03 1.370078058996096582e+00
3.607954813214038495e+03 1.385169600802234502e+00
3.617961612775096455e+03 1.374360725633301028e+00
3.627968412336154415e+03 1.385114874353886805e+00
3.637975211897212830e+03 1.359020300488818389e+00
3.647982011458270790e+03 1.344718132003694500e+00
3.657988811019328750e+03 1.342641133709527423e+00
3.667995610580386710e+03 1.347021022768817078e+00
3.678002410141444670e+03 1.333753397849769096e+00
3.688009209702502631e+03 1.303102358395447524e+00
3.698016009263561045e+03 1.307817911087526319e+00
3.708022808824619005e+03 1.380498999272105065e+00
3.718029608385676966e+03 1.439187151442366863e+00
3.728036407946734926e+03 1.467472905008927242e+00
3.738043207507792886e+03 1.451694486411871043e+00
3.748050007068851301e+03 1.399013543265262394e+00
3.758056806629909261e+03 1.378162099603606361e+00
3.768063606190967221e+03 1.320955911162288166e+00
3.778070405752025181e+03 1.354148358369850147e+00
3.788077205313083141e+03 1.285034840522605748e+00
3.798084004874141101e+03 1.242813074935080087e+00
3.808090804435199516e+03 1.308792484408209944e+00
3.818097603996257476e+03 1.429836339806020318e+00
3.828104403557315436e+03 1.476143629510644262e+00
3.838111203118373396e+03 1.531535706662236151e+00
3.848118002679431356e+03 1.522110905958918625e+00
3.858124802240489316e+03 1.509587975997625398e+00
3.868131601801547731e+03 1.343319674984912560e+00
3.878138401362605691e+03 1.431639372437828461e+00
3.888145200923663651e+03 1.473521261168350138e+00
3.898152000484721611e+03 1.418957021953088260e+00
3.908158800045779572e+03 1.369702597065506122e+00
3.918165599606837986e+03 1.390726691987083541e+00
3.928172399167895946e+03 1.436034295736043687e+00
3.938179198728953907e+03 1.436105071840663827e+00
3.948185998290011867e+03 1.358081691128790514e+00
3.958192797851069827e+03 1.400428413671903849e+00
3.968199597412127787e+03 1.402091424798233232e+00
3.978206396973186202e+03 1.451493933908136968e+00
3.988213196534244162e+03 1.470620001631791185e+00
3.998219996095302122e+03 1.468683919016587014e+00
4.008226795656360082e+03 1.442497063416822156e+00
4.018233595217418042e+03 1.563399836425358735e+00
4.028240394778476002e+03 1.550614868166661386e+00
4.038247194339534417e+03 1.540474076989989172e+00
4.048253993900592377e+03 1.465934835682702220e+00
4.058260793461650337e+03 1.392763846517000692e+00
4.068267593022708297e+03 1.362878280187336699e+00
4.078274392583766257e+03 1.388726380435823637e+00
4.088281192144824217e+03 1.398530280385600788e+00
4.098287991705881723e+03 1.403081108135256327e+00
4.108294791266940592e+03 1.424535527835116833e+00
4.118301590827999462e+03 1.461289574119794432e+00
4.128308390389056513e+03 1.489993134035855205e+00
4.138315189950115382e+03 1.534034482042393455e+00
4.148321989511172433e+03 1.501587457255760816e+00
4.158328789072231302e+03 1.461735766688556648e+00
4.168335588633288353e+03 1.429782901573709797e+00
4.178342388194347222e+03 1.425849690058631714e+00
4.188349187755404273e+03 1.430774282324805524e+00
4.198355987316463143e+03 1.402148818611551384e+00
4.208362786877520193e+03 1.407707137390506347e+00
4.218369586438579063e+03 1.408150450417538613e+00
4.228376385999637023e+03 1.406425483677571808e+00
4.238383185560694983e+03 1.435153640942197439e+00
4.248389985121753853e+03 1.427150727634052041e+00
4.258396784682810903e+03 1.415615995772469216e+00
4.268403584243869773e+03 1.423004020832939087e+00
4.278410383804926823e+03 1.400787053016599559e+00
4.288417183365985693e+03 1.420984340574676263e+00
4.298423982927042744e+03 1.412493087300135342e+00
4.308430782488101613e+03 1.375836293748508243e+00
4.318437582049158664e+03 1.369574154348877748e+00
4.328444381610217533e+03 1.392714788219216127e+00
4.338451181171274584e+03 1.384684276776913636e+00
4.348457980732333453e+03 1.409581294703038390e+00
4.358464780293392323e+03 1.428500035422152425e+00
4.368471579854449374e+03 1.376791574139602847e+00
4.378478379415508243e+03 1.416519611122739386e+00
4.388485178976565294e+03 1.366000279330703338e+00
4.398491978537624163e+03 1.300922302818321885e+00
4.408498778098681214e+03 1.246847282587457473e+00
4.418505577659740084e+03 1.280348295424583505e+00
4.428512377220797134e+03 1.330653662110618196e+00
4.438519176781856004e+03 1.362914971611166592e+00
4.448525976342913054e+03 1.328186879954625921e+00
4.458532775903971924e+03 1.388302754380932980e+00
4.468539575465030794e+03 1.509411399467662118e+00
4.478546375026087844e+03 1.502221774832370516e+00
4.488553174587146714e+03 1.501733722820147943e+00
4.498559974148203764e+03 1.483268328057671948e+00
4.508566773709262634e+03 1.490337284739005730e+00
4.518573573270319685e+03 1.500074864296102373e+00
4.528580372831378554e+03 1.520828949136328267e+00
4.538587172392435605e+03 1.510945619301259146e+00
4.548593971953494474e+03 1.506527553580826684e+00
4.558600771514551525e+03 1.518832835653800784e+00
4.568607571075610394e+03 1.526539989715337997e+00
4.578614370636668355e+03 1.522978814991740037e+00
4.588621170197726315e+03 1.507289404545097744e+00
4.598627969758785184e+03 1.530573121328437702e+00
4.608634769319842235e+03 1.520032028384886047e+00
4.618641568880901104e+03 1.516547252450022309e+00
4.628648368441958155e+03 1.502616408448687713e+00
4.638655168003017025e+03 1.490870030269970226e+00
4.648661967564074075e+03 1.456775286239140765e+00
4.658668767125132945e+03 1.482300802036484955e+00
4.668675566686189995e+03 1.493502689185077337e+00
4.678682366247248865e+03 1.494380767546849675e+00
4.688689165808306825e+03 1.469890734955514366e+00
4.698695965369364785e+03 1.474349735634957304e+00
4.708702764930423655e+03 1.481501698895520969e+00
4.718709564491480705e+03 1.451718144120502929e+00
4.728716364052539575e+03 1.413845411029310162e+00
4.738723163613596626e+03 1.371001831138474847e+00
4.748729963174655495e+03 1.356457038529397696e+00
4.758736762735712546e+03 1.336026750578937827e+00
4.768743562296771415e+03 1.323865369815035775e+00
4.778750361857828466e+03 1.341054112173897028e+00
4.788757161418887335e+03 1.341369103728163426e+00
4.798763960979945296e+03 1.356619581082299186e+00
4.808770760541003256e+03 1.355589720560404610e+00
4.818777560102062125e+03 1.361104224838619370e+00
4.828784359663119176e+03 1.338845730999440597e+00
4.838791159224178045e+03 1.288442262873319200e+00
4.848797958785235096e+03 1.303748512404115045e+00
4.858804758346293966e+03 1.339022822815818747e+00
4.868811557907351016e+03 1.369401851665060788e+00
4.878818357468409886e+03 1.432477106904419095e+00
4.888825157029466936e+03 1.410728094930125298e+00
4.898831956590525806e+03 1.384051808169204145e+00
4.908838756151583766e+03 1.437927473179474891e+00
4.918845555712641726e+03 1.438335095044541490e+00
4.928852355273700596e+03 1.406484544593996633e+00
4.938859154834757646e+03 1.383424628824987401e+00
4.948865954395816516e+03 1.385994983550352666e+00
4.958872753956873566e+03 1.423283927444551011e+00
4.968879553517932436e+03 1.444869957356942569e+00
4.978886353078989487e+03 1.503059797253134100e+00
4.988893152640048356e+03 1.486229451751243991e+00
4.998899952201105407e+03 1.526248731647117829e+00
5.008906751762164276e+03 1.601146384966858571e+00
5.018913551323222237e+03 1.597593166871724479e+00
5.028920350884280197e+03 1.591754911170191855e+00
5.038927150445339066e+03 1.574534357452958666e+00
5.048933950006396117e+03 1.522986695842790006e+00
5.058940749567454986e+03 1.486529727331723061e+00
5.068947549128512037e+03 1.416205165165853597e+00
5.078954348689570907e+03 1.385788444630917660e+00
5.088961148250627957e+03 1.356843791294665147e+00
5.098967947811686827e+03 1.383272679954554718e+00
5.108974747372743877e+03 1.397911951843332279e+00
5.118981546933802747e+03 1.419660236354452598e+00
5.128988346494859798e+03 1.421640269869741902e+00
5.138995146055918667e+03 1.411225679741021422e+00
5.149001945616976627e+03 1.403266899198754913e+00
5.159008745178034587e+03 1.432811361077308776e+00
5.169015544739093457e+03 1.413496395416184992e+00
5.179022344300150507e+03 1.409232551888603302e+00
5.189029143861209377e+03 1.427363548501102919e+00
5.199035943422266428e+03 1.441182855726858891e+00
5.209042742983325297e+03 1.426516349435511311e+00
5.219049542544382348e+03 1.438961653013963726e+00
5.229056342105441217e+03 1.425077230256408978e+00
5.239063141666498268e+03 1.429144340461919516e+00
5.249069941227557138e+03 1.442070148622166537e+00
5.259076740788615098e+03 1.424827346656200255e+00
5.269083540349673058e+03 1.429348121083487078e+00
5.279090339910731927e+03 1.458403727709230990e+00
5.289097139471788978e+03 1.441020601128130352e+00
5.299103939032847848e+03 1.435690917962515467e+00
5.309110738593904898e+03 1.421547321293802790e+00
5.319117538154963768e+03 1.409035136569806612e+00
5.329124337716020818e+03 1.363069451447224800e+00
5.339131137277079688e+03 1.369605632286628571e+00
5.349137936838136739e+03 1.333183294053732038e+00
5.359144736399195608e+03 1.343060789027927804e+00
5.369151535960253568e+03 1.319990203799035644e+00
5.379158335521311528e+03 1.328797888398707494e+00
5.389165135082370398e+03 1.328276176059212776e+00
5.399171934643427448e+03 1.356148882097868658e+00
5.409178734204486318e+03 1.352683975000940286e+00
5.419185533765543369e+03 1.312286853763678263e+00
5.429192333326602238e+03 1.322661281863010352e+00
5.439199132887659289e+03 1.305585523628333799e+00
5.449205932448718158e+03 1.333590097522728168e+00
5.459212732009775209e+03 1.353660806488559576e+00
5.469219531570834079e+03 1.312974715660978342e+00
5.479226331131892039e+03 1.292831048201005251e+00
5.489233130692949999e+03 1.285477911061913669e+00
5.499239930254007959e+03 1.311273633961885121e+00
5.509246729815065919e+03 1.304389786347324387e+00
5.519253529376124789e+03 1.278760819224469492e+00
5.529260328937181839e+03 1.273007904046516536e+00
5.539267128498240709e+03 1.281493019350528284e+00
5.549273928059297759e+03 1.276236468967106852e+00
5.559280727620356629e+03 1.238932134680137631e+00
5.569287527181413680e+03 1.228230817972550737e+00
5.579294326742472549e+03 1.231852084185403040e+00
5.589301126303530509e+03 1.215244251481806703e+00
5.599307925864588469e+03 1.211602601144604385e+00
5.609314725425646429e+03 1.200441755043401892e+00
5.619321524986704389e+03 1.195417272990172197e+00
5.629328324547763259e+03 1.188547322953328100e+00
5.639335124108820310e+03 1.194504806837953792e+00
5.649341923669879179e+03 1.185830278310057384e+00
5.659348723230936230e+03 1.133507898730730767e+00
5.669355522791995099e+03 1.131912602301498039e+00
5.679362322353052150e+03 1.131431036835908621e+00
5.689369121914111020e+03 1.115376303476661057e+00
5.699375921475168980e+03 1.110606130424614424e+00
5.709382721036226940e+03 1.114406958797539149e+00
5.719389520597284900e+03 1.118179507039581688e+00
5.729396320158342860e+03 1.113090583873537431e+00
5.739403119719401730e+03 1.113597443839899892e+00
5.749409919280458780e+03 1.100463550900973475e+00
5.759416718841517650e+03 1.108698070297085447e+00
5.769423518402574700e+03 1.125676984996746510e+00
5.779430317963633570e+03 1.143057232036117421e+00
5.789437117524690620e+03 1.161672681233677284e+00
5.799443917085749490e+03 1.224393040532588683e+00
5.809450716646807450e+03 1.300733313947955327e+00
5.819457516207865410e+03 1.367878119425552930e+00
5.829464315768923370e+03 1.398037727194990198e+00
5.839471115329981330e+03 1.384453913438535633e+00
5.849477914891040200e+03 1.311465350819153608e+00
5.859484714452097251e+03 1.350203431666576748e+00
5.869491514013156120e+03 1.373276199284990229e+00
5.879498313574213171e+03 1.496670579130326084e+00
5.889505113135272040e+03 1.430227336106468572e+00
5.899511912696329091e+03 1.440276285057445094e+00
5.909518712257387961e+03 1.426450771661487371e+00
5.919525511818445921e+03 1.368907540438446535e+00
5.929532311379503881e+03 1.360291633317974203e+00
5.939539110940561841e+03 1.296046253563518214e+00
5.949545910501619801e+03 1.272356157664700227e+00
5.959552710062677761e+03 1.248221687855054718e+00
5.969559509623735721e+03 1.233030907947621158e+00
5.979566309184794591e+03 1.210099935026172080e+00
5.989573108745851641e+03 1.186871944953043601e+00
5.999579908306910511e+03 1.179143558060120389e+00
6.009586707867967561e+03 1.151368256309343252e+00
6.019593507429026431e+03 1.140360010764333465e+00
6.029600306990084391e+03 1.135180124390595457e+00
6.039607106551142351e+03 1.147168581095885820e+00
6.049613906112200311e+03 1.139182687394911575e+00
6.059620705673258271e+03 1.125857865683821624e+00
6.069627505234316232e+03 1.133189739680561692e+00
6.079634304795374192e+03 1.141742145328152436e+00
6.089641104356433061e+03 1.136649827333963581e+00
6.099647903917490112e+03 1.139534749260077362e+00
6.109654703478548981e+03 1.125623001167055603e+00
6.119661503039606032e+03 1.137874450965166817e+00
6.129668302600664902e+03 1.116088429301904661e+00
6.139675102161721952e+03 1.105179997766536637e+00
6.149681901722780822e+03 1.127755362439847309e+00
6.159688701283838782e+03 1.128800332978081356e+00
6.169695500844896742e+03 1.132633563773207008e+00
6.179702300405954702e+03 1.133353615915948520e+00
6.189709099967012662e+03 1.136907061343324754e+00
6.199715899528071532e+03 1.114730225245407880e+00
6.209722699089128582e+03 1.108627673079535025e+00
6.219729498650187452e+03 1.103054138195860956e+00
6.229736298211244502e+03 1.068110596196005790e+00
6.239743097772303372e+03 1.046191933747382841e+00
6.249749897333360423e+03 1.000000000000000000e+00
6.259756696894419292e+03 1.043151243769173897e+00
6.269763496455477252e+03 1.036942421357991639e+00
6.279770296016535212e+03 1.046289186480433564e+00
6.289777095577593172e+03 1.059568450810262741e+00
6.299783895138651133e+03 1.081290698201952782e+00
6.309790694699710002e+03 1.097109430383225614e+00
6.319797494260767053e+03 1.110866289442153487e+00
6.329804293821825922e+03 1.121575896198825362e+00
6.339811093382882973e+03 1.128701701096096910e+00
6.349817892943941843e+03 1.158317424054720490e+00
6.359824692504998893e+03 1.152993302951288657e+00
6.369831492066057763e+03 1.162551365814761262e+00
6.379838291627115723e+03 1.173564885467781371e+00
6.389845091188173683e+03 1.119730503992625081e+00
6.399851890749231643e+03 1.151484998993259401e+00
6.409858690310289603e+03 1.125356340447400516e+00
6.419865489871348473e+03 1.116967038105574295e+00
6.429872289432405523e+03 1.088086325751204564e+00
6.439879088993464393e+03 1.070575438450201089e+00
6.449885888554521443e+03 1.069243256357651273e+00
6.459892688115580313e+03 1.052397831150386986e+00
6.469899487676637364e+03 1.056216679392346869e+00
6.479906287237696233e+03 1.068042457145390811e+00
6.489913086798754193e+03 1.081970952046893197e+00
6.499919886359812153e+03 1.102846917279700412e+00
6.509926685920870113e+03 1.116456631756239437e+00
6.519933485481928074e+03 1.123041628405703429e+00
6.529940285042986034e+03 1.115771861577428359e+00
6.539947084604043994e+03 1.118687685532946841e+00
6.549953884165102863e+03 1.142935548664812284e+00
6.559960683726159914e+03 1.144694736484914710e+00
6.569967483287218784e+03 1.110061245351936732e+00
6.579974282848275834e+03 1.099170757908189744e+00
6.589981082409334704e+03 1.117890704159573145e+00
6.599987881970392664e+03 1.130208838081951717e+00
6.609994681531450624e+03 1.145120302441602345e+00
6.620001481092508584e+03 1.172690474732843713e+00
6.630008280653566544e+03 1.172015813261052086e+00
6.640015080214624504e+03 1.140356615936188867e+00
6.650021879775682464e+03 1.130680219063107561e+00
6.660028679336741334e+03 1.200233200444756010e+00
6.670035478897798384e+03 1.219622397660575563e+00
6.680042278458857254e+03 1.245904490314180268e+00
6.690049078019914305e+03 1.223216717425030797e+00
6.700055877580973174e+03 1.195411938260231066e+00
6.710062677142030225e+03 1.186095756902055154e+00
6.720069476703089094e+03 1.137746205269814626e+00
6.730076276264147054e+03 1.141740341825700611e+00
6.740083075825205015e+03 1.102293499670212951e+00
6.750089875386262975e+03 1.087887773771198718e+00
6.760096674947320935e+03 1.067488312072729650e+00
6.770103474508379804e+03 1.058514720402977227e+00
6.780110274069436855e+03 1.048513723399541853e+00
6.790117073630495725e+03 1.038784661223772110e+00
6.800123873191552775e+03 1.030614067654060051e+00
6.810130672752611645e+03 1.005515254474612874e+00
6.820137472313668695e+03 1.014192147257824361e+00
6.830144271874727565e+03 9.776505353753862648e-01
6.840151071435785525e+03 1.004708103772288474e+00
6.850157870996843485e+03 9.964725841143123874e-01
6.860164670557901445e+03 9.965286897115936959e-01
6.870171470118959405e+03 9.754834225805616432e-01
6.880178269680018275e+03 9.726335704416195771e-01
6.890185069241075325e+03 9.628706357618185274e-01
6.900191868802134195e+03 9.473219742838283608e-01
6.910198668363191246e+03 9.454931470203151722e-01
6.920205467924250115e+03 9.460670396870491938e-01
6.930212267485307166e+03 9.541387134206036347e-01
6.940219067046366035e+03 9.533431415071292880e-01
6.950225866607423995e+03 9.656001306341994717e-01
6.960232666168481956e+03 9.847970123511806673e-01
6.970239465729539916e+03 1.020538445053376764e+00
6.980246265290597876e+03 1.065646920913985385e+00
6.990253064851656745e+03 1.078505681218377976e+00
7.000259864412713796e+03 1.118703644256322516e+00
7.010266663973772665e+03 1.119390308870482187e+00
7.020273463534829716e+03 1.108551880510112220e+00
7.030280263095888586e+03 1.096043469501330136e+00
7.040287062656945636e+03 1.117487189430341976e+00
7.050293862218004506e+03 1.160097996261036490e+00
7.060300661779062466e+03 1.174232651194904165e+00
7.070307461340120426e+03 1.151852443673454740e+00
7.080314260901178386e+03 1.136582764322626726e+00
7.090321060462236346e+03 1.128538885744505116e+00
7.100327860023295216e+03 1.099803362915244609e+00
7.110334659584352266e+03 1.079766571919893003e+00
7.120341459145411136e+03 1.038950992647370564e+00
7.130348258706468187e+03 1.007853336270769118e+00
7.140355058267527056e+03 9.874409924119301740e-01
7.150361857828584107e+03 9.683161674378648609e-01
7.160368657389642976e+03 9.560319514859659806e-01
7.170375456950700936e+03 9.670017778821083931e-01
7.180382256511758897e+03 9.675246571937777817e-01
7.190389056072816857e+03 9.711431347977971251e-01
7.200395855633874817e+03 1.003804821842639639e+00
7.210402655194932777e+03 9.872750701863669542e-01
7.220409454755990737e+03 9.970475225093589078e-01
7.230416254317049606e+03 1.007126630871083561e+00
7.240423053878106657e+03 1.005413970383140621e+00
7.250429853439165527e+03 9.829569700304041646e-01
7.260436653000222577e+03 1.009912860293281645e+00
7.270443452561281447e+03 1.021860124396354319e+00
7.280450252122339407e+03 1.021098030944358914e+00
7.290457051683397367e+03 1.000603635301705374e+00
7.300463851244455327e+03 1.008677067071263478e+00
7.310470650805513287e+03 9.554300135983329056e-01
7.320477450366571247e+03 9.659443646925051086e-01
7.330484249927629207e+03 9.465363443670630206e-01
7.340491049488688077e+03 9.200912999625213695e-01
7.350497849049745128e+03 9.289386464606497196e-01
7.360504648610803997e+03 9.251090681368759894e-01
7.370511448171861048e+03 9.237858277791710648e-01
7.380518247732919917e+03 9.140248784676154870e-01
7.390525047293976968e+03 9.340180216725375573e-01
7.400531846855035838e+03 9.378039067394335904e-01
7.410538646416093798e+03 9.234101991382700492e-01
7.420545445977151758e+03 9.422367642110672792e-01
7.430552245538209718e+03 9.344679728010311104e-01
7.440559045099267678e+03 9.265713903601264789e-01
7.450565844660326547e+03 9.268217437803017988e-01
7.460572644221383598e+03 9.209302014012865634e-01
7.470579443782442468e+03 9.083543636495807760e-01
7.480586243343499518e+03 9.153342364030863099e-01
7.490593042904558388e+03 9.073777291832378911e-01
7.500599842465615438e+03 9.082287398527507660e-01
7.510606642026674308e+03 8.946502002043066337e-01
7.520613441587732268e+03 8.840859345275718928e-01
7.530620241148790228e+03 8.952714234437875174e-01
7.540627040709848188e+03 8.767317516601678129e-01
7.550633840270906148e+03 8.946046731340114855e-01
7.650701835881486659e+03 8.278985431057129807e-01
7.660708635442544619e+03 8.177614271336172136e-01
7.670715435003602579e+03 8.467150449379389210e-01
7.680722234564660539e+03 8.156913927837912137e-01
7.690729034125718499e+03 8.390435517274018595e-01
7.700735833686776459e+03 8.425862973839295389e-01
7.710742633247835329e+03 8.759497590592714156e-01
7.720749432808893289e+03 8.298302154754256810e-01
7.730756232369951249e+03 8.403830387626556320e-01
7.740763031931009209e+03 8.512186330477442553e-01
7.750769831492067169e+03 8.699330475479100100e-01
7.760776631053125129e+03 8.457605223209838652e-01
7.770783430614183089e+03 8.782108206918989302e-01
7.780790230175241049e+03 8.948497069797282100e-01
7.790797029736299010e+03 8.790521773188759713e-01
7.800803829297356970e+03 9.129786045578616172e-01
7.810810628858414930e+03 9.164989655663112744e-01
7.820817428419473799e+03 8.951487852770668718e-01
7.830824227980531759e+03 8.941454771610172214e-01
7.840831027541589719e+03 9.066537063040057687e-01
7.850837827102647680e+03 8.778124739822985578e-01
7.860844626663705640e+03 8.774966640319618039e-01
7.870851426224763600e+03 8.855505452287233403e-01
7.880858225785821560e+03 8.913560802429165708e-01
7.890865025346879520e+03 8.795164958450526482e-01
7.900871824907937480e+03 8.631351921426886342e-01
7.910878624468995440e+03 8.685710091542677702e-01
7.920885424030053400e+03 8.875062087276894829e-01
7.930892223591112270e+03 8.455193682788607612e-01
7.940899023152170230e+03 8.476467737087807208e-01
7.950905822713228190e+03 8.585417017089848057e-01
7.960912622274286150e+03 8.179802192608864875e-01
7.970919421835344110e+03 8.285735683090915682e-01
7.980926221396402070e+03 8.445370505064724309e-01
7.990933020957460030e+03 7.802909887552913482e-01
8.000939820518517990e+03 8.117233691247487393e-01
8.010946620079575951e+03 8.210821070785934150e-01
8.020953419640633911e+03 7.943477899740768455e-01
8.030960219201691871e+03 7.846311856051588762e-01
8.040967018762750740e+03 7.893166091974548326e-01
8.050973818323808700e+03 7.741164177352096720e-01
8.060980617884866660e+03 7.894584342053851955e-01
8.070987417445924621e+03 7.700188753202610314e-01
8.080994217006982581e+03 7.683471346358455856e-01
8.091001016568040541e+03 7.824601475402921391e-01
8.101007816129098501e+03 7.841265686502488785e-01
8.111014615690156461e+03 7.734944064106238359e-01
8.121021415251214421e+03 8.005533842674252831e-01
8.131028214812272381e+03 8.221086333942744240e-01
8.141035014373330341e+03 8.324837283348491823e-01
8.151041813934388301e+03 8.383154368678170654e-01
8.161048613495446261e+03 8.411599239658522631e-01
8.171055413056505131e+03 8.354217096062036552e-01
8.181062212617563091e+03 8.425591387587735293e-01
8.191069012178621051e+03 8.376914250195029998e-01
8.201075811739679921e+03 8.496332937707035127e-01
8.211082611300736971e+03 8.383344721541988731e-01
8.221089410861794022e+03 8.305926878144911374e-01
8.231096210422852891e+03 8.331687713123504535e-01
8.241103009983911761e+03 8.259615511615417960e-01
8.251109809544968812e+03 8.424335452729092566e-01
8.261116609106025862e+03 8.083431357101571457e-01
8.271123408667084732e+03 8.145655829003658477e-01
8.281130208228143601e+03 8.014751558860755409e-01
8.291137007789202471e+03 7.761681215286037050e-01
8.301143807350259522e+03 7.854467627559134080e-01
8.311150606911316572e+03 7.484094453424448012e-01
8.321157406472375442e+03 7.739566334801756264e-01
8.331164206033434311e+03 7.724933716169923859e-01
8.341171005594491362e+03 7.783702434886685673e-01
8.351177805155548413e+03 7.682897711334929491e-01
8.361184604716607282e+03 7.358048576398898977e-01
8.371191404277666152e+03 7.562362822515589222e-01
8.381198203838723202e+03 7.663688136901113390e-01
8.391205003399782072e+03 7.215211939992502987e-01
8.401211802960839123e+03 7.254865502933219856e-01
8.411218602521897992e+03 7.389435126588406177e-01
8.421225402082956862e+03 7.840068100252578498e-01
8.431232201644013912e+03 7.508163330304586935e-01
8.441239001205070963e+03 7.470560152630262296e-01
8.451245800766129832e+03 7.553312725968722718e-01
8.461252600327188702e+03 7.568425015630797503e-01
8.471259399888245753e+03 7.303290301537501694e-01
8.481266199449302803e+03 7.452831875084147129e-01
8.491272999010361673e+03 7.464151202068863844e-01
8.501279798571420542e+03 7.189898040201329055e-01
8.511286598132479412e+03 7.034681496124710609e-01
8.521293397693536463e+03 7.188200323019414695e-01
8.531300197254593513e+03 7.242530152382394837e-01
8.541306996815652383e+03 7.277112993891894366e-01
8.551313796376711252e+03 7.246227635518186494e-01
8.561320595937768303e+03 7.181063303064879610e-01
8.571327395498825354e+03 7.396807662745467082e-01
8.581334195059884223e+03 7.420228036517105830e-01
8.591340994620943093e+03 7.371335691268812162e-01
8.601347794182000143e+03 7.297777797783016052e-01
8.611354593743059013e+03 7.375140020558261789e-01
8.621361393304116064e+03 7.519504632739345551e-01
8.631368192865174933e+03 7.399077196292972447e-01
8.641374992426233803e+03 7.441499059719748344e-01
8.651381791987290853e+03 7.379527078160910136e-01
8.661388591548347904e+03 7.548781085060276563e-01
8.671395391109406773e+03 7.466274939871948568e-01
8.681402190670465643e+03 7.430111533062486728e-01
8.691408990231522694e+03 7.488980126410822447e-01
8.701415789792579744e+03 7.341446351223934741e-01
8.711422589353638614e+03 7.480284895493437558e-01
8.721429388914697483e+03 7.170908068713111039e-01
8.731436188475754534e+03 7.058477877424320646e-01
8.741442988036813404e+03 7.019822757689678783e-01
8.751449787597870454e+03 7.110069717266815914e-01
8.761456587158929324e+03 7.195137139046319241e-01
8.771463386719988193e+03 7.289192974557742177e-01
8.781470186281045244e+03 6.916766535614934375e-01
8.791476985842102295e+03 6.884696170042032826e-01
8.801483785403161164e+03 7.068952589353261207e-01
8.811490584964220034e+03 7.122658012825373586e-01
8.821497384525277084e+03 7.336207252378944554e-01
8.831504184086334135e+03 6.899636444974462934e-01
8.841510983647393005e+03 7.283566804682345408e-01
8.851517783208451874e+03 6.818113284399766050e-01
8.861524582769510744e+03 6.999840405188501036e-01
8.871531382330567794e+03 6.941606523459327160e-01
8.881538181891624845e+03 6.371237961138054295e-01
8.891544981452683714e+03 6.791606193448690432e-01
8.901551781013742584e+03 6.709992857751405637e-01
8.911558580574799635e+03 6.768527424259093150e-01
8.921565380135856685e+03 6.145217426353050127e-01
8.931572179696915555e+03 6.497656814595015318e-01
8.941578979257974424e+03 6.672912241123610810e-01
8.951585778819031475e+03 6.732479653783302043e-01
8.961592578380090345e+03 6.572004914953379906e-01
8.971599377941147395e+03 6.976590833707883021e-01
8.981606177502206265e+03 6.863357098721671878e-01
8.991612977063265134e+03 6.977936640579459615e-01
9.001619776624322185e+03 6.868856417206132825e-01
9.011626576185379236e+03 6.534318533678549201e-01
9.021633375746438105e+03 6.753792506118440064e-01
9.031640175307496975e+03 6.575979137204882585e-01
9.041646974868554025e+03 6.616369862828408444e-01
9.051653774429611076e+03 6.554693716293591432e-01
9.061660573990669945e+03 6.574350832134138178e-01
9.071667373551728815e+03 6.483341172885693782e-01
9.081674173112787685e+03 6.608414446803320130e-01
9.091680972673844735e+03 6.552395084219132526e-01
9.101687772234901786e+03 6.900162037117550939e-01
9.111694571795960655e+03 6.962754635696559724e-01
9.121701371357019525e+03 7.020385480765597430e-01
9.131708170918076576e+03 7.053671467612927515e-01
9.141714970479133626e+03 7.222255450618235706e-01
9.151721770040192496e+03 7.354682695226507638e-01
9.161728569601251365e+03 7.479192260961834426e-01
9.171735369162308416e+03 7.642613074090920389e-01
9.181742168723367286e+03 7.943686439183933468e-01
9.191748968284424336e+03 7.748208142642313279e-01
9.201755767845483206e+03 7.319448167957123275e-01
9.211762567406542075e+03 7.390690152118082334e-01
9.221769366967599126e+03 7.082987475743934835e-01
9.231776166528656177e+03 7.208754037221699607e-01
9.241782966089715046e+03 7.381001555081355692e-01
9.251789765650773916e+03 7.326612770890331694e-01
9.261796565211830966e+03 8.874987825411235765e-01
9.271803364772888017e+03 6.116048577959913857e-01
9.281810164333946886e+03 6.322542030946693981e-01
9.291816963895005756e+03 6.514982259408625964e-01
9.301823763456064626e+03 6.477235104647812713e-01
9.311830563017121676e+03 6.303289111832104386e-01
9.321837362578178727e+03 7.012636482416083616e-01
9.331844162139237596e+03 5.599632625035025901e-01
9.341850961700296466e+03 5.980135723865225295e-01
9.351857761261353517e+03 6.449922651341382096e-01
9.361864560822410567e+03 6.214551789895480516e-01
9.371871360383469437e+03 6.214218823938628677e-01
9.381878159944528306e+03 6.194440615790606230e-01
9.401891759066642408e+03 6.017620916106044548e-01
9.411898558627701277e+03 6.108491902686978836e-01
9.421905358188760147e+03 6.452667612383948814e-01
9.431912157749819016e+03 5.372357670939656993e-01
9.441918957310876067e+03 6.397692311009027799e-01
9.451925756871933118e+03 6.187809334296707764e-01
9.461932556432991987e+03 6.302569832618984957e-01
9.471939355994050857e+03 5.850143359121675601e-01
9.481946155555107907e+03 6.334836916358475012e-01
9.491952955116164958e+03 6.626494634659773064e-01
9.501959754677223827e+03 6.562349508423960254e-01
9.511966554238282697e+03 6.284684847380841433e-01
9.521973353799339748e+03 6.683198115737013500e-01
9.531980153360398617e+03 6.494854262717855153e-01
9.541986952921455668e+03 6.323323296084415457e-01
9.551993752482514537e+03 6.166434344482139007e-01
9.562000552043573407e+03 6.009484316284225969e-01
9.572007351604630458e+03 6.172344831214640060e-01
9.582014151165687508e+03 5.849347241610821646e-01
9.592020950726746378e+03 5.762495716397512124e-01
9.602027750287805247e+03 5.892740116819825680e-01
9.612034549848862298e+03 5.833824238365191706e-01
9.622041349409919349e+03 5.871641259901655419e-01
9.632048148970978218e+03 5.887934767892227805e-01
9.642054948532037088e+03 5.696012553831991676e-01
9.652061748093095957e+03 6.105965786815872320e-01
9.662068547654153008e+03 5.518767363968157813e-01
9.672075347215210058e+03 5.482623356176662410e-01
9.682082146776268928e+03 5.807235156252232855e-01
9.692088946337327798e+03 5.435613625000297322e-01
9.702095745898384848e+03 5.400679630954597910e-01
9.712102545459441899e+03 5.365639548529383962e-01
9.722109345020500768e+03 5.263781973588343988e-01
9.732116144581559638e+03 6.003885426277849602e-01
9.742122944142616689e+03 5.397102937016625690e-01
9.752129743703675558e+03 5.165451079492077158e-01
9.762136543264732609e+03 5.193676499081658626e-01
9.772143342825791478e+03 5.269981399600197625e-01
9.782150142386850348e+03 5.302629871064049594e-01
9.792156941947907399e+03 5.759471439807163362e-01
9.802163741508964449e+03 5.381148608730849103e-01
9.812170541070023319e+03 6.100712138707404808e-01
9.822177340631082188e+03 5.478873283515595105e-01
9.832184140192139239e+03 5.414592364154001691e-01
9.842190939753196290e+03 5.592551377257152234e-01
9.852197739314255159e+03 5.322682848115017906e-01
9.862204538875314029e+03 5.177597895837019459e-01
9.872211338436372898e+03 5.039648751074932154e-01
9.882218137997429949e+03 5.358563605170485467e-01
9.892224937558486999e+03 5.972664070850730589e-01
9.902231737119545869e+03 5.403940484631268859e-01
9.912238536680604739e+03 5.433906359864226765e-01
9.922245336241661789e+03 5.243959056766097637e-01
9.932252135802718840e+03 5.177923738716961877e-01
9.942258935363777709e+03 5.196854906931961393e-01
9.952265734924836579e+03 5.230246375939496817e-01
9.962272534485893630e+03 5.331978615037878955e-01
9.972279334046950680e+03 4.974092194727069427e-01
9.982286133608009550e+03 5.218837328496673811e-01
9.992292933169068419e+03 5.549995842472185137e-01
1.000229973273012729e+04 5.929099029357254302e-01
1.001230653229118434e+04 6.173307659036161299e-01
1.002231333185224139e+04 5.438466644635142622e-01
1.003232013141330026e+04 6.198711733949925362e-01
1.004232693097435913e+04 5.519312658238869629e-01
1.005233373053541618e+04 5.839751396128758376e-01
1.006234053009647323e+04 5.878381963981283986e-01
1.007234732965753210e+04 6.622804880820202245e-01
1.008235412921859097e+04 5.162764012393760149e-01
1.009236092877964802e+04 5.833442926418245245e-01
1.010236772834070689e+04 6.132182044052245651e-01
1.011237452790176394e+04 5.936127232945370702e-01
1.012238132746282281e+04 6.353096620908551539e-01
1.013238812702388168e+04 5.351190765903768298e-01
1.014239492658493873e+04 6.476859400229498798e-01
1.015240172614599578e+04 6.314738321304314006e-01
1.016240852570705465e+04 5.098948063244103102e-01
1.017241532526811352e+04 4.545797038698987658e-01
1.018242212482917057e+04 5.007788743603127646e-01
1.019242892439022762e+04 5.035932323585653458e-01
1.020243572395128649e+04 4.711589836439227241e-01
1.021244252351234536e+04 5.958313647308409733e-01
1.022244932307340423e+04 4.771885166937226419e-01
1.023245612263446128e+04 8.289121266390929721e-01
1.024246292219551833e+04 4.642524482716282597e-01
1.025246972175657720e+04 5.504930256627866836e-01
1.026247652131763607e+04 5.572016455853523453e-01
1.027248332087869312e+04 6.238615665466300531e-01
1.028249012043975017e+04 5.869465538792607573e-01
1.029249692000080904e+04 4.575671526370734266e-01
1.030250371956186791e+04 5.240695475102523648e-01
1.031251051912292496e+04 5.506694354824391846e-01
1.032251731868398383e+04 5.454026324149119365e-01
1.033252411824504088e+04 6.061782704734299809e-01
1.034253091780609975e+04 6.222297302483954518e-01
1.035253771736715862e+04 5.217249488564973392e-01
1.036254451692821567e+04 5.772493636837942033e-01
1.037255131648927272e+04 5.689435225856818157e-01
1.038255811605033159e+04 4.350594268834456213e-01
1.039256491561139046e+04 3.959692387044084771e-01
1.040257171517244751e+04 5.416742169387481765e-01
1.041257851473350456e+04 5.025283020494994979e-01
1.042258531429456343e+04 4.966838326000239667e-01
1.043259211385562230e+04 4.332335397835931912e-01
1.044259891341668117e+04 3.744753238164025277e-01
1.045260571297773822e+04 4.571755804282792712e-01
1.046261251253879527e+04 4.663567264348137398e-01
1.047261931209985414e+04 5.035911863683889544e-01
1.048262611166091301e+04 4.960928900151534982e-01
1.049263291122197006e+04 4.777639249087354822e-01
1.050263971078302711e+04 4.486618212617981549e-01
1.051264651034408598e+04 3.962601633520072553e-01
1.052265330990514485e+04 4.506291090160626789e-01
1.053266010946620190e+04 4.739425002347016913e-01
1.054266690902725895e+04 4.482506227027935330e-01
1.055267370858831782e+04 4.515689914366445290e-01
1.056268050814937669e+04 4.754736131943270161e-01
1.057268730771043556e+04 4.368122797117424128e-01
1.058269410727149261e+04 3.896501753114260391e-01
1.059270090683254966e+04 4.830838024769864569e-01
1.060270770639360853e+04 4.029366688065451618e-01
1.061271450595466740e+04 4.650430491867481586e-01
1.062272130551572445e+04 4.277466184840527097e-01
1.063272810507678150e+04 4.664572982185951067e-01
1.064273490463784037e+04 4.891850209603737509e-01
1.065274170419889924e+04 4.352719673740648165e-01
1.066274850375995629e+04 4.294811786446244839e-01
1.067275530332101516e+04 4.064531803223667694e-01
1.068276210288207221e+04 4.898267950345152055e-01
1.069276890244313108e+04 5.119641662552522066e-01
1.070277570200418995e+04 4.690981259389248592e-01
1.071278250156524700e+04 5.226686504587416682e-01
1.072278930112630405e+04 4.088282414965258016e-01
1.073279610068736292e+04 4.545300090418369354e-01
1.074280290024842179e+04 3.867080565932705105e-01
1.075280969980947884e+04 4.444465965230003923e-01
1.076281649937053589e+04 4.547847878629863172e-01
1.077282329893159476e+04 4.199270713621596762e-01
1.078283009849265363e+04 4.755999947652963522e-01
1.079283689805371250e+04 4.316756925523297928e-01
1.080284369761476955e+04 4.396476583646220515e-01
1.081285049717582660e+04 4.682146825362455411e-01
1.082285729673688547e+04 4.563387856016214994e-01
