3.556646104716214722e+03 1.408809064416212120e+00
3.586751705525214675e+03 1.090604084483656866e+00
3.616857306334215536e+03 1.150857947681508620e+00
3.646962907143216398e+03 1.321443634621733754e+00
3.677068507952216351e+03 1.538702591496288852e+00
3.707174108761217212e+03 1.607471998137343983e+00
3.737279709570217619e+03 1.673840563529732650e+00
3.767385310379218026e+03 1.645744232160203602e+00
3.797490911188218888e+03 1.629314309815394823e+00
3.827596511997218840e+03 1.679004853210886772e+00
3.857702112806219702e+03 1.650171856720542563e+00
3.887807713615220109e+03 1.553893924039520424e+00
3.917913314424220516e+03 1.513652160470855046e+00
3.948018915233221378e+03 1.495903493052255451e+00
3.978124516042221330e+03 1.461379472234785926e+00
4.008230116851222192e+03 1.450661567264586838e+00
4.038335717660222599e+03 1.467307145460825968e+00
4.068441318469223006e+03 1.470448468748031923e+00
4.098546919278223868e+03 1.474586007561313972e+00
4.128652520087223820e+03 1.458280135042548942e+00
4.158758120896224682e+03 1.458467164011046036e+00
4.188863721705225544e+03 1.465631518579801229e+00
4.218969322514225496e+03 1.435783221974758606e+00
4.249074923323226358e+03 1.426519562657567297e+00
4.279180524132227220e+03 1.406446392344789853e+00
4.309286124941227172e+03 1.387064084140134268e+00
4.339391725750227124e+03 1.459700028436037078e+00
4.369497326559227986e+03 1.420099507045075926e+00
4.399602927368228848e+03 1.415339810642711749e+00
4.429708528177228800e+03 1.394354396993795486e+00
4.459814128986229662e+03 1.375720204663128499e+00
4.489919729795230523e+03 1.344837523354765363e+00
4.520025330604230476e+03 1.325371242960172280e+00
4.550130931413231338e+03 1.296700465473116459e+00
4.580236532222232199e+03 1.287099008937312883e+00
4.610342133031232152e+03 1.264563926692278129e+00
4.640447733840233013e+03 1.267376995055183198e+00
4.670553334649233875e+03 1.275480311384147747e+00
4.700658935458233827e+03 1.269018269676687849e+00
4.730764536267233780e+03 1.254223896576797115e+00
4.760870137076234641e+03 1.268052589492407067e+00
4.790975737885235503e+03 1.271573696093193817e+00
4.821081338694235455e+03 1.252907059961868796e+00
4.851186939503236317e+03 1.284598927827811155e+00
4.881292540312237179e+03 1.255147590666109370e+00
4.911398141121237131e+03 1.243971655568978374e+00
4.941503741930237993e+03 1.227910065784576954e+00
4.971609342739238855e+03 1.238906605748659739e+00
5.001714943548238807e+03 1.667473944765383465e+00
5.031820544357238759e+03 1.175809138846107604e+00
5.061926145166239621e+03 1.154838992868089109e+00
5.092031745975240483e+03 1.111833780866936516e+00
5.122137346784240435e+03 1.098951683546985247e+00
5.152242947593241297e+03 1.085836754245843805e+00
5.182348548402242159e+03 1.070007996442632781e+00
5.212454149211242111e+03 1.058599229364311389e+00
5.242559750020242973e+03 1.034739676668899433e+00
5.272665350829243835e+03 1.028624974474362741e+00
5.302770951638243787e+03 1.022536990703896809e+00
5.332876552447244649e+03 1.002085945536400846e+00
5.362982153256245510e+03 1.010490798365595744e+00
5.393087754065245463e+03 9.979140544635990429e-01
5.423193354874245415e+03 9.795966663040595046e-01
5.453298955683246277e+03 9.662718065280743174e-01
5.483404556492247139e+03 9.647908424509955561e-01
5.513510157301247091e+03 9.284499687966976111e-01
5.543615758110247953e+03 9.149800661471840790e-01
5.573721358919248814e+03 9.034109885244367977e-01
5.603826959728248767e+03 8.884257695383247500e-01
5.633932560537249628e+03 8.708603141704979178e-01
5.664038161346250490e+03 8.551193454749485001e-01
5.694143762155250442e+03 8.283894706507654027e-01
5.724249362964251304e+03 8.060872203869209329e-01
5.754354963773251256e+03 7.877736491451058365e-01
5.784460564582252118e+03 7.747694104579727625e-01
5.814566165391252071e+03 7.671317580913884493e-01
5.844671766200252932e+03 7.600055726998776739e-01
5.874777367009253794e+03 7.761664023451141370e-01
5.904882967818253746e+03 7.499021914833114977e-01
5.934988568627254608e+03 7.377224070246554133e-01
5.965094169436255470e+03 7.399782053997934206e-01
5.995199770245255422e+03 7.322603977609960513e-01
6.025305371054256284e+03 7.412606897552018737e-01
6.055410971863256236e+03 7.471005738735798651e-01
6.085516572672257098e+03 7.241074615016135363e-01
6.115622173481257960e+03 7.388522146710867489e-01
6.145727774290257912e+03 7.567688264695610068e-01
6.175833375099258774e+03 7.572535750205635630e-01
6.205938975908258726e+03 7.515892691175095619e-01
6.236044576717259588e+03 7.489288774635817214e-01
6.266150177526260450e+03 7.358807442226178441e-01
6.296255778335260402e+03 7.358673850105823533e-01
6.326361379144261264e+03 7.259930188574820198e-01
6.356466979953262125e+03 7.257487361231185208e-01
6.386572580762262078e+03 7.191340177066812833e-01
6.416678181571262940e+03 7.119887477265484099e-01
6.446783782380262892e+03 7.078626596664395754e-01
6.476889383189263754e+03 7.048701961704864072e-01
6.506994983998263706e+03 6.855375078962485658e-01
6.537100584807264568e+03 6.748558636444311754e-01
6.567206185616265429e+03 1.017983407858651823e+00
6.597311786425265382e+03 6.566358068868647369e-01
6.627417387234266243e+03 6.335396377363387010e-01
6.657522988043267105e+03 5.414984837294339881e-01
6.687628588852267058e+03 5.882786273600479898e-01
6.717734189661267919e+03 6.573190351595376013e-01
6.747839790470267872e+03 6.175353017178037973e-01
6.777945391279268733e+03 6.092354141260307721e-01
6.808050992088269595e+03 5.923321939833925409e-01
6.838156592897269547e+03 5.965460711511633152e-01
6.868262193706270409e+03 5.954773341883228266e-01
6.898367794515270361e+03 5.857136586492309727e-01
6.928473395324271223e+03 5.687207409400686364e-01
6.958578996133272085e+03 5.249712299826521100e-01
6.988684596942272037e+03 5.282156100484175498e-01
7.018790197751272899e+03 5.206237606945263163e-01
7.048895798560273761e+03 5.150434269814097021e-01
7.079001399369273713e+03 5.169328012550025164e-01
7.109107000178274575e+03 5.093791210783555901e-01
7.139212600987274527e+03 5.060393180694792159e-01
7.169318201796275389e+03 4.674388291223189329e-01
7.199423802605275341e+03 4.660036680579331958e-01
7.229529403414276203e+03 4.630188383974288557e-01
7.259635004223277065e+03 4.414418025012261659e-01
