3.596491132439963621e+03 1.455943165229204750e+00
3.626525713089627061e+03 1.354579025389219815e+00
3.656560293739289591e+03 1.532828040095475020e+00
3.686594874388953031e+03 1.652694917601706948e+00
3.716629455038615561e+03 1.579454870768487451e+00
3.746664035688278091e+03 1.485824279075075749e+00
3.776698616337941530e+03 1.451004324636389287e+00
3.806733196987604060e+03 1.389448733312872220e+00
3.836767777637267500e+03 1.190765144113711704e+00
3.866802358286930030e+03 1.660268418033366888e+00
3.896836938936593469e+03 1.749105632033040036e+00
3.926871519586255999e+03 1.813128350442927417e+00
3.956906100235919439e+03 1.768496062131829083e+00
3.986940680885581969e+03 1.599672103986911509e+00
4.016975261535245409e+03 1.571205460437636425e+00
4.047009842184907939e+03 1.753075417101195521e+00
4.077044422834570469e+03 1.846464396185092838e+00
4.107079003484233908e+03 1.721245441637350604e+00
4.137113584133896438e+03 1.678200733462132943e+00
4.167148164783559878e+03 1.735393666973929383e+00
4.197182745433223317e+03 1.674939330147293903e+00
4.227217326082885847e+03 1.620570750808615346e+00
4.257251906732548377e+03 1.412847786285005958e+00
4.287286487382210908e+03 1.371978985867120748e+00
4.317321068031874347e+03 1.363650340543066219e+00
4.347355648681537787e+03 1.288450516412095848e+00
4.377390229331200317e+03 1.311254692354911988e+00
4.407424809980862847e+03 1.342712397274165692e+00
4.437459390630526286e+03 1.428733696113657636e+00
4.467493971280189726e+03 1.542571669395173872e+00
4.497528551929852256e+03 1.623211849981244459e+00
4.527563132579514786e+03 1.733076479132628078e+00
4.557597713229177316e+03 1.774837319909284838e+00
4.587632293878840755e+03 1.862652184183035020e+00
4.617666874528504195e+03 1.796055493444726148e+00
4.647701455178166725e+03 1.682912472878548948e+00
4.677736035827829255e+03 1.500091274345898729e+00
4.707770616477492695e+03 1.413908955470438267e+00
4.737805197127156134e+03 1.313608534865447153e+00
4.767839777776818664e+03 1.290668087209383419e+00
4.797874358426481194e+03 1.304010515230267453e+00
4.827908939076143724e+03 1.271078001071919594e+00
4.857943519725808073e+03 1.312810387698436054e+00
4.887978100375470603e+03 1.268156157953702179e+00
4.918012681025133134e+03 1.167159702238234287e+00
4.948047261674795664e+03 1.147509497306436588e+00
4.978081842324459103e+03 1.042774338711837334e+00
5.008116422974122543e+03 1.069367117784193244e+00
5.038151003623785073e+03 1.059504755241610585e+00
5.068185584273447603e+03 1.170859879188741903e+00
5.098220164923111042e+03 1.296316832246980022e+00
5.128254745572774482e+03 1.325285817214153505e+00
5.158289326222437012e+03 1.344300582817496315e+00
5.188323906872099542e+03 1.407285247599125988e+00
5.218358487521762072e+03 1.406694076397228210e+00
5.248393068171426421e+03 1.323668645495953422e+00
5.278427648821088951e+03 1.317378975771492877e+00
5.308462229470751481e+03 1.252030708577410056e+00
5.338496810120414011e+03 1.252466436830149243e+00
5.368531390770077451e+03 1.233507515477631378e+00
5.398565971419740890e+03 1.230835687290504188e+00
5.428600552069403420e+03 1.206508581389174939e+00
5.458635132719065950e+03 1.202630763216349541e+00
5.488669713368728480e+03 1.214351469790319493e+00
5.518704294018392829e+03 1.214346553147999774e+00
5.548738874668055360e+03 1.285975610757279286e+00
5.578773455317717890e+03 1.257920589236833253e+00
5.608808035967380420e+03 1.205488323070805556e+00
5.638842616617044769e+03 1.204403102698503591e+00
5.668877197266707299e+03 1.157655062115767297e+00
5.698911777916369829e+03 1.159517258740017320e+00
5.728946358566032359e+03 1.190548573357802953e+00
5.758980939215694889e+03 1.135216222050390522e+00
5.789015519865359238e+03 1.189923205807831286e+00
5.819050100515021768e+03 1.167726033389009599e+00
5.849084681164684298e+03 1.193213044927130762e+00
5.879119261814346828e+03 1.114498848895703276e+00
5.909153842464011177e+03 1.094833875691266334e+00
5.939188423113673707e+03 1.082574741746253011e+00
5.969223003763336237e+03 1.105999423633762246e+00
5.999257584412998767e+03 1.065595062458281284e+00
6.029292165062661297e+03 1.073096959699741282e+00
6.059326745712325646e+03 1.019015471912034121e+00
6.089361326361988176e+03 9.809845280879656571e-01
6.119395907011650706e+03 8.223035480114571083e-01
6.149430487661313236e+03 7.784798088680980888e-01
6.179465068310977585e+03 7.905115297601471580e-01
6.209499648960640116e+03 8.341313383213220245e-01
6.239534229610302646e+03 8.774259513535486166e-01
6.269568810259965176e+03 8.817697131145626477e-01
6.299603390909628615e+03 8.801688507061465883e-01
6.329637971559292055e+03 8.786401418583398293e-01
6.359672552208954585e+03 8.897787033051182126e-01
6.389707132858617115e+03 8.955446405484536188e-01
6.419741713508279645e+03 8.854522415206241837e-01
6.449776294157943994e+03 7.161555151944473119e-01
6.479810874807606524e+03 7.662173727006315049e-01
6.509845455457269054e+03 8.181992157240017827e-01
6.539880036106931584e+03 9.262994307271195105e-01
6.569914616756595933e+03 1.049033426187242268e+00
6.599949197406258463e+03 8.484312824339588222e-01
6.629983778055920993e+03 7.894235391901202048e-01
6.660018358705583523e+03 7.500231086775444034e-01
6.690052939355246053e+03 7.798457915316687750e-01
6.720087520004910402e+03 7.100384232845428079e-01
6.750122100654572932e+03 6.390836611545877011e-01
6.780156681304235462e+03 6.483699142987966457e-01
6.810191261953897992e+03 6.055564901150859436e-01
6.840225842603562342e+03 6.445633874396060614e-01
6.870260423253224872e+03 6.455913325980200401e-01
6.900295003902887402e+03 6.005284895160262204e-01
6.930329584552549932e+03 6.459280859055558377e-01
6.960364165202213371e+03 6.239261665621375075e-01
6.990398745851876811e+03 6.163073889915039461e-01
7.020433326501539341e+03 5.781516761957340433e-01
7.050467907151201871e+03 6.397810171540457835e-01
7.080502487800864401e+03 5.850163178863897473e-01
7.230675391049180689e+03 5.629642414530386940e-01
7.260709971698843219e+03 5.456714197480736495e-01
7.290744552348505749e+03 5.563837560045067354e-01
7.320779132998168279e+03 5.275195615631909085e-01
7.350813713647830809e+03 4.977460084409024432e-01
7.380848294297495158e+03 5.249394617775501315e-01
7.410882874947157688e+03 5.088166358335404205e-01
7.440917455596820218e+03 4.746424493413162193e-01
7.470952036246482749e+03 4.603939465162327771e-01
7.500986616896147098e+03 4.386334379798455529e-01
7.531021197545809628e+03 4.531162885250457073e-01
7.561055778195472158e+03 4.791110718024333970e-01
7.591090358845134688e+03 4.630515017640884912e-01
7.621124939494797218e+03 4.562412183241534858e-01
7.651159520144461567e+03 3.783331590035062808e-01
7.681194100794124097e+03 4.194943070097679194e-01
7.711228681443786627e+03 4.077365678455499021e-01
7.741263262093450066e+03 4.259583707711336875e-01
7.771297842743112597e+03 4.428538800779019957e-01
7.801332423392776036e+03 4.243847516979591949e-01
7.831367004042438566e+03 4.337066688446657436e-01
7.861401584692101096e+03 4.626871932447462199e-01
7.891436165341764536e+03 3.642836059084060829e-01
7.921470745991427975e+03 4.748686515793809626e-01
7.951505326641090505e+03 4.391098019144433207e-01
7.981539907290753035e+03 4.411282670434649167e-01
8.011574487940416475e+03 4.399585464677139290e-01
8.041609068590079914e+03 4.414827422781678057e-01
8.071643649239742444e+03 4.361648982760921722e-01
8.101678229889404975e+03 3.418585801402928559e-01
8.131712810539067505e+03 4.115766416157319307e-01
8.161747391188730944e+03 4.154143194400670702e-01
8.191781971838394384e+03 3.989226902850421808e-01
8.221816552488056914e+03 2.998325672314833823e-01
8.251851133137719444e+03 4.095979499215946507e-01
8.281885713787381974e+03 2.524374781738001339e-01
8.311920294437044504e+03 3.310486705486309633e-01
8.341954875086708853e+03 3.965594364405146677e-01
8.371989455736371383e+03 2.710801933807152619e-01
8.402024036386035732e+03 3.063633120370254925e-01
8.432058617035698262e+03 3.198812623541530398e-01
8.462093197685360792e+03 2.724236585562890278e-01
8.492127778335023322e+03 3.522966558145546601e-01
8.522162358984685852e+03 2.903998128226930042e-01
8.552196939634348382e+03 2.843911915821139558e-01
8.582231520284010912e+03 2.475497486462928387e-01
8.612266100933675261e+03 3.577659654223002694e-01
8.642300681583339610e+03 3.484813523819100256e-01
8.672335262233002140e+03 3.833810004558075857e-01
8.702369842882664670e+03 2.748735296957720009e-01
8.732404423532327201e+03 2.085959987575938257e-01
