3.066602144164838137e+03 5.885602647400623999e-01
3.076626107354143642e+03 1.661622636419742283e-01
3.086650070543448237e+03 7.279861253973076707e-01
3.096674033732752832e+03 8.002964565539923969e-01
3.106697996922058337e+03 4.161018415456068098e-01
3.116721960111362932e+03 7.200161307242614050e-01
3.126745923300668437e+03 6.009730205462375796e-01
3.136769886489973032e+03 5.944035651080445959e-01
3.146793849679277628e+03 5.406599155589282280e-01
3.156817812868583133e+03 3.395844431153551279e-01
3.166841776057887728e+03 4.928780945037010142e-01
3.176865739247193233e+03 2.611809488517076727e-01
3.186889702436497828e+03 2.888080838906653125e-01
3.196913665625802423e+03 2.087438334720702615e-01
3.206937628815107928e+03 2.816201023701537798e-01
3.216961592004412523e+03 3.777995457784232847e-01
3.226985555193718028e+03 4.112871473277358025e-01
3.237009518383022623e+03 4.408619583298706290e-01
3.247033481572327219e+03 3.663854234928194953e-01
3.257057444761632723e+03 3.684262870860200989e-01
3.267081407950937319e+03 4.182789443639876037e-01
3.277105371140242823e+03 4.428660373322725330e-01
3.287129334329547419e+03 3.860392941173265147e-01
3.297153297518852014e+03 3.393419372945342127e-01
3.307177260708157519e+03 3.203747123649358652e-01
3.317201223897462114e+03 3.261430811590688150e-01
3.327225187086767619e+03 3.664603550666686860e-01
3.337249150276072214e+03 3.899357359574824322e-01
3.347273113465376809e+03 3.631374803645216476e-01
3.357297076654682314e+03 4.090283009742466946e-01
3.367321039843986910e+03 3.171935264569763491e-01
3.377345003033292414e+03 2.754157680554438770e-01
3.387368966222597010e+03 3.380122424567746919e-01
3.397392929411901605e+03 4.462365957632325464e-01
3.407416892601207110e+03 4.365976705817278813e-01
3.417440855790511705e+03 4.454504954339423839e-01
3.427464818979817210e+03 4.516357562571269857e-01
3.437488782169121805e+03 4.615485222812439892e-01
3.447512745358426400e+03 4.779435506394387745e-01
3.457536708547731905e+03 4.123961346207031808e-01
3.467560671737036500e+03 5.349351433168528791e-01
3.477584634926342005e+03 5.542375167403948977e-01
3.487608598115646600e+03 5.350577586195151003e-01
3.497632561304951196e+03 4.182353478119299472e-01
3.507656524494256701e+03 4.411821205090442621e-01
3.517680487683561296e+03 4.140146566158449115e-01
3.527704450872866801e+03 4.329396473856374494e-01
3.537728414062171396e+03 4.349464511725428806e-01
3.547752377251476446e+03 4.873604058838996167e-01
3.557776340440781496e+03 5.161995250700610605e-01
3.567800303630086091e+03 4.767582693803703586e-01
3.577824266819391596e+03 5.301749447890540257e-01
3.587848230008696191e+03 4.664204369736908440e-01
3.597872193198001241e+03 5.164747283049251347e-01
3.607896156387306291e+03 5.474664272489349059e-01
3.617920119576610887e+03 5.219515451571723474e-01
3.627944082765916392e+03 5.474187435201218754e-01
3.637968045955220987e+03 5.615290400720434061e-01
3.647992009144526037e+03 5.216708923533009967e-01
3.658015972333831087e+03 5.046110165762265343e-01
3.668039935523135682e+03 4.740457464070309546e-01
3.678063898712441187e+03 5.203847940675991879e-01
3.688087861901745782e+03 5.004093988716667996e-01
3.698111825091050832e+03 5.083793935447130652e-01
3.708135788280355882e+03 5.007499969346174140e-01
3.718159751469660478e+03 6.003095355196096383e-01
3.728183714658965982e+03 5.817919000331062129e-01
3.738207677848270578e+03 5.608205961011059060e-01
3.748231641037575628e+03 6.473515775821079288e-01
3.758255604226880678e+03 6.503215926910380640e-01
3.768279567416185273e+03 5.823736415246260067e-01
3.778303530605490778e+03 6.198925617470228966e-01
3.788327493794795373e+03 5.663246607983891678e-01
3.798351456984100423e+03 5.672796977669029017e-01
3.808375420173405473e+03 5.667905989485056972e-01
3.818399383362710068e+03 5.266572479948992136e-01
3.828423346552015573e+03 4.831029300970159923e-01
3.838447309741320169e+03 4.941287705908558592e-01
3.848471272930625219e+03 4.504858971966054781e-01
3.858495236119930269e+03 4.438210743007861558e-01
3.868519199309234864e+03 4.316671730224536652e-01
3.878543162498540369e+03 5.120823756851130559e-01
3.888567125687844964e+03 6.049934400813075097e-01
3.898591088877150014e+03 6.143612492047034745e-01
3.908615052066455064e+03 6.947205937850390312e-01
3.918639015255759659e+03 7.365964444287012025e-01
3.928662978445065164e+03 7.894640757599082903e-01
3.938686941634369759e+03 8.358685182485628973e-01
3.948710904823674809e+03 8.559392809021216797e-01
3.958734868012979859e+03 9.245943136472194457e-01
3.968758831202284455e+03 1.022190644997363895e+00
3.978782794391589960e+03 1.085855234924107959e+00
3.988806757580894555e+03 1.202324786138476265e+00
3.998830720770199605e+03 1.335688001275199266e+00
4.008854683959504655e+03 1.481917648837947521e+00
4.018878647148809250e+03 1.549392849892984092e+00
4.028902610338114755e+03 1.438168508848056693e+00
4.038926573527419350e+03 1.295885711638780968e+00
4.048950536716724400e+03 1.253466266486649383e+00
4.058974499906029450e+03 1.208672171639625592e+00
4.068998463095334046e+03 1.132624798536245647e+00
4.079022426284639550e+03 1.041754597733251853e+00
4.089046389473944146e+03 9.732603272738666877e-01
4.099070352663249651e+03 9.675709772303383582e-01
4.109094315852553336e+03 9.180180462477673942e-01
4.119118279041858841e+03 9.066611444367393968e-01
4.129142242231164346e+03 9.140780078555537091e-01
4.139166205420468941e+03 9.473844112353764224e-01
4.149190168609773536e+03 8.922443096281622577e-01
4.159214131799079041e+03 8.764460090762572486e-01
4.169238094988384546e+03 9.175221354681111219e-01
4.179262058177688232e+03 9.443898730659140428e-01
4.189286021366993737e+03 8.775331980931957432e-01
4.199309984556299241e+03 9.123123474972173463e-01
4.209333947745602927e+03 8.374557052219132602e-01
4.219357910934908432e+03 8.684651152651965411e-01
4.229381874124213937e+03 8.407199970572328818e-01
4.239405837313518532e+03 8.784105787033568147e-01
4.249429800502823127e+03 8.927701930373581618e-01
4.259453763692128632e+03 9.375166041555689223e-01
4.269477726881434137e+03 9.612549267509806761e-01
4.279501690070737823e+03 9.710655133562126062e-01
4.289525653260043327e+03 9.705232812399948727e-01
4.299549616449348832e+03 9.899469075739472101e-01
4.309573579638652518e+03 1.002679825559296134e+00
4.319597542827958023e+03 9.956294456562165829e-01
4.329621506017263528e+03 9.654565444555404108e-01
4.339645469206568123e+03 9.791281507023813502e-01
4.349669432395872718e+03 9.770150803198350831e-01
4.359693395585178223e+03 1.051695973994656752e+00
4.369717358774483728e+03 1.069047401713616896e+00
4.379741321963787414e+03 1.052901691137502205e+00
4.389765285153092918e+03 1.034241004464559355e+00
4.399789248342398423e+03 1.053347193403841642e+00
4.409813211531702109e+03 9.864360227410515769e-01
4.419837174721007614e+03 1.000000000000000000e+00
4.429861137910313118e+03 9.489130153418990909e-01
4.439885101099617714e+03 9.445356490368569391e-01
4.449909064288922309e+03 9.286392562428218422e-01
4.459933027478227814e+03 9.467604355840507635e-01
4.469956990667533319e+03 8.973587301414299722e-01
4.479980953856837004e+03 9.014459068968382338e-01
4.490004917046142509e+03 9.472985805235130119e-01
4.500028880235448014e+03 1.019672944116032154e+00
4.510052843424751700e+03 9.971348890944587984e-01
4.520076806614057205e+03 1.047454846914794624e+00
4.530100769803362709e+03 1.154556589005766964e+00
4.540124732992667305e+03 1.225560385992972900e+00
4.550148696181971900e+03 1.251755101818385008e+00
4.560172659371277405e+03 1.268770018651149911e+00
4.570196622560582910e+03 1.352166135560753712e+00
4.580220585749886595e+03 1.503929820450325083e+00
4.590244548939192100e+03 1.565642102280236259e+00
4.600268512128497605e+03 1.592305481040268145e+00
4.610292475317801291e+03 1.751926082045986321e+00
4.620316438507106795e+03 1.858409298054640280e+00
4.630340401696412300e+03 1.922005768368794332e+00
4.640364364885716896e+03 1.920787789695682202e+00
4.650388328075021491e+03 1.885892836950257889e+00
4.660412291264326996e+03 1.694246481281411754e+00
4.670436254453632500e+03 1.663204373824085147e+00
4.680460217642936186e+03 1.595013916836852008e+00
4.690484180832241691e+03 1.620402096449196971e+00
4.700508144021547196e+03 1.521258087501004663e+00
4.710532107210850882e+03 1.486820898552185799e+00
4.720556070400156386e+03 1.415842987017764232e+00
4.730580033589461891e+03 1.331070853933839615e+00
4.740603996778766486e+03 1.232515398438426057e+00
4.750627959968071082e+03 1.081351166139647768e+00
4.760651923157376586e+03 1.046025697442653613e+00
4.770675886346682091e+03 1.053676892328778036e+00
4.780699849535985777e+03 1.040948061520184487e+00
4.790723812725291282e+03 1.074804871369735570e+00
4.800747775914596787e+03 1.107278853083706771e+00
4.810771739103900472e+03 1.113250218323358354e+00
4.820795702293205977e+03 1.191506029266910405e+00
4.830819665482511482e+03 1.285182758108618151e+00
4.840843628671816077e+03 1.357149766417848458e+00
4.850867591861120673e+03 1.423247588906312311e+00
4.860891555050426177e+03 1.559170739084172697e+00
4.870915518239731682e+03 1.629219499102864788e+00
4.880939481429035368e+03 1.690046225969103588e+00
4.890963444618340873e+03 1.752318451014505341e+00
4.900987407807646377e+03 1.695099338831040470e+00
4.911011370996950063e+03 1.672633490598812278e+00
4.921035334186255568e+03 1.558805617960689505e+00
4.931059297375561073e+03 1.520289426609972905e+00
4.941083260564865668e+03 1.517586440382396207e+00
4.951107223754170263e+03 1.536151759597712774e+00
4.961131186943475768e+03 1.774282938898070094e+00
4.971155150132781273e+03 1.912637959245398367e+00
4.981179113322084959e+03 2.074860729452059793e+00
4.991203076511390464e+03 2.156903990855623121e+00
5.001227039700695968e+03 2.129416364783250248e+00
5.011251002889999654e+03 2.062229990885595665e+00
5.021274966079305159e+03 1.841357596631076010e+00
5.031298929268610664e+03 1.603393991577690914e+00
5.041322892457916168e+03 1.405684990388322619e+00
5.051346855647219854e+03 1.261475770534997931e+00
5.061370818836525359e+03 1.123653445558124409e+00
5.071394782025830864e+03 1.121126207931030239e+00
5.081418745215134550e+03 1.079242182933857208e+00
5.091442708404440054e+03 1.110007724764067616e+00
5.101466671593745559e+03 1.171160063378487548e+00
5.111490634783049245e+03 1.212749811649271203e+00
5.121514597972354750e+03 1.224834230922761780e+00
5.131538561161660255e+03 1.251926763242112051e+00
5.141562524350965759e+03 1.234136645218071315e+00
5.151586487540269445e+03 1.258215565876433795e+00
5.161610450729574950e+03 1.236759250302791768e+00
5.171634413918880455e+03 1.271384449382359394e+00
5.181658377108184141e+03 1.251289163668268589e+00
5.191682340297489645e+03 1.245238779678012220e+00
5.201706303486795150e+03 1.185857550990936149e+00
5.211730266676098836e+03 1.233652995968681498e+00
5.221754229865404341e+03 1.238719732753135849e+00
5.231778193054709845e+03 1.243685652510956974e+00
5.241802156244015350e+03 1.221349231542650404e+00
5.251826119433319036e+03 1.286877574069860808e+00
5.261850082622624541e+03 1.294402066476567414e+00
5.271874045811930046e+03 1.351987662175767824e+00
5.281898009001233731e+03 1.399076025574827353e+00
5.291921972190539236e+03 1.418186301690864903e+00
5.301945935379844741e+03 1.512736323965978347e+00
5.311969898569148427e+03 1.459846894358742597e+00
5.321993861758453932e+03 1.542692604798617806e+00
5.332017824947759436e+03 1.513917518048291333e+00
5.342041788137064941e+03 1.436746171337174527e+00
5.352065751326368627e+03 1.444731152324990608e+00
5.362089714515674132e+03 1.499225480004850342e+00
5.372113677704979636e+03 1.581056208217132664e+00
5.382137640894283322e+03 1.585437661698930301e+00
5.392161604083588827e+03 1.533274387161905228e+00
5.402185567272894332e+03 1.494459831908043768e+00
5.412209530462198018e+03 1.366258721013401845e+00
5.422233493651503522e+03 1.274520676346009518e+00
5.432257456840809027e+03 1.261858602757754300e+00
5.442281420030114532e+03 1.148519828938028731e+00
5.452305383219418218e+03 1.121731110090830708e+00
5.462329346408723723e+03 1.255857264888563307e+00
5.472353309598029227e+03 1.391310389739551345e+00
5.482377272787332913e+03 1.586107958686817421e+00
5.492401235976638418e+03 1.698260088855222616e+00
5.502425199165943923e+03 1.776758405619595527e+00
5.512449162355247609e+03 1.894616234538551103e+00
5.522473125544553113e+03 1.945854444736601963e+00
5.532497088733858618e+03 1.888523616388488646e+00
5.542521051923164123e+03 1.885297471536220071e+00
5.552545015112467809e+03 1.786895966365259936e+00
5.562568978301773313e+03 1.665107635799853769e+00
5.572592941491078818e+03 1.549925545263439286e+00
5.582616904680382504e+03 1.396809004867827442e+00
5.592640867869688009e+03 1.289596909004459224e+00
5.602664831058993514e+03 1.253874984162190120e+00
5.612688794248297199e+03 1.169854891601260549e+00
5.622712757437602704e+03 1.139826403979275371e+00
5.632736720626908209e+03 1.083894752473763656e+00
5.642760683816213714e+03 1.107695745112758257e+00
5.652784647005517400e+03 1.022325521830292239e+00
5.662808610194822904e+03 9.936607888523615317e-01
5.672832573384128409e+03 9.214648986448283896e-01
5.682856536573432095e+03 9.098627662284759499e-01
5.692880499762737600e+03 8.708370401755851642e-01
5.702904462952043104e+03 8.682798299189513624e-01
5.712928426141346790e+03 7.995689390915297068e-01
5.722952389330652295e+03 7.483797750145434469e-01
5.732976352519957800e+03 7.090297996057236540e-01
5.743000315709263305e+03 6.930516632765805207e-01
5.753024278898566990e+03 6.661307923809575149e-01
5.763048242087872495e+03 6.716389442549961508e-01
5.773072205277178000e+03 6.260764601779557070e-01
5.783096168466481686e+03 6.584387257272790173e-01
5.793120131655787191e+03 6.878541368359529784e-01
5.803144094845092695e+03 7.503402574648878609e-01
5.813168058034396381e+03 8.477976248053482600e-01
5.823192021223701886e+03 9.979523244455402731e-01
5.833215984413007391e+03 1.144856356172931022e+00
5.843239947602312895e+03 1.257973060055612935e+00
5.853263910791616581e+03 1.298354366399047555e+00
5.863287873980922086e+03 1.323658077691780788e+00
5.873311837170227591e+03 1.334163484345431749e+00
5.883335800359531277e+03 1.306253516675000004e+00
5.893359763548836781e+03 1.281626914331412959e+00
5.903383726738142286e+03 1.180715882632632496e+00
5.913407689927445972e+03 1.079189049636036790e+00
5.923431653116751477e+03 1.032689239689756011e+00
5.933455616306056982e+03 1.015925003031322937e+00
5.943479579495362486e+03 1.012886868309802457e+00
5.953503542684666172e+03 1.032516215873777288e+00
5.963527505873971677e+03 1.042747781684816077e+00
5.973551469063277182e+03 1.022712441229804314e+00
5.983575432252580867e+03 1.014344628019231420e+00
5.993599395441886372e+03 9.868392908475852598e-01
6.003623358631191877e+03 9.646064116904154995e-01
6.013647321820495563e+03 9.794074411140009095e-01
6.023671285009801068e+03 9.406746293952477078e-01
6.033695248199106572e+03 9.178082378409896380e-01
6.043719211388412077e+03 9.510397096469632716e-01
6.053743174577715763e+03 8.969718107419180075e-01
6.063767137767021268e+03 9.213422833421661684e-01
6.073791100956326773e+03 9.176706362235577119e-01
6.083815064145630458e+03 9.666227522230835811e-01
6.093839027334935963e+03 1.018983573636619955e+00
6.103862990524241468e+03 1.041085663137616635e+00
6.113886953713545154e+03 1.055377157859027859e+00
6.123910916902850659e+03 1.086344333742505164e+00
6.133934880092156163e+03 1.088695822769116806e+00
6.143958843281461668e+03 1.021998547689859649e+00
6.153982806470765354e+03 9.887180297628210823e-01
6.164006769660070859e+03 9.385983436035001404e-01
6.174030732849376363e+03 9.727548797484478760e-01
6.184054696038680049e+03 1.020053051554285162e+00
6.194078659227985554e+03 1.060041988929200762e+00
6.204102622417291059e+03 1.138594801383645549e+00
6.214126585606594745e+03 1.171294940211415891e+00
6.224150548795900249e+03 1.138681994487761084e+00
6.234174511985205754e+03 1.098812947631004455e+00
6.244198475174511259e+03 1.078148181955659535e+00
6.254222438363814945e+03 9.616254974434709224e-01
6.264246401553120450e+03 9.091107257054807933e-01
6.274270364742425954e+03 9.020099372890846290e-01
6.284294327931729640e+03 9.743802137048487300e-01
6.294318291121035145e+03 1.052445289733148215e+00
6.304342254310340650e+03 1.094912418614092831e+00
6.314366217499644335e+03 1.119573080763974993e+00
6.324390180688949840e+03 1.059984768454624859e+00
6.334414143878255345e+03 1.038878587689695987e+00
6.344438107067560850e+03 1.010382791350989073e+00
6.354462070256864536e+03 1.008828301791682147e+00
6.364486033446170040e+03 1.042731432977794359e+00
6.374509996635475545e+03 1.027178363031213681e+00
6.384533959824779231e+03 1.068039231447282855e+00
6.394557923014084736e+03 1.079186324851533207e+00
6.404581886203390241e+03 1.094649476909494989e+00
6.414605849392693926e+03 1.144186059185044346e+00
6.424629812581999431e+03 1.190684506739073223e+00
6.434653775771304936e+03 1.216386036569332862e+00
6.444677738960610441e+03 1.253384522951541014e+00
6.454701702149914126e+03 1.315839308558684362e+00
6.464725665339219631e+03 1.352777849681813471e+00
6.474749628528525136e+03 1.389909850504698285e+00
6.484773591717828822e+03 1.473201063210913153e+00
6.494797554907134327e+03 1.501921654271167972e+00
6.504821518096439831e+03 1.518824854939285318e+00
6.514845481285743517e+03 1.460484493932586059e+00
6.524869444475049022e+03 1.403405708151056697e+00
6.534893407664354527e+03 1.347599396732710897e+00
6.544917370853660032e+03 1.251725129188845154e+00
6.554941334042963717e+03 1.115292444308810804e+00
6.564965297232269222e+03 9.993896482711923657e-01
6.574989260421574727e+03 8.967729014731546933e-01
6.585013223610878413e+03 8.123727014739722252e-01
6.595037186800183918e+03 7.615854431112678569e-01
6.605061149989489422e+03 7.057178240415910020e-01
6.615085113178793108e+03 6.625858477417667647e-01
6.625109076368098613e+03 6.249184267639232848e-01
6.635133039557404118e+03 6.537766194416098076e-01
6.645157002746709622e+03 6.183734943862627675e-01
6.655180965936013308e+03 6.071582813694221814e-01
6.665204929125318813e+03 5.559541309776663276e-01
6.675228892314624318e+03 5.442947780867380958e-01
6.685252855503928004e+03 5.033794139805968237e-01
6.695276818693233508e+03 5.053385340386892244e-01
6.705300781882539013e+03 4.920511224068566114e-01
6.715324745071842699e+03 4.618210007316046473e-01
6.725348708261148204e+03 5.288452499512945604e-01
6.735372671450453709e+03 4.928208740291252221e-01
6.745396634639759213e+03 4.364396330805187518e-01
6.755420597829062899e+03 4.625021968575059872e-01
6.765444561018368404e+03 4.863822082471052632e-01
6.775468524207673909e+03 4.719571990850173204e-01
6.785492487396977594e+03 4.577910444507719556e-01
6.795516450586283099e+03 4.477938101070431665e-01
6.805540413775588604e+03 4.480199672208424744e-01
6.815564376964892290e+03 4.568046724604667430e-01
6.825588340154197795e+03 4.583523500585147126e-01
6.835612303343503299e+03 4.468237868237595611e-01
6.845636266532808804e+03 4.604395349882766109e-01
6.855660229722112490e+03 4.401943861264873137e-01
