3.242910343820104572e+03 7.661404487298426047e-02
3.252916060066803766e+03 -9.925332552020210697e-02
3.262921776313502960e+03 1.039521133896211147e+00
3.272927492560201699e+03 2.007647328992963942e+00
3.282933208806900439e+03 -3.950569421314950591e-01
3.292938925053599633e+03 -1.134682730553739916e-01
3.302944641300298827e+03 1.000000000000000000e+00
3.312950357546997566e+03 6.434009140857044340e-01
3.322956073793696305e+03 3.453513475993432585e-02
3.332961790040395499e+03 5.250510741414184113e-02
3.342967506287094693e+03 5.249414902425318941e-01
3.352973222533793432e+03 6.564697957712689602e-01
3.362978938780492172e+03 5.020729910073079560e-01
3.372984655027191366e+03 1.035505650700500713e+00
3.382990371273890560e+03 6.650507158905649696e-01
3.392996087520589299e+03 9.453602504840977749e-01
3.403001803767288038e+03 1.283290706381249757e+00
3.413007520013987232e+03 8.781605288480450744e-01
3.423013236260686426e+03 8.483641559340973082e-01
3.433018952507385166e+03 1.113461485568018050e+00
3.443024668754083905e+03 1.168709016000051504e+00
3.453030385000783099e+03 1.433846308698871752e+00
3.463036101247482293e+03 1.227548364374061673e+00
3.473041817494181032e+03 1.082088574778467649e+00
3.483047533740879771e+03 1.074888076863500741e+00
3.493053249987578965e+03 8.798642822592367407e-01
3.503058966234277705e+03 1.057234722002867944e+00
3.513064682480976899e+03 9.283508301807222862e-01
3.523070398727675638e+03 9.521328668571303888e-01
3.533076114974374832e+03 9.968373762965622165e-01
3.543081831221073571e+03 1.134752616310352957e+00
3.553087547467772310e+03 1.378807268607393777e+00
3.563093263714471504e+03 1.221022979554470256e+00
3.573098979961170699e+03 9.785108205697345962e-01
3.583104696207869438e+03 7.507219580705184470e-01
3.593110412454568177e+03 1.281771695749810647e+00
3.603116128701267371e+03 9.539492533721404266e-01
3.613121844947966565e+03 1.194667329673224865e+00
3.623127561194665304e+03 1.243309615918815059e+00
3.633133277441364044e+03 1.289440436531927192e+00
3.643138993688063238e+03 1.054074246754349797e+00
3.653144709934762432e+03 1.130008318078503660e+00
3.663150426181461171e+03 1.063673088272099498e+00
3.673156142428159910e+03 1.377336641765950054e+00
3.683161858674859104e+03 1.287885834353184933e+00
3.693167574921558298e+03 1.134657411897540324e+00
3.703173291168257037e+03 1.354326053852356937e+00
3.713179007414955777e+03 1.373422063228058487e+00
3.723184723661654971e+03 2.699065469303890907e+00
3.733190439908353710e+03 1.690728102274138278e+00
3.743196156155052904e+03 1.075927926063256379e+00
3.753201872401751643e+03 1.271041941679483145e+00
3.763207588648450837e+03 8.459221785661721338e-01
3.773213304895149577e+03 9.550799804005317695e-01
3.783219021141848771e+03 8.915752631094212566e-01
3.793224737388547510e+03 7.287122585258645202e-01
3.803230453635246704e+03 5.324807011299185211e-01
3.813236169881945443e+03 8.073073315694642149e-01
3.823241886128644182e+03 5.398225445420548052e-01
3.833247602375343376e+03 7.470293945691547366e-01
3.843253318622042570e+03 7.448886982860632999e-01
3.853259034868741310e+03 6.760138365119111592e-01
3.863264751115440049e+03 9.655594297443781393e-01
3.873270467362139243e+03 8.898004586211368805e-01
3.883276183608838437e+03 1.072328499894583231e+00
3.893281899855537176e+03 1.051079093834744294e+00
3.903287616102235916e+03 1.166325123001815456e+00
3.913293332348935110e+03 1.171497612730132420e+00
3.923299048595634304e+03 1.385531618147656685e+00
3.933304764842333043e+03 1.265753036378647112e+00
3.943310481089031782e+03 1.740526602230932030e+00
3.953316197335730976e+03 2.035512873368511944e+00
3.963321913582429715e+03 2.074448358346812071e+00
3.973327629829128909e+03 2.133729623226741090e+00
3.983333346075827649e+03 2.147495641980247338e+00
3.993339062322526843e+03 1.922740646682627119e+00
4.003344778569225582e+03 1.802245173499581243e+00
4.013350494815924776e+03 1.568858805511122112e+00
4.023356211062623515e+03 1.674907068459718262e+00
4.033361927309322709e+03 1.664657968712176972e+00
4.043367643556021449e+03 1.579750254674004317e+00
4.053373359802720643e+03 1.329399980649595303e+00
4.063379076049419382e+03 1.314145387771271656e+00
4.073384792296118576e+03 1.196335403177396284e+00
4.083390508542817315e+03 1.223811791223382350e+00
4.093396224789516509e+03 1.244155551599047227e+00
4.103401941036215248e+03 1.207517411153302911e+00
4.113407657282914442e+03 1.235876759157884974e+00
4.123413373529612727e+03 1.007006475862421535e+00
4.133419089776312831e+03 8.173608086173000942e-01
4.143424806023011115e+03 7.503704682827507799e-01
4.153430522269709400e+03 7.670801173657446625e-01
4.163436238516409503e+03 8.000301866674647266e-01
4.173441954763107788e+03 8.257105541540373794e-01
4.183447671009806982e+03 9.658754711186349207e-01
4.193453387256506176e+03 9.283915648453253677e-01
4.203459103503204460e+03 1.068909869017178993e+00
4.213464819749904564e+03 1.076309663212374312e+00
4.223470535996602848e+03 1.195733826552783041e+00
4.233476252243301133e+03 1.058538800756784859e+00
4.243481968490001236e+03 1.131108594320137328e+00
4.253487684736699521e+03 1.193781238296906855e+00
4.263493400983397805e+03 1.412868102795206138e+00
4.273499117230097909e+03 1.413298302986209398e+00
4.283504833476796193e+03 1.294643378755435004e+00
4.293510549723496297e+03 1.333233802175360694e+00
4.303516265970194581e+03 1.400464038735247829e+00
4.313521982216892866e+03 1.526397485061368631e+00
4.323527698463592969e+03 1.707362395385147558e+00
4.333533414710291254e+03 1.868554562307971345e+00
4.343539130956989538e+03 1.908686716504723435e+00
4.353544847203689642e+03 1.740436043187588044e+00
4.363550563450387926e+03 1.766251810599683170e+00
4.373556279697088030e+03 1.400842273659564929e+00
4.383561995943786314e+03 1.428048342598368547e+00
4.393567712190484599e+03 1.519461564108103513e+00
4.403573428437184702e+03 1.434165619192483865e+00
4.413579144683882987e+03 1.547081005311585988e+00
4.423584860930581272e+03 1.485973127291697171e+00
4.433590577177281375e+03 1.642901810170360966e+00
4.443596293423979660e+03 1.798937269573699815e+00
4.453602009670677944e+03 1.874461427305788908e+00
4.463607725917378048e+03 2.049920900686870162e+00
4.473613442164076332e+03 2.070052469614674706e+00
4.483619158410776436e+03 2.440895432786069907e+00
4.493624874657474720e+03 2.513419971557054655e+00
4.503630590904173005e+03 2.716201790620672796e+00
4.513636307150873108e+03 2.751544109303383667e+00
4.523642023397571393e+03 2.863959118123592162e+00
4.533647739644269677e+03 3.058966510125626925e+00
4.543653455890969781e+03 3.231646565807563487e+00
4.553659172137668065e+03 3.235779306539919631e+00
4.563664888384368169e+03 3.350313015691586571e+00
4.573670604631066453e+03 3.431809376545271295e+00
4.583676320877764738e+03 3.259287420221790299e+00
4.593682037124464841e+03 3.204022925416991185e+00
4.603687753371163126e+03 3.113347810518073633e+00
4.613693469617861410e+03 3.040898657105961078e+00
4.623699185864561514e+03 2.998082715354442485e+00
4.633704902111259798e+03 2.814278161125252087e+00
4.643710618357958992e+03 2.721659053867478306e+00
4.653716334604658186e+03 2.589644190001467727e+00
4.663722050851356471e+03 2.308950143090425122e+00
4.673727767098056574e+03 2.043478144589906176e+00
4.683733483344754859e+03 1.730715805462812895e+00
4.693739199591453144e+03 1.514002492904085173e+00
4.703744915838153247e+03 1.434676686511877186e+00
4.713750632084851532e+03 1.267621931429839588e+00
4.723756348331549816e+03 1.161236603003314771e+00
4.733762064578249920e+03 1.060822052117912806e+00
4.743767780824948204e+03 9.528995902572198196e-01
4.753773497071648308e+03 9.559601818619135605e-01
4.763779213318346592e+03 9.128606353204540280e-01
4.773784929565044877e+03 9.720209271801156792e-01
4.783790645811744980e+03 8.283619814263096792e-01
4.793796362058443265e+03 9.861849192023780519e-01
4.803802078305141549e+03 8.727015445059174148e-01
4.813807794551841653e+03 1.011862987734805097e+00
4.823813510798539937e+03 1.041803624702491549e+00
4.833819227045240041e+03 1.068303303814881922e+00
4.843824943291938325e+03 1.251148949200051375e+00
4.853830659538636610e+03 1.440202738235675461e+00
4.863836375785336713e+03 1.919408494920794794e+00
4.873842092032034998e+03 1.450395545815510667e+00
4.883847808278733282e+03 1.225934926419081306e+00
4.893853524525433386e+03 1.311688463260841209e+00
4.903859240772131670e+03 1.340734057425811088e+00
4.913864957018829955e+03 1.703420747266831015e+00
4.923870673265530058e+03 1.831546104449338408e+00
4.933876389512228343e+03 1.814301387433263857e+00
4.943882105758928446e+03 1.942013462699654802e+00
4.953887822005626731e+03 2.469500979118247397e+00
4.963893538252325015e+03 1.681250013783125219e+00
4.973899254499025119e+03 1.597654674395424523e+00
4.983904970745723404e+03 1.660707294076181784e+00
4.993910686992421688e+03 1.579021791068974556e+00
5.003916403239121792e+03 3.328156585574411519e+00
5.013922119485820076e+03 1.712919932151520275e+00
5.023927835732520180e+03 1.577382073903082604e+00
5.033933551979218464e+03 1.552890926607125355e+00
5.043939268225916749e+03 1.489708198931080307e+00
5.053944984472616852e+03 1.555938415920663509e+00
5.063950700719315137e+03 1.633945015558171399e+00
5.073956416966013421e+03 1.676203500378077749e+00
5.083962133212713525e+03 1.759621000905845722e+00
5.093967849459411809e+03 1.765907017554952940e+00
5.103973565706111913e+03 1.725195739806804740e+00
5.113979281952810197e+03 1.957724840417876866e+00
5.123984998199508482e+03 1.914657065522281654e+00
5.133990714446208585e+03 2.089801773400103091e+00
5.143996430692906870e+03 2.246944918373846356e+00
5.154002146939605154e+03 2.495856861003464378e+00
5.164007863186305258e+03 2.704922298043817452e+00
5.174013579433003542e+03 2.806560905338262302e+00
5.184019295679701827e+03 2.929121292865478399e+00
5.194025011926401930e+03 2.932856754832299906e+00
5.204030728173100215e+03 3.094550510506350882e+00
5.214036444419800318e+03 3.082741070106605807e+00
5.224042160666498603e+03 3.079612406106599476e+00
5.234047876913196887e+03 3.010004491308041263e+00
5.244053593159896991e+03 3.210269477430652163e+00
5.254059309406595276e+03 3.347030940231168206e+00
5.264065025653293560e+03 3.105991691328201743e+00
5.274070741899993664e+03 3.097168241768752051e+00
5.284076458146691948e+03 3.158411338981214289e+00
5.294082174393391142e+03 3.249579064514311444e+00
5.304087890640090336e+03 3.204918746203208713e+00
5.314093606886788621e+03 3.225974990570774192e+00
5.324099323133488724e+03 2.990978129067697555e+00
5.334105039380187009e+03 3.058606975255377503e+00
5.344110755626885293e+03 2.923837966789603282e+00
5.354116471873585397e+03 2.721735786538222790e+00
5.364122188120283681e+03 2.496045783985192390e+00
5.374127904366982875e+03 2.351571347581551841e+00
5.384133620613682069e+03 2.104634782049450425e+00
5.394139336860380354e+03 2.063660928110328197e+00
5.404145053107080457e+03 2.037903317590643582e+00
5.414150769353778742e+03 1.866630958049338984e+00
5.424156485600477026e+03 1.787790298562933700e+00
5.434162201847177130e+03 1.600026888535264646e+00
5.444167918093875414e+03 1.750434285034438098e+00
5.454173634340574608e+03 1.517457836499254142e+00
5.464179350587273802e+03 1.530819016067569871e+00
5.474185066833972087e+03 1.298582466639490729e+00
5.484190783080672190e+03 1.279624151933525855e+00
5.494196499327370475e+03 1.232304056291881666e+00
5.504202215574068759e+03 1.236487895048084651e+00
5.514207931820768863e+03 1.297999116080903237e+00
5.524213648067467147e+03 1.253730342537437537e+00
5.534219364314166342e+03 1.366077247964188723e+00
5.544225080560865536e+03 1.347710301023508750e+00
5.554230796807563820e+03 1.698427221557469613e+00
5.564236513054263014e+03 1.392627346541663869e+00
5.574242229300962208e+03 1.385915171274367363e+00
5.584247945547660493e+03 1.495273743879786066e+00
5.594253661794360596e+03 1.229805484597837451e+00
5.604259378041058881e+03 9.296107823365230560e-01
5.614265094287757165e+03 6.319735712004145300e-01
5.624270810534457269e+03 3.365307549592584380e-01
5.634276526781155553e+03 3.574929832340854596e-01
5.644282243027854747e+03 4.820063090687498053e-01
5.654287959274553941e+03 4.433623139526012280e-01
5.664293675521252226e+03 3.268006689423209599e-01
5.674299391767952329e+03 5.277014004935960401e-01
5.684305108014650614e+03 3.029490715706654180e-01
5.694310824261348898e+03 3.373343721917748117e-01
5.704316540508049002e+03 4.772441814747048761e-01
5.714322256754747286e+03 2.446954292292692623e-01
5.724327973001446480e+03 2.402096397914024462e-01
5.734333689248145674e+03 1.884353495148516355e-01
5.744339405494843959e+03 2.153824411705906050e-01
5.754345121741544062e+03 1.771617763507914445e-01
5.764350837988242347e+03 3.224700453548231538e-01
5.774356554234940631e+03 1.518537638455364491e-01
5.784362270481640735e+03 1.267663716818866471e-01
5.794367986728339019e+03 1.558278772822619951e-01
5.804373702975037304e+03 9.425345763987498515e-02
5.814379419221737407e+03 2.123971860409167300e-01
5.824385135468435692e+03 3.392938233345294541e-01
5.834390851715134886e+03 2.811740672723449519e-01
5.844396567961834080e+03 3.281314122188945803e-01
5.854402284208532365e+03 4.410257247327836194e-01
5.864408000455232468e+03 5.640046079933069834e-01
5.874413716701930753e+03 6.265059147001961204e-01
5.884419432948629037e+03 6.033668531998428453e-01
5.894425149195329141e+03 6.501257355486331768e-01
5.904430865442027425e+03 8.150750535779526240e-01
5.914436581688726619e+03 7.821816957240886881e-01
5.924442297935425813e+03 5.289258409104277137e-01
5.934448014182124098e+03 4.298531161590650185e-01
5.944453730428824201e+03 4.976816904328218438e-01
5.954459446675522486e+03 4.736308098073916950e-01
5.964465162922220770e+03 4.201137397737655932e-01
5.974470879168920874e+03 3.415566376723871422e-01
5.984476595415619158e+03 4.792612655749752260e-01
5.994482311662318352e+03 4.268707790344077879e-01
6.004488027909017546e+03 4.378129108687901505e-01
6.014493744155715831e+03 2.943498615917906069e-01
6.024499460402415934e+03 3.780379546436324345e-01
6.034505176649114219e+03 2.922794934936187028e-01
6.044510892895812503e+03 3.413052116510370548e-01
6.054516609142512607e+03 2.735390489033182604e-01
6.064522325389210891e+03 3.072738683639393287e-01
6.074528041635909176e+03 4.326250714179436518e-01
6.084533757882609279e+03 5.476530218378033998e-01
6.094539474129307564e+03 4.564717575129316196e-01
6.104545190376006758e+03 5.789244122270857940e-01
6.114550906622705952e+03 6.164965712099725881e-01
6.124556622869404237e+03 6.707557063466144109e-01
6.134562339116104340e+03 7.855711020653787235e-01
6.144568055362802625e+03 8.610559748452678575e-01
6.154573771609500909e+03 7.745340247230354525e-01
6.164579487856201013e+03 8.396052978083711205e-01
6.174585204102899297e+03 9.404795168744598532e-01
6.184590920349598491e+03 8.203430397560171894e-01
6.194596636596297685e+03 8.563980481669395406e-01
6.204602352842995970e+03 1.025828483053911944e+00
6.214608069089696073e+03 1.233203442536858319e+00
6.224613785336394358e+03 1.379471722403947664e+00
6.234619501583092642e+03 1.698804141602819007e+00
6.244625217829792746e+03 1.980222153903108184e+00
6.254630934076491030e+03 2.571960120842542441e+00
6.264636650323190224e+03 3.056336003959905234e+00
6.274642366569889418e+03 3.434909252922865530e+00
6.284648082816587703e+03 3.298105449310880566e+00
6.294653799063287806e+03 3.271318915821099349e+00
6.304659515309986091e+03 3.637534557656640910e+00
6.314665231556684375e+03 3.713037056809656455e+00
6.324670947803384479e+03 3.743206727811195123e+00
6.334676664050082763e+03 3.220770765864843455e+00
6.344682380296781048e+03 2.769970290935411139e+00
6.354688096543481151e+03 2.717288652070565025e+00
6.364693812790179436e+03 2.646161499763540093e+00
6.374699529036878630e+03 2.410207700369098927e+00
6.384705245283577824e+03 2.274075878575522847e+00
6.394710961530276109e+03 1.934986116035209314e+00
6.404716677776976212e+03 1.840201335731756593e+00
6.414722394023674497e+03 1.629181074953556241e+00
6.424728110270372781e+03 1.637970714718832044e+00
6.434733826517072885e+03 1.531268181635662140e+00
6.444739542763771169e+03 1.458149555477087134e+00
6.454745259010470363e+03 1.580716344555244568e+00
6.464750975257169557e+03 1.266537124196517095e+00
6.474756691503867842e+03 1.403901665186953363e+00
6.484762407750567945e+03 1.248457718574693232e+00
6.494768123997266230e+03 1.177399831974225819e+00
6.504773840243964514e+03 1.209155798899600232e+00
6.514779556490664618e+03 1.162353962510816574e+00
6.524785272737362902e+03 9.360781007569650702e-01
6.534790988984062096e+03 1.020594243451011573e+00
6.544796705230761290e+03 8.973060684258818975e-01
6.554802421477459575e+03 1.892395273385599319e+00
6.564808137724159678e+03 1.883780928558782097e+00
6.574813853970857963e+03 9.205954501144494317e-01
6.584819570217556247e+03 8.204274549016508100e-01
6.594825286464256351e+03 7.170348631648968407e-01
6.604831002710954635e+03 6.953171268059584742e-01
6.614836718957652920e+03 6.309056416953774393e-01
6.624842435204353023e+03 4.143215555424156205e-01
6.634848151451051308e+03 5.123960782012266790e-01
6.644853867697750502e+03 5.147709517449878813e-01
6.654859583944449696e+03 4.409944394280863600e-01
6.664865300191147981e+03 2.409105508856998201e-01
6.674871016437848084e+03 2.652253313619867825e-01
6.684876732684546369e+03 4.428112760157808525e-01
6.694882448931244653e+03 5.128042468526935460e-01
6.704888165177944757e+03 4.476136600681632771e-01
6.714893881424643041e+03 6.755814519370075821e-01
6.724899597671342235e+03 6.545211148824645608e-01
6.814951043891633162e+03 2.365103117960351831e-01
6.824956760138331447e+03 3.088923906529089658e-01
6.834962476385030641e+03 5.574034346978581911e-02
6.844968192631729835e+03 4.347872520240920746e-01
6.854973908878428119e+03 2.759930371873651200e-01
6.864979625125128223e+03 1.994548919508538909e-01
6.874985341371826507e+03 1.955942515395987513e-01
6.884991057618524792e+03 2.372166047514261689e-01
6.894996773865224895e+03 1.745112816716908599e-01
6.905002490111923180e+03 2.614167432611332331e-01
6.915008206358622374e+03 8.834777113283305561e-02
6.925013922605321568e+03 1.978310045759819336e-01
6.935019638852019852e+03 4.642946303708475053e-01
6.945025355098719956e+03 2.795216626084354727e-01
6.955031071345418241e+03 1.712940420715071965e-01
6.965036787592116525e+03 5.690171397582848289e-01
6.975042503838816629e+03 5.478644375426353630e-01
6.985048220085514913e+03 5.197052559521492254e-01
6.995053936332214107e+03 2.891013493960662428e-01
7.005059652578913301e+03 3.330234316744644096e-01
7.015065368825611586e+03 6.947234246069653452e-01
7.025071085072311689e+03 5.857037911919962259e-01
7.035076801319009974e+03 3.908222917615009062e-01
7.045082517565708258e+03 3.346656539331832048e-01
7.055088233812408362e+03 3.649833527998301852e-01
7.065093950059106646e+03 5.744054543776183630e-01
7.075099666305804931e+03 4.708131036878626663e-01
7.085105382552505034e+03 7.697291931055346703e-01
7.095111098799203319e+03 5.761925855164724553e-01
7.105116815045902513e+03 6.640461660651040265e-01
7.115122531292601707e+03 5.990795839532044864e-01
7.125128247539299991e+03 7.611969136507680256e-01
7.135133963786000095e+03 7.404357743184946106e-01
7.145139680032698379e+03 7.732290016169323099e-01
7.155145396279396664e+03 1.007740672413093952e+00
7.165151112526096767e+03 9.505656886332282118e-01
7.175156828772795052e+03 1.055876538653407914e+00
7.185162545019494246e+03 9.918545614829418211e-01
7.195168261266193440e+03 1.195351138068335484e+00
7.205173977512891724e+03 1.304295075374954482e+00
7.215179693759591828e+03 1.031968425433031911e+00
7.225185410006290113e+03 1.278810466490224229e+00
7.235191126252988397e+03 1.443828135019957992e+00
7.245196842499688501e+03 1.608509255543311589e+00
7.255202558746386785e+03 1.533175945190019762e+00
7.265208274993085979e+03 1.627180639093355863e+00
7.275213991239785173e+03 2.035946283610145624e+00
7.285219707486483458e+03 1.902369394225284616e+00
7.295225423733183561e+03 2.087847211470901687e+00
7.305231139979881846e+03 2.354371978458759340e+00
7.315236856226580130e+03 2.728745015410973807e+00
7.325242572473280234e+03 2.554965244784298317e+00
7.335248288719978518e+03 2.168493180658896513e+00
7.345254004966676803e+03 2.356221352260492896e+00
7.355259721213376906e+03 2.133581661986383882e+00
7.365265437460075191e+03 1.734791723610761061e+00
7.375271153706774385e+03 1.317395485865961113e+00
7.385276869953473579e+03 1.302528939373982952e+00
7.395282586200171863e+03 1.107021451337732110e+00
7.405288302446871967e+03 1.555266519030537919e+00
7.415294018693570251e+03 1.098423420799537586e+00
7.425299734940268536e+03 9.711260497723078755e-01
7.435305451186968639e+03 1.009884980196741333e+00
7.445311167433666924e+03 8.448965558813027465e-01
7.455316883680366118e+03 9.653525903875496139e-01
7.465322599927065312e+03 7.754986072030012334e-01
7.475328316173763596e+03 1.021832854112763034e+00
7.485334032420463700e+03 7.438261281901556998e-01
7.495339748667161984e+03 6.496454078004748611e-01
7.505345464913860269e+03 4.314403500175342243e-01
7.515351181160560373e+03 5.435381974387170079e-01
7.525356897407258657e+03 4.604596540342828503e-01
7.535362613653957851e+03 4.344688990522821426e-01
7.545368329900657045e+03 5.563236043151464916e-01
7.555374046147355330e+03 4.063695423339078738e-01
7.565379762394055433e+03 1.641909355721956620e-01
7.575385478640753718e+03 2.593279071470160901e-01
7.585391194887452002e+03 2.671429202423116767e-01
7.595396911134152106e+03 2.742197731952949469e-01
7.605402627380850390e+03 2.307455901220717698e-01
7.615408343627548675e+03 1.597662740847386742e-01
7.625414059874248778e+03 2.272257540449263424e-01
7.635419776120947063e+03 1.064581595644047557e-01
7.645425492367646257e+03 2.251055139579435926e-01
7.655431208614345451e+03 -7.888806638787701497e-02
7.665436924861043735e+03 3.163586353508049953e-01
7.675442641107743839e+03 2.033569826736179864e-01
7.685448357354442123e+03 3.476934171836932874e-01
7.695454073601140408e+03 4.498575752859603205e-01
7.705459789847840511e+03 4.982088358944060658e-01
7.715465506094538796e+03 6.089853507160203350e-01
7.725471222341237990e+03 8.732718328344498682e-01
7.735476938587937184e+03 1.280181132028977098e+00
7.745482654834635468e+03 1.538425085128922065e+00
7.755488371081335572e+03 1.713204983804691217e+00
7.765494087328033856e+03 1.949150626851808843e+00
7.775499803574732141e+03 2.135629028802232821e+00
7.785505519821432244e+03 2.420966829491502992e+00
7.795511236068130529e+03 1.824353279735534628e+00
7.805516952314829723e+03 1.474837241413009536e+00
7.815522668561528917e+03 9.706992291352705138e-01
7.825528384808227202e+03 1.224705134457288125e+00
7.835534101054927305e+03 7.496583471938013110e-01
7.845539817301625590e+03 7.632034647351871870e-01
7.855545533548323874e+03 7.548159693062288511e-01
7.865551249795023978e+03 9.061099519434536731e-01
7.875556966041722262e+03 3.940311357337768494e-01
7.885562682288420547e+03 7.178044665042140338e-01
7.895568398535120650e+03 9.596911397565588420e-01
7.905574114781818935e+03 9.083249851621150173e-01
7.915579831028518129e+03 6.875905649886566717e-01
7.925585547275217323e+03 4.303401993650124435e-01
7.935591263521915607e+03 4.208400091339450366e-01
7.945596979768615711e+03 4.114675695935100519e-01
7.955602696015313995e+03 4.602391812132850535e-01
7.965608412262012280e+03 6.913483681389490654e-01
7.975614128508712383e+03 3.349987603730325558e-01
7.985619844755410668e+03 4.561354779589145148e-01
7.995625561002109862e+03 2.589890363499116610e-01
8.005631277248809056e+03 2.103676551802707295e-01
8.015636993495507340e+03 1.896635940045796886e-01
8.025642709742207444e+03 2.299691497344513724e-01
8.035648425988905728e+03 1.260573821090890945e-01
8.045654142235604013e+03 1.045851994086087755e-01
8.055659858482304116e+03 4.496866882070424398e-02
8.065665574729002401e+03 -7.434312385123191536e-02
8.075671290975701595e+03 1.506363882302478863e-01
8.085677007222400789e+03 3.711478796507692440e-02
8.095682723469099074e+03 -1.366518683004733503e-01
8.105688439715798268e+03 -7.620297106698485645e-02
8.115694155962497462e+03 -7.431388805607389014e-02
8.125699872209195746e+03 -2.903387488246366235e-02
8.135705588455895850e+03 -1.351597329629184163e-01
8.145711304702594134e+03 -2.077136750405073895e-01
8.155717020949292419e+03 -1.077106882676359817e-01
8.165722737195992522e+03 -6.898316400089701816e-02
8.175728453442690807e+03 -1.505834855872224542e-01
8.185734169689390001e+03 -1.818824465073031749e-01
8.195739885936089195e+03 -1.999272067013737053e-01
8.205745602182789298e+03 -9.039154522650649781e-02
8.215751318429487583e+03 -9.221273685888925487e-02
8.225757034676185867e+03 -1.332962725742586341e-01
8.235762750922884152e+03 -3.674542229482296030e-01
8.245768467169582436e+03 -4.741369049031685795e-02
8.255774183416284359e+03 1.571398250331863256e-01
8.265779899662982643e+03 -9.009331795518679131e-01
8.275785615909680928e+03 -2.916800963402510494e-01
8.285791332156379212e+03 -5.007912057531120897e-01
8.295797048403077497e+03 -4.555341509392168420e-01
8.305802764649777600e+03 -3.060076409313914891e-01
8.315808480896477704e+03 -2.173284827370412231e-01
8.325814197143175988e+03 2.083260572417318726e-02
8.335819913389874273e+03 1.438586950930968722e-02
8.345825629636572558e+03 -1.085704482481901628e-01
8.355831345883270842e+03 -3.334258543419996723e-01
8.365837062129972765e+03 1.299587706048534186e-01
8.375842778376671049e+03 -3.359639461175463193e-01
8.385848494623369334e+03 -1.010473235732906455e-01
8.395854210870067618e+03 -1.313156376704385786e-01
8.405859927116765903e+03 -3.248292882049274577e-01
8.415865643363466006e+03 -2.761935513828245314e-01
8.425871359610166110e+03 1.939266015598683501e-01
8.435877075856864394e+03 1.712359638759869129e-01
8.445882792103562679e+03 4.114660957094801730e-01
8.455888508350260963e+03 9.260301282585130245e-02
8.465894224596959248e+03 3.091241447351931737e-01
8.475899940843661170e+03 5.866130699405428528e-01
8.485905657090359455e+03 8.393205458532498886e-01
8.495911373337057739e+03 8.670187289721097423e-01
8.505917089583756024e+03 7.947425260627747345e-01
8.515922805830454308e+03 1.027571564173173080e+00
8.525928522077156231e+03 1.049738265911206669e+00
8.535934238323854515e+03 9.642964433550492709e-01
8.545939954570552800e+03 9.116777813094516514e-01
