3.720733860302259927e+03 9.398880551688048035e-01
3.740761430915567871e+03 7.215404179624816949e-01
3.760789001528875360e+03 4.703926394022359680e-01
3.780816572142182849e+03 6.187650305346558133e-01
3.800844142755490793e+03 8.816509186730739911e-01
3.820871713368798737e+03 8.907191465756925108e-01
3.840899283982106226e+03 7.971009703640966615e-01
3.860926854595413715e+03 8.992934002838969265e-01
3.880954425208721659e+03 1.301991102518121446e+00
3.900981995822029603e+03 1.883442477703202167e+00
3.921009566435337547e+03 2.288501317122937806e+00
3.941037137048645036e+03 2.152083313866020919e+00
3.961064707661952525e+03 1.626940324689280404e+00
3.981092278275260469e+03 1.144858888180042777e+00
4.001119848888568413e+03 1.201329950126870161e+00
4.021147419501875902e+03 1.413546445891774139e+00
4.041174990115183391e+03 1.617559487150299624e+00
4.061202560728491335e+03 1.763514208023024166e+00
4.081230131341799279e+03 1.786518199742266777e+00
4.101257701955106313e+03 1.467148804735356249e+00
4.121285272568415166e+03 9.396476515625808990e-01
4.141312843181722201e+03 9.294130839025575019e-01
4.161340413795030145e+03 1.114233337609062957e+00
4.181367984408338089e+03 1.212780552282687330e+00
4.201395555021645123e+03 1.190964562129890991e+00
4.221423125634953976e+03 1.149351802220037966e+00
4.241450696248261011e+03 1.150620079902343385e+00
4.261478266861568045e+03 1.019503273481613403e+00
4.281505837474876898e+03 8.720016445985216968e-01
4.301533408088183933e+03 8.647504602072567659e-01
4.321560978701492786e+03 9.934581336695016418e-01
4.341588549314799820e+03 8.502363260892278340e-01
4.361616119928106855e+03 8.084848031791039835e-01
4.381643690541415708e+03 9.935566736635724761e-01
4.401671261154722743e+03 1.271701097616606324e+00
4.421698831768031596e+03 1.546533388493076755e+00
4.441726402381338630e+03 1.773927167051623677e+00
4.461753972994645665e+03 2.005437538810741049e+00
4.481781543607954518e+03 2.185410644188221063e+00
4.501809114221261552e+03 2.309168381913833112e+00
4.521836684834569496e+03 2.288230332139243650e+00
4.541864255447877440e+03 2.126568676004747083e+00
4.561891826061184474e+03 2.085750607167764947e+00
4.581919396674493328e+03 2.121077619783432233e+00
4.601946967287800362e+03 2.217705428279448832e+00
4.621974537901107396e+03 2.189402363430788423e+00
4.642002108514416250e+03 1.967940097877397321e+00
4.662029679127723284e+03 1.729052393544950661e+00
4.682057249741032138e+03 1.599987087862845714e+00
4.702084820354339172e+03 1.509318400559978901e+00
4.722112390967646206e+03 1.472901926371935621e+00
4.742139961580955060e+03 1.547298772412539103e+00
4.762167532194262094e+03 1.682708014954293452e+00
4.782195102807570947e+03 1.688566047705249540e+00
4.802222673420877982e+03 1.658803996306448925e+00
4.822250244034185016e+03 1.611279261493713255e+00
4.842277814647493869e+03 1.443228645916069253e+00
4.862305385260800904e+03 1.260412321916568823e+00
4.882332955874107938e+03 1.239049955529580194e+00
4.902360526487416791e+03 1.340773386046566706e+00
4.922388097100723826e+03 1.506146432130154089e+00
4.942415667714032679e+03 1.532086236086534825e+00
4.962443238327339714e+03 1.466360909524144995e+00
4.982470808940646748e+03 1.288093565423335196e+00
5.002498379553955601e+03 1.198290500999416253e+00
5.022525950167262636e+03 1.293624547331901908e+00
5.042553520780571489e+03 1.458690505416726291e+00
5.062581091393878523e+03 1.602655313047119723e+00
5.082608662007185558e+03 1.668587063907433610e+00
5.102636232620494411e+03 1.687522882940433178e+00
5.122663803233801445e+03 1.730464658546178258e+00
5.142691373847110299e+03 1.795944909347452434e+00
5.162718944460417333e+03 1.832827749541916296e+00
5.182746515073724368e+03 1.837971367335860640e+00
5.202774085687033221e+03 1.869637958964888158e+00
5.222801656300340255e+03 1.802513109641883382e+00
5.242829226913647290e+03 1.654071952884290653e+00
5.262856797526956143e+03 1.608506549936416175e+00
5.282884368140263177e+03 1.593767175478492337e+00
5.302911938753572031e+03 1.606920565721503991e+00
5.322939509366879065e+03 1.618245019695256470e+00
5.342967079980186099e+03 1.559956064754367766e+00
5.362994650593494953e+03 1.518525943626628516e+00
5.383022221206801987e+03 1.483010770591248306e+00
5.403049791820110840e+03 1.457019997672417189e+00
5.423077362433417875e+03 1.479881276296798776e+00
5.443104933046724909e+03 1.441366579821217853e+00
5.463132503660033763e+03 1.373561719590855157e+00
5.483160074273340797e+03 1.301933337694010984e+00
5.503187644886649650e+03 1.326192864854946363e+00
5.523215215499956685e+03 1.430314809796574327e+00
5.543242786113263719e+03 1.570604330492946232e+00
5.563270356726572572e+03 1.554447169396196093e+00
5.583297927339879607e+03 1.589673943052378080e+00
5.603325497953186641e+03 1.615747540535190874e+00
5.623353068566495494e+03 1.626006743193732174e+00
5.643380639179802529e+03 1.589039804211225482e+00
5.663408209793111382e+03 1.528497171647325237e+00
5.683435780406418417e+03 1.462532290961418902e+00
5.703463351019725451e+03 1.351167656455601218e+00
5.723490921633034304e+03 1.232020061383620302e+00
5.743518492246341339e+03 1.107341059661718807e+00
5.763546062859650192e+03 1.074597323959574746e+00
5.783573633472957226e+03 1.081162975805882942e+00
5.803601204086264261e+03 1.126430210323423609e+00
5.823628774699573114e+03 1.169645519360984931e+00
5.843656345312880148e+03 1.251287178672547240e+00
5.863683915926188092e+03 1.246161400015460607e+00
5.883711486539496036e+03 1.328694591428549732e+00
5.903739057152803070e+03 1.425612498269178907e+00
5.923766627766111924e+03 1.463587348484140405e+00
5.943794198379418958e+03 1.456645375798407471e+00
5.963821768992726902e+03 1.414132164218598886e+00
5.983849339606034846e+03 1.455465869059036299e+00
6.003876910219341880e+03 1.385295624229625266e+00
6.023904480832650734e+03 1.303474299325425578e+00
6.043932051445957768e+03 1.185642128226016556e+00
6.063959622059264802e+03 1.082788885708047877e+00
6.083987192672573656e+03 9.245149666110820119e-01
6.104014763285880690e+03 7.481578542746394334e-01
6.124042333899189543e+03 7.269092760963210553e-01
6.144069904512496578e+03 6.985441565358774252e-01
6.164097475125803612e+03 8.145306565566896584e-01
6.184125045739112466e+03 9.526668235378066285e-01
6.204152616352419500e+03 9.999706928465909028e-01
6.224180186965727444e+03 1.072244256859785194e+00
6.244207757579035388e+03 1.157833887054478206e+00
6.264235328192342422e+03 1.215251272737466470e+00
6.284262898805651275e+03 1.232116902412275783e+00
6.304290469418958310e+03 1.215057590680155064e+00
6.324318040032266254e+03 1.192208204813678618e+00
6.344345610645574197e+03 1.237370952958195769e+00
6.364373181258881232e+03 1.269915060224076520e+00
6.384400751872190085e+03 1.295675198587819876e+00
6.404428322485497119e+03 1.265154983872570638e+00
6.424455893098804154e+03 1.245880221239276109e+00
6.444483463712113007e+03 1.187185213564199815e+00
6.464511034325420042e+03 1.141861063705256640e+00
6.484538604938728895e+03 1.162494998670559498e+00
6.504566175552035929e+03 1.167328555276264446e+00
6.524593746165342964e+03 1.225404290057569234e+00
6.544621316778651817e+03 1.241923330787716662e+00
6.564648887391958851e+03 1.218009543088735880e+00
6.584676458005266795e+03 1.144053578573327457e+00
6.604704028618574739e+03 1.123937403318249428e+00
6.624731599231881773e+03 1.150490958530802521e+00
6.644759169845190627e+03 1.144493610615815449e+00
6.664786740458497661e+03 1.130401541981010505e+00
6.684814311071805605e+03 1.073092890084583084e+00
6.704841881685113549e+03 1.079877708469427544e+00
6.724869452298420583e+03 1.095075803589404151e+00
6.744897022911729437e+03 1.141089733406841722e+00
6.764924593525036471e+03 1.119991980883241256e+00
6.784952164138343505e+03 1.045319052962698114e+00
6.804979734751652359e+03 9.854237262219172067e-01
6.825007305364959393e+03 9.037875885479536020e-01
6.845034875978268246e+03 8.953547737105488347e-01
6.865062446591575281e+03 8.574364140956364233e-01
6.885090017204882315e+03 8.857870499759170624e-01
6.905117587818191168e+03 8.825878980994522616e-01
6.925145158431498203e+03 8.604945518426554418e-01
6.945172729044806147e+03 8.213309355268109124e-01
6.965200299658114091e+03 7.938485559218713128e-01
6.985227870271421125e+03 8.155965025097965393e-01
7.005255440884729978e+03 8.156480661101420671e-01
7.025283011498037013e+03 8.478352207423288656e-01
7.045310582111344957e+03 8.409856717751724720e-01
7.065338152724652900e+03 8.596599350825313568e-01
7.085365723337959935e+03 8.706050950273830358e-01
7.105393293951268788e+03 9.127564269737942215e-01
7.125420864564575822e+03 9.279918993329011601e-01
7.145448435177882857e+03 9.253126308734295202e-01
7.165476005791191710e+03 9.238455742375680790e-01
7.185503576404498745e+03 8.886897323874625165e-01
7.205531147017807598e+03 8.785520057560947116e-01
7.225558717631114632e+03 8.818386543514326048e-01
7.245586288244421667e+03 8.876193841760058323e-01
7.265613858857730520e+03 8.689154739221549573e-01
7.285641429471037554e+03 8.802925958237730608e-01
7.305669000084345498e+03 8.237341645804786561e-01
7.325696570697653442e+03 8.402857829724588168e-01
7.345724141310960476e+03 7.943766793211272104e-01
7.365751711924269330e+03 8.060199441550067734e-01
7.385779282537576364e+03 7.528434734668322248e-01
7.405806853150884308e+03 7.131881340857483265e-01
7.425834423764192252e+03 6.207108980986028035e-01
7.445861994377499286e+03 5.371330978000945500e-01
7.465889564990808140e+03 5.240717914825766544e-01
7.485917135604115174e+03 5.081927510242637558e-01
7.505944706217422208e+03 5.122442738494393799e-01
7.525972276830731062e+03 4.682922934079291610e-01
7.545999847444038096e+03 4.330001945315399836e-01
7.566027418057346040e+03 4.156380422141935926e-01
7.586054988670653984e+03 4.573208844474156987e-01
7.606082559283961018e+03 5.329534729826272965e-01
7.626110129897269871e+03 6.447002048102807858e-01
7.646137700510576906e+03 7.306100899857030928e-01
7.666165271123884850e+03 8.461614000154604742e-01
7.686192841737192794e+03 8.967322099207686303e-01
7.706220412350499828e+03 9.632887553124525049e-01
7.726247982963808681e+03 1.000000000000000000e+00
7.746275553577115716e+03 1.001119618208491824e+00
7.766303124190423659e+03 9.664356640024056588e-01
7.786330694803731603e+03 9.410280609622770909e-01
7.806358265417038638e+03 9.070241176635486235e-01
7.826385836030346582e+03 8.993864186403689454e-01
7.846413406643654525e+03 8.688763977176098274e-01
7.866440977256962469e+03 8.443839423982765213e-01
7.886468547870270413e+03 7.985383800534663346e-01
7.906496118483577447e+03 7.266445348105270430e-01
7.926523689096885391e+03 7.297278597198235683e-01
7.946551259710193335e+03 6.798149316973428613e-01
7.966578830323501279e+03 6.686399866801111536e-01
7.986606400936809223e+03 6.340325708659710902e-01
8.006633971550116257e+03 6.229023086391540787e-01
8.026661542163424201e+03 6.153735132990764134e-01
8.046689112776732145e+03 6.138887874228987629e-01
8.066716683390039179e+03 6.187424767687715876e-01
8.086744254003347123e+03 5.832808211439642898e-01
8.106771824616655067e+03 5.585082913759665812e-01
8.126799395229963011e+03 5.108520566401090202e-01
8.146826965843270955e+03 4.349707395681399746e-01
8.166854536456577989e+03 3.694490340107390858e-01
8.186882107069885933e+03 3.236819638681024958e-01
8.206909677683193877e+03 2.846090723054195970e-01
8.226937248296500911e+03 2.396467171316026545e-01
8.246964818909809765e+03 2.048769226979230695e-01
8.266992389523116799e+03 2.058625350093060691e-01
8.287019960136425652e+03 2.526584986072730743e-01
8.307047530749732687e+03 2.653642114634293114e-01
8.327075101363039721e+03 3.194954582407042998e-01
8.347102671976348574e+03 4.332469692580702691e-01
8.367130242589655609e+03 4.337404337628600892e-01
8.387157813202964462e+03 4.958725758949087403e-01
8.407185383816271496e+03 5.236603020590610003e-01
8.427212954429578531e+03 5.313231457703830873e-01
8.447240525042885565e+03 5.553940028219814806e-01
8.467268095656194419e+03 5.704235180986537701e-01
8.487295666269503272e+03 6.153747875231376785e-01
8.507323236882810306e+03 6.481508885164378730e-01
8.527350807496117341e+03 6.981025104762454969e-01
8.547378378109424375e+03 7.413842490615338843e-01
8.567405948722733228e+03 6.912203413731208279e-01
8.587433519336042082e+03 7.319820895065948241e-01
8.607461089949349116e+03 6.902810683434321692e-01
8.627488660562656150e+03 6.164102219953158102e-01
8.647516231175963185e+03 6.216407418702381005e-01
8.667543801789272038e+03 5.821531328497510094e-01
8.687571372402580892e+03 5.708100752047040594e-01
8.707598943015887926e+03 6.026173411700944671e-01
8.727626513629194960e+03 5.766464461466189739e-01
8.747654084242501995e+03 5.751262118932676248e-01
8.767681654855810848e+03 5.339495764054478233e-01
8.787709225469117882e+03 5.287641215881587753e-01
8.807736796082426736e+03 4.920694842875429909e-01
8.827764366695733770e+03 3.913607608646714198e-01
8.847791937309040804e+03 3.662627093231576314e-01
8.867819507922349658e+03 3.320824134143512962e-01
8.887847078535656692e+03 3.195367431002890668e-01
8.907874649148965545e+03 3.106474162558709451e-01
8.927902219762272580e+03 3.276213549758874022e-01
8.947929790375579614e+03 3.886862495083618363e-01
8.967957360988888468e+03 4.330588937866285959e-01
8.987984931602195502e+03 3.433398432024818425e-01
9.008012502215504355e+03 3.726916794018281798e-01
