3.600774830779986587e+03 1.730568634703215369e-01
3.610789361724880109e+03 3.911091348091876307e-01
3.620803892669774086e+03 2.036165632571302619e-01
3.630818423614667608e+03 2.558565260213856440e-01
3.640832954559561585e+03 2.959400155425987444e-01
3.650847485504455108e+03 3.112168524990753249e-01
3.660862016449348630e+03 3.347867464021377359e-01
3.670876547394242152e+03 3.054820906873236819e-01
3.680891078339136129e+03 4.288094951148864742e-01
3.690905609284029651e+03 3.637849137053306148e-01
3.700920140228923628e+03 4.578292724484580023e-01
3.710934671173817151e+03 3.029801063047263820e-01
3.720949202118710673e+03 3.534262287587947027e-01
3.730963733063604650e+03 3.340632259619580324e-01
3.740978264008498172e+03 4.109301040190501686e-01
3.750992794953392149e+03 4.260583720166730148e-01
3.761007325898285671e+03 3.681168936412485548e-01
3.771021856843179194e+03 4.832002792680848979e-01
3.781036387788072716e+03 4.122026023463506439e-01
3.791050918732966693e+03 4.369257238321233583e-01
3.801065449677860215e+03 5.135706835003261972e-01
3.811079980622754192e+03 5.159145406414022972e-01
3.821094511567647714e+03 4.630364586147139305e-01
3.831109042512541237e+03 4.645076029904957604e-01
3.841123573457434759e+03 4.366389753520981132e-01
3.851138104402328736e+03 4.229415407120505344e-01
3.861152635347222258e+03 4.565077359752980901e-01
3.871167166292116235e+03 4.834745604228917193e-01
3.881181697237009757e+03 4.772367420385739134e-01
3.891196228181903280e+03 4.611912944823774452e-01
3.901210759126796802e+03 4.605014358202876301e-01
3.911225290071690779e+03 4.927710292608123432e-01
3.921239821016584301e+03 4.685387048111408492e-01
3.931254351961478278e+03 1.942696017520747498e-01
3.941268882906371800e+03 2.960781950637703108e-01
3.951283413851265323e+03 4.362566440453977124e-01
3.961297944796159300e+03 4.336218826492235223e-01
3.971312475741052822e+03 2.814610874001055585e-01
3.981327006685946344e+03 4.110375308046826937e-01
3.991341537630840321e+03 5.368970489841208282e-01
4.001356068575733843e+03 5.716559516932706586e-01
4.011370599520627366e+03 5.969376093488316659e-01
4.021385130465521343e+03 6.520618878023846099e-01
4.031399661410414865e+03 6.370408388016407519e-01
4.041414192355308842e+03 6.731358231967053962e-01
4.051428723300202364e+03 6.636772791309444308e-01
4.061443254245095886e+03 6.697945800381500669e-01
4.071457785189989409e+03 6.541106849132897194e-01
4.081472316134883386e+03 6.825922893749299947e-01
4.091486847079776908e+03 7.279047828815312648e-01
4.101501378024669975e+03 8.098857577432478916e-01
4.111515908969564407e+03 8.174534241508712995e-01
4.121530439914457929e+03 7.678293140062087963e-01
4.131544970859351452e+03 7.757086635442944633e-01
4.141559501804245883e+03 7.756297038179106318e-01
4.151574032749138496e+03 7.652153314853987753e-01
4.161588563694032928e+03 8.331913443516781870e-01
4.171603094638926450e+03 7.099102768161776877e-01
4.181617625583819972e+03 7.557380864318100633e-01
4.191632156528714404e+03 8.393377356843938486e-01
4.201646687473607017e+03 8.032884648151303875e-01
4.211661218418501448e+03 8.417148390260525970e-01
4.221675749363394971e+03 8.573737995004757639e-01
4.231690280308288493e+03 8.887706801757062625e-01
4.241704811253182925e+03 8.706265662077306011e-01
4.251719342198075537e+03 9.161177580424637590e-01
4.261733873142969969e+03 9.418357720806718181e-01
4.271748404087862582e+03 9.833852112588258310e-01
4.281762935032757014e+03 9.784689293476680483e-01
4.291777465977650536e+03 8.458789256490282238e-01
4.301791996922544058e+03 8.940672155060280790e-01
4.311806527867438490e+03 9.294640296888571074e-01
4.321821058812331103e+03 9.592547032984387601e-01
4.331835589757225534e+03 1.013743148165848762e+00
4.341850120702119057e+03 1.020978352567645686e+00
4.351864651647012579e+03 1.041640866229756268e+00
4.361879182591907011e+03 1.056061405732476199e+00
4.371893713536799623e+03 1.025780350664300622e+00
4.381908244481694055e+03 1.000000000000000000e+00
4.391922775426586668e+03 9.929414160387982635e-01
4.401937306371481100e+03 9.999168844985434346e-01
4.411951837316375531e+03 1.036429524288427384e+00
4.421966368261268144e+03 1.060088351778048388e+00
4.431980899206162576e+03 1.073698515141566556e+00
4.441995430151055189e+03 1.113766420506256516e+00
4.452009961095949620e+03 1.075606015899995382e+00
4.462024492040843143e+03 1.118697247630169311e+00
4.472039022985736665e+03 1.067140702076640801e+00
4.482053553930631097e+03 1.212393352422193482e+00
4.492068084875523709e+03 1.113834990794958291e+00
4.502082615820418141e+03 1.147018854751505668e+00
4.512097146765311663e+03 1.254562002086199168e+00
4.522111677710205186e+03 1.192160961480120740e+00
4.532126208655099617e+03 1.189781780250925625e+00
4.542140739599992230e+03 1.244579830361261630e+00
4.552155270544886662e+03 1.214404747557443320e+00
4.562169801489779275e+03 1.217004184865498440e+00
4.572184332434673706e+03 1.274027652527334631e+00
4.582198863379567229e+03 1.268508783230616555e+00
4.592213394324460751e+03 1.255667438255572144e+00
4.602227925269355183e+03 1.325417967077949788e+00
4.612242456214247795e+03 1.416693332890050838e+00
4.622256987159142227e+03 1.434149666083472718e+00
4.632271518104035749e+03 1.387841864446928808e+00
4.642286049048929272e+03 1.409665917241895494e+00
4.652300579993823703e+03 1.424242298309846388e+00
4.662315110938716316e+03 1.365255226926098020e+00
4.672329641883610748e+03 1.363597072672039001e+00
4.682344172828504270e+03 1.404581326440287770e+00
4.692358703773397792e+03 1.456393452160795077e+00
4.702373234718291314e+03 1.425734221560992498e+00
4.712387765663184837e+03 1.449970701785736615e+00
4.722402296608079268e+03 1.444239887960304003e+00
4.732416827552971881e+03 1.426640180526869139e+00
4.742431358497866313e+03 1.452921302087445854e+00
4.752445889442759835e+03 1.544743152321623958e+00
4.762460420387653357e+03 1.525082180452065117e+00
4.772474951332547789e+03 1.509406596877350903e+00
4.782489482277440402e+03 1.478932298268288870e+00
4.792504013222334834e+03 1.544132253385917641e+00
4.802518544167228356e+03 1.519712919057969236e+00
4.812533075112121878e+03 1.567460696757248861e+00
4.822547606057016310e+03 1.507204036088750643e+00
4.832562137001908923e+03 1.528369398534673573e+00
4.842576667946803354e+03 1.565148007929219043e+00
4.852591198891696877e+03 1.569592609369610647e+00
4.862605729836590399e+03 1.620669162902227178e+00
4.872620260781483921e+03 1.617527396947167739e+00
4.882634791726377443e+03 1.524323751501273749e+00
4.892649322671271875e+03 1.557630210822469330e+00
4.902663853616164488e+03 1.585621433825515902e+00
4.912678384561058920e+03 1.577636112023072856e+00
4.922692915505952442e+03 1.501485689588536676e+00
4.932707446450845964e+03 1.500319994680608282e+00
4.942721977395740396e+03 1.591703410644602412e+00
4.952736508340633009e+03 1.665206604357745812e+00
4.962751039285527440e+03 1.648720644643829392e+00
4.972765570230420963e+03 1.636373836902451417e+00
4.982780101175314485e+03 1.601490260941116794e+00
4.992794632120208917e+03 1.628299165935942927e+00
5.002809163065101529e+03 1.633498040552053387e+00
5.012823694009995961e+03 1.592771444838319672e+00
5.022838224954888574e+03 1.590302914445058668e+00
5.032852755899783006e+03 1.635546837662958275e+00
5.042867286844676528e+03 1.649863482788857638e+00
5.052881817789570050e+03 1.681303999102352620e+00
5.062896348734464482e+03 1.695148963757485694e+00
5.072910879679357095e+03 1.633614402254092379e+00
5.082925410624251526e+03 1.624047808036438001e+00
5.092939941569145049e+03 1.710795456906690326e+00
5.102954472514038571e+03 1.676022008984785705e+00
5.112969003458933003e+03 1.661113165911008327e+00
5.122983534403825615e+03 1.629558365783010387e+00
5.132998065348720047e+03 1.655290925033973570e+00
5.143012596293613569e+03 1.723931861911905949e+00
5.153027127238507092e+03 1.715946540109463125e+00
5.163041658183400614e+03 1.724862755528219660e+00
5.173056189128294136e+03 1.749346504369797550e+00
5.183070720073188568e+03 1.770966924186195612e+00
5.193085251018081181e+03 1.714940842541838428e+00
5.203099781962975612e+03 1.658611389317164786e+00
5.213114312907869135e+03 1.687585453124935242e+00
5.223128843852762657e+03 1.755355755125109551e+00
5.233143374797657088e+03 1.759231015380523733e+00
5.243157905742549701e+03 1.749427541983717971e+00
5.253172436687444133e+03 1.754909009304780554e+00
5.263186967632337655e+03 1.720012966018227285e+00
5.273201498577231177e+03 1.714814091402117047e+00
5.283216029522125609e+03 1.750649339855129716e+00
5.293230560467018222e+03 1.745363193962490289e+00
5.303245091411912654e+03 1.734736877101263897e+00
5.313259622356806176e+03 1.728403475890270879e+00
5.323274153301699698e+03 1.747445237273977936e+00
5.333288684246593220e+03 1.837060370944483045e+00
5.343303215191486743e+03 1.825575886530717673e+00
5.353317746136381174e+03 1.873751709062498660e+00
5.363332277081273787e+03 1.802116536244592560e+00
5.373346808026168219e+03 1.867459865602234315e+00
5.383361338971061741e+03 1.800098907446733287e+00
5.393375869915955263e+03 1.838697746323178173e+00
5.403390400860849695e+03 1.812179745583450297e+00
5.413404931805742308e+03 1.782848285119416287e+00
5.423419462750636740e+03 1.803003794222641565e+00
5.433433993695530262e+03 1.828158700738481413e+00
5.443448524640423784e+03 1.829224657044662194e+00
5.453463055585318216e+03 1.823936433264486068e+00
5.463477586530210829e+03 1.851578571161414555e+00
5.473492117475105260e+03 1.804545586774661592e+00
5.483506648419997873e+03 1.702932730468896150e+00
5.493521179364892305e+03 1.801773684801084130e+00
5.503535710309785827e+03 1.791238794991459882e+00
5.513550241254679349e+03 1.812647270279143630e+00
5.523564772199573781e+03 1.803024573098005678e+00
5.533579303144466394e+03 1.866281703369087275e+00
5.543593834089360826e+03 1.848056551787191193e+00
5.553608365034254348e+03 1.863374738705642519e+00
5.563622895979147870e+03 1.836759077251702843e+00
5.573637426924042302e+03 1.892066209808460409e+00
5.583651957868934915e+03 1.895594462845292982e+00
5.593666488813829346e+03 1.856226805580374783e+00
5.603681019758722869e+03 1.890092216648866286e+00
5.613695550703616391e+03 1.875918945762979462e+00
5.623710081648509913e+03 1.847129813945949994e+00
5.633724612593403435e+03 1.860453228829443084e+00
5.643739143538297867e+03 1.818845608800269575e+00
5.653753674483191389e+03 1.816643048011669537e+00
5.663768205428084912e+03 1.722136567080443381e+00
5.673782736372978434e+03 1.783076852748421981e+00
5.683797267317871956e+03 1.772970007771299539e+00
5.693811798262766388e+03 1.821193621716418409e+00
5.703826329207659001e+03 1.847000984918692357e+00
5.713840860152553432e+03 1.823333845878925885e+00
5.723855391097446955e+03 1.851834151328393574e+00
5.733869922042340477e+03 1.803544044982109629e+00
5.743884452987233999e+03 1.804354421121311391e+00
5.753898983932127521e+03 1.801021489512901752e+00
5.763913514877021953e+03 1.822112048007513696e+00
5.773928045821915475e+03 1.816252405154823668e+00
5.783942576766808997e+03 1.787687685191726938e+00
5.793957107711702520e+03 1.790316212925291861e+00
5.803971638656596042e+03 1.787415481924456317e+00
5.813986169601490474e+03 1.768984619476455578e+00
5.824000700546383996e+03 1.810340815113722801e+00
5.834015231491277518e+03 1.785437332989789461e+00
5.844029762436171040e+03 1.762152525256723168e+00
5.854044293381064563e+03 1.698346832676028040e+00
5.864058824325958994e+03 1.676514468330916108e+00
5.874073355270851607e+03 1.754460185596915078e+00
5.884087886215746039e+03 1.685407826986772273e+00
5.894102417160639561e+03 1.189150102439855639e+00
5.904116948105533083e+03 1.715630701203928243e+00
5.914131479050426606e+03 1.653940298135303744e+00
5.924146009995320128e+03 1.657339722144878680e+00
5.934160540940214560e+03 1.653400047375835902e+00
5.944175071885108082e+03 1.578097403056157200e+00
5.954189602830001604e+03 1.572624247285239862e+00
5.964204133774895126e+03 1.564798922823101179e+00
5.974218664719788649e+03 1.562953758690764916e+00
5.984233195664683080e+03 1.546775326332237466e+00
5.994247726609575693e+03 1.544290172838685526e+00
6.004262257554470125e+03 1.557954361278150346e+00
6.014276788499363647e+03 1.504120450984711033e+00
6.024291319444257169e+03 1.486105166043993009e+00
6.034305850389150692e+03 1.452056900872297218e+00
6.044320381334044214e+03 1.470560489384072689e+00
6.054334912278938646e+03 1.499449359802849990e+00
6.064349443223832168e+03 1.413246117467138463e+00
6.074363974168725690e+03 1.436098724592630216e+00
6.084378505113619212e+03 1.439331917599291799e+00
6.094393036058512735e+03 1.414889726508442580e+00
6.104407567003407166e+03 1.402852524009990720e+00
6.114422097948300689e+03 1.410827456374751376e+00
6.124436628893194211e+03 1.394470325688092371e+00
6.134451159838087733e+03 1.379746414605055760e+00
6.144465690782981255e+03 1.330176329536340019e+00
6.154480221727875687e+03 1.296901038528190719e+00
6.164494752672768300e+03 1.320302207963296448e+00
6.174509283617662732e+03 1.287700152516945140e+00
6.184523814562556254e+03 1.312310652498244190e+00
6.194538345507449776e+03 1.282748546517668231e+00
6.204552876452343298e+03 1.288198845525684977e+00
6.214567407397236821e+03 1.271451071982180103e+00
6.224581938342131252e+03 1.255958342510669956e+00
6.234596469287024775e+03 1.260916182172556077e+00
6.244611000231918297e+03 1.217804171567018034e+00
6.254625531176811819e+03 1.204871399540371257e+00
6.264640062121705341e+03 1.143436576638725999e+00
6.274654593066599773e+03 1.191930315963578790e+00
6.284669124011493295e+03 1.182311774557513795e+00
6.294683654956386818e+03 1.191818110036612310e+00
6.304698185901280340e+03 1.147118593353253502e+00
6.314712716846173862e+03 1.159292936429108911e+00
6.324727247791068294e+03 1.143573717216129326e+00
6.334741778735960906e+03 1.140008062203641259e+00
6.344756309680855338e+03 1.126751139721313910e+00
6.354770840625748860e+03 1.084179379875243709e+00
6.364785371570642383e+03 1.073644490065619683e+00
6.374799902515535905e+03 1.005976004554729464e+00
6.384814433460429427e+03 1.038027419803930540e+00
6.394828964405323859e+03 1.023837525817752780e+00
6.404843495350217381e+03 1.015309875368305637e+00
6.414858026295110903e+03 9.961974658083607714e-01
6.424872557240004426e+03 9.909653449916677737e-01
6.434887088184897948e+03 9.967730406559476286e-01
6.444901619129792380e+03 9.883472066957849078e-01
6.454916150074684992e+03 9.938058172539468993e-01
6.464930681019579424e+03 9.595393738909275827e-01
6.474945211964472946e+03 9.695215456158651213e-01
6.484959742909366469e+03 9.427479647091582260e-01
6.494974273854259991e+03 9.220667500592198973e-01
6.504988804799153513e+03 9.231202390401822555e-01
6.515003335744047945e+03 9.218506497554327384e-01
6.525017866688941467e+03 8.734691163575463158e-01
6.535032397633834989e+03 8.936183917981623814e-01
6.545046928578728512e+03 8.841743929451563178e-01
6.555061459523622034e+03 8.640583637051227894e-01
6.565075990468516466e+03 8.960515981033042587e-01
6.575090521413409988e+03 8.313170897938318982e-01
6.585105052358303510e+03 8.437449351491300709e-01
6.595119583303197032e+03 9.053522227162977831e-01
6.605134114248090555e+03 1.047186748064447892e+00
6.615148645192984986e+03 1.089182933062931014e+00
6.625163176137877599e+03 9.610666212301925970e-01
6.635177707082772031e+03 8.192736536327708263e-01
6.645192238027665553e+03 7.606481346803586341e-01
6.655206768972559075e+03 7.190322031010394355e-01
6.665221299917452598e+03 6.970980222666428583e-01
6.675235830862346120e+03 6.660190583844840528e-01
6.685250361807240552e+03 6.398937783891385234e-01
6.695264892752134074e+03 6.209517556071795230e-01
6.705279423697027596e+03 5.789721937089877812e-01
6.715293954641921118e+03 5.459233924423074757e-01
6.725308485586814641e+03 5.486288020147197519e-01
6.735323016531709072e+03 5.010950467316906964e-01
6.745337547476602595e+03 4.761209164315191034e-01
6.755352078421496117e+03 4.296946752053992791e-01
6.765366609366389639e+03 3.987021514447552373e-01
6.775381140311283161e+03 3.720563606215377406e-01
6.785395671256177593e+03 3.186041582685379403e-01
6.795410202201070206e+03 3.118603742691030689e-01
6.805424733145964638e+03 2.503526175149295985e-01
6.815439264090858160e+03 2.188136093322085307e-01
6.825453795035751682e+03 2.017119715412523384e-01
6.835468325980645204e+03 1.609153510175415080e-01
6.845482856925538727e+03 1.372644195005589540e-01
6.855497387870433158e+03 1.211204800751364136e-01
6.865511918815326680e+03 9.190829035569279826e-02
6.875526449760220203e+03 8.474705875019220014e-02
6.885540980705113725e+03 8.469511156178183287e-02
6.895555511650007247e+03 5.148714410981219958e-02
6.905570042594901679e+03 4.963657746988102415e-02
6.915584573539794292e+03 6.141923874512216636e-02
6.925599104484688723e+03 5.612997602117783535e-02
6.935613635429582246e+03 4.360654783920475674e-02
6.945628166374475768e+03 6.775347111112958731e-02
6.955642697319369290e+03 5.997365238603825921e-02
6.965657228264262812e+03 6.842608330666710703e-02
6.975671759209157244e+03 6.423830876577635296e-02
6.985686290154050766e+03 6.320019615258344603e-02
6.995700821098944289e+03 6.156427529516392272e-02
7.005715352043837811e+03 6.574893300475005697e-02
7.015729882988731333e+03 6.742932065544884890e-02
7.025744413933625765e+03 7.664994659829030277e-02
7.035758944878519287e+03 6.106246545511971602e-02
7.045773475823412809e+03 5.858770139924946579e-02
7.055788006768306332e+03 6.560555876473742054e-02
7.065802537713199854e+03 6.238982001338159306e-02
7.075817068658094286e+03 7.699196688678421052e-02
7.085831599602986898e+03 5.720133483495339760e-02
7.095846130547881330e+03 6.813517905156901699e-02
7.105860661492774852e+03 6.861392433995902596e-02
7.115875192437668375e+03 8.275997489911855742e-02
7.125889723382561897e+03 7.421757144816294727e-02
7.135904254327455419e+03 6.711140386237735012e-02
7.145918785272349851e+03 7.333031347011373380e-02
7.155933316217243373e+03 7.237531635837742006e-02
7.165947847162136895e+03 6.423830876577636684e-02
7.175962378107030418e+03 6.942596278919001274e-02
7.185976909051923940e+03 7.120484230911487689e-02
7.195991439996818372e+03 7.405632737533714149e-02
7.206005970941711894e+03 7.586408953201818905e-02
7.216020501886605416e+03 7.775912296522863310e-02
7.226035032831498938e+03 7.789834143016843848e-02
7.236049563776392461e+03 7.643156061821310132e-02
7.246064094721286892e+03 8.790129203047014617e-02
7.256078625666179505e+03 7.305166875148050298e-02
7.266093156611073937e+03 6.767970610358685357e-02
7.276107687555967459e+03 7.261219553752872036e-02
7.286122218500860981e+03 7.788899093625457903e-02
7.296136749445754504e+03 7.203828299997090678e-02
7.306151280390648026e+03 7.515490651583973947e-02
7.316165811335542458e+03 7.408791126589064913e-02
7.326180342280435980e+03 7.875734013772238418e-02
7.336194873225329502e+03 7.918393044894839194e-02
7.346209404170223024e+03 8.856081353452827098e-02
7.356223935115116547e+03 9.277040589455136377e-02
7.366238466060010978e+03 9.478699574864211941e-02
7.376252997004903591e+03 7.523095719967252959e-02
7.386267527949798023e+03 6.834379896022509115e-02
7.396282058894691545e+03 7.568539120388649566e-02
7.406296589839585067e+03 9.594791151523716921e-02
7.416311120784478589e+03 8.644967979753064025e-02
7.426325651729372112e+03 8.741818317825365836e-02
7.436340182674266543e+03 5.976295458984578340e-02
7.446354713619160066e+03 7.749065989552381128e-02
7.456369244564053588e+03 7.230383702712474270e-02
7.466383775508947110e+03 7.726749477411284928e-02
7.476398306453840632e+03 8.427932626574519137e-02
7.486412837398735064e+03 1.018256319894942086e-01
7.496427368343628586e+03 8.813775563211417863e-02
7.506441899288522109e+03 6.920861575288098089e-02
7.516456430233415631e+03 7.347576559766279269e-02
7.526470961178309153e+03 6.858898968952205355e-02
7.626616270627246195e+03 7.803340412003539894e-02
7.636630801572139717e+03 5.823072032049337460e-02
7.646645332517033239e+03 6.478749444165084193e-02
7.656659863461927671e+03 7.686604690207747559e-02
7.666674394406820284e+03 7.276097228513606074e-02
7.676688925351714715e+03 7.103300100985335264e-02
7.686703456296608238e+03 6.065977085056248330e-02
7.696717987241501760e+03 6.012076682361644497e-02
7.706732518186395282e+03 5.652352792057482866e-02
7.716747049131289714e+03 5.713110223622256539e-02
7.726761580076183236e+03 6.381566644086955620e-02
7.736776111021076758e+03 4.257924024120118833e-02
7.746790641965970281e+03 5.408512689659184663e-02
7.756805172910863803e+03 6.927344584401713690e-02
7.766819703855757325e+03 5.792963441646684780e-02
7.776834234800650847e+03 6.213049964883701065e-02
7.786848765745545279e+03 5.387879266422584273e-02
7.796863296690438801e+03 6.480245523191302537e-02
7.806877827635332324e+03 5.569943772363264434e-02
7.816892358580225846e+03 5.531752199443956686e-02
7.826906889525119368e+03 6.977463231780044184e-02
7.836921420470012890e+03 6.422168566548504265e-02
