3.304669240350710425e+03 4.047486504403312590e-01
3.314681121725531739e+03 3.993601685980677773e-01
3.324693003100353053e+03 4.169528219199169494e-01
3.334704884475175277e+03 3.636870203229403131e-01
3.344716765849996591e+03 4.464981372580372754e-01
3.354728647224818360e+03 4.204175815955781270e-01
3.364740528599640129e+03 4.302784871055325699e-01
3.374752409974461443e+03 4.192890412882054885e-01
3.384764291349283667e+03 4.571867474026498068e-01
3.394776172724104981e+03 4.273015690613005124e-01
3.404788054098926295e+03 4.321734808205062728e-01
3.414799935473748519e+03 4.175501568952890707e-01
3.424811816848569833e+03 4.602536451255677119e-01
3.434823698223391602e+03 4.667842184316325360e-01
3.444835579598213371e+03 4.656995838710883961e-01
3.454847460973034686e+03 4.996528193722996058e-01
3.464859342347856909e+03 4.504122532808704782e-01
3.474871223722678224e+03 4.534065168053311168e-01
3.484883105097499538e+03 4.661879675487746733e-01
3.494894986472321762e+03 4.521321660547867327e-01
3.504906867847143076e+03 4.815994267318784439e-01
3.514918749221964390e+03 4.726068793258678680e-01
3.524930630596786614e+03 4.887826237315439637e-01
3.534942511971607928e+03 5.003238726386431967e-01
3.544954393346429697e+03 4.575965343730503121e-01
3.554966274721251466e+03 5.122326289080857409e-01
3.564978156096072780e+03 4.678054335800908570e-01
3.574990037470895004e+03 4.846229607542248408e-01
3.585001918845716318e+03 4.889994422344013936e-01
3.595013800220537632e+03 5.143650388836882303e-01
3.605025681595359856e+03 4.957078067128092291e-01
3.615037562970181170e+03 5.066495524595078237e-01
3.625049444345002485e+03 5.171479043678629539e-01
3.635061325719824708e+03 4.980689602089263257e-01
3.645073207094646023e+03 5.079304077651378702e-01
3.655085088469468246e+03 5.376632711082298677e-01
3.665096969844289561e+03 5.108319813796269315e-01
3.675108851219110875e+03 4.962119097319526717e-01
3.685120732593933099e+03 5.188802842056935427e-01
3.695132613968754413e+03 5.277871883030753608e-01
3.705144495343575727e+03 5.163174895019190247e-01
3.715156376718397951e+03 5.581179286677966367e-01
3.725168258093219265e+03 7.426239700443556524e-01
3.735180139468041034e+03 5.362723804123996629e-01
3.745192020842862803e+03 5.526307944067331279e-01
3.755203902217684117e+03 5.711357115793547212e-01
3.765215783592506341e+03 5.622320597595156233e-01
3.775227664967327655e+03 5.699312847959819850e-01
3.785239546342148969e+03 5.957706298740120809e-01
3.795251427716971193e+03 5.578956897023676920e-01
3.805263309091792507e+03 6.114986440712877336e-01
3.815275190466613822e+03 5.991280643907589409e-01
3.825287071841436045e+03 5.876724587922883547e-01
3.835298953216257360e+03 5.340369816479397791e-01
3.845310834591079583e+03 5.929048313124946068e-01
3.855322715965900898e+03 6.178329966322665401e-01
3.865334597340722212e+03 6.451673052874986602e-01
3.875346478715544436e+03 6.192022054778110185e-01
3.885358360090365750e+03 5.704630321742395482e-01
3.895370241465187064e+03 6.192271396056395760e-01
3.905382122840009288e+03 6.494874139569322136e-01
3.915394004214830602e+03 6.714413714637578190e-01
3.925405885589651916e+03 6.830953659923429955e-01
3.935417766964474140e+03 5.214951153501536929e-01
3.945429648339295454e+03 6.643698359930639841e-01
3.955441529714117678e+03 6.511558323364199374e-01
3.965453411088938992e+03 4.937835424999498790e-01
3.975465292463760306e+03 6.545360327959666158e-01
3.985477173838582530e+03 7.304051633158269441e-01
3.995489055213403844e+03 7.467424375061318953e-01
4.005500936588225159e+03 7.391017534654371612e-01
4.015512817963047382e+03 7.489529021427631106e-01
4.025524699337868697e+03 7.416743050018401728e-01
4.035536580712690011e+03 7.822009354634306133e-01
4.045548462087512235e+03 7.243667680112485519e-01
4.055560343462333549e+03 7.602350529389476641e-01
4.065572224837155773e+03 7.415084388471543386e-01
4.075584106211977087e+03 7.307835116033131184e-01
4.085595987586798401e+03 7.416509970127831419e-01
4.095607868961620625e+03 7.114454693334619773e-01
4.105619750336441939e+03 7.403321984691528801e-01
4.115631631711263253e+03 7.708179640634172936e-01
4.125643513086085477e+03 7.572494621546012050e-01
4.135655394460906791e+03 7.718521883220469393e-01
4.145667275835729015e+03 7.724039914118190353e-01
4.155679157210550329e+03 7.615955890443778520e-01
4.165691038585371643e+03 7.799731253465708170e-01
4.175702919960193867e+03 7.634428826887228459e-01
4.185714801335015181e+03 7.614118353632062242e-01
4.195726682709836496e+03 7.604139282038049341e-01
4.205738564084658719e+03 7.863616825332639948e-01
4.215750445459480034e+03 7.756877076375943147e-01
4.225762326834301348e+03 7.595282246196325415e-01
4.235774208209123572e+03 7.656517211865825345e-01
4.245786089583944886e+03 8.019227464833392771e-01
4.255797970958767110e+03 7.949346861362455163e-01
4.265809852333588424e+03 7.869828675439505261e-01
4.275821733708409738e+03 7.997729910275083176e-01
4.285833615083231962e+03 7.565719043331717852e-01
4.295845496458053276e+03 7.460507864820168367e-01
4.305857377832875500e+03 7.524859596468242984e-01
4.315869259207696814e+03 8.002413189936802285e-01
4.325881140582518128e+03 8.009633246081954150e-01
4.335893021957339442e+03 8.191083230660737291e-01
4.345904903332161666e+03 8.604810877350651532e-01
4.355916784706982980e+03 8.504792501982533226e-01
4.365928666081805204e+03 8.466816741207060515e-01
4.375940547456626518e+03 8.132005609094669074e-01
4.385952428831447833e+03 8.026940783072545882e-01
4.395964310206270056e+03 8.249748897071378373e-01
4.405976191581091371e+03 8.393282745962974412e-01
4.415988072955912685e+03 8.198471321145603952e-01
4.425999954330734909e+03 8.273826591813691067e-01
4.436011835705556223e+03 8.258183136832530913e-01
4.446023717080377537e+03 8.566824275650035680e-01
4.456035598455199761e+03 8.346178926217205918e-01
4.466047479830021075e+03 8.266508967342255376e-01
4.476059361204843299e+03 8.661720313888146006e-01
4.486071242579664613e+03 8.972600103747652156e-01
4.496083123954485927e+03 8.952273369104771783e-01
4.506095005329308151e+03 9.342427424071515496e-01
4.516106886704129465e+03 9.406269632237874712e-01
4.526118768078951689e+03 9.093861271933223467e-01
4.536130649453773003e+03 9.144071016732425727e-01
4.546142530828594317e+03 9.043022753475735698e-01
4.556154412203416541e+03 9.609450251265542198e-01
4.566166293578237855e+03 9.135029685163272850e-01
4.576178174953059170e+03 9.425566478992183361e-01
4.586190056327881393e+03 9.426195252650469980e-01
4.596201937702702708e+03 9.451920768014501206e-01
4.606213819077524022e+03 9.595682276334097649e-01
4.616225700452346246e+03 9.556362240840907685e-01
4.626237581827167560e+03 9.724954888200249004e-01
4.636249463201989784e+03 9.669530658407327062e-01
4.646261344576811098e+03 9.381964278067560503e-01
4.656273225951632412e+03 9.526267832644301770e-01
4.666285107326454636e+03 9.269099406405143515e-01
4.676296988701275950e+03 9.266649357322855884e-01
4.686308870076097264e+03 9.429707712396758756e-01
4.696320751450919488e+03 9.176051745903892609e-01
4.706332632825740802e+03 9.228467618969666830e-01
4.716344514200562116e+03 9.225106932175378693e-01
4.726356395575384340e+03 9.300283327578607873e-01
4.736368276950205654e+03 9.099254632191801084e-01
4.746380158325027878e+03 9.504347482005419678e-01
4.756392039699849192e+03 9.270519567598859423e-01
4.766403921074670507e+03 9.204053855547924545e-01
4.776415802449492730e+03 9.371584092243263608e-01
4.786427683824314045e+03 9.427138413137899908e-01
4.796439565199135359e+03 9.549044616369470884e-01
4.806451446573957583e+03 9.542789402562036338e-01
4.816463327948778897e+03 9.433122603816764817e-01
4.826475209323600211e+03 9.555001704735477386e-01
4.836487090698422435e+03 9.595075184526096201e-01
4.846498972073243749e+03 9.723746125046818234e-01
4.856510853448065973e+03 1.039626291628474863e+00
4.866522734822887287e+03 1.144780013236769589e+00
4.876534616197708601e+03 9.854211238678685092e-01
4.886546497572530825e+03 9.745796566787415793e-01
4.896558378947352139e+03 9.981597529569978811e-01
4.906570260322173453e+03 9.719886755695956726e-01
4.916582141696995677e+03 9.560113200940341116e-01
4.926594023071816991e+03 9.869448158966989126e-01
4.936605904446638306e+03 9.839798228701240879e-01
4.946617785821460529e+03 9.974073927520826777e-01
4.956629667196281844e+03 1.009347587704439553e+00
4.966641548571104067e+03 9.901353001662456244e-01
4.976653429945925382e+03 9.871432048268135029e-01
4.986665311320746696e+03 9.877513807273284874e-01
4.996677192695568920e+03 9.897656246188736295e-01
5.006689074070390234e+03 1.050355555242373118e+00
5.016700955445212458e+03 9.680723913617339527e-01
5.026712836820033772e+03 1.000637988444657900e+00
5.036724718194855086e+03 9.697966405057074635e-01
5.046736599569677310e+03 9.688090322251919906e-01
5.056748480944498624e+03 9.971981628968252798e-01
5.066760362319319938e+03 9.764405014795152216e-01
5.076772243694142162e+03 9.718683413005098082e-01
5.086784125068963476e+03 9.814625600519496507e-01
5.096796006443784790e+03 9.825672503240080458e-01
5.106807887818607014e+03 9.706064576138798694e-01
5.116819769193428328e+03 1.000258556064657522e+00
5.126831650568250552e+03 1.000266144712257388e+00
5.136843531943071866e+03 1.001336144023858621e+00
5.146855413317893181e+03 9.805378291372628397e-01
5.156867294692715404e+03 9.989131972544272875e-01
5.166879176067536719e+03 9.721236450876243884e-01
5.176891057442358033e+03 9.764106889353723062e-01
5.186902938817180257e+03 1.002732455182260285e+00
5.196914820192001571e+03 1.027098518533374527e+00
5.206926701566822885e+03 1.041452987515048445e+00
5.216938582941645109e+03 1.048929973586085973e+00
5.226950464316466423e+03 1.043227646960936283e+00
5.236962345691288647e+03 1.056158702471351463e+00
5.246974227066109961e+03 1.060485315695870678e+00
5.256986108440931275e+03 1.102641337206434313e+00
5.266997989815753499e+03 1.059738375953527045e+00
5.277009871190574813e+03 1.078947411214178143e+00
5.287021752565396127e+03 1.109731302249871376e+00
5.297033633940218351e+03 1.120626432018455576e+00
5.307045515315039665e+03 1.100278015525288922e+00
5.317057396689860980e+03 1.108571323259584407e+00
5.327069278064683203e+03 1.088027770113846104e+00
5.337081159439504518e+03 1.087756746985274026e+00
5.347093040814326741e+03 1.099714287417859593e+00
5.357104922189148056e+03 1.115249333147592115e+00
5.367116803563969370e+03 1.085252493277271135e+00
5.377128684938791594e+03 1.089046817077275797e+00
5.387140566313612908e+03 1.091323411357278284e+00
5.397152447688434222e+03 1.070919706145883055e+00
5.407164329063256446e+03 1.042517566364078441e+00
5.417176210438077760e+03 1.090092966353562787e+00
5.427188091812899984e+03 1.090759683249849177e+00
5.437199973187721298e+03 1.065220631798276418e+00
5.447211854562542612e+03 1.057457445303467303e+00
5.457223735937364836e+03 1.075983502280117632e+00
5.467235617312186150e+03 1.057514360160467515e+00
5.477247498687007464e+03 1.075890270323888842e+00
5.487259380061829688e+03 1.079066661390749804e+00
5.497271261436651002e+03 1.096711351153284664e+00
5.507283142811472317e+03 1.069475694916852682e+00
5.517295024186294540e+03 1.069628551961367302e+00
5.527306905561115855e+03 1.080933468700351785e+00
5.537318786935938078e+03 1.083792220660526828e+00
5.547330668310759393e+03 1.092743572550994413e+00
5.557342549685580707e+03 1.105481659593866350e+00
5.567354431060402931e+03 1.078705658583492211e+00
5.577366312435224245e+03 1.084450264816698928e+00
5.587378193810045559e+03 1.084211764463555827e+00
5.597390075184867783e+03 1.094467279648710489e+00
5.607401956559689097e+03 1.119433930252739851e+00
5.617413837934510411e+03 1.100299697375574537e+00
5.627425719309332635e+03 1.104299998753293544e+00
5.637437600684153949e+03 1.104560180956722482e+00
5.647449482058976173e+03 1.089491295008133243e+00
5.657461363433797487e+03 1.087241803040987831e+00
5.667473244808618801e+03 1.025927698617944639e+00
5.677485126183441025e+03 1.092873663652708771e+00
5.687497007558262339e+03 1.079342020889378695e+00
5.697508888933084563e+03 1.102001722623005220e+00
5.707520770307905877e+03 1.082593214339725218e+00
5.717532651682727192e+03 1.082171502351667591e+00
5.727544533057548506e+03 1.135673636116758756e+00
5.737556414432370730e+03 1.113135352744732742e+00
5.747568295807192044e+03 1.116907994694451123e+00
5.757580177182014268e+03 1.131234277270753541e+00
5.767592058556835582e+03 1.108105163478440680e+00
5.777603939931656896e+03 1.091236683956135600e+00
5.787615821306479120e+03 1.088136179365274625e+00
5.797627702681300434e+03 1.108256936430440875e+00
5.807639584056122658e+03 1.139690198882192140e+00
5.817651465430943972e+03 1.135955500170473753e+00
5.827663346805765286e+03 1.151967546606492254e+00
5.837675228180587510e+03 1.148303313908202172e+00
5.847687109555408824e+03 1.141169985164194101e+00
5.857698990930230138e+03 1.128155454530178847e+00
5.867710872305052362e+03 1.127521260409320769e+00
5.877722753679873676e+03 1.180869453037383332e+00
5.887734635054694991e+03 8.092913233029480624e-01
5.897746516429517214e+03 7.626612519859219397e-01
5.907758397804338529e+03 1.166640738787366738e+00
5.917770279179160752e+03 1.159881421960787140e+00
5.927782160553982067e+03 1.164445451445935475e+00
5.937794041928803381e+03 1.137646684492761295e+00
5.947805923303625605e+03 1.158016782836213787e+00
5.957817804678446919e+03 1.137641264030189614e+00
5.967829686053268233e+03 1.138687413306476603e+00
5.977841567428090457e+03 1.137603320792189843e+00
5.987853448802911771e+03 1.124583369695602908e+00
5.997865330177733085e+03 1.112430692610445915e+00
6.007877211552555309e+03 1.110842497077015434e+00
6.017889092927376623e+03 1.128074147591607179e+00
6.027900974302198847e+03 1.117460881876737533e+00
6.037912855677020161e+03 1.127846488163606997e+00
6.047924737051841475e+03 1.138627788218190995e+00
6.057936618426663699e+03 1.142893692261910399e+00
6.067948499801485013e+03 1.142514259881909577e+00
6.077960381176306328e+03 1.138676572381333685e+00
6.087972262551128551e+03 1.123672731983601958e+00
6.097984143925949866e+03 1.109200096917870582e+00
6.107996025300771180e+03 1.113590671600733106e+00
6.118007906675593404e+03 1.094564847974996535e+00
6.128019788050414718e+03 1.102868996634434717e+00
6.138031669425236942e+03 1.099801014819002498e+00
6.148043550800058256e+03 1.106907241250153717e+00
6.158055432174879570e+03 1.090261000693277138e+00
6.168067313549701794e+03 1.070922958423425886e+00
6.178079194924523108e+03 1.093144686781280406e+00
6.188091076299345332e+03 1.090640433073277515e+00
6.198102957674166646e+03 1.080928048237780548e+00
6.208114839048987960e+03 1.075502165203773952e+00
6.218126720423809275e+03 1.064439001095475623e+00
6.228138601798631498e+03 1.050609232890716394e+00
6.238150483173452812e+03 1.058009248393239288e+00
6.248162364548275036e+03 1.050911694702202359e+00
6.258174245923096350e+03 1.056438398340037610e+00
6.268186127297917665e+03 1.060717311493928339e+00
6.278198008672739888e+03 1.061631201483472120e+00
6.288209890047561203e+03 1.066161624100677496e+00
6.298221771422383426e+03 1.109801768263299904e+00
6.308233652797204741e+03 1.092483390347565475e+00
6.318245534172026055e+03 1.082122718188524679e+00
6.328257415546848279e+03 1.080193033513093814e+00
6.338269296921669593e+03 1.090206796067562989e+00
6.348281178296490907e+03 1.089442510844990553e+00
6.358293059671313131e+03 1.103400201966435512e+00
6.368304941046134445e+03 1.109991484453300092e+00
6.378316822420955759e+03 1.119455612103025688e+00
6.388328703795777983e+03 1.114360377285876558e+00
6.398340585170599297e+03 1.138627788218190995e+00
6.408352466545421521e+03 1.128160874992750085e+00
6.418364347920242835e+03 1.123369186079601789e+00
6.428376229295064149e+03 1.128431898121321719e+00
6.438388110669886373e+03 1.130264014470466760e+00
6.448399992044707687e+03 1.140172620051049801e+00
6.458411873419529002e+03 1.140606257056764772e+00
6.468423754794351225e+03 1.151935023831063720e+00
6.478435636169172540e+03 1.157236236225926973e+00
6.488447517543993854e+03 1.147913040603058876e+00
6.498459398918816078e+03 1.145799060200199282e+00
6.508471280293637392e+03 1.167947070267082443e+00
6.518483161668459616e+03 1.195591429381400728e+00
6.528495043043280930e+03 1.222292628008288862e+00
6.538506924418102244e+03 1.274198977592349680e+00
6.548518805792924468e+03 1.531703472510937081e+00
6.558530687167745782e+03 2.325920489402725000e+00
6.568542568542567096e+03 2.356708716808475046e+00
6.578554449917389320e+03 1.721983390618588627e+00
6.588566331292210634e+03 1.656894476060798205e+00
6.598578212667031949e+03 1.177465402542522188e+00
6.608590094041854172e+03 1.133581337564184999e+00
6.618601975416675486e+03 1.218454940507712969e+00
6.628613856791497710e+03 1.148552655186488192e+00
6.638625738166319024e+03 1.161561765357932208e+00
6.648637619541140339e+03 1.146297742756771321e+00
6.658649500915962562e+03 1.121255205676741973e+00
6.668661382290783877e+03 1.135966341095616228e+00
6.678673263665605191e+03 1.135218317260758392e+00
6.688685145040427415e+03 1.142953317350196007e+00
6.698697026415248729e+03 1.139424596216191743e+00
6.708708907790070043e+03 1.159903103811072977e+00
6.718720789164892267e+03 1.264756531792909922e+00
6.728732670539713581e+03 1.259650456050618317e+00
6.738744551914535805e+03 1.178522392743951874e+00
6.748756433289357119e+03 1.092971231978994373e+00
6.758768314664178433e+03 1.109286824319013709e+00
6.768780196039000657e+03 1.100971834734432608e+00
6.778792077413821971e+03 1.103790475271578586e+00
6.788803958788644195e+03 1.086011358037272112e+00
6.798815840163465509e+03 1.096624623752141758e+00
6.808827721538286823e+03 1.092732731625851494e+00
6.818839602913108138e+03 1.101709017644147748e+00
6.828851484287930361e+03 1.098879536181858851e+00
6.838863365662751676e+03 1.081106923502637818e+00
6.848875247037573899e+03 1.074383381729030029e+00
6.858887128412395214e+03 1.072997911495771062e+00
6.868899009787216528e+03 1.084146718912698537e+00
6.878910891162038752e+03 1.088352997868132110e+00
6.888922772536860066e+03 1.082615438236268046e+00
6.898934653911682290e+03 1.029549651708177471e+00
6.908946535286503604e+03 1.091757048362993254e+00
6.918958416661324918e+03 1.094445597798424874e+00
6.928970298036147142e+03 1.097708716266428519e+00
6.938982179410968456e+03 1.112392749372445921e+00
6.948994060785789770e+03 1.078833581500177941e+00
6.959005942160611994e+03 1.098738604155001131e+00
6.969017823535433308e+03 1.107790776649297815e+00
6.979029704910254623e+03 1.081679324350181437e+00
6.989041586285076846e+03 1.104598124194722475e+00
6.999053467659898160e+03 1.094564847974996535e+00
7.009065349034720384e+03 1.102879837559577636e+00
7.019077230409541698e+03 1.101188653237290094e+00
7.029089111784363013e+03 1.103454406592149661e+00
7.039100993159185236e+03 1.125011586238746419e+00
7.049112874534006551e+03 1.110360075908157773e+00
7.059124755908827865e+03 1.114002626756162240e+00
7.069136637283650089e+03 1.107433026119583053e+00
7.079148518658471403e+03 1.106197160653295652e+00
7.089160400033292717e+03 1.096158463970998476e+00
7.099172281408114941e+03 1.073719917110286248e+00
7.109184162782936255e+03 1.082284247973153368e+00
7.119196044157758479e+03 1.076778142093089974e+00
7.129207925532579793e+03 1.063602081674446032e+00
7.139219806907401107e+03 1.069207924065823878e+00
7.149231688282223331e+03 1.066006598871134470e+00
7.159243569657044645e+03 1.076744535225147015e+00
7.169255451031865960e+03 1.075128153286345256e+00
7.179267332406688183e+03 1.086877005909930416e+00
7.189279213781509497e+03 1.057214608580266946e+00
7.199291095156330812e+03 1.078004250726748658e+00
7.209302976531153035e+03 1.077368972513376155e+00
7.219314857905974350e+03 1.072917688649714041e+00
7.229326739280796573e+03 1.041803149397163120e+00
7.239338620655617888e+03 1.111997055604731166e+00
7.249350502030439202e+03 1.110706985512729839e+00
7.259362383405261426e+03 1.098153194197286187e+00
7.269374264780082740e+03 1.085111561250413859e+00
7.279386146154904964e+03 1.093388607596995188e+00
7.289398027529726278e+03 1.092841140877280237e+00
7.299409908904547592e+03 1.110804553839015441e+00
7.399528722652764372e+03 1.143956102925911322e+00
7.409540604027585687e+03 1.141831281597909031e+00
7.419552485402407001e+03 1.118057132759595396e+00
7.429564366777229225e+03 1.133353678136184817e+00
7.439576248152051448e+03 1.137505752465904019e+00
7.449588129526872763e+03 1.148227427432202186e+00
7.459600010901694077e+03 1.151859137355063734e+00
7.469611892276515391e+03 1.131077083856181886e+00
7.479623773651336705e+03 1.141441008292765513e+00
7.489635655026158929e+03 1.143229760941339324e+00
7.499647536400981153e+03 1.136985388059046143e+00
7.509659417775802467e+03 1.153257616698493804e+00
7.519671299150623781e+03 1.160683650421359570e+00
7.529683180525445096e+03 1.138584424517619542e+00
7.539695061900267319e+03 1.164239473868220909e+00
7.549706943275089543e+03 1.177758107521379660e+00
7.559718824649910857e+03 1.138904231809334089e+00
7.569730706024732171e+03 1.150363089685347395e+00
7.579742587399553486e+03 1.148189484194201970e+00
7.589754468774375709e+03 1.114501309312734056e+00
7.599766350149197933e+03 1.096819760404713628e+00
7.609778231524019247e+03 1.145311218568770162e+00
7.619790112898840562e+03 1.098272444373857848e+00
7.629801994273661876e+03 1.087610394495845512e+00
7.639813875648483190e+03 1.095757349740712261e+00
7.649825757023305414e+03 1.104267475977865010e+00
7.659837638398127638e+03 1.086043880812700868e+00
7.669849519772948952e+03 1.065255322758733580e+00
7.679861401147770266e+03 1.102934042185291785e+00
7.689873282522591580e+03 1.093524119161280783e+00
7.699885163897413804e+03 1.059316663965469196e+00
7.709897045272236028e+03 1.074329177103315658e+00
7.719908926647057342e+03 1.079950196789893679e+00
7.729920808021878656e+03 1.074852793787716143e+00
7.739932689396699971e+03 1.097773761817286031e+00
7.749944570771521285e+03 1.064922506356847487e+00
7.759956452146343509e+03 1.059612621221869944e+00
7.769968333521165732e+03 1.075141704442773793e+00
7.779980214895987046e+03 1.097090783533285041e+00
7.789992096270808361e+03 1.105080545363580358e+00
7.800003977645629675e+03 1.086271540240701050e+00
7.810015859020451899e+03 1.095909122692712012e+00
7.820027740395274122e+03 1.114311593122733868e+00
7.830039621770095437e+03 1.080823975356408839e+00
7.840051503144916751e+03 1.084699606094984725e+00
7.850063384519738065e+03 1.079175070642178325e+00
7.860075265894559379e+03 1.103313474565292607e+00
7.870087147269381603e+03 1.097703295803857282e+00
7.880099028644203827e+03 1.040517415675218826e+00
7.890110910019025141e+03 1.067832210665193626e+00
7.900122791393846455e+03 1.064771817497361717e+00
7.910134672768667770e+03 1.054745045832721217e+00
7.920146554143489993e+03 1.053593197536291326e+00
7.930158435518312217e+03 1.025706543745030119e+00
7.940170316893133531e+03 1.019477348157937113e+00
7.950182198267954846e+03 1.024827344715943278e+00
7.960194079642776160e+03 1.081059223432009331e+00
7.970205961017597474e+03 1.054032797050834747e+00
7.980217842392419698e+03 1.052560599416433096e+00
7.990229723767241921e+03 1.054676748004321318e+00
8.000241605142063236e+03 1.032972131775781399e+00
8.010253486516884550e+03 1.069373790220509823e+00
8.020265367891705864e+03 1.079376711849835635e+00
8.030277249266528088e+03 1.052454358350032981e+00
8.040289130641350312e+03 1.038057609760301814e+00
8.050301012016171626e+03 1.041033443712019446e+00
8.060312893390992940e+03 1.074732459518630501e+00
8.070324774765814254e+03 1.042606461950249752e+00
8.080336656140636478e+03 1.027913756104118503e+00
8.090348537515458702e+03 1.028818973353547994e+00
8.100360418890280016e+03 1.027111527643546074e+00
8.110372300265101330e+03 1.061167209887357243e+00
8.120384181639922645e+03 9.868103884249274094e-01
8.130396063014743959e+03 1.046730349874597454e+00
8.140407944389566183e+03 1.060886429926156893e+00
8.150419825764388406e+03 1.028992428155833805e+00
8.160431707139209720e+03 1.029809833911606187e+00
8.170443588514031035e+03 1.040584629411104522e+00
8.180455469888852349e+03 1.062020390696101213e+00
8.190467351263674573e+03 1.009291214893696553e+00
8.200479232638495887e+03 1.025017060905943467e+00
8.210491114013319020e+03 9.865821869506699038e-01
8.220502995388138515e+03 1.013374991395015634e+00
8.230514876762961649e+03 1.003725483925347106e+00
8.240526758137781144e+03 1.014919823227874662e+00
8.250538639512604277e+03 1.030017979674349382e+00
8.260550520887427410e+03 1.009119386230182158e+00
8.270562402262246906e+03 9.976155385148257615e-01
8.280574283637070039e+03 1.010015388693240368e+00
8.290586165011889534e+03 1.007279139187179817e+00
8.300598046386712667e+03 1.017221351635705817e+00
8.310609927761535801e+03 9.555755149032907347e-01
8.320621809136355296e+03 9.730727680838826554e-01
8.330633690511178429e+03 9.710726173950232631e-01
8.340645571885997924e+03 9.735345914949690149e-01
8.350657453260821057e+03 9.730868612865684053e-01
8.360669334635642372e+03 9.991950613081418409e-01
8.370681216010463686e+03 9.962756001671669859e-01
8.380693097385286819e+03 9.453839611764788264e-01
8.390704978760106314e+03 9.528555267849447841e-01
8.400716860134929448e+03 9.639761477965006486e-01
8.410728741509750762e+03 9.954305500522804273e-01
8.420740622884572076e+03 9.961682750082526683e-01
8.430752504259395209e+03 9.745568907359416500e-01
8.440764385634214705e+03 9.444754916495063934e-01
8.450776267009037838e+03 9.509605330699709702e-01
8.460788148383857333e+03 9.542095583352891985e-01
8.470800029758680466e+03 9.929886316638488752e-01
8.480811911133503600e+03 9.968675146799677034e-01
8.490823792508323095e+03 1.042653077928364258e+00
8.500835673883146228e+03 9.392382407129860056e-01
8.510847555257965723e+03 9.804061118967770661e-01
8.520859436632788857e+03 9.251190198069122461e-01
8.530871318007611990e+03 9.935512756787637789e-01
8.540883199382431485e+03 9.029276460394576320e-01
8.550895080757254618e+03 9.535103186635740524e-01
8.560906962132074113e+03 9.726548504196251832e-01
8.570918843506897247e+03 9.886002251660152007e-01
8.580930724881720380e+03 9.853392748830399617e-01
8.590942606256539875e+03 9.542236515379749484e-01
8.600954487631363008e+03 1.026578154126516873e+00
8.610966369006182504e+03 9.788287572884895038e-01
8.620978250381005637e+03 9.640173433120434732e-01
8.630990131755826951e+03 9.965791460711673766e-01
8.641002013130648265e+03 9.966908076001389505e-01
8.651013894505471399e+03 9.593850159984952386e-01
8.661025775880290894e+03 9.158370196995869739e-01
8.671037657255114027e+03 9.370581306667548072e-01
8.681049538629935341e+03 9.926905062224199439e-01
8.691061420004756656e+03 9.997414439353425886e-01
8.701073301379579789e+03 1.008821802835010217e+00
8.711085182754399284e+03 9.645929964371299237e-01
8.721097064129222417e+03 9.841641185975529282e-01
8.731108945504041912e+03 9.928661292097344937e-01
8.741120826878865046e+03 9.794494002529187116e-01
8.751132708253688179e+03 9.726949618426536937e-01
8.761144589628507674e+03 1.008587638851924151e+00
8.771156471003330807e+03 9.535742801219170284e-01
8.781168352378150303e+03 9.791957226045756579e-01
8.791180233752973436e+03 1.003704886167575694e+00
8.801192115127796569e+03 9.991760896891418442e-01
8.811203996502616064e+03 9.796217709626904302e-01
8.821215877877439198e+03 9.857512300384689841e-01
8.831227759252258693e+03 1.022129038447882943e+00
8.841239640627081826e+03 1.003772099903461390e+00
8.851251522001903140e+03 1.010309719810869256e+00
8.861263403376724455e+03 9.841283435445813410e-01
8.871275284751547588e+03 1.034868209583269527e+00
8.881287166126367083e+03 9.697792950254787714e-01
8.891299047501190216e+03 9.759878928548003651e-01
8.901310928876011531e+03 9.679141138546480949e-01
8.911322810250832845e+03 9.864797402080698330e-01
8.921334691625655978e+03 9.679309172886194634e-01
8.931346573000475473e+03 9.494308785323121169e-01
8.941358454375298606e+03 9.389021720335568588e-01
8.951370335750118102e+03 1.007937725389609351e+00
8.961382217124941235e+03 9.032019214455723199e-01
8.971394098499764368e+03 8.949964252049340541e-01
8.981405979874583863e+03 9.822214248119506275e-01
8.991417861249406997e+03 9.636086404341572820e-01
9.001429742624226492e+03 9.246111224639687043e-01
9.011441623999049625e+03 9.882674087641291072e-01
9.021453505373872758e+03 1.022659159687369312e+00
9.031465386748692254e+03 9.275929189245151196e-01
9.041477268123515387e+03 1.038239737302701915e+00
9.051489149498334882e+03 9.780167719952884697e-01
9.061501030873158015e+03 1.070983667604226142e+00
9.071512912247981149e+03 1.016638109863019501e+00
9.081524793622800644e+03 1.053782371680034302e+00
9.091536674997623777e+03 9.399624145125295982e-01
9.101548556372443272e+03 8.998553278539683786e-01
9.111560437747266405e+03 9.556806718771766462e-01
9.121572319122087720e+03 9.098810154260943417e-01
9.131584200496909034e+03 9.881015426094431620e-01
9.141596081871732167e+03 9.878413604060143349e-01
9.151607963246551662e+03 9.366087743195828930e-01
9.161619844621374796e+03 8.798299709300592131e-01
9.171631725996196110e+03 9.288699799063451223e-01
9.181643607371017424e+03 9.973293380910539518e-01
9.191655488745840557e+03 9.220542902690229692e-01
9.201667370120660053e+03 9.495327832286550862e-01
9.211679251495483186e+03 8.734132273379945355e-01
9.221691132870302681e+03 9.185580919104474606e-01
9.231703014245125814e+03 9.352845553133812828e-01
9.241714895619948948e+03 9.133327659915841945e-01
9.251726776994768443e+03 9.117890182512394803e-01
9.261738658369591576e+03 9.116285725591251055e-01
9.271750539744411071e+03 8.976600405125372273e-01
9.281762421119234205e+03 8.809530907748605033e-01
9.291774302494057338e+03 9.156418830470154369e-01
9.301786183868876833e+03 9.362320521708680232e-01
9.311798065243699966e+03 9.368391439788688047e-01
9.321809946618519461e+03 9.453958861941359482e-01
9.331821827993342595e+03 8.703181432097051307e-01
9.341833709368163909e+03 9.001908544871402018e-01
9.351845590742985223e+03 8.299107629246863516e-01
9.361857472117808356e+03 9.073214729998628769e-01
9.371869353492627852e+03 8.609114724632370708e-01
9.381881234867450985e+03 8.711691558334204721e-01
9.391893116242272299e+03 8.803465410131169344e-01
9.401904997617093613e+03 8.539418416888859831e-01
9.411916878991916747e+03 9.284710338610876468e-01
9.421928760366736242e+03 8.056606974726008286e-01
9.431940641741559375e+03 8.559755992456884455e-01
9.441952523116378870e+03 8.383672265823819414e-01
9.451964404491202004e+03 9.205755880795354340e-01
9.461976285866025137e+03 8.897244833079565041e-01
9.471988167240844632e+03 8.563821339385460085e-01
9.482000048615667765e+03 9.140970512141565196e-01
9.492011929990487261e+03 8.352786470091784210e-01
9.502023811365310394e+03 8.266563171967968859e-01
9.512035692740133527e+03 9.760019860574861150e-01
9.522047574114953022e+03 1.032598119858352481e+00
9.532059455489776155e+03 9.617266558293550149e-01
9.542071336864595651e+03 8.096886432094341224e-01
9.552083218239418784e+03 9.848438446040107541e-01
9.562095099614240098e+03 8.290207229704568137e-01
9.572106980989061412e+03 8.568385368870609087e-01
9.582118862363884546e+03 8.314013901318310085e-01
9.592130743738704041e+03 8.979993614695089832e-01
9.602142625113527174e+03 8.387179305107538285e-01
9.612154506488348488e+03 9.063837329750045191e-01
9.622166387863169803e+03 9.734543686489116610e-01
9.632178269237992936e+03 8.254768245412527072e-01
9.642190150612812431e+03 8.131750847353811373e-01
9.652202031987635564e+03 7.803883327795426705e-01
9.662213913362456879e+03 8.357269192638361321e-01
9.672225794737278193e+03 8.441557385624174348e-01
9.682237676112101326e+03 8.184410641235302375e-01
9.692249557486920821e+03 7.991919174398505188e-01
9.702261438861743954e+03 8.102876043235778258e-01
9.712273320236563450e+03 7.998402047633941248e-01
9.722285201611386583e+03 8.828437481197769499e-01
9.732297082986209716e+03 7.297243532168548041e-01
9.742308964361029211e+03 7.645448627294956223e-01
9.752320845735852345e+03 8.224142631883918364e-01
9.762332727110671840e+03 8.779946023033712299e-01
9.772344608485494973e+03 7.356044710143474497e-01
9.782356489860318106e+03 9.475597348526528796e-01
9.792368371235137602e+03 8.235373830331932377e-01
9.802380252609960735e+03 7.486818790141912539e-01
9.812392133984780230e+03 7.776087195729108892e-01
9.822404015359603363e+03 7.739043754515921858e-01
9.832415896734424678e+03 7.947005221531594499e-01
