3.473795863929679854e+03 3.143815998964012426e-01
3.503923928853839698e+03 3.114542786607672475e-01
3.534051993777999542e+03 3.278190697539942189e-01
3.564180058702159386e+03 3.447117250045494408e-01
3.594308123626319230e+03 3.475335705933045860e-01
3.624436188550479073e+03 3.439443919512696901e-01
3.654564253474638463e+03 3.394096983900644071e-01
3.684692318398798307e+03 3.280355332360354037e-01
3.714820383322958151e+03 4.116820185918974029e-01
3.744948448247117994e+03 5.460510379435353778e-01
3.775076513171277838e+03 6.324921116485688888e-01
3.805204578095437682e+03 6.087521948531527949e-01
3.835332643019597526e+03 4.551965843748079776e-01
3.865460707943757370e+03 3.646982819465781067e-01
3.895588772867917214e+03 4.109291113757231328e-01
3.925716837792077058e+03 6.052325335608749191e-01
3.955844902716236902e+03 8.995156320193086197e-01
3.985972967640396746e+03 9.155135512973050504e-01
4.016101032564556590e+03 8.766887340468463297e-01
4.046229097488716434e+03 8.746215571449015291e-01
4.076357162412876278e+03 9.944205417603384500e-01
4.106485227337036122e+03 9.609598885195604900e-01
4.136613292261195966e+03 9.720418165840153391e-01
4.166741357185355810e+03 9.648259824936544771e-01
4.196869422109515654e+03 7.276469072584496045e-01
4.226997487033675498e+03 5.211431901909653330e-01
4.257125551957835341e+03 4.456508561111733324e-01
4.287253616881995185e+03 5.922050915490955081e-01
4.317381681806155029e+03 7.732731422619566475e-01
4.347509746730314873e+03 7.948337098831137482e-01
4.377637811654474717e+03 7.771257974299049520e-01
4.407765876578633652e+03 7.845360766193563151e-01
4.437893941502793496e+03 7.508944930110919014e-01
4.468022006426953340e+03 7.023189335740918082e-01
4.498150071351113183e+03 7.663290150172054060e-01
4.528278136275273027e+03 1.040002147779368613e+00
4.558406201199432871e+03 1.252836028464393570e+00
4.588534266123592715e+03 1.283942658421202365e+00
4.618662331047752559e+03 1.326532406564916000e+00
4.648790395971912403e+03 1.250084155778146133e+00
4.678918460896072247e+03 1.084290773611177539e+00
4.709046525820232091e+03 8.639766256491019369e-01
4.739174590744391935e+03 6.577071386209362158e-01
4.769302655668551779e+03 5.800509441604090322e-01
4.799430720592711623e+03 8.930723546537691071e-01
4.829558785516871467e+03 1.437690071792683932e+00
4.859686850441031311e+03 1.684457013920963142e+00
4.889814915365191155e+03 1.623865369948922055e+00
4.919942980289350999e+03 1.290990272065821065e+00
4.950071045213510843e+03 1.157903178154654045e+00
4.980199110137670687e+03 1.271460482681828097e+00
5.010327175061830530e+03 1.258977912130069932e+00
5.040455239985990374e+03 1.065324320758700649e+00
5.070583304910149309e+03 9.118857721521939075e-01
5.100711369834309153e+03 8.009363400867712812e-01
5.130839434758468997e+03 8.736790185037024425e-01
5.160967499682628841e+03 1.037569465720445283e+00
5.191095564606788685e+03 1.147954574223392088e+00
5.221223629530948529e+03 1.218626567982197928e+00
5.251351694455108372e+03 1.119640497813468194e+00
5.281479759379268216e+03 1.141426169233837884e+00
5.311607824303428060e+03 1.124243326881086968e+00
5.341735889227587904e+03 1.174618805606287175e+00
5.371863954151747748e+03 1.274090054639604341e+00
5.401992019075907592e+03 1.218267060936436774e+00
5.432120084000067436e+03 1.210375080268394576e+00
5.462248148924227280e+03 1.325805435485348571e+00
5.492376213848387124e+03 1.383046898973463446e+00
5.522504278772546968e+03 1.327279513076064843e+00
5.552632343696706812e+03 1.211027765879414630e+00
5.582760408620866656e+03 1.112103741995330575e+00
5.612888473545026500e+03 1.178684583536105057e+00
5.643016538469186344e+03 1.210895154473685897e+00
5.673144603393346188e+03 1.202809381665495891e+00
5.703272668317506032e+03 1.154550856572799988e+00
5.733400733241665876e+03 1.053533537429064415e+00
5.763528798165825719e+03 1.071330631925768495e+00
5.793656863089985563e+03 1.049434519333537263e+00
5.823784928014145407e+03 1.085402291952703102e+00
5.853912992938305251e+03 1.118793093771706992e+00
5.884041057862465095e+03 1.187035548785569272e+00
5.914169122786624939e+03 1.176255424418453543e+00
5.944297187710784783e+03 1.121923530793786705e+00
5.974425252634944627e+03 1.141223994923077134e+00
6.004553317559104471e+03 1.126037475834445134e+00
6.034681382483264315e+03 1.106110231860557791e+00
6.064809447407424159e+03 1.092325387845463958e+00
6.094937512331584003e+03 1.103757028571539678e+00
6.125065577255743847e+03 1.058239017716507302e+00
6.155193642179903691e+03 1.027543326711013671e+00
6.185321707104063535e+03 1.066996563795971742e+00
6.215449772028223379e+03 1.092391458179407193e+00
6.245577836952383223e+03 1.086045198364675057e+00
6.275705901876542157e+03 1.064245237773024932e+00
6.305833966800702001e+03 1.033213531058614798e+00
6.335962031724861845e+03 1.005579458239661550e+00
6.366090096649021689e+03 8.898485293177957889e-01
6.396218161573181533e+03 5.919397472569044583e-01
6.426346226497341377e+03 5.987106429756559045e-01
6.456474291421501221e+03 9.619504424206835047e-01
6.486602356345661065e+03 1.707024975709927395e+00
6.516730421269820908e+03 2.096446986172334270e+00
6.546858486193980752e+03 2.359400780489416594e+00
6.576986551118140596e+03 2.172305463182955254e+00
6.607114616042300440e+03 1.862941184616943469e+00
6.637242680966460284e+03 1.642406761714812369e+00
6.667370745890619219e+03 1.442231446794232541e+00
6.697498810814779063e+03 1.233769718448963326e+00
6.727626875738938907e+03 1.071863355312437482e+00
6.757754940663098751e+03 1.031252103135199105e+00
6.787883005587258594e+03 1.026221008926647249e+00
6.818011070511418438e+03 9.920301957370467605e-01
6.848139135435578282e+03 9.414928135642471885e-01
6.878267200359738126e+03 8.394065702611763768e-01
6.908395265283897970e+03 8.429961437155951698e-01
6.938523330208057814e+03 9.340310113586914875e-01
6.968651395132217658e+03 9.753986633231929160e-01
6.998779460056377502e+03 9.624010448314929134e-01
7.028907524980537346e+03 9.151198018697829228e-01
7.059035589904697190e+03 9.068356662088462583e-01
7.089163654828857034e+03 8.286216018498113733e-01
7.119291719753016878e+03 8.190646518034180312e-01
7.149419784677176722e+03 8.795575167540152783e-01
7.179547849601336566e+03 8.913148321415668152e-01
7.209675914525496410e+03 8.483019514179110931e-01
7.239803979449656254e+03 8.110007910825367539e-01
7.269932044373816098e+03 8.618815081784474419e-01
7.300060109297975941e+03 9.063677376084185999e-01
7.330188174222135785e+03 8.880007162504047757e-01
7.360316239146295629e+03 8.781295259165782241e-01
