3.621322906780912035e+03 8.997411536610296912e-01
3.631325426718973631e+03 8.966456786384506827e-01
3.641327946657035227e+03 8.390521992136588114e-01
3.651330466595096368e+03 8.145875358964236312e-01
3.661332986533157964e+03 7.930223031037225701e-01
3.671335506471219560e+03 7.603876543343410788e-01
3.681338026409281156e+03 7.268836496184568619e-01
3.691340546347342752e+03 6.807033738582097815e-01
3.701343066285404348e+03 6.706984119043627457e-01
3.711345586223465943e+03 6.217222373950147540e-01
3.721348106161527539e+03 6.082156164991049385e-01
3.731350626099589135e+03 6.146327613340760720e-01
3.741353146037650276e+03 6.199262669882698029e-01
3.751355665975711872e+03 6.493810401985863345e-01
3.761358185913773468e+03 6.582461724001795744e-01
3.771360705851835064e+03 6.663062377303184958e-01
3.781363225789896660e+03 6.870872925308398882e-01
3.791365745727958256e+03 7.053059105388115313e-01
3.801368265666019397e+03 7.208843499705257507e-01
3.811370785604080993e+03 7.474429713315342561e-01
3.821373305542142589e+03 7.956570735558957663e-01
3.831375825480204185e+03 8.411224967145647380e-01
3.841378345418265781e+03 8.745886445618609173e-01
3.851380865356327377e+03 9.038989870583591379e-01
3.861383385294388972e+03 9.331440940580941756e-01
3.871385905232450568e+03 9.867889668860562180e-01
3.881388425170512164e+03 9.979040139096950757e-01
3.891390945108573305e+03 1.024103671034628293e+00
3.901393465046634901e+03 1.053398127166629950e+00
3.911395984984696497e+03 1.099874531521251253e+00
3.921398504922758093e+03 1.108110766493426436e+00
3.931401024860819689e+03 1.148376616353085522e+00
3.941403544798880830e+03 1.163471366687037323e+00
3.951406064736942426e+03 1.182099988102127019e+00
3.961408584675004022e+03 1.206483867565857571e+00
3.971411104613065618e+03 1.204406133894335929e+00
3.981413624551127214e+03 1.213306892113332758e+00
3.991416144489188810e+03 1.229345698107697560e+00
4.001418664427250405e+03 1.224357379655718780e+00
4.011421184365312001e+03 1.228986395863866710e+00
4.021423704303373597e+03 1.231016808449652888e+00
4.031426224241434738e+03 1.214980368509575026e+00
4.041428744179496334e+03 1.200037721665486057e+00
4.051431264117557930e+03 1.198899649553559543e+00
4.061433784055619526e+03 1.184486322854191531e+00
4.071436303993681122e+03 1.193960342226092042e+00
4.081438823931742718e+03 1.179172164926152178e+00
4.091441343869803859e+03 1.163818162643923682e+00
4.101443863807865455e+03 1.166958592697950881e+00
4.111446383745927051e+03 1.140102186504567294e+00
4.121448903683988647e+03 1.128268196985511729e+00
4.131451423622050243e+03 1.116360183768056347e+00
4.141453943560111838e+03 1.111993461577982512e+00
4.151456463498173434e+03 1.122404776455190989e+00
4.161458983436235030e+03 1.115711884893487049e+00
4.171461503374296626e+03 1.112598833467635107e+00
4.181464023312358222e+03 1.122965193313395504e+00
4.191466543250418908e+03 1.131689173476396304e+00
4.201469063188480504e+03 1.128943874488256283e+00
4.211471583126542100e+03 1.145487664068964406e+00
4.221474103064603696e+03 1.161978724439853616e+00
4.231476623002665292e+03 1.156397202377411393e+00
4.241479142940726888e+03 1.140022754682083361e+00
4.251481662878788484e+03 1.141071592746623953e+00
4.261484182816850080e+03 1.129156819374063758e+00
4.271486702754911676e+03 1.087982742676047998e+00
4.281489222692973271e+03 1.044359799791246601e+00
4.291491742631034867e+03 1.016055706382127166e+00
4.301494262569096463e+03 1.020342996749717512e+00
4.311496782507158059e+03 9.967679698443002723e-01
4.321499302445219655e+03 1.012200727933501687e+00
4.331501822383281251e+03 1.019425305694213746e+00
4.341504342321342847e+03 1.038372668422504308e+00
4.351506862259404443e+03 1.085355746402245636e+00
4.361509382197466039e+03 1.111166356600885807e+00
4.371511902135526725e+03 1.152587516967989334e+00
4.381514422073588321e+03 1.175150886661943561e+00
4.391516942011649917e+03 1.175265471290973363e+00
4.401519461949711513e+03 1.210066749771506744e+00
4.411521981887773109e+03 1.239777969465731600e+00
4.421524501825834705e+03 1.267098798314828745e+00
4.431527021763896300e+03 1.271165707625995456e+00
4.441529541701957896e+03 1.279696009345238528e+00
4.451532061640019492e+03 1.293783496568545299e+00
4.461534581578081088e+03 1.322840333248606282e+00
4.471537101516142684e+03 1.360632304347591193e+00
4.481539621454203370e+03 1.375050701163287759e+00
4.491542141392264966e+03 1.393754022292287287e+00
4.501544661330326562e+03 1.392159977718528729e+00
4.511547181268388158e+03 1.416137571860448974e+00
4.521549701206449754e+03 1.410877157165494111e+00
4.531552221144511350e+03 1.412371151443698958e+00
4.541554741082572946e+03 1.386871170372133033e+00
4.551557261020634542e+03 1.378649131725678156e+00
4.561559780958696138e+03 1.385807459966361455e+00
4.571562300896757733e+03 1.360607967789212891e+00
4.581564820834819329e+03 1.340703029090299703e+00
4.591567340772880925e+03 1.307343691693662269e+00
4.601569860710942521e+03 1.263281676734790970e+00
4.611572380649004117e+03 1.222703169701525816e+00
4.621574900587065713e+03 1.200722525377622363e+00
4.631577420525127309e+03 1.171368579880696759e+00
4.641579940463188905e+03 1.157009334422169244e+00
4.651582460401250501e+03 1.167370624151600644e+00
4.661584980339312096e+03 1.196419686653290571e+00
4.671587500277372783e+03 1.188328457008117622e+00
4.681590020215434379e+03 1.182284202328738321e+00
4.691592540153495975e+03 1.184247351371229939e+00
4.701595060091557571e+03 1.172128421314498681e+00
4.711597580029619166e+03 1.165003217833829874e+00
4.721600099967680762e+03 1.151457895049944113e+00
4.731602619905742358e+03 1.151392321545425590e+00
4.741605139843803954e+03 1.160877157165493889e+00
4.751607659781865550e+03 1.153091148523311738e+00
4.761610179719927146e+03 1.145554927612259188e+00
4.771612699657987832e+03 1.132243844202761363e+00
4.781615219596049428e+03 1.112692799623594686e+00
4.791617739534111024e+03 1.107817713769624790e+00
4.801620259472172620e+03 1.111335698486266121e+00
4.811622779410234216e+03 1.119083512252105228e+00
4.821625299348295812e+03 1.144472626779948987e+00
4.831627819286357408e+03 1.176863909965550237e+00
4.841630339224419004e+03 1.195754825398714027e+00
4.851632859162480599e+03 1.216673787363377279e+00
4.861635379100542195e+03 1.240471899387259436e+00
4.871637899038603791e+03 1.271801162205865587e+00
4.881640418976665387e+03 1.299779416138924004e+00
4.891642938914726983e+03 1.339922907191182899e+00
4.901645458852788579e+03 1.358542064389125725e+00
4.911647978790850175e+03 1.363827491657968682e+00
4.921650498728911771e+03 1.357905595785989794e+00
4.931653018666973367e+03 1.354534644442882074e+00
4.941655538605034963e+03 1.333369950840151974e+00
4.951658058543096558e+03 1.335800226600399210e+00
4.961660578481157245e+03 1.318371870724201811e+00
4.971663098419218841e+03 1.293897743189819982e+00
4.981665618357280437e+03 1.289428604649905274e+00
4.991668138295342033e+03 1.269584845354691627e+00
5.001670658233403628e+03 1.253059984208277911e+00
5.011673178171465224e+03 1.254641522495092198e+00
5.021675698109526820e+03 1.249781646990108630e+00
5.031678218047588416e+03 1.264493772545117301e+00
5.041680737985650012e+03 1.253265154915714552e+00
5.051683257923711608e+03 1.260765547004710330e+00
5.061685777861772294e+03 1.273315436949385759e+00
5.071688297799833890e+03 1.279024725943311847e+00
5.081690817737895486e+03 1.284048535209591613e+00
5.091693337675957082e+03 1.288640370564662296e+00
5.101695857614018678e+03 1.288202312513858416e+00
5.111698377552080274e+03 1.297586421822862546e+00
5.121700897490141870e+03 1.319476818076114055e+00
5.131703417428203466e+03 1.326048702861438500e+00
5.141705937366265061e+03 1.343928299090894285e+00
5.151708457304326657e+03 1.345161351382046178e+00
5.161710977242388253e+03 1.355241080651354624e+00
5.171713497180449849e+03 1.374412204513620450e+00
5.181716017118511445e+03 1.385476550373971882e+00
5.191718537056573041e+03 1.410916028057347615e+00
5.201721056994634637e+03 1.413806670380245212e+00
5.211723576932696233e+03 1.425480782231067334e+00
5.221726096870757829e+03 1.435625746997139185e+00
5.231728616808819424e+03 1.449003079926665993e+00
5.241731136746881020e+03 1.455423875245393628e+00
5.251733656684941707e+03 1.469502912274819550e+00
5.261736176623003303e+03 1.455508039176450552e+00
5.271738696561064899e+03 1.452532894914740913e+00
5.281741216499126494e+03 1.455579020805053414e+00
5.291743736437188090e+03 1.454758675983061744e+00
5.301746256375249686e+03 1.456287147052302222e+00
5.311748776313311282e+03 1.460266850362614832e+00
5.321751296251372878e+03 1.457945075091802822e+00
5.331753816189434474e+03 1.455145694862822969e+00
5.341756336127496070e+03 1.460186066509110203e+00
5.351758856065556756e+03 1.458776236161962503e+00
5.361761376003618352e+03 1.453342761496319691e+00
5.371763895941679948e+03 1.470698445705138191e+00
5.381766415879741544e+03 1.471411980076470893e+00
5.391768935817803140e+03 1.474127872389904281e+00
5.401771455755864736e+03 1.486331642393203145e+00
5.411773975693926332e+03 1.477190560660223806e+00
5.421776495631987927e+03 1.477591775865705559e+00
5.431779015570049523e+03 1.470536201982618252e+00
5.441781535508111119e+03 1.464220527075773326e+00
5.451784055446172715e+03 1.453042610609657892e+00
5.461786575384234311e+03 1.457809533981947459e+00
5.471789095322295907e+03 1.432292314514864051e+00
5.481791615260357503e+03 1.420107134938104032e+00
5.491794135198419099e+03 1.403848623902826720e+00
5.501796655136480695e+03 1.378997279713585877e+00
5.511799175074542291e+03 1.374405782366270756e+00
5.521801695012603886e+03 1.350016494778456533e+00
5.531804214950665482e+03 1.321257104923015513e+00
5.541806734888727078e+03 1.275367144023752397e+00
5.551809254826787765e+03 1.221501214123856816e+00
5.561811774764849361e+03 1.172145997717771504e+00
5.571814294702910956e+03 1.118037716257361813e+00
5.581816814640972552e+03 1.067921306386453661e+00
5.591819334579034148e+03 1.008035796373311976e+00
5.601821854517095744e+03 9.650875169679892229e-01
5.611824374455157340e+03 9.280820899154711423e-01
5.621826894393218936e+03 8.964885050322595195e-01
5.631829414331280532e+03 8.880247908408009927e-01
5.641831934269341218e+03 8.821407518374101420e-01
5.651834454207402814e+03 9.107787969087162150e-01
5.661836974145464410e+03 9.423510873033471569e-01
5.671839494083526006e+03 9.756996084518163581e-01
5.681842014021587602e+03 1.010524209467462020e+00
5.691844533959649198e+03 1.052050490246448256e+00
5.701847053897710794e+03 1.120328056806935368e+00
5.711849573835772389e+03 1.172284242889668926e+00
5.721852093773833985e+03 1.220939445234631382e+00
5.731854613711895581e+03 1.261496657779316077e+00
5.741857133649957177e+03 1.304158982623697227e+00
5.751859653588018773e+03 1.326227170956210344e+00
5.761862173526080369e+03 1.355806905633643034e+00
5.771864693464141965e+03 1.390819438961207632e+00
5.781867213402203561e+03 1.399199327229363909e+00
5.791869733340265157e+03 1.422773678119270802e+00
5.801872253278326752e+03 1.443205908916374458e+00
5.811874773216388348e+03 1.433927258027008378e+00
5.821877293154449944e+03 1.437001776568761491e+00
5.831879813092511540e+03 1.415070143369369537e+00
5.841882333030573136e+03 1.399182088833846205e+00
5.851884852968634732e+03 1.412054438177029914e+00
5.861887372906695418e+03 1.399845936065157170e+00
5.871889892844757014e+03 1.387400152509099316e+00
5.881892412782818610e+03 1.376568017976604441e+00
5.891894932720880206e+03 1.356883798341869118e+00
5.901897452658941802e+03 1.329274986885299104e+00
5.911899972597003398e+03 1.326119346482285799e+00
5.921902492535064084e+03 1.310303625606386024e+00
5.931905012473125680e+03 1.292635622231716575e+00
5.941907532411187276e+03 1.269743708999659271e+00
5.951910052349248872e+03 1.251988499624135276e+00
5.961912572287310468e+03 1.240239688059402878e+00
5.971915092225372064e+03 1.227571157392635337e+00
5.981917612163433660e+03 1.206737373382294809e+00
5.991920132101495255e+03 1.192739120206373959e+00
6.001922652039556851e+03 1.185322216032924647e+00
6.011925171977618447e+03 1.164501952332794188e+00
6.021927691915680043e+03 1.140176886218477348e+00
6.031930211853741639e+03 1.131442427815063878e+00
6.041932731791803235e+03 1.112920278842877808e+00
6.051935251729864831e+03 1.087372300670066627e+00
6.061937771667926427e+03 1.071431854932479499e+00
6.071940291605988023e+03 1.049228463497866581e+00
6.081942811544049619e+03 1.022944304434120877e+00
6.091945331482111214e+03 1.002595899560319470e+00
6.101947851420172810e+03 9.837428409957439390e-01
6.111950371358234406e+03 9.325657627888613854e-01
6.121952891296296002e+03 8.930952451773054301e-01
6.131955411234357598e+03 8.407888830601328856e-01
6.141957931172419194e+03 7.988360364940212399e-01
6.151960451110479880e+03 7.580432325439274699e-01
6.161962971048541476e+03 7.391651614054634001e-01
6.171965490986603072e+03 6.982848134467597445e-01
6.181968010924664668e+03 6.586650316104851743e-01
6.191970530862726264e+03 6.279831550455093891e-01
6.201973050800787860e+03 6.066944801981537516e-01
6.211975570738848546e+03 6.060993499434850218e-01
6.221978090676910142e+03 6.031414440772928653e-01
6.231980610614971738e+03 6.263823503166456863e-01
6.241983130553033334e+03 6.504836890977626629e-01
6.251985650491094930e+03 6.766281833570390036e-01
6.261988170429156526e+03 7.281146738630772663e-01
6.271990690367218122e+03 7.540155321323693816e-01
6.281993210305279717e+03 8.061660726743714589e-01
6.291995730243341313e+03 8.698791825079634776e-01
6.301998250181402909e+03 9.151103662922441817e-01
6.312000770119464505e+03 9.385447819714776152e-01
6.322003290057526101e+03 9.711503620739074805e-01
6.332005809995587697e+03 9.966848199365087035e-01
6.342008329933649293e+03 1.015431068050425267e+00
6.352010849871710889e+03 1.031162286987512555e+00
6.362013369809772485e+03 1.031913678227433406e+00
6.372015889747834080e+03 1.030177670396469569e+00
6.382018409685895676e+03 1.017383062836993757e+00
6.392020929623957272e+03 1.015962416241678268e+00
6.402023449562018868e+03 1.016043876110693578e+00
6.412025969500080464e+03 1.019034906736900226e+00
6.422028489438142060e+03 1.042712349992158227e+00
6.432031009376203656e+03 1.035979573515334762e+00
6.442033529314264342e+03 1.041562785616553244e+00
6.452036049252325938e+03 1.052581500429945915e+00
6.462038569190387534e+03 1.081834043600296447e+00
6.472041089128449130e+03 1.109424264630327839e+00
6.482043609066510726e+03 1.143019869447884584e+00
6.492046129004572322e+03 1.168580015899884916e+00
6.502048648942633008e+03 1.187463833170188332e+00
6.512051168880694604e+03 1.216237757359104998e+00
6.522053688818756200e+03 1.220716022108411458e+00
6.532056208756817796e+03 1.244256234215038059e+00
6.542058728694879392e+03 1.229466704884077055e+00
6.552061248632940988e+03 1.247922942343989261e+00
6.562063768571002583e+03 1.234794383122326478e+00
6.572066288509064179e+03 1.241456853986057762e+00
6.582068808447125775e+03 1.242969100683046113e+00
6.592071328385187371e+03 1.236396877889966550e+00
6.602073848323248967e+03 1.229919973283866819e+00
6.612076368261310563e+03 1.227168252148377325e+00
6.622078888199372159e+03 1.233308501030247806e+00
6.632081408137433755e+03 1.232400950207401369e+00
6.642083928075495351e+03 1.215006057098974246e+00
6.652086448013556947e+03 1.213942684700957786e+00
6.662088967951618542e+03 1.198703605055514432e+00
6.672091487889680138e+03 1.188332175093425258e+00
6.682094007827741734e+03 1.171740388411471878e+00
6.692096527765803330e+03 1.184546826242381279e+00
6.702099047703864926e+03 1.146865045671607852e+00
6.712101567641926522e+03 1.127018920322107931e+00
6.722104087579988118e+03 1.115481363604406528e+00
6.732106607518048804e+03 1.103870121196060650e+00
6.742109127456110400e+03 1.078375210240823945e+00
6.752111647394171996e+03 1.061166897413294397e+00
6.762114167332233592e+03 1.041157852325763855e+00
6.772116687270295188e+03 1.008001657590031686e+00
6.782119207208356784e+03 1.012138534506535903e+00
6.792121727146418380e+03 1.035542191480041341e+00
6.802124247084479066e+03 9.935717685106567609e-01
6.812126767022540662e+03 9.464223907153325177e-01
6.822129286960602258e+03 9.867730805215594314e-01
6.832131806898663854e+03 9.600833121515139901e-01
6.842134326836725450e+03 9.882711308928272542e-01
6.852136846774787045e+03 9.947111926536043036e-01
6.862139366712848641e+03 1.023811970341847566e+00
6.872141886650910237e+03 1.037464441584147634e+00
6.882144406588971833e+03 1.034212806978643373e+00
6.892146926527033429e+03 1.039579356108746522e+00
6.902149446465095025e+03 1.045212931365497422e+00
6.912151966403156621e+03 1.056253616682981233e+00
6.922154486341218217e+03 1.063929434796952123e+00
6.932157006279279813e+03 1.042107316110260973e+00
6.942159526217341408e+03 1.039220729880426353e+00
6.952162046155403004e+03 1.018794583222917494e+00
6.962164566093464600e+03 1.015971880458825360e+00
6.972167086031526196e+03 1.013579799574921614e+00
6.982169605969587792e+03 9.998729090840260403e-01
6.992172125907649388e+03 1.001599114690087333e+00
7.002174645845710984e+03 1.008922052707577288e+00
7.012177165783772580e+03 9.803019220472994899e-01
7.022179685721834176e+03 9.917161059343345686e-01
7.032182205659894862e+03 9.706710670769630456e-01
7.042184725597956458e+03 9.720072117334660478e-01
7.052187245536018054e+03 9.767132937098109702e-01
7.062189765474079650e+03 9.494120693105182474e-01
7.072192285412141246e+03 9.756289648309690588e-01
7.082194805350202842e+03 9.555202074556400360e-01
7.092197325288263528e+03 9.679683570659846081e-01
7.102199845226325124e+03 9.917681591286431342e-01
7.112202365164386720e+03 9.696742822067309087e-01
7.122204885102448316e+03 9.722407750923438563e-01
7.132207405040509911e+03 9.705622285797725901e-01
7.142209924978571507e+03 9.585399687410428582e-01
7.152212444916633103e+03 1.000000000000000000e+00
7.162214964854694699e+03 9.734467867630755000e-01
7.172217484792756295e+03 9.584963657406154747e-01
7.182220004730817891e+03 9.754261601778191348e-01
7.192222524668879487e+03 9.420583725873006298e-01
7.202225044606941083e+03 9.648857263381052096e-01
7.212227564545002679e+03 9.430044562942453412e-01
7.222230084483064275e+03 9.152425273245468063e-01
7.232232604421125870e+03 9.365353258665168878e-01
7.242235124359187466e+03 9.094636087330388863e-01
7.252237644297249062e+03 8.950401418010135446e-01
7.262240164235310658e+03 9.240871762561719827e-01
7.272242684173372254e+03 8.847413835063031584e-01
7.282245204111433850e+03 8.859514512700980005e-01
7.292247724049495446e+03 9.176014834484361726e-01
7.302250243987557042e+03 8.824172421812046530e-01
7.312252763925618638e+03 8.959115257940477584e-01
7.322255283863679324e+03 9.053912912977875038e-01
7.332257803801740920e+03 8.554361111261337136e-01
7.342260323739802516e+03 8.611426960580184087e-01
7.352262843677864112e+03 8.906598993007296405e-01
7.362265363615925708e+03 8.466942165521045283e-01
7.372267883553987303e+03 8.382078558410444025e-01
7.382270403492047990e+03 8.587411509569675694e-01
7.392272923430109586e+03 8.103952257080586641e-01
7.402275443368171182e+03 7.942117523944469681e-01
7.412277963306232778e+03 8.154058526718838129e-01
7.422280483244294373e+03 7.889361273505058891e-01
7.432283003182355969e+03 7.439810959022643555e-01
7.442285523120417565e+03 7.746073025899505859e-01
7.452288043058479161e+03 7.739099925908700106e-01
7.462290562996540757e+03 7.079447370840475928e-01
7.472293082934602353e+03 6.959018587722477500e-01
7.482295602872663949e+03 7.141096605320512714e-01
7.492298122810725545e+03 6.700613348872677122e-01
7.502300642748787141e+03 6.651334184211523670e-01
7.512303162686848736e+03 7.574182562044704525e-01
7.612328362067463786e+03 7.724866419335125745e-01
7.622330882005525382e+03 7.803740529022697991e-01
7.632333401943586978e+03 7.409765449658477499e-01
7.642335921881648574e+03 7.815709383636099128e-01
7.652338441819710170e+03 8.186091521683874772e-01
7.662340961757771765e+03 7.707813928082766219e-01
7.672343481695832452e+03 7.965781446889518280e-01
7.682346001633894048e+03 8.338509358758728895e-01
7.692348521571955644e+03 8.131871697664231347e-01
7.702351041510017239e+03 7.843148853207287940e-01
7.712353561448078835e+03 8.275771739306786445e-01
7.722356081386140431e+03 8.408463443785253455e-01
7.732358601324202027e+03 7.741134732595305046e-01
7.742361121262263623e+03 7.915702217871687374e-01
7.752363641200325219e+03 8.330782501473714685e-01
7.762366161138386815e+03 8.301805096616137192e-01
7.772368681076448411e+03 7.742632106951061743e-01
7.782371201014510007e+03 8.334588468797827776e-01
7.792373720952571603e+03 8.428760809488013983e-01
7.802376240890633198e+03 7.898869431660240359e-01
7.812378760828694794e+03 7.879008095961753666e-01
7.822381280766756390e+03 8.366949331285457037e-01
7.832383800704817986e+03 7.875178468094772288e-01
7.842386320642879582e+03 7.662098379185212638e-01
7.852388840580941178e+03 8.094464379390721165e-01
7.862391360519002774e+03 7.923516957173065700e-01
7.872393880457064370e+03 7.512746272450475660e-01
7.882396400395125966e+03 7.611086248762891637e-01
7.892398920333187561e+03 7.852143239574489453e-01
7.902401440271249157e+03 7.438161481177024692e-01
7.912403960209310753e+03 7.259007230661901344e-01
7.922406480147372349e+03 7.536700882065038298e-01
7.932409000085433036e+03 7.617359672700331208e-01
7.942411520023493722e+03 7.037997479814177559e-01
7.952414039961555318e+03 7.024112121228509587e-01
7.962416559899616914e+03 7.253528124949298883e-01
7.972419079837678510e+03 6.842205135554632056e-01
7.982421599775740106e+03 6.444407864494042792e-01
7.992424119713801701e+03 6.772565397740485382e-01
8.002426639651863297e+03 6.933133953825436624e-01
8.012429159589924893e+03 6.311123970428377250e-01
8.022431679527986489e+03 6.351395228412122229e-01
8.032434199466048085e+03 6.730891069564700624e-01
8.042436719404109681e+03 6.463249092787184402e-01
8.052439239342171277e+03 6.078398194768180884e-01
8.062441759280232873e+03 6.364289210251640183e-01
8.072444279218294469e+03 6.458658609463137079e-01
8.082446799156356064e+03 5.976163355092019014e-01
8.092449319094417660e+03 5.708496703748370260e-01
8.102451839032479256e+03 5.897787806843440839e-01
8.112454358970540852e+03 5.913959111877862274e-01
8.122456878908602448e+03 5.223320371862613110e-01
8.132459398846664044e+03 5.490371849091706391e-01
8.142461918784725640e+03 5.758179111661537730e-01
8.152464438722787236e+03 5.140094750333952245e-01
8.162466958660848832e+03 4.926521846117237757e-01
8.172469478598910428e+03 5.353403332486060817e-01
8.182471998536972023e+03 5.546188759754904218e-01
8.192474518475033619e+03 5.128189441178538921e-01
8.202477038413095215e+03 5.128558207639516420e-01
8.212479558351156811e+03 5.594413678227433406e-01
8.222482078289216588e+03 5.498713204475763616e-01
8.232484598227278184e+03 5.025101807935881126e-01
8.242487118165339780e+03 5.246637498850774683e-01
8.252489638103401376e+03 5.615917055600924135e-01
8.262492158041462972e+03 5.114203694289561897e-01
8.272494677979524567e+03 5.089202950672500059e-01
8.282497197917586163e+03 5.404391126350002184e-01
8.292499717855647759e+03 5.643759430416371847e-01
8.302502237793709355e+03 5.396341133650971456e-01
8.312504757731770951e+03 5.486640919489256252e-01
8.322507277669832547e+03 6.072668287301183909e-01
8.332509797607894143e+03 6.088810861676411390e-01
8.342512317545955739e+03 5.587925281357655205e-01
8.352514837484017335e+03 5.919323632961435155e-01
8.362517357422078931e+03 6.533251512922713111e-01
8.372519877360140526e+03 6.217466753557194803e-01
8.382522397298202122e+03 6.108105696377098548e-01
8.392524917236263718e+03 6.530545760841937053e-01
8.402527437174325314e+03 6.743878341544667920e-01
8.412529957112386910e+03 6.416568193740637138e-01
8.422532477050448506e+03 6.378925284061718326e-01
8.432534996988510102e+03 7.145538027224497268e-01
8.442537516926571698e+03 7.189881264635735736e-01
8.452540036864633294e+03 6.506140248881869814e-01
8.462542556802694889e+03 6.846119603368179263e-01
8.472545076740756485e+03 7.731853039636141789e-01
8.482547596678818081e+03 7.378347628807996328e-01
8.492550116616879677e+03 6.955090937606472901e-01
8.502552636554941273e+03 7.622575132363836881e-01
8.512555156493002869e+03 8.192659012368379567e-01
8.522557676431064465e+03 7.624988507736321086e-01
8.532560196369124242e+03 7.074187970168788198e-01
8.542562716307185838e+03 7.856574521245816012e-01
8.552565236245247434e+03 8.160609117015581448e-01
8.562567756183309029e+03 7.283675036640040457e-01
8.572570276121370625e+03 7.130057272034050486e-01
8.582572796059432221e+03 7.891538043448868001e-01
8.592575315997493817e+03 8.102356860475807832e-01
8.602577835935555413e+03 7.263181626439236815e-01
8.612580355873617009e+03 7.538688367665907775e-01
8.622582875811678605e+03 8.110962537924469862e-01
8.632585395749740201e+03 8.178817594790894763e-01
8.642587915687801797e+03 7.235272326088250106e-01
8.652590435625863392e+03 7.461467115901507796e-01
8.662592955563924988e+03 8.017513533830521455e-01
8.672595475501986584e+03 7.324418491457868052e-01
8.682597995440048180e+03 6.758486022703303897e-01
8.692600515378109776e+03 7.301251439913039043e-01
8.702603035316171372e+03 7.614750252829801669e-01
8.712605555254232968e+03 6.950140476023081160e-01
8.722608075192294564e+03 6.683634881318716303e-01
8.732610595130356160e+03 7.367149431876565124e-01
8.742613115068417756e+03 7.174485011384101885e-01
8.752615635006479351e+03 6.502687161654236991e-01
8.762618154944540947e+03 6.369059175693728703e-01
8.772620674882602543e+03 6.967647925714007817e-01
8.782623194820664139e+03 6.236945802484491486e-01
8.792625714758725735e+03 5.938241251007263521e-01
8.802628234696787331e+03 6.231546804609885415e-01
8.812630754634847108e+03 6.469403876002529641e-01
8.822633274572908704e+03 5.677369231559649121e-01
8.832635794510970300e+03 5.782640394901221725e-01
8.842638314449031895e+03 6.236770714467272381e-01
8.852640834387093491e+03 5.768127693921809573e-01
8.862643354325155087e+03 5.528437944480197874e-01
8.872645874263216683e+03 6.018445759219500646e-01
8.882648394201278279e+03 5.985898316450972700e-01
8.892650914139339875e+03 5.406462775881930582e-01
8.902653434077401471e+03 5.639305502225443467e-01
8.912655954015463067e+03 5.818171432125338605e-01
8.922658473953524663e+03 5.286890842423488390e-01
8.932660993891586259e+03 5.206198927028181656e-01
8.942663513829647854e+03 5.615262672586759374e-01
8.952666033767709450e+03 5.280287860924680610e-01
8.962668553705771046e+03 5.132427044406107086e-01
8.972671073643832642e+03 5.660293755779932656e-01
8.982673593581894238e+03 5.919112716122159057e-01
8.992676113519955834e+03 5.257591992190669972e-01
9.002678633458017430e+03 5.515349270173655061e-01
9.012681153396079026e+03 5.654972837696787824e-01
9.022683673334140622e+03 5.112810088314666546e-01
9.032686193272202217e+03 5.773206598452195193e-01
9.042688713210263813e+03 5.852055357558124671e-01
9.052691233148325409e+03 5.420407961840276734e-01
9.062693753086387005e+03 5.458807670883201180e-01
9.072696273024448601e+03 5.861696014753363659e-01
9.082698792962510197e+03 5.308557477542764635e-01
9.092701312900571793e+03 5.716013658217374838e-01
9.102703832838633389e+03 5.566909311167235197e-01
9.112706352776693166e+03 5.178737824960656377e-01
9.122708872714754762e+03 5.365502320085232535e-01
9.132711392652816357e+03 5.675509850898019515e-01
9.142713912590877953e+03 5.480933658541862208e-01
9.152716432528939549e+03 2.738226851876889301e-01
