3.699606506494904352e+03 1.219873014428375368e+00
3.709610987581540030e+03 1.036384347508507497e+00
3.719615468668174799e+03 1.192390608691796583e+00
3.729619949754810477e+03 6.422842817579152985e-01
3.739624430841445246e+03 7.513291012588292350e-01
3.749628911928080015e+03 1.233056970817121734e+00
3.759633393014715693e+03 1.121763854443240671e+00
3.769637874101350462e+03 1.298653542218356272e+00
3.779642355187986141e+03 8.428911474732696529e-01
3.789646836274620910e+03 1.000000000000000000e+00
3.799651317361256588e+03 8.190599707243590988e-01
3.809655798447891357e+03 9.301992412136614874e-01
3.819660279534526580e+03 1.040639408466365934e+00
3.829664760621161804e+03 5.959016436481251455e-01
3.839669241707796573e+03 1.038885612055169716e+00
3.849673722794432251e+03 9.346027223195548794e-01
3.859678203881067020e+03 7.436373904424192771e-01
3.869682684967702698e+03 9.010433749714856777e-01
3.879687166054337467e+03 8.961264908377979399e-01
3.889691647140973146e+03 7.512517407571410732e-01
3.899696128227607915e+03 6.714883378751999032e-01
3.909700609314242683e+03 7.295206740981755589e-01
3.919705090400878362e+03 7.375227020401353695e-01
3.929709571487513131e+03 8.718324929275815816e-01
3.939714052574148809e+03 1.079362948520261600e+00
3.949718533660783578e+03 1.034849505820415239e+00
3.959723014747419256e+03 1.151266092705418131e+00
3.969727495834054025e+03 1.222820822926712347e+00
3.979731976920689704e+03 1.401381987604817692e+00
3.989736458007324472e+03 1.676344897153121849e+00
3.999740939093959241e+03 1.783075552506252714e+00
4.009745420180594920e+03 1.551351095911269962e+00
4.019749901267229689e+03 1.386572060490545155e+00
4.029754382353865367e+03 1.537955944186089940e+00
4.039758863440500136e+03 1.445722506830302567e+00
4.049763344527135814e+03 1.514318985468944057e+00
4.059767825613770583e+03 1.395539694513530105e+00
4.069772306700405352e+03 1.429007154387874623e+00
4.079776787787041030e+03 1.507221772022218742e+00
4.089781268873675799e+03 1.308238426699757762e+00
4.099785749960311477e+03 1.213966545958613974e+00
4.109790231046946246e+03 1.364774601485485128e+00
4.119794712133581925e+03 1.279214295007214064e+00
4.129799193220216694e+03 1.089885085233653683e+00
4.139803674306851462e+03 1.056013495498680621e+00
4.149808155393487141e+03 1.176001267172018583e+00
4.159812636480122819e+03 1.022113551914672458e+00
4.169817117566757588e+03 1.113870574597168428e+00
4.179821598653392357e+03 9.259303533788045826e-01
4.189826079740028035e+03 9.476382585602662889e-01
4.199830560826662804e+03 1.124313367206265069e+00
4.209835041913298483e+03 1.267987045908148591e+00
4.219839522999933251e+03 1.410999543187987593e+00
4.229844004086568020e+03 1.240083007934993820e+00
4.239848485173203699e+03 1.349463523006581678e+00
4.249852966259839377e+03 1.535262328527764453e+00
4.259857447346474146e+03 1.630948984658000978e+00
4.269861928433108915e+03 1.694345507402629458e+00
4.279866409519743684e+03 1.728452970824122747e+00
4.289870890606379362e+03 1.689687541750459099e+00
4.299875371693015040e+03 1.677282441091378251e+00
4.309879852779649809e+03 1.810215320063031985e+00
4.319884333866284578e+03 1.858220253399399002e+00
4.329888814952920256e+03 1.702745481032383656e+00
4.339893296039555935e+03 1.594808328563936062e+00
4.349897777126190704e+03 1.627370915601793255e+00
4.359902258212825473e+03 1.765498499754675210e+00
4.369906739299460241e+03 1.807453445138511139e+00
4.379911220386095920e+03 1.792479579102863374e+00
4.389915701472731598e+03 2.041799174237902914e+00
4.399920182559366367e+03 2.038120174813731200e+00
4.409924663646001136e+03 1.997571253631013732e+00
4.419929144732636814e+03 1.942639463307143766e+00
4.429933625819272493e+03 2.045539431977891009e+00
4.439938106905907262e+03 2.075015766723665944e+00
4.449942587992542030e+03 2.037585768934799368e+00
4.459947069079176799e+03 1.901106325183643753e+00
4.469951550165812478e+03 1.872002791045551229e+00
4.479956031252448156e+03 1.815856335830922541e+00
4.489960512339082925e+03 1.741824786048039364e+00
4.499964993425717694e+03 1.758803840954742848e+00
4.509969474512353372e+03 1.855971781502672391e+00
4.519973955598989050e+03 2.075612597743476950e+00
4.529978436685623819e+03 2.592004447937140910e+00
4.539982917772258588e+03 3.711952897605849788e+00
4.549987398858893357e+03 5.287433935823454334e+00
4.559991879945529035e+03 6.602388024174281611e+00
4.569996361032164714e+03 6.964544270218016031e+00
4.580000842118799483e+03 5.736309787386971060e+00
4.590005323205434252e+03 4.273066818820654866e+00
4.600009804292069020e+03 3.246622479001524564e+00
4.610014285378704699e+03 2.348486307016177665e+00
4.620018766465340377e+03 1.949751845479690715e+00
4.630023247551975146e+03 1.822417393161121613e+00
4.640027728638609915e+03 1.651472854106611710e+00
4.650032209725245593e+03 1.634816426329874117e+00
4.660036690811881272e+03 1.443344517351563994e+00
4.670041171898516041e+03 1.391769682734431024e+00
4.680045652985150809e+03 1.368058630625774263e+00
4.690050134071785578e+03 1.273518963532632942e+00
4.700054615158421257e+03 1.251289195841668977e+00
4.710059096245056935e+03 1.260293584854144111e+00
4.720063577331691704e+03 1.157160426194522529e+00
4.730068058418326473e+03 1.174599385199874391e+00
4.740072539504962151e+03 1.053292809498889593e+00
4.750077020591597829e+03 1.057604986543589920e+00
4.760081501678232598e+03 1.169399545988367928e+00
4.770085982764867367e+03 1.106274485094685067e+00
4.780090463851502136e+03 1.019202673429584705e+00
4.790094944938137814e+03 1.138071576549849917e+00
4.800099426024773493e+03 1.167652692186297747e+00
4.810103907111408262e+03 1.093532872087386032e+00
4.820108388198043031e+03 1.101630171295753469e+00
4.830112869284678709e+03 1.168882934191650014e+00
4.840117350371314387e+03 1.133306729721893058e+00
4.850121831457949156e+03 1.135079312016606279e+00
4.860126312544583925e+03 1.088452924151120271e+00
4.870130793631218694e+03 1.164810714721190132e+00
4.880135274717854372e+03 1.275269201127386509e+00
4.890139755804490051e+03 1.328969991009612883e+00
4.900144236891124820e+03 1.362695902635449707e+00
4.910148717977759588e+03 1.428475082159069709e+00
4.920153199064394357e+03 1.481920920764993932e+00
4.930157680151030945e+03 1.400031387594199428e+00
4.940162161237665714e+03 1.301477842283756736e+00
4.950166642324300483e+03 1.276742317769637314e+00
4.960171123410935252e+03 1.216113504074844753e+00
4.970175604497570930e+03 1.162128242242217668e+00
4.980180085584206608e+03 1.245974307678934023e+00
4.990184566670841377e+03 1.318442311877170647e+00
5.000189047757476146e+03 1.404213288620597133e+00
5.010193528844110915e+03 1.401086197451304027e+00
5.020198009930747503e+03 1.563078271208649950e+00
5.030202491017382272e+03 1.581489603880393613e+00
5.040206972104017041e+03 1.604137094943972164e+00
5.050211453190651810e+03 1.426725427976847982e+00
5.060215934277287488e+03 1.327758826594043207e+00
5.070220415363923166e+03 1.263793476631119406e+00
5.080224896450557935e+03 1.267636414976666348e+00
5.090229377537192704e+03 1.269982900178699525e+00
5.100233858623827473e+03 1.217433183221288795e+00
5.110238339710464061e+03 1.208009320598604663e+00
5.120242820797098830e+03 1.293544015266739233e+00
5.130247301883733599e+03 1.357824991409250837e+00
5.140251782970368367e+03 1.419130563640680798e+00
5.150256264057004046e+03 1.539021838881294846e+00
5.160260745143639724e+03 1.738616600536856183e+00
5.170265226230274493e+03 1.852912366187043247e+00
5.180269707316909262e+03 1.777559970432653014e+00
5.190274188403544031e+03 1.718747903361214524e+00
5.200278669490179709e+03 1.717398470175659719e+00
5.210283150576815387e+03 1.617651262825595682e+00
5.220287631663450156e+03 1.598010096537271441e+00
5.230292112750084925e+03 1.543175152693644803e+00
5.240296593836720604e+03 1.561758008649674290e+00
5.250301074923356282e+03 1.540439531333045231e+00
5.260305556009991051e+03 1.548303348846272298e+00
5.270310037096625820e+03 1.543106893427449444e+00
5.280314518183260589e+03 1.531953796061148898e+00
5.290318999269896267e+03 1.458202867705957972e+00
5.300323480356531945e+03 1.337680340106169208e+00
5.310327961443166714e+03 1.287237325800310694e+00
5.320332442529801483e+03 1.284250837051129857e+00
5.330336923616437161e+03 1.276629135738510001e+00
5.340341404703072840e+03 1.341904830247373059e+00
5.350345885789707609e+03 1.233803738857550014e+00
5.360350366876342378e+03 1.210484156557586122e+00
5.370354847962977146e+03 1.114887404298466889e+00
5.380359329049612825e+03 1.155310075009349235e+00
5.390363810136248503e+03 1.129520382391909772e+00
5.400368291222883272e+03 1.118298208981869379e+00
5.410372772309518041e+03 1.155717355297648519e+00
5.420377253396152810e+03 1.176592322407766789e+00
5.430381734482789398e+03 1.223564265515710625e+00
5.440386215569424166e+03 1.127396527411929528e+00
5.450390696656058935e+03 1.110554224402629409e+00
5.460395177742693704e+03 1.100062716847145294e+00
5.470399658829329383e+03 1.061850071147158348e+00
5.480404139915965061e+03 1.002000463229550054e+00
5.490408621002599830e+03 9.758754250889559723e-01
5.500413102089234599e+03 9.545423041177840684e-01
5.510417583175869368e+03 1.013282553106584105e+00
5.520422064262505955e+03 9.702118895973461665e-01
5.530426545349140724e+03 9.184800003267110657e-01
5.540431026435775493e+03 8.775362255426174540e-01
5.550435507522410262e+03 8.693542148346639076e-01
5.560439988609045940e+03 9.606254882433623576e-01
5.570444469695681619e+03 9.753557795470736425e-01
5.580448950782316388e+03 8.272562166980834686e-01
5.590453431868951157e+03 7.273269846381646975e-01
5.600457912955585925e+03 7.081971210925217530e-01
5.610462394042222513e+03 7.714661098577465514e-01
5.620466875128857282e+03 8.554179479864391089e-01
5.630471356215492051e+03 1.065478897093613764e+00
5.640475837302126820e+03 1.115905750872347779e+00
5.650480318388762498e+03 1.169893229672594792e+00
5.660484799475398177e+03 1.207012851994658575e+00
5.670489280562032945e+03 1.236628038922950701e+00
5.680493761648667714e+03 1.368150226393233027e+00
5.690498242735302483e+03 1.316459292682315096e+00
5.700502723821938162e+03 1.176820786755135462e+00
5.710507204908573840e+03 1.003138759419924586e+00
5.720511685995208609e+03 7.672975106370689691e-01
5.730516167081843378e+03 5.251045912815999195e-01
5.740520648168479056e+03 4.290231982324934634e-01
5.750525129255114734e+03 4.750752164606345529e-01
5.760529610341749503e+03 4.556630979322111030e-01
5.770534091428384272e+03 4.094097440394199872e-01
5.780538572515019041e+03 4.346956015945831475e-01
5.790543053601655629e+03 5.253296718362850948e-01
5.800547534688290398e+03 5.803496741349304378e-01
5.810552015774925167e+03 7.364866780665476620e-01
5.820556496861559935e+03 8.293487424251175799e-01
5.830560977948194704e+03 9.624843572514971690e-01
5.840565459034831292e+03 1.137011924368733107e+00
5.850569940121466061e+03 1.389365439691771842e+00
5.860574421208100830e+03 1.632062719180795485e+00
5.870578902294735599e+03 1.849823780244835181e+00
5.880583383381371277e+03 2.019464392291253407e+00
5.890587864468006956e+03 2.271005622346566888e+00
5.900592345554641724e+03 2.466143112260822612e+00
5.910596826641276493e+03 2.389220753383938689e+00
5.920601307727911262e+03 2.293731874101909263e+00
5.930605788814547850e+03 2.172698277124453181e+00
5.940610269901182619e+03 1.889191874463625131e+00
5.950614750987817388e+03 1.623035577079588565e+00
5.960619232074452157e+03 1.430574783860242283e+00
5.970623713161087835e+03 1.242480250027274691e+00
5.980628194247723513e+03 1.096175030760425884e+00
5.990632675334358282e+03 9.320530928740244914e-01
6.000637156420993051e+03 8.177566271287994848e-01
6.010641637507627820e+03 6.952027737765400506e-01
6.020646118594264408e+03 6.624449769056151016e-01
6.030650599680899177e+03 6.173311443695149725e-01
6.040655080767533946e+03 6.269321310367883537e-01
6.050659561854168714e+03 6.401107200302440514e-01
6.060664042940803483e+03 6.038499392959260081e-01
6.070668524027440071e+03 6.110691443030058512e-01
6.080673005114074840e+03 5.566292874257681156e-01
6.090677486200709609e+03 5.979187341348254359e-01
6.100681967287344378e+03 6.323909470710649128e-01
6.110686448373980966e+03 6.819761699317348214e-01
6.120690929460615735e+03 6.673220139633955217e-01
6.130695410547250503e+03 7.507785931940260671e-01
6.140699891633885272e+03 7.577061502765667367e-01
6.150704372720520041e+03 8.292354437114838328e-01
6.160708853807156629e+03 7.123324657988987507e-01
6.170713334893791398e+03 7.579580094664517542e-01
6.180717815980426167e+03 7.256958798823607282e-01
6.190722297067060936e+03 6.982437532561712734e-01
6.200726778153697524e+03 7.566449228816145567e-01
6.210731259240332292e+03 8.877338682059423558e-01
6.220735740326967061e+03 1.087481367262272514e+00
6.230740221413601830e+03 1.362324268852830311e+00
6.240744702500236599e+03 1.990721407097680196e+00
6.250749183586873187e+03 2.922732260904417956e+00
6.260753664673507956e+03 4.674237611089038680e+00
6.270758145760142725e+03 6.463811795784611292e+00
6.280762626846777493e+03 8.346480534732590328e+00
6.290767107933414081e+03 9.614844465136144436e+00
6.300771589020048850e+03 1.006659070635505415e+01
6.310776070106683619e+03 9.137143367212098966e+00
6.320780551193318388e+03 8.364234944893768287e+00
6.330785032279953157e+03 8.832815554711553219e+00
6.340789513366589745e+03 8.108284866337273300e+00
6.350793994453224514e+03 6.597378844178098056e+00
6.360798475539859282e+03 5.562703136950841731e+00
6.370802956626494051e+03 4.669070909709326145e+00
6.380807437713129730e+03 3.906452134210552263e+00
6.390811918799765408e+03 3.613517785039319641e+00
6.400816399886400177e+03 3.142102957143098951e+00
6.410820880973034946e+03 2.426973378302771156e+00
6.420825362059669715e+03 1.843518841016001497e+00
6.430829843146306303e+03 1.611908149864677453e+00
6.440834324232941071e+03 1.595216133923513357e+00
6.450838805319575840e+03 1.494961941083502222e+00
6.460843286406210609e+03 1.532382604271863569e+00
6.470847767492845378e+03 1.674984962541998579e+00
6.480852248579481966e+03 1.794181393457495499e+00
6.490856729666116735e+03 1.898298944081659334e+00
6.500861210752751504e+03 2.051971555138610182e+00
6.510865691839386272e+03 2.272503242315144334e+00
6.520870172926022860e+03 2.452971990947771186e+00
6.530874654012657629e+03 2.535030130340193644e+00
6.540879135099292398e+03 2.675558457060546402e+00
6.550883616185927167e+03 2.866414282405503222e+00
6.560888097272561936e+03 3.049999620781854492e+00
6.570892578359198524e+03 3.103853264747356011e+00
6.580897059445833293e+03 2.941873442653172965e+00
6.590901540532468061e+03 2.915865495407668817e+00
6.600906021619102830e+03 2.863547393225297277e+00
6.610910502705739418e+03 2.719484169976074117e+00
6.620914983792374187e+03 2.527412512915294673e+00
6.630919464879008956e+03 2.462600631369042059e+00
6.640923945965643725e+03 2.433173303275919519e+00
6.650928427052278494e+03 2.303186074176235998e+00
6.660932908138915082e+03 2.097108432469708017e+00
6.670937389225549850e+03 1.898756339506421753e+00
6.680941870312184619e+03 1.608671960551978364e+00
6.690946351398819388e+03 1.460246561804098064e+00
6.700950832485455976e+03 1.318564828508803632e+00
6.710955313572090745e+03 1.150185145966898359e+00
6.720959794658725514e+03 1.074927671431396892e+00
6.730964275745360283e+03 1.094397664482953614e+00
6.740968756831995051e+03 9.952644988223818823e-01
6.750973237918631639e+03 9.299893293847973919e-01
6.760977719005266408e+03 9.140061013282553271e-01
6.770982200091901177e+03 7.823179329927371084e-01
6.780986681178535946e+03 7.489501783200404050e-01
6.790991162265171624e+03 7.088245229289876770e-01
6.800995643351807303e+03 6.766536390648365540e-01
6.811000124438442072e+03 6.213928624144061663e-01
6.821004605525076840e+03 5.861085975754541932e-01
6.831009086611711609e+03 5.135436885557214115e-01
6.841013567698348197e+03 5.031936585391467709e-01
6.851018048784982966e+03 5.283707679984224193e-01
6.861022529871617735e+03 5.449983751960996159e-01
6.871027010958252504e+03 4.849311544042104183e-01
6.881031492044887273e+03 4.962058932833465774e-01
6.891035973131523861e+03 3.834065224354205603e-01
6.901040454218158629e+03 4.263320912480536018e-01
6.911044935304793398e+03 4.882551473029130840e-01
6.921049416391428167e+03 4.020162153679028849e-01
6.931053897478064755e+03 3.887608492852904774e-01
6.941058378564699524e+03 4.415755522145464185e-01
6.951062859651334293e+03 4.023559364850445297e-01
6.961067340737969062e+03 4.611412249212831216e-01
6.971071821824603830e+03 5.169799883667541840e-01
6.981076302911240418e+03 5.440264099184797253e-01
6.991080783997875187e+03 5.976371209058296552e-01
7.001085265084509956e+03 6.016346635722465974e-01
7.011089746171144725e+03 5.794987669576144862e-01
7.021094227257781313e+03 6.541464003738508559e-01
7.031098708344416082e+03 6.939112151141184626e-01
7.041103189431050851e+03 6.742431535080887217e-01
7.051107670517685619e+03 6.575127490223464655e-01
7.061112151604320388e+03 6.780826497196994485e-01
7.071116632690956976e+03 7.007119383122926148e-01
7.081121113777591745e+03 7.155370341523862310e-01
7.091125594864226514e+03 6.499429714250377632e-01
7.101130075950861283e+03 6.662505768491406855e-01
7.111134557037497871e+03 6.932283307458987354e-01
7.121139038124132639e+03 7.347626940357152581e-01
7.131143519210767408e+03 7.815658558982716553e-01
7.141148000297402177e+03 9.566627169638279859e-01
7.151152481384036946e+03 1.088261039769482075e+00
7.161156962470673534e+03 1.131234215044692348e+00
7.171161443557308303e+03 1.188350651934333424e+00
7.181165924643943072e+03 1.097509236878906336e+00
7.191170405730577841e+03 9.402566898456465871e-01
7.201174886817213519e+03 8.603495341159229648e-01
7.211179367903849197e+03 8.584652866626646395e-01
7.221183848990483966e+03 8.658605072305233241e-01
7.231188330077118735e+03 8.983447419653884936e-01
7.241192811163753504e+03 1.187361884375804033e+00
7.251197292250390092e+03 1.632538783806568583e+00
7.261201773337024861e+03 2.173038990042898355e+00
7.271206254423659630e+03 2.913465919665261694e+00
7.281210735510294398e+03 3.842955847923021917e+00
7.291215216596930077e+03 4.489053722376145750e+00
7.301219697683565755e+03 4.924133034392752961e+00
7.311224178770200524e+03 4.943098608969501484e+00
7.321228659856835293e+03 4.685852771180354814e+00
7.331233140943470062e+03 4.213492231570436175e+00
7.341237622030106650e+03 3.509735696620816636e+00
7.351242103116741418e+03 2.972222562546198876e+00
7.361246584203376187e+03 2.623957368879492158e+00
7.371251065290010956e+03 2.259528731025236770e+00
7.381255546376645725e+03 2.068709660669769246e+00
7.391260027463282313e+03 1.923650552229131838e+00
7.401264508549917082e+03 1.688370196254141531e+00
7.411268989636551851e+03 1.581681546603284749e+00
7.421273470723186620e+03 1.421851016275459845e+00
7.431277951809823207e+03 1.256538158388334603e+00
7.441282432896457976e+03 1.106698684346400174e+00
7.451286913983092745e+03 9.415053093457436129e-01
7.461291395069727514e+03 8.409571349310668298e-01
7.471295876156362283e+03 7.520873041848764595e-01
7.481300357242998871e+03 6.913392409686280882e-01
7.491304838329633640e+03 6.537539971051070653e-01
7.501309319416268409e+03 5.609615922028082791e-01
7.511313800502903177e+03 5.360646957824524161e-01
7.521318281589539765e+03 4.858634476296824212e-01
7.531322762676174534e+03 4.418176684151540190e-01
7.541327243762809303e+03 4.344417588020907384e-01
7.551331724849444072e+03 3.860519482186374196e-01
7.561336205936078841e+03 4.166618535132811108e-01
7.571340687022715429e+03 4.256568495839977428e-01
7.671385497889066755e+03 4.959871719252555988e-01
7.681389978975701524e+03 5.668768702017966676e-01
7.691394460062336293e+03 5.552562260326839860e-01
7.701398941148971971e+03 6.005128196152628162e-01
7.711403422235607650e+03 5.625413566558327139e-01
7.721407903322242419e+03 5.487218306551781000e-01
7.731412384408877188e+03 5.998035066593624398e-01
7.741416865495511956e+03 5.768008340465552442e-01
7.751421346582148544e+03 5.321483057991789334e-01
7.761425827668783313e+03 6.137687691104066756e-01
7.771430308755418082e+03 5.249370935437819297e-01
7.781434789842052851e+03 4.576465255158387313e-01
7.791439270928687620e+03 5.306873824788381766e-01
7.801443752015324208e+03 5.400642220514767500e-01
7.811448233101958976e+03 4.797820137416988207e-01
7.821452714188593745e+03 4.317066625127695123e-01
7.831457195275228514e+03 3.692676947562298362e-01
7.841461676361864193e+03 3.417098537793172852e-01
7.851466157448499871e+03 3.579830962053098808e-01
7.861470638535134640e+03 3.158245981892041643e-01
7.871475119621769409e+03 3.365193491683162175e-01
7.881479600708405087e+03 3.365898254021316705e-01
7.891484081795040765e+03 3.442065093669798848e-01
7.901488562881675534e+03 3.822587749620343645e-01
7.911493043968310303e+03 4.274609944966695774e-01
7.921497525054945072e+03 3.951411070719517138e-01
7.931502006141580750e+03 4.131917741166696301e-01
7.941506487228216429e+03 3.932607101414017925e-01
7.951510968314851198e+03 4.053105125687478383e-01
7.961515449401485967e+03 3.681636448814593066e-01
7.971519930488121645e+03 3.542002493505159721e-01
7.981524411574757323e+03 3.100507977291250272e-01
7.991528892661392092e+03 3.427580710748150961e-01
8.001533373748026861e+03 3.538962914215605937e-01
8.011537854834661630e+03 3.657876973465814530e-01
8.021542335921297308e+03 3.678353003086835549e-01
8.031546817007932987e+03 4.020896670056293698e-01
8.041551298094567755e+03 4.353812280017012593e-01
8.051555779181202524e+03 3.932325313161262326e-01
8.061560260267838203e+03 3.089214860917369743e-01
8.071564741354472972e+03 3.491425294317037076e-01
8.081569222441108650e+03 4.089207859966990100e-01
8.091573703527743419e+03 3.849070594666559320e-01
8.101578184614378188e+03 3.589106637892761076e-01
8.111582665701013866e+03 3.549170299868207312e-01
8.121587146787649544e+03 3.735492426430221946e-01
8.131591627874284313e+03 3.956178717927625321e-01
8.141596108960919082e+03 4.117186574744188809e-01
8.151600590047554761e+03 3.801154340034992862e-01
8.161605071134189529e+03 4.049867186137185437e-01
8.171609552220825208e+03 4.022761839919769544e-01
8.181614033307459977e+03 4.611682369214955002e-01
8.191618514394094746e+03 4.732845483774422157e-01
8.201622995480729514e+03 4.862682192440956896e-01
8.211627476567366102e+03 4.974661226928222546e-01
8.221631957654000871e+03 4.747850854086775874e-01
8.231636438740635640e+03 4.109838493908881674e-01
8.241640919827272228e+03 4.271052878761625315e-01
8.251645400913906997e+03 4.506245722856878633e-01
8.261649882000541766e+03 4.010344487597524710e-01
8.271654363087176534e+03 4.489259666999794729e-01
8.281658844173811303e+03 3.805955241757401630e-01
8.291663325260446072e+03 4.516648551707561632e-01
8.301667806347082660e+03 4.364601327963604782e-01
8.311672287433717429e+03 3.698263705964751069e-01
8.321676768520352198e+03 3.581032208455631194e-01
8.331681249606986967e+03 4.884991304236216414e-01
8.341685730693623555e+03 4.649117617716606032e-01
8.351690211780258323e+03 4.663969550533151875e-01
8.361694692866893092e+03 4.259153013354897155e-01
8.371699173953527861e+03 4.158618199087192324e-01
8.381703655040162630e+03 3.682434557157800992e-01
8.391708136126799218e+03 4.296354313431381411e-01
8.401712617213433987e+03 4.637903845447019502e-01
8.411717098300068756e+03 3.928671983888479824e-01
8.421721579386703525e+03 4.740541278478553888e-01
8.431726060473340112e+03 4.552592014365950401e-01
8.441730541559974881e+03 3.677004153313812584e-01
8.451735022646609650e+03 4.811373393938227494e-01
8.461739503733244419e+03 5.012955842088896441e-01
8.471743984819879188e+03 4.604840690457063235e-01
8.481748465906513957e+03 4.762854474161534735e-01
8.491752946993150545e+03 5.248905955650147170e-01
8.501757428079785313e+03 5.036267840025949738e-01
8.511761909166420082e+03 5.330498531842364773e-01
8.521766390253056670e+03 6.019413051988473651e-01
8.531770871339691439e+03 5.994987902941157909e-01
8.541775352426326208e+03 6.103222595800713579e-01
8.551779833512960977e+03 6.857530076374536154e-01
8.561784314599595746e+03 6.977916668854464710e-01
8.571788795686230515e+03 6.835838215037690624e-01
8.581793276772867102e+03 7.984082172488248252e-01
8.591797757859501871e+03 8.410445301282982733e-01
8.601802238946136640e+03 8.468726462950679768e-01
8.611806720032773228e+03 9.503513601971468328e-01
8.621811201119407997e+03 8.052074819156700425e-01
8.631815682206042766e+03 9.165176339354734747e-01
8.641820163292677535e+03 9.491694830906628466e-01
8.651824644379312303e+03 1.074188371071373105e+00
8.661829125465947072e+03 1.052909799171904304e+00
8.671833606552583660e+03 1.166003968372039790e+00
8.681838087639218429e+03 1.228290490434076343e+00
8.691842568725853198e+03 1.331230714569502815e+00
8.701847049812489786e+03 1.205077089214861008e+00
8.711851530899124555e+03 1.156428651856156176e+00
8.721856011985759324e+03 1.083747935448903910e+00
8.731860493072394092e+03 1.065067707941353081e+00
8.741864974159028861e+03 9.359883854233214118e-01
8.751869455245663630e+03 9.285030276193326770e-01
8.761873936332300218e+03 1.067193838230206415e+00
8.771878417418934987e+03 1.094470299343135888e+00
8.781882898505569756e+03 9.775582785363112759e-01
8.791887379592206344e+03 8.290059292215585796e-01
8.801891860678841113e+03 7.091180961148808581e-01
8.811896341765475881e+03 8.124633252297333019e-01
8.821900822852110650e+03 7.788129071854836827e-01
8.831905303938745419e+03 5.973139103633318125e-01
8.841909785025380188e+03 6.532645139911077425e-01
8.851914266112016776e+03 7.011300117324260617e-01
8.861918747198651545e+03 6.747032326304963634e-01
8.871923228285286314e+03 5.843956400414690444e-01
8.881927709371922901e+03 5.633676438243158113e-01
8.891932190458557670e+03 5.397514545932945440e-01
8.901936671545192439e+03 4.888681388498489211e-01
8.911941152631827208e+03 5.920242839632147147e-01
8.921945633718461977e+03 4.990929101958924141e-01
8.931950114805096746e+03 4.059443902843143936e-01
8.941954595891733334e+03 4.001774740921080764e-01
8.951959076978368103e+03 4.309465926666212199e-01
8.961963558065002871e+03 3.973858451284761895e-01
8.971968039151639459e+03 3.773718198912168753e-01
8.981972520238274228e+03 4.028688727828136362e-01
8.991977001324908997e+03 4.437288111861185658e-01
9.001981482411543766e+03 4.685648576794299580e-01
9.011985963498178535e+03 4.221581829733386249e-01
9.021990444584813304e+03 4.416969603623691620e-01
9.031994925671449892e+03 4.147659961506441895e-01
9.041999406758084660e+03 5.080437419379680852e-01
9.052003887844719429e+03 4.999488347209800065e-01
9.062008368931356017e+03 5.370850259589405873e-01
9.072012850017990786e+03 5.229246703573343646e-01
9.082017331104625555e+03 5.787436561179847283e-01
9.092021812191260324e+03 4.795345884870537145e-01
9.102026293277895093e+03 5.494280515246611207e-01
9.112030774364529861e+03 5.329282116714011419e-01
9.122035255451166449e+03 5.931855082660805190e-01
9.132039736537801218e+03 5.063642139420426735e-01
9.142044217624435987e+03 3.589609539494986734e-01
9.152048698711072575e+03 4.309518433794053971e-01
9.162053179797707344e+03 4.029076697161639853e-01
9.172057660884342113e+03 4.349006127581819259e-01
9.182062141970976882e+03 4.153792794038457248e-01
9.192066623057611650e+03 4.461517234297888712e-01
9.202071104144246419e+03 4.398433420670189720e-01
9.212075585230883007e+03 4.809173345281622658e-01
9.222080066317517776e+03 5.559543374679780658e-01
9.232084547404152545e+03 5.851006357446356665e-01
9.242089028490787314e+03 5.661681989996809605e-01
9.252093509577423902e+03 6.211153914143845434e-01
9.262097990664058671e+03 5.705199314140227962e-01
9.272102471750693439e+03 5.430168728738259398e-01
