1.765010301274061703e+03 -6.699347613341014585e-01
1.775032742902645168e+03 1.111547541663714389e+00
1.785055184531228406e+03 -1.259702878079787647e+00
1.795077626159811643e+03 9.282302792436710748e-01
1.805100067788394881e+03 3.459364207970967442e-01
1.815122509416978119e+03 2.084797942923099223e-01
1.825144951045561584e+03 2.943359529435444211e-01
1.835167392674144821e+03 2.318560415851568801e-01
1.845189834302728059e+03 2.353171925911549667e-01
1.855212275931311524e+03 3.828820641419415916e-01
1.865234717559894762e+03 3.951770829803380458e-01
1.875257159188477999e+03 6.341202432920624021e-01
1.885279600817061237e+03 6.461821568705978791e-01
1.895302042445644702e+03 1.685433180428605460e-01
1.905324484074227939e+03 3.534265959751861086e-01
1.915346925702811177e+03 2.461817461124307105e-01
1.925369367331394415e+03 4.433004829489150533e-01
1.935391808959977880e+03 4.375478148178955085e-01
1.945414250588561117e+03 4.029835419471375357e-01
1.955436692217144355e+03 4.219194934530283159e-01
1.965459133845727592e+03 4.792161501896162745e-01
1.975481575474311057e+03 5.665104758736057011e-01
1.985504017102894295e+03 6.457837214484566379e-01
1.995526458731477533e+03 8.643727876821840628e-01
2.005548900360060998e+03 1.000000000000000000e+00
2.015571341988644235e+03 9.671003246016416366e-01
2.025593783617227473e+03 1.126042170487231209e+00
2.035616225245810710e+03 1.179040243004531918e+00
2.045638666874394175e+03 1.319047164279648410e+00
2.055661108502977186e+03 1.397676546427482069e+00
2.065683550131560878e+03 1.455398337867076508e+00
2.075705991760143661e+03 1.589428727810073605e+00
2.085728433388727353e+03 1.603682036210386297e+00
2.095750875017310136e+03 1.643761764370631262e+00
2.105773316645893829e+03 1.543362199363530474e+00
2.115795758274477521e+03 1.623429235096410128e+00
2.125818199903060304e+03 1.452790023505636130e+00
2.135840641531643996e+03 1.308162072850014734e+00
2.145863083160226779e+03 1.395520066049913410e+00
2.155885524788810471e+03 1.239411424622282265e+00
2.165907966417393254e+03 1.111706710453487457e+00
2.175930408045976947e+03 9.546543521368153762e-01
2.185952849674560639e+03 8.078848110871844623e-01
2.195975291303143422e+03 9.316159534364543138e-01
2.205997732931727114e+03 9.775376896290752793e-01
2.216020174560309897e+03 1.159539499018801489e+00
2.226042616188893589e+03 1.288517563505780172e+00
2.236065057817476372e+03 1.396125934346468700e+00
2.246087499446060065e+03 1.449134275817947959e+00
2.256109941074643757e+03 1.582189115113949329e+00
2.266132382703226540e+03 1.636183276186603308e+00
2.276154824331810232e+03 1.613653190718097763e+00
2.286177265960393015e+03 1.877457489096938215e+00
2.296199707588976707e+03 1.911827678733714952e+00
2.306222149217559490e+03 1.942280262351241626e+00
2.316244590846143183e+03 2.028303291507882911e+00
2.326267032474726420e+03 2.137867898119651500e+00
2.336289474103309658e+03 2.088802835052869789e+00
2.346311915731893350e+03 1.968486633415793108e+00
2.356334357360476133e+03 1.999488606081890607e+00
2.366356798989059826e+03 2.005321372055505869e+00
2.376379240617642608e+03 1.858655033995372907e+00
2.386401682246226301e+03 1.911863620073340986e+00
2.396424123874809084e+03 1.799351823612228118e+00
2.406446565503392776e+03 1.715315837089203432e+00
2.416469007131976468e+03 1.576880065803458519e+00
2.426491448760559251e+03 1.514470496781196385e+00
2.436513890389142944e+03 1.679497724913201706e+00
2.446536332017725726e+03 1.672335129373419438e+00
2.456558773646309419e+03 1.869981690454699086e+00
2.466581215274892202e+03 1.994128212000505274e+00
2.476603656903475894e+03 2.052045113569498813e+00
2.486626098532059586e+03 2.156536856816891223e+00
2.496648540160642369e+03 2.206064022821724091e+00
2.506670981789226062e+03 2.382135511173135711e+00
2.516693423417808845e+03 2.408151906585377588e+00
2.526715865046392537e+03 2.359358970804336764e+00
2.536738306674975320e+03 2.470397172340777825e+00
2.546760748303559012e+03 2.471208419720910765e+00
2.556783189932142250e+03 2.492716744248615335e+00
2.566805631560725487e+03 2.495463689491471015e+00
2.576828073189309180e+03 2.361258727327432805e+00
2.586850514817891963e+03 2.178106795069670198e+00
2.596872956446475655e+03 2.114141479489304309e+00
2.606895398075058438e+03 1.958171468943088245e+00
2.616917839703642130e+03 1.760042267015400341e+00
2.626940281332225368e+03 1.660546369976042325e+00
2.636962722960808605e+03 1.582599873281105518e+00
2.646985164589392298e+03 1.532826252375979470e+00
2.657007606217975081e+03 1.499472689202913545e+00
2.667030047846558773e+03 1.510896900726939496e+00
2.677052489475141556e+03 1.481568767592002178e+00
2.687074931103725248e+03 1.614423362281515173e+00
2.697097372732308031e+03 1.803515884531771807e+00
2.707119814360891723e+03 2.020406465744309266e+00
2.717142255989475416e+03 2.229164035247158449e+00
2.727164697618058199e+03 2.299413950785010208e+00
2.737187139246641891e+03 2.398062659104609029e+00
2.747209580875224674e+03 2.496706232947118131e+00
2.757232022503808366e+03 2.572100894528598580e+00
2.767254464132391149e+03 2.676274300196445299e+00
2.777276905760974842e+03 2.591935379525143190e+00
2.787299347389558079e+03 2.615826101422352945e+00
2.797321789018141317e+03 2.428540915107582965e+00
2.807344230646725009e+03 2.315320560808125983e+00
2.817366672275307792e+03 2.409281491545056664e+00
2.827389113903891484e+03 2.470535803222192683e+00
2.837411555532474267e+03 2.296815905377748379e+00
2.847433997161057960e+03 2.328562377221816693e+00
2.857456438789641197e+03 2.287845973902479901e+00
2.867478880418224435e+03 2.162641750076247149e+00
2.877501322046808127e+03 2.272077994760779429e+00
2.887523763675390910e+03 2.296148423356120460e+00
2.897546205303974602e+03 2.287286315899729860e+00
2.907568646932557385e+03 2.434892263267232071e+00
2.917591088561141078e+03 2.486519430401649799e+00
2.927613530189724315e+03 2.486339723703518967e+00
2.937635971818307553e+03 2.496244130009067863e+00
2.947658413446891245e+03 2.560728027775467375e+00
2.957680855075474028e+03 2.431575391067447800e+00
2.967703296704057720e+03 2.382679765744617484e+00
2.977725738332640503e+03 2.315217871266336935e+00
2.987748179961224196e+03 2.373838196196584871e+00
2.997770621589807433e+03 2.416367069928497369e+00
3.007793063218390671e+03 2.402586133420414161e+00
3.017815504846973909e+03 2.321954305207694524e+00
3.027837946475557146e+03 2.385770720952466117e+00
3.037860388104140839e+03 2.514800130210339546e+00
3.047882829732723621e+03 2.418805946545985908e+00
3.057905271361307314e+03 2.414041151806976870e+00
3.067927712989890551e+03 2.449171244052992247e+00
3.077950154618473789e+03 2.427611574754392265e+00
3.087972596247057027e+03 2.385724510658660869e+00
3.097995037875640264e+03 2.359990511486339315e+00
3.108017479504223957e+03 2.298736199809202851e+00
3.118039921132806739e+03 2.248485072534758267e+00
3.128062362761390432e+03 2.192883820133106454e+00
3.138084804389973215e+03 2.163422190593843553e+00
3.148107246018556907e+03 2.138309463149344669e+00
3.158129687647140145e+03 2.023312579776937792e+00
3.168152129275723382e+03 1.933048472544410812e+00
3.178174570904307075e+03 2.005352178918042849e+00
3.188197012532889858e+03 2.102178147870886527e+00
3.198219454161473550e+03 2.028570284316534522e+00
3.208241895790056333e+03 2.129478162555491050e+00
3.218264337418640025e+03 2.034505739831938609e+00
3.228286779047223263e+03 2.020647786167513615e+00
3.238309220675806500e+03 2.118726567530183402e+00
3.248331662304390193e+03 2.050114550183865791e+00
3.258354103932972976e+03 1.864359438041751638e+00
3.268376545561556668e+03 2.051850003440099712e+00
3.278398987190139451e+03 1.928478787934800431e+00
3.288421428818723143e+03 1.941684663008865330e+00
3.298443870447306381e+03 1.950033322756310472e+00
3.308466312075889618e+03 1.883675340852261737e+00
3.318488753704472856e+03 1.945853858405498515e+00
3.328511195333056094e+03 1.848704417396018984e+00
3.338533636961639786e+03 1.739838099668415516e+00
3.348556078590222569e+03 1.705416565260744255e+00
3.358578520218806261e+03 1.741214139528388216e+00
3.368600961847389044e+03 1.850219088137406764e+00
3.378623403475972736e+03 1.734354478136883371e+00
3.388645845104555974e+03 1.763066474021086627e+00
3.398668286733139212e+03 1.895320334891133607e+00
3.408690728361722904e+03 1.861242810448455520e+00
3.418713169990305687e+03 1.868117875271228856e+00
3.428735611618889379e+03 1.826477266075791306e+00
3.438758053247472162e+03 1.755416103157806385e+00
3.448780494876055855e+03 1.624312365155795357e+00
3.458802936504639092e+03 1.636255158865855597e+00
3.468825378133222330e+03 1.603086436868010223e+00
3.478847819761806022e+03 1.612554412620955668e+00
3.488870261390388805e+03 1.678429753678596148e+00
3.498892703018972497e+03 1.573481041970242522e+00
3.508915144647555280e+03 1.641471787588736797e+00
3.518937586276138973e+03 1.603343160722482841e+00
3.528960027904722210e+03 1.658343679304668639e+00
3.538982469533305448e+03 1.550992032318452729e+00
3.549004911161889140e+03 1.541174912123424612e+00
3.559027352790471923e+03 1.532682487017474671e+00
3.569049794419055615e+03 1.492048235331569384e+00
3.579072236047638398e+03 1.372414919147389334e+00
3.589094677676222091e+03 1.417002718192171162e+00
3.599117119304805328e+03 1.458479024120746592e+00
3.609139560933388566e+03 1.400562122551753053e+00
3.619162002561971804e+03 1.384470671353417393e+00
3.629184444190555041e+03 1.436986103024309847e+00
3.639206885819138733e+03 1.438033536350557418e+00
3.649229327447721516e+03 1.426624728257800179e+00
3.659251769076305209e+03 1.437088792566098894e+00
3.669274210704887992e+03 1.469898101167682825e+00
3.679296652333471684e+03 1.459803719209824768e+00
3.689319093962054922e+03 1.417321055771717075e+00
3.699341535590638159e+03 1.430367762056008907e+00
3.709363977219221852e+03 1.318564523433239932e+00
3.719386418847804634e+03 1.421295141038951160e+00
3.729408860476388327e+03 1.369673108381623150e+00
3.739431302104971110e+03 1.366438387815269717e+00
3.749453743733554802e+03 1.313460853206326995e+00
3.759476185362138040e+03 1.296845685344867549e+00
3.769498626990721277e+03 1.196682306283881170e+00
3.779521068619304970e+03 1.234739050470883059e+00
3.789543510247887752e+03 1.150071523265856044e+00
3.799565951876471445e+03 1.242327807609089785e+00
3.809588393505054228e+03 1.160022139865209745e+00
3.819610835133637920e+03 1.178506257387228917e+00
3.829633276762220703e+03 1.221902857747258597e+00
3.839655718390804395e+03 1.276030515224237938e+00
3.849678160019388088e+03 1.282818293936490717e+00
3.859700601647970871e+03 1.294668667058940903e+00
3.869723043276554563e+03 1.221296989450703530e+00
3.879745484905137346e+03 1.258727327432792364e+00
3.889767926533721038e+03 1.183563717320337050e+00
3.899790368162303821e+03 1.161706248350549364e+00
3.909812809790887513e+03 1.139278852423832644e+00
3.919835251419471206e+03 1.063483701629375000e+00
3.929857693048053989e+03 1.083153883359057268e+00
3.939880134676637681e+03 1.077295444999994967e+00
3.949902576305220464e+03 9.231861689509957003e-01
3.959925017933804156e+03 9.517636415354552293e-01
3.969947459562386939e+03 1.051314990927379123e+00
3.979969901190970631e+03 1.140634354375447357e+00
3.989992342819553869e+03 1.104990814420487188e+00
4.000014784448137107e+03 1.118463682303203255e+00
4.010037226076720799e+03 1.169536325911960217e+00
4.020059667705303582e+03 1.125672488136790772e+00
4.030082109333887274e+03 1.142657338348690654e+00
4.040104550962470057e+03 1.159698667808574335e+00
4.050126992591053749e+03 1.147689125896351525e+00
4.060149434219636987e+03 1.164776665650040233e+00
4.070171875848220225e+03 1.177900389090674071e+00
4.080194317476803917e+03 1.127135814107283807e+00
4.090216759105386700e+03 1.108543872566386534e+00
4.100239200733970392e+03 1.028959477679914691e+00
4.110261642362553175e+03 1.035028429599644362e+00
4.120284083991136868e+03 9.706841896100776301e-01
4.130306525619719650e+03 8.934277666359625725e-01
4.140328967248303343e+03 9.184696382966268668e-01
4.150351408876887035e+03 8.637299511505851513e-01
4.160373850505469818e+03 8.052800908597066432e-01
4.170396292134053510e+03 8.082719506597291215e-01
4.180418733762636293e+03 7.651695558369250305e-01
4.190441175391219986e+03 7.862671221974741886e-01
4.200463617019802768e+03 7.653800693975923997e-01
4.210486058648386461e+03 8.538573786029908241e-01
4.220508500276970153e+03 8.471152967368344999e-01
4.230530941905552936e+03 7.968472256879943760e-01
4.240553383534136628e+03 8.169507572840259968e-01
4.250575825162719411e+03 8.542737846949454150e-01
4.260598266791303104e+03 8.637905379802406358e-01
4.270620708419885887e+03 8.899024346663463314e-01
4.280643150048469579e+03 8.676696354213198070e-01
4.290665591677053271e+03 9.360716526546786209e-01
4.300688033305636054e+03 9.368490124860214818e-01
4.310710474934219747e+03 9.067373581472343291e-01
4.320732916562802529e+03 9.646213990628552670e-01
4.330755358191386222e+03 9.477310232294012815e-01
4.340777799819969005e+03 9.385680354155692129e-01
4.350800241448552697e+03 9.587778506873524398e-01
4.420957332848635815e+03 7.769341831919812646e-01
4.430979774477218598e+03 8.184243522086980249e-01
4.441002216105802290e+03 7.010820397018306949e-01
4.451024657734385983e+03 7.092725575549209127e-01
4.461047099362968765e+03 7.359636232567167147e-01
4.471069540991552458e+03 6.993486402364323951e-01
4.481091982620135241e+03 7.162544195011547599e-01
4.491114424248718933e+03 7.457196431743802201e-01
4.501136865877301716e+03 7.366803962584038690e-01
4.511159307505885408e+03 7.480229695967074433e-01
4.521181749134469101e+03 7.732327386581968609e-01
4.531204190763051884e+03 7.871774649854335060e-01
4.541226632391635576e+03 8.197890962190736985e-01
4.551249074020218359e+03 8.856654641721324328e-01
4.561271515648802051e+03 8.589589950390683626e-01
4.571293957277384834e+03 8.519129521292163609e-01
4.581316398905968526e+03 8.869685944574347003e-01
4.591338840534551309e+03 8.715405176990560498e-01
4.601361282163135002e+03 8.643784356069825758e-01
4.611383723791718694e+03 9.213213268721074378e-01
4.621406165420301477e+03 8.513337831135264766e-01
4.631428607048885169e+03 8.151752551064942454e-01
4.641451048677467952e+03 8.179607089275207077e-01
4.651473490306051644e+03 8.314597626433932742e-01
4.661495931934635337e+03 7.910036773124915488e-01
4.671518373563218120e+03 7.666031018402993391e-01
4.681540815191801812e+03 8.180233495480120354e-01
4.691563256820384595e+03 7.337876318662079900e-01
4.701585698448968287e+03 7.313934251993974289e-01
4.711608140077551070e+03 7.609582577281582827e-01
4.721630581706134762e+03 7.345115931358202621e-01
4.731653023334717545e+03 6.942480506957731112e-01
4.741675464963301238e+03 7.257157204338838818e-01
4.751697906591884930e+03 6.894935249109425124e-01
4.761720348220467713e+03 8.689424722917945543e-01
4.771742789849051405e+03 7.338297345783413306e-01
4.781765231477634188e+03 7.346671677916306598e-01
4.791787673106217881e+03 7.023995465229835311e-01
4.801810114734800663e+03 7.831823283621326404e-01
4.811832556363384356e+03 7.702742529592558896e-01
4.821854997991968048e+03 7.884944583588774369e-01
4.831877439620550831e+03 7.756325932498057130e-01
4.841899881249134523e+03 7.395007645236387761e-01
4.851922322877717306e+03 7.128153467466413762e-01
4.861944764506300999e+03 7.440216716008992703e-01
4.871967206134883781e+03 7.057708441799162014e-01
4.881989647763467474e+03 8.173312220363542213e-01
4.892012089392051166e+03 6.686105796927322986e-01
4.902034531020633949e+03 6.064926489691511158e-01
4.912056972649217641e+03 7.011775409756944022e-01
4.922079414277800424e+03 6.530859747650720193e-01
4.932101855906384117e+03 6.619963463061031561e-01
4.942124297534966900e+03 6.428853091314621349e-01
4.952146739163550592e+03 6.039972931036784454e-01
4.962169180792133375e+03 6.682593814598141169e-01
4.972191622420717067e+03 7.119168132559875461e-01
4.982214064049300760e+03 6.781951080756083439e-01
4.992236505677883542e+03 7.108334385901137198e-01
5.002258947306467235e+03 6.138000367628561049e-01
5.012281388935050018e+03 6.501860221049509114e-01
5.022303830563633710e+03 6.442064100865775300e-01
5.032326272192216493e+03 6.540882246929327071e-01
5.042348713820800185e+03 7.133981098962939305e-01
5.052371155449383878e+03 6.391294391405295539e-01
5.062393597077966660e+03 6.521864143790004897e-01
5.072416038706550353e+03 6.426948200314436255e-01
5.082438480335133136e+03 6.450751636101125230e-01
5.092460921963716828e+03 6.327955482029843370e-01
5.102483363592299611e+03 6.231488926473262024e-01
5.112505805220883303e+03 6.638385966857978104e-01
5.122528246849466996e+03 6.374910275012862781e-01
5.132550688478049778e+03 6.146441447963615357e-01
5.142573130106633471e+03 5.996463372180786955e-01
5.152595571735216254e+03 5.790745413114892770e-01
5.162618013363799946e+03 6.063396415518854665e-01
5.172640454992382729e+03 6.234826336581403838e-01
5.182662896620966421e+03 5.911888265563369771e-01
5.192685338249549204e+03 6.140362227089706249e-01
5.202707779878132897e+03 6.302067448544838024e-01
5.212730221506716589e+03 5.900751584756354085e-01
5.222752663135299372e+03 5.928092675257674582e-01
5.232775104763883064e+03 5.887114413606775454e-01
5.242797546392465847e+03 5.511060177098384694e-01
5.252819988021049539e+03 5.725784008979173390e-01
5.262842429649632322e+03 5.645275408216601232e-01
5.272864871278216015e+03 5.512749420060814032e-01
5.282887312906799707e+03 5.478589743984704219e-01
5.292909754535382490e+03 5.497535964444772993e-01
5.302932196163966182e+03 5.591989804982291368e-01
5.312954637792548965e+03 5.575092240880912264e-01
5.322977079421132657e+03 5.399487989944640187e-01
5.332999521049715440e+03 5.109590278997215851e-01
5.343021962678299133e+03 5.555894431043459925e-01
5.353044404306882825e+03 6.407652835412283032e-01
5.363066845935465608e+03 5.446165521164827439e-01
5.373089287564049300e+03 4.429965219052197090e-01
5.383111729192632083e+03 5.052310052587314360e-01
5.393134170821215776e+03 5.912524940722462263e-01
5.403156612449798558e+03 5.442427621843708430e-01
5.413179054078382251e+03 5.026755760113122973e-01
5.423201495706965034e+03 4.897741754286518701e-01
5.433223937335548726e+03 4.984724930658887554e-01
5.443246378964132418e+03 4.674828431448056487e-01
5.453268820592715201e+03 5.092600294308226028e-01
5.463291262221298894e+03 4.839799180332077788e-01
5.473313703849881676e+03 5.158706686834892974e-01
5.483336145478465369e+03 4.797799157740377796e-01
5.493358587107049061e+03 4.613846247056662131e-01
5.503381028735631844e+03 4.745560987832317390e-01
5.513403470364215536e+03 4.564293408666381668e-01
5.523425911992798319e+03 5.386117811603713390e-01
5.533448353621382012e+03 4.892098963965214042e-01
5.543470795249964794e+03 4.584009800689868297e-01
5.553493236878548487e+03 4.842818252860673911e-01
5.563515678507131270e+03 4.907461319416847045e-01
5.573538120135714962e+03 4.859993078724883508e-01
5.583560561764298654e+03 5.418064528054269413e-01
5.593583003392881437e+03 5.358786990056572108e-01
5.603605445021465130e+03 4.556704651528175054e-01
5.613627886650047913e+03 4.461850321777679484e-01
5.623650328278631605e+03 4.300206714047621337e-01
5.633672769907214388e+03 4.971642283034969356e-01
5.643695211535798080e+03 4.451694326094747800e-01
5.653717653164381773e+03 4.651466560691059904e-01
5.663740094792964555e+03 4.493571121236299981e-01
5.673762536421548248e+03 5.162958033864957219e-01
5.683784978050131031e+03 4.633752614732458697e-01
5.693807419678714723e+03 5.260312853958014623e-01
5.703829861307297506e+03 4.158207615661798084e-01
5.713852302935881198e+03 6.119937277227875949e-01
5.723874744564464891e+03 5.218723589533471596e-01
5.733897186193047673e+03 5.135996894668256596e-01
5.743919627821631366e+03 4.625136962176361610e-01
5.753942069450214149e+03 6.786721009972181973e-01
5.763964511078797841e+03 5.182705232750981494e-01
5.773986952707380624e+03 4.772783985360578574e-01
5.784009394335964316e+03 4.134270683470783192e-01
5.794031835964547099e+03 4.972032503293767891e-01
5.804054277593130792e+03 4.483949111170671409e-01
5.814076719221714484e+03 3.885340965220079879e-01
5.824099160850297267e+03 4.907712908794230056e-01
5.834121602478880959e+03 4.412805796619254650e-01
5.844144044107463742e+03 5.744185974867761502e-01
5.854166485736047434e+03 4.592332788051867176e-01
5.864188927364630217e+03 4.098544991882391852e-01
5.874211368993213910e+03 4.283037022660501347e-01
5.884233810621797602e+03 5.043412003791298837e-01
5.894256252250380385e+03 4.527961848781434373e-01
5.904278693878963168e+03 3.731871445016425315e-01
5.914301135507546860e+03 3.949788921646852913e-01
