3.677113619663060490e+03 2.132313878917750039e+00
3.707124525392901887e+03 2.041457467205432419e+00
3.737135431122744194e+03 2.096666679630227570e+00
3.767146336852585591e+03 2.084470561698122726e+00
3.797157242582427898e+03 1.981103017528030197e+00
3.827168148312269750e+03 1.974219366781912788e+00
3.857179054042111602e+03 1.986259921985291221e+00
3.887189959771953909e+03 1.987057180970011494e+00
3.917200865501795306e+03 1.968965235619197562e+00
3.947211771231637613e+03 1.916408367719177885e+00
3.977222676961479010e+03 1.889875199800879813e+00
4.007233582691321317e+03 1.884889414345216840e+00
4.037244488421162714e+03 1.873313602793906574e+00
4.067255394151005021e+03 1.851081744324877265e+00
4.097266299880846418e+03 1.813787524646969906e+00
4.127277205610688725e+03 1.731210939171083929e+00
4.157288111340531032e+03 1.739127137529119072e+00
4.187299017070372429e+03 1.690793797714005509e+00
4.217309922800213826e+03 1.623495416733104824e+00
4.247320828530056133e+03 1.613716354698577327e+00
4.277331734259898440e+03 1.612996877078220814e+00
4.307342639989739837e+03 1.582570751873558557e+00
4.337353545719582144e+03 1.552570479638783141e+00
4.367364451449423541e+03 1.564163791997075226e+00
4.397375357179265848e+03 1.503058752153571653e+00
4.427386262909107245e+03 1.512108613897196197e+00
4.457397168638949552e+03 1.508213712076723612e+00
4.487408074368791858e+03 1.508044537609234181e+00
4.517418980098633256e+03 1.477418125391337655e+00
4.547429885828474653e+03 1.474645219751799408e+00
4.577440791558316960e+03 1.455075428478090682e+00
4.607451697288159266e+03 1.434543092820391053e+00
4.637462603018000664e+03 1.411342856365043197e+00
4.667473508747842061e+03 1.371944650781119490e+00
4.697484414477684368e+03 1.367100816315419021e+00
4.727495320207526674e+03 1.366159661806627623e+00
4.757506225937368072e+03 1.341020724844534495e+00
4.787517131667210379e+03 1.356343653624028089e+00
4.817528037397052685e+03 1.301507791748174991e+00
4.847538943126894083e+03 1.257401869086185453e+00
4.877549848856735480e+03 1.336161334105961274e+00
4.907560754586577787e+03 1.285408993859161075e+00
4.937571660316420093e+03 1.267847906320124451e+00
4.967582566046261491e+03 1.221538826512555742e+00
4.997593471776103797e+03 1.215961902687735074e+00
5.027604377505945195e+03 1.222233025189494615e+00
5.057615283235787501e+03 1.215991070699371068e+00
5.087626188965628899e+03 1.198923894824039049e+00
5.117637094695471205e+03 1.181304471261730438e+00
5.147648000425313512e+03 1.156536940314470074e+00
5.177658906155154909e+03 1.154627407819360574e+00
5.207669811884996307e+03 1.141060393340359358e+00
5.237680717614838613e+03 1.115270037451726814e+00
5.267691623344680920e+03 1.100256289595575865e+00
5.297702529074522317e+03 1.091887014790126287e+00
5.327713434804363715e+03 1.098745386592826057e+00
5.357724340534206021e+03 1.082413244610723746e+00
5.387735246264048328e+03 1.066748077828033159e+00
5.417746151993889725e+03 1.042025271165281319e+00
5.447757057723732032e+03 1.015324873313602660e+00
5.477767963453573429e+03 1.013650629445691065e+00
5.507778869183415736e+03 1.029473303491216463e+00
5.537789774913257133e+03 9.976529473303490381e-01
5.567800680643099440e+03 9.736321174809725587e-01
5.597811586372941747e+03 9.748941201177609983e-01
5.627822492102783144e+03 9.493604427315259775e-01
5.657833397832624541e+03 9.242778972585958819e-01
5.687844303562466848e+03 8.982930879590559359e-01
5.717855209292309155e+03 9.180203864955994719e-01
5.747866115022150552e+03 9.158425082934379402e-01
5.777877020751992859e+03 9.110920114649729840e-01
5.807887926481834256e+03 9.040547425242386748e-01
5.837898832211676563e+03 8.622803162590274573e-01
5.867909737941517960e+03 8.870361800016333120e-01
5.897920643671360267e+03 8.517409413878528346e-01
5.927931549401202574e+03 8.693234188020890763e-01
5.957942455131043971e+03 8.671435960658185893e-01
5.987953360860886278e+03 8.624358789877532017e-01
6.017964266590727675e+03 8.473443497672391578e-01
6.047975172320569982e+03 8.321089250226538780e-01
6.077986078050411379e+03 8.002166210997505580e-01
6.107996983780253686e+03 7.670934270858044135e-01
6.138007889510095083e+03 7.706052556867899472e-01
6.168018795239937390e+03 7.796784518397237296e-01
6.198029700969778787e+03 7.743018150281374412e-01
6.228040606699621094e+03 7.619248554238888804e-01
6.258051512429462491e+03 7.605442362064472883e-01
6.288062418159304798e+03 7.340402362997849872e-01
6.318073323889147105e+03 7.029101897476383032e-01
6.348084229618988502e+03 6.874900342626908412e-01
6.378095135348830809e+03 7.206268400154006715e-01
6.408106041078672206e+03 7.307559181895607603e-01
6.438116946808514513e+03 7.290816743216493867e-01
6.468127852538355910e+03 7.317904103355876710e-01
6.498138758268198217e+03 7.146182296183655192e-01
6.528149663998039614e+03 7.043997028751880496e-01
6.558160569727881921e+03 1.002347052669650962e+00
6.588171475457723318e+03 7.619443007649795430e-01
6.618182381187565625e+03 7.009500993656929690e-01
6.648193286917407931e+03 6.935628142853254019e-01
6.678204192647249329e+03 6.795582796317829466e-01
6.708215098377091635e+03 6.657715327984567999e-01
6.738226004106933033e+03 6.547946377527408268e-01
6.768236909836775339e+03 6.437282941380074730e-01
6.798247815566616737e+03 6.407764913604349077e-01
6.828258721296459044e+03 6.219592347869373761e-01
6.858269627026300441e+03 6.148441844818398616e-01
6.888280532756142748e+03 5.909244704061353826e-01
6.918291438485984145e+03 5.862653666807969843e-01
6.948302344215826452e+03 5.553939431651570002e-01
6.978313249945667849e+03 5.441175898666438249e-01
7.008324155675510156e+03 5.550886513100325992e-01
7.038335061405352462e+03 5.509604053964709536e-01
7.068345967135193860e+03 5.883810197914680629e-01
7.098356872865036166e+03 5.498403537496451277e-01
7.128367778594877564e+03 5.346749322329862331e-01
7.158378684324719870e+03 5.221968568550661161e-01
7.188389590054561268e+03 5.086706775923556245e-01
7.218400495784403574e+03 4.866293834660153639e-01
7.248411401514244972e+03 4.882180678331277668e-01
7.278422307244087278e+03 4.913137661347717344e-01
7.308433212973928676e+03 4.869774550715393890e-01
7.338444118703770982e+03 4.625929973437664655e-01
7.368455024433613289e+03 4.642555740070236636e-01
7.398465930163454686e+03 4.380374206143949900e-01
7.428476835893296993e+03 4.320443664902324787e-01
