2.758590414336399590e+03 9.516432207307617963e-01
2.788634313548619502e+03 5.964436782499562550e-01
2.818678212760839415e+03 5.783579906403044646e-01
2.848722111973058418e+03 9.545719368999284749e-01
2.878766011185278330e+03 9.289839893003797311e-01
2.908809910397498243e+03 1.057803825460382763e+00
2.938853809609717246e+03 1.381321482223747843e+00
2.968897708821937158e+03 1.201212030315591317e+00
2.998941608034157071e+03 1.201215326563389807e+00
3.028985507246376073e+03 1.219603444908574419e+00
3.059029406458595986e+03 9.005513798505315748e-01
3.089073305670815898e+03 8.882398943222957755e-01
3.119117204883034901e+03 8.635328689469560226e-01
3.149161104095254814e+03 9.561360064804234060e-01
3.179205003307474726e+03 8.831991073760961930e-01
3.209248902519693729e+03 1.098190277552305361e+00
3.239292801731913642e+03 1.094630329929683121e+00
3.269336700944133554e+03 1.299089164327017709e+00
3.299380600156352557e+03 1.211404028509247333e+00
3.329424499368572469e+03 1.057441238202523115e+00
3.359468398580792382e+03 1.096770418813004966e+00
3.389512297793011385e+03 1.250196744790486481e+00
3.419556197005231297e+03 1.231652054674862384e+00
3.449600096217451210e+03 1.152654179930630685e+00
3.479643995429670213e+03 1.213774854738479902e+00
3.509687894641890125e+03 1.252628551603995666e+00
3.539731793854110038e+03 1.192217394134821751e+00
3.569775693066329040e+03 1.190638491439232283e+00
3.599819592278548953e+03 1.281016661708560544e+00
3.629863491490768865e+03 1.172577525688071276e+00
3.659907390702988323e+03 1.136333633017195810e+00
3.689951289915207781e+03 1.181830917321040841e+00
3.719995189127427693e+03 1.210275063638184045e+00
3.750039088339647151e+03 1.187349660198055323e+00
3.780082987551866609e+03 1.083193174130058445e+00
3.810126886764086521e+03 1.183946284345872124e+00
3.840170785976305979e+03 1.149455171441968515e+00
3.870214685188525436e+03 1.192054229868784843e+00
3.900258584400745349e+03 1.217437810104812446e+00
3.930302483612965261e+03 1.316181857287303414e+00
3.960346382825184264e+03 1.369647820644564806e+00
3.990390282037404177e+03 1.446878082506730667e+00
4.020434181249624089e+03 1.332666392528724986e+00
4.050478080461843092e+03 1.285961033406647580e+00
4.080521979674063004e+03 1.338031035821149128e+00
4.110565878886282917e+03 1.439751594765888099e+00
4.140609778098501920e+03 1.428325151771609791e+00
4.170653677310721832e+03 1.337781345050395698e+00
4.200697576522941745e+03 1.325745920275302803e+00
4.230741475735160748e+03 1.215023308592246831e+00
4.260785374947380660e+03 1.205189777346701963e+00
4.290829274159600573e+03 1.179208752197155263e+00
4.320873173371819576e+03 1.246827155478240412e+00
4.350917072584039488e+03 1.380975376204881755e+00
4.380960971796259400e+03 1.250885660580419945e+00
4.411004871008478403e+03 1.276983702526821363e+00
4.441048770220698316e+03 1.391553859452938413e+00
4.471092669432918228e+03 1.445072562774979419e+00
4.501136568645137231e+03 1.563642716404848532e+00
4.531180467857357144e+03 1.461206871687786180e+00
4.561224367069577056e+03 1.644691681341836631e+00
4.591268266281796059e+03 1.628443651879973864e+00
4.621312165494015971e+03 1.561269417989767261e+00
4.651356064706235884e+03 1.602689243766589833e+00
4.681399963918454887e+03 1.547800125422228890e+00
4.711443863130674799e+03 1.523706202137451893e+00
4.741487762342894712e+03 1.334542781588148763e+00
4.771531661555113715e+03 1.311418779218146646e+00
4.801575560767333627e+03 1.362058210088001653e+00
4.831619459979553540e+03 1.465384865772669576e+00
4.861663359191772543e+03 1.475332941629220018e+00
4.891707258403992455e+03 1.512883796552289661e+00
4.921751157616212367e+03 1.490466839335113924e+00
4.951795056828431370e+03 1.464522072911353279e+00
4.981838956040651283e+03 1.473673280862562329e+00
5.011882855252871195e+03 1.363628872164093897e+00
5.041926754465090198e+03 1.334694408986890179e+00
5.071970653677310111e+03 1.345689867581485233e+00
5.102014552889530023e+03 1.263074360878153390e+00
5.132058452101749026e+03 1.302000575195241039e+00
5.162102351313968938e+03 1.276228037718963648e+00
5.192146250526188851e+03 1.301605025459393827e+00
5.222190149738408763e+03 1.339443478002902532e+00
5.252234048950627766e+03 1.361408849271653176e+00
5.282277948162847679e+03 1.326701832136932824e+00
5.312321847375066682e+03 1.349737659878319063e+00
5.342365746587286594e+03 1.333829143939724959e+00
5.372409645799506507e+03 1.334501578490664642e+00
5.402453545011726419e+03 1.314866654415612679e+00
5.432497444223945422e+03 1.318296400250185352e+00
5.462541343436165334e+03 1.288866675841223275e+00
5.492585242648384337e+03 1.294600498887104489e+00
5.522629141860604250e+03 1.261211156809924461e+00
5.552673041072824162e+03 1.232074798455048859e+00
5.582716940285044075e+03 1.230898862052853815e+00
5.612760839497263078e+03 1.185889422423220152e+00
5.642804738709482990e+03 1.135741132475375004e+00
5.672848637921701993e+03 1.117495576847485239e+00
5.702892537133921905e+03 1.067318444731401250e+00
5.732936436346141818e+03 9.956332957286397889e-01
5.762980335558361730e+03 9.535303225955313877e-01
5.793024234770580733e+03 9.527639449823279705e-01
5.823068133982800646e+03 9.500338277430346867e-01
5.853112033195019649e+03 1.004366704271360433e+00
5.883155932407239561e+03 1.084124364133198126e+00
5.913199831619459474e+03 1.073896107213756057e+00
5.943243730831679386e+03 1.105753518126478596e+00
5.973287630043898389e+03 1.062146631935202423e+00
6.003331529256118301e+03 1.047685992842197988e+00
6.033375428468337304e+03 1.009751949112526637e+00
6.063419327680557217e+03 1.013859073869737504e+00
6.093463226892777129e+03 9.522381934584316365e-01
6.123507126104997042e+03 9.954808442679486946e-01
6.153551025317216045e+03 9.814478933268288019e-01
6.183594924529435957e+03 9.820972541431773895e-01
6.213638823741655870e+03 9.428488316037646477e-01
6.243682722953874872e+03 8.829213984990538222e-01
6.273726622166094785e+03 9.052188667335256955e-01
6.393902219014973525e+03 8.606288746362799058e-01
6.423946118227192528e+03 9.077957084501785401e-01
6.453990017439412441e+03 8.931455351087475014e-01
6.484033916651632353e+03 9.137981756916558895e-01
6.514077815863851356e+03 1.044622130513283453e+00
6.544121715076071268e+03 1.053719774437763101e+00
6.574165614288291181e+03 1.145829298863371593e+00
6.604209513500510184e+03 1.047776639656663011e+00
6.634253412712730096e+03 9.928817528786544333e-01
6.664297311924950009e+03 9.602307703083888812e-01
6.694341211137169012e+03 9.690655384709202513e-01
6.724385110349388924e+03 9.343263829201626791e-01
6.754429009561608837e+03 8.701195961107573984e-01
6.784472908773827839e+03 8.560215442756125004e-01
6.814516807986047752e+03 8.135098364154624839e-01
6.844560707198267664e+03 7.718427920537355158e-01
6.874604606410487577e+03 7.205680094206764474e-01
6.904648505622706580e+03 7.370311190514058364e-01
6.934692404834925583e+03 8.431043732143608249e-01
6.964736304047145495e+03 8.160973909374611424e-01
6.994780203259365408e+03 6.624090132599809166e-01
7.024824102471585320e+03 7.073665369867845332e-01
7.054868001683805232e+03 7.712000237329842411e-01
7.084911900896024235e+03 7.810681655804158074e-01
7.114955800108243238e+03 7.026265326522187493e-01
7.144999699320463151e+03 6.808078444105115645e-01
7.175043598532683063e+03 6.682697418461130967e-01
7.205087497744902976e+03 6.688259836621478494e-01
7.235131396957122888e+03 6.837728193054640746e-01
7.265175296169341891e+03 5.722813578233557630e-01
7.295219195381560894e+03 6.762433652712276366e-01
7.325263094593780806e+03 6.294646646356286679e-01
7.355306993806000719e+03 6.755280794989044768e-01
7.385350893018220631e+03 6.104395464033405272e-01
7.415394792230440544e+03 6.394992669968958543e-01
7.445438691442659547e+03 7.569025489060166034e-01
7.475482590654878550e+03 7.376227955312769646e-01
7.505526489867098462e+03 6.672429606568104354e-01
7.535570389079318375e+03 6.405730197173303830e-01
7.565614288291538287e+03 6.169446914341233379e-01
7.595658187503758199e+03 6.043826910731842084e-01
7.625702086715978112e+03 5.817053302799091163e-01
7.655745985928197115e+03 5.945516320134882626e-01
7.685789885140416118e+03 5.767172832984893693e-01
7.715833784352636030e+03 7.498823651566831616e-01
7.745877683564855943e+03 5.836913195786407327e-01
7.775921582777075855e+03 1.114309753350017917e+00
7.805965481989295768e+03 6.638577141675204851e-01
7.836009381201514771e+03 8.160116884946944094e-01
7.866053280413733773e+03 3.977359721994461195e-01
7.896097179625953686e+03 7.410731429145918092e-01
7.926141078838173598e+03 9.349798640462596566e-01
7.956184978050393511e+03 6.748317471514239108e-01
7.986228877262613423e+03 6.179896019863189149e-01
8.016272776474832426e+03 7.721015475059354038e-01
8.046316675687051429e+03 6.024502658011819944e-01
8.076360574899271342e+03 4.486127329108093309e-01
8.106404474111491254e+03 5.213312555984708219e-01
8.136448373323711166e+03 5.463069251694065986e-01
8.166492272535931079e+03 5.720679257783883864e-01
8.196536171748150082e+03 1.115895248541204365e-02
8.226580070960368175e+03 2.300772722890216393e-01
8.256623970172589907e+03 -3.598390112575103328e-02
8.286667869384808000e+03 5.703266828787121323e-01
8.316711768597029732e+03 3.482057287138617951e-01
8.346755667809247825e+03 5.889134001537700280e-01
8.376799567021467738e+03 7.908506049850803077e-01
8.406843466233687650e+03 2.014287586083571280e-01
8.436887365445905743e+03 1.251839100256200987e-01
8.466931264658127475e+03 -2.734254030280980907e-01
8.496975163870345568e+03 7.249322415061876246e-01
8.527019063082567300e+03 5.541536430542702840e-01
8.557062962294785393e+03 6.650484836848096215e-01
8.587106861507003487e+03 7.490171001095178305e-01
8.617150760719225218e+03 9.059877165325780357e-01
8.647194659931443312e+03 -2.708408975353131590e-02
8.677238559143665043e+03 2.416495742483937281e-01
8.707282458355883136e+03 5.713501678202160816e-01
8.737326357568103049e+03 5.132051807126653681e-02
8.767370256780322961e+03 7.302359042143352630e-01
8.797414155992541055e+03 1.682694946275281322e-01
8.827458055204762786e+03 1.271750085084396298e-01
8.857501954416980880e+03 7.150912937030954319e-01
8.887545853629202611e+03 8.704401562091832467e-01
8.917589752841420704e+03 6.617893186738207367e-01
8.947633652053638798e+03 7.096294111006089533e-01
