3.471172526674688925e+03 4.627513641155343471e+00
3.491221401223744579e+03 4.619131311808859053e+00
3.511270275772799778e+03 4.613984651252252434e+00
3.531319150321855432e+03 4.546042109870267467e+00
3.551368024870910631e+03 4.491141196076188891e+00
3.571416899419966285e+03 4.353547001783684145e+00
3.591465773969021939e+03 4.409073573634030296e+00
3.611514648518077138e+03 4.254199260596883470e+00
3.631563523067132792e+03 4.130684300846417578e+00
3.651612397616187991e+03 4.131257025835093799e+00
3.671661272165243645e+03 4.134186827915625528e+00
3.691710146714299299e+03 4.133866550448696664e+00
3.711759021263354498e+03 4.249402163537052246e+00
3.731807895812410152e+03 4.282760485509333748e+00
3.751856770361465351e+03 4.175350670837643996e+00
3.771905644910521005e+03 4.132988055974677444e+00
3.791954519459576659e+03 4.167753641358217465e+00
3.812003394008632313e+03 4.088771228161973248e+00
3.832052268557687512e+03 4.001640568607335524e+00
3.852101143106743166e+03 3.902941819237208954e+00
3.872150017655798365e+03 3.866694766923779891e+00
3.892198892204854019e+03 3.851964412439695451e+00
3.912247766753909673e+03 3.745245687577416493e+00
3.932296641302964872e+03 3.662284274084971258e+00
3.952345515852020526e+03 3.653410131724559307e+00
3.972394390401075725e+03 3.579928522912444233e+00
3.992443264950131379e+03 3.536548426463695716e+00
4.012492139499187033e+03 3.490210948725932738e+00
4.032541014048242232e+03 3.428913332977403083e+00
4.052589888597297886e+03 3.413405737415736496e+00
4.072638763146353540e+03 3.389449602962428365e+00
4.092687637695409194e+03 3.413194826148050698e+00
4.112736512244464393e+03 3.306203550001008740e+00
4.132785386793519137e+03 3.241373937508090108e+00
4.152834261342575701e+03 3.191983431668974358e+00
4.172883135891630445e+03 3.133074804090192789e+00
4.192932010440687009e+03 3.090553746512456623e+00
4.212980884989741753e+03 3.071302735213372603e+00
4.233029759538796498e+03 3.071169884016383911e+00
4.253078634087853061e+03 3.010067947775273645e+00
4.273127508636907805e+03 3.007844596896420253e+00
4.293176383185964369e+03 2.969889329675805989e+00
4.313225257735019113e+03 2.964351407328362331e+00
4.333274132284073858e+03 2.987045152935609682e+00
4.353323006833130421e+03 2.925475461219658513e+00
4.373371881382185165e+03 2.836766305181436465e+00
4.393420755931241729e+03 2.821266563158573604e+00
4.413469630480296473e+03 2.772016081487238548e+00
4.433518505029351218e+03 2.747513818211052783e+00
4.453567379578407781e+03 2.733746121778457994e+00
4.473616254127462526e+03 2.729550236339800318e+00
4.493665128676519089e+03 2.733973906811772103e+00
4.513714003225573833e+03 2.735950146686307427e+00
4.533762877774629487e+03 2.724198443942275727e+00
4.553811752323685141e+03 2.701930345014466717e+00
4.573860626872739886e+03 2.727821355930920788e+00
4.593909501421796449e+03 2.808764053462754706e+00
4.613958375970851193e+03 2.780662816907676582e+00
4.634007250519906847e+03 2.649585093737049313e+00
4.654056125068962501e+03 2.681095003791695408e+00
4.674104999618017246e+03 2.820870126890312246e+00
4.694153874167073809e+03 2.594659106953199235e+00
4.714202748716128553e+03 2.410730610906987703e+00
4.734251623265185117e+03 2.300797487705869671e+00
4.754300497814239861e+03 2.255830760365394205e+00
4.774349372363294606e+03 2.192250605926309603e+00
4.794398246912351169e+03 2.173532047273863288e+00
4.814447121461405914e+03 2.167644226546971531e+00
4.834495996010462477e+03 2.158821597783727064e+00
4.854544870559517221e+03 2.249850317572883895e+00
4.874593745108571966e+03 2.096617981810831033e+00
4.894642619657628529e+03 2.041181674884196884e+00
4.914691494206683274e+03 1.995105038340325043e+00
4.934740368755739837e+03 1.960985428668873709e+00
4.954789243304794581e+03 1.933461692961487621e+00
4.974838117853849326e+03 1.892603248993339315e+00
4.994886992402905889e+03 1.892221681515737997e+00
5.014935866951960634e+03 1.864298887732844356e+00
5.034984741501017197e+03 1.823909969796634556e+00
5.055033616050071942e+03 1.825974908208186864e+00
5.075082490599126686e+03 1.792857537559582992e+00
5.095131365148183249e+03 1.791940272314220151e+00
5.115180239697237994e+03 1.779210160150157316e+00
5.135229114246294557e+03 1.765102725246291637e+00
5.155277988795349302e+03 1.743157036231850032e+00
5.175326863344404956e+03 1.726346738431951522e+00
5.195375737893460609e+03 1.705458859519195292e+00
5.215424612442515354e+03 1.700788590089314045e+00
5.235473486991571917e+03 1.688982331717129082e+00
5.255522361540626662e+03 1.643857736363761646e+00
5.275571236089682316e+03 1.641375432597182771e+00
5.295620110638737970e+03 1.638668934603752403e+00
5.315668985187792714e+03 1.623940976151176496e+00
5.335717859736849277e+03 1.614314976819758884e+00
5.355766734285904022e+03 1.615150967120768222e+00
5.375815608834960585e+03 1.601151365517720526e+00
5.395864483384015330e+03 1.596081569176590609e+00
5.415913357933070074e+03 1.574272962763744843e+00
5.435962232482126637e+03 1.551713344148441198e+00
5.456011107031181382e+03 1.526818666436865035e+00
5.476059981580237945e+03 1.505528165648806649e+00
5.496108856129292690e+03 1.468113762031244107e+00
5.516157730678347434e+03 1.465194632985564516e+00
5.536206605227403998e+03 1.441260376093172146e+00
5.556255479776458742e+03 1.441591842962431258e+00
5.576304354325515305e+03 1.447856786949779817e+00
5.596353228874570050e+03 1.412763725202117016e+00
5.616402103423625704e+03 1.374470472783062780e+00
5.636450977972681358e+03 1.344054702198737017e+00
5.656499852521736102e+03 1.329258638332971199e+00
5.676548727070792665e+03 1.313952314819354594e+00
5.696597601619847410e+03 1.288690395046694137e+00
5.716646476168903064e+03 1.265800399551217259e+00
5.736695350717958718e+03 1.269049412875461247e+00
5.756744225267013462e+03 1.267216650781300080e+00
5.776793099816070026e+03 1.248454130676085239e+00
5.796841974365124770e+03 1.234795658927799078e+00
5.816890848914180424e+03 1.171736418806884394e+00
5.836939723463236078e+03 1.174257360472005463e+00
5.856988598012290822e+03 1.172323460569943077e+00
5.877037472561347386e+03 1.141442557398289148e+00
5.897086347110402130e+03 1.127996560063582621e+00
5.917135221659457784e+03 1.123285635877257382e+00
5.937184096208513438e+03 1.107285090861109378e+00
5.957232970757568182e+03 1.103298103073035552e+00
5.977281845306624746e+03 1.088986119672262110e+00
5.997330719855679490e+03 1.089360597359606331e+00
6.017379594404735144e+03 1.067034743053721035e+00
6.037428468953790798e+03 1.084957226178922429e+00
6.057477343502845542e+03 1.068262837753582328e+00
6.077526218051902106e+03 1.058532891920881847e+00
6.097575092600956850e+03 1.053645727626143724e+00
6.117623967150012504e+03 1.042131659787064679e+00
6.137672841699068158e+03 1.032725248425351294e+00
6.157721716248122902e+03 1.018631021942249859e+00
6.177770590797179466e+03 1.018435199839627936e+00
6.197819465346234210e+03 9.979987859800948380e-01
6.217868339895290774e+03 9.756743565459679024e-01
6.237917214444345518e+03 1.002001214019905051e+00
6.257966088993401172e+03 9.830733979880686979e-01
6.278014963542456826e+03 9.693445079756184413e-01
6.298063838091511570e+03 9.737910422919898723e-01
6.318112712640568134e+03 9.718234013402713423e-01
6.338161587189622878e+03 9.522535817369486288e-01
6.358210461738678532e+03 9.559236603296179524e-01
6.378259336287734186e+03 9.468168587726067953e-01
6.398308210836788930e+03 9.359387039614407433e-01
6.418357085385845494e+03 9.098887091166083518e-01
6.438405959934900238e+03 9.083388418607240000e-01
6.458454834483955892e+03 9.235871561335933233e-01
6.478503709033011546e+03 9.315531463784016974e-01
6.498552583582066291e+03 9.394556795975677055e-01
6.518601458131122854e+03 9.356111001258492488e-01
6.538650332680177598e+03 9.577018808390929117e-01
6.558699207229233252e+03 1.132795558392779789e+00
6.578748081778288906e+03 9.690643699779228903e-01
6.598796956327343651e+03 9.007792349798173781e-01
6.618845830876400214e+03 8.621506526578366358e-01
6.638894705425454958e+03 8.249659267008211394e-01
6.658943579974510612e+03 8.102047360041977342e-01
6.678992454523566266e+03 8.017298029566288786e-01
6.699041329072621011e+03 7.836821017988392368e-01
6.719090203621677574e+03 8.004992646935248368e-01
6.739139078170732319e+03 7.745695705073279980e-01
6.759187952719787972e+03 7.497707686246273262e-01
6.779236827268843626e+03 7.476216363881372784e-01
6.799285701817898371e+03 6.659117442588962099e-01
6.819334576366954934e+03 6.880671249199357131e-01
6.839383450916009679e+03 7.225919048158011559e-01
6.859432325465066242e+03 7.292524921556636786e-01
6.879481200014120986e+03 7.410890952190456460e-01
6.899530074563176640e+03 7.082630163216656616e-01
6.919578949112232294e+03 7.044447769925406000e-01
6.939627823661287039e+03 6.986534154385346529e-01
6.959676698210343602e+03 6.997099054543304275e-01
6.979725572759398347e+03 6.808978540413169744e-01
6.999774447308454000e+03 6.777974886538037369e-01
7.019823321857509654e+03 6.598856288711880680e-01
7.039872196406564399e+03 6.582559850008427027e-01
7.059921070955620962e+03 6.473869217141022814e-01
7.079969945504675707e+03 6.601287428887698816e-01
7.100018820053731361e+03 5.967401672647667521e-01
7.120067694602787014e+03 6.289684146954326316e-01
7.140116569151841759e+03 6.288495756376226709e-01
7.160165443700898322e+03 6.091722079238873766e-01
7.180214318249953067e+03 6.114566543654089692e-01
7.200263192799008721e+03 5.925028676421850715e-01
7.220312067348064375e+03 6.026485249416171364e-01
7.240360941897119119e+03 6.087667827565357292e-01
7.260409816446175682e+03 6.444460047696419780e-01
7.280458690995230427e+03 6.086866799015359097e-01
7.300507565544286081e+03 6.191725261434463112e-01
7.320556440093341735e+03 6.179750278369194882e-01
7.340605314642396479e+03 5.999175254194919482e-01
7.360654189191453042e+03 5.926651712300881059e-01
7.380703063740507787e+03 5.750795422641067356e-01
7.400751938289563441e+03 5.680874966971183326e-01
7.420800812838619095e+03 5.770362563183009108e-01
7.440849687387673839e+03 5.747395369669650034e-01
7.460898561936730403e+03 5.800664940333886133e-01
7.480947436485785147e+03 5.726838704843748573e-01
7.500996311034841710e+03 5.388519369115504221e-01
7.521045185583896455e+03 2.382156185135639870e-01
7.541094060132952109e+03 3.168842304416575328e-01
7.561142934682007763e+03 4.547811835162527405e-01
7.581191809231062507e+03 5.036656805569256212e-01
7.601240683780118161e+03 5.468710568324873789e-01
7.621289558329173815e+03 5.295712383445672078e-01
7.641338432878229469e+03 5.494862463645885375e-01
7.661387307427285123e+03 5.480371193784646655e-01
7.681436181976339867e+03 5.536731472252228725e-01
7.701485056525395521e+03 5.138323890132590055e-01
7.721533931074451175e+03 5.335836210418848369e-01
7.741582805623506829e+03 4.985454768117149604e-01
7.761631680172562483e+03 4.955231606922324006e-01
7.781680554721618137e+03 4.957219189597056874e-01
7.801729429270673791e+03 4.771005378574908473e-01
7.821778303819728535e+03 5.148316227341874773e-01
7.841827178368784189e+03 4.619560156077686663e-01
7.861876052917839843e+03 4.942200792803938536e-01
7.881924927466895497e+03 4.716513918262652538e-01
7.901973802015951151e+03 4.654044872122985455e-01
7.922022676565005895e+03 5.047388941812803731e-01
7.942071551114061549e+03 4.306162778035629857e-01
7.962120425663117203e+03 4.551442838348647157e-01
7.982169300212172857e+03 5.077669043864625475e-01
8.002218174761228511e+03 4.250678325783353584e-01
8.022267049310283255e+03 4.615771606798147464e-01
8.042315923859338909e+03 4.802698069752749377e-01
8.062364798408394563e+03 3.813926742476307363e-01
8.082413672957450217e+03 4.418711097250448971e-01
8.102462547506505871e+03 4.915492754587874602e-01
8.122511422055560615e+03 3.775050515498266090e-01
8.142560296604616269e+03 4.383884401180507817e-01
8.162609171153671923e+03 4.765148755949896175e-01
8.182658045702727577e+03 3.993908127698875266e-01
8.202706920251783231e+03 4.333051642092188294e-01
8.222755794800837975e+03 4.874115256520789030e-01
8.242804669349894539e+03 4.041635465751593492e-01
8.262853543898949283e+03 4.707094111594038455e-01
8.282902418448004028e+03 4.204430780247163102e-01
8.302951292997060591e+03 4.434401236276639957e-01
8.323000167546115335e+03 4.769686156898522156e-01
8.343049042095171899e+03 3.747976969049146567e-01
8.363097916644226643e+03 4.655095593514680385e-01
8.383146791193281388e+03 4.049626933005913698e-01
8.403195665742337951e+03 4.014494078554621814e-01
8.423244540291394514e+03 4.095064343343947644e-01
8.443293414840449259e+03 3.762471198841104147e-01
8.463342289389504003e+03 4.374466571399928116e-01
8.483391163938558748e+03 3.306251773105851610e-01
8.503440038487615311e+03 4.444143729406892507e-01
8.523488913036671875e+03 3.847141896704753816e-01
8.543537787585726619e+03 3.692917601737632505e-01
8.563586662134781363e+03 4.352778921367595477e-01
8.583635536683836108e+03 3.168625170812781056e-01
8.603684411232892671e+03 3.411245074412644351e-01
8.623733285781949235e+03 4.427667231852293606e-01
8.643782160331003979e+03 3.158858684959441887e-01
8.663831034880058724e+03 3.516723761146586247e-01
8.683879909429113468e+03 4.383302580346340460e-01
8.703928783978170031e+03 3.093203046545420776e-01
8.723977658527226595e+03 4.066061300159776182e-01
8.744026533076281339e+03 4.303570321635659113e-01
8.764075407625336084e+03 2.858243249196753544e-01
8.784124282174390828e+03 4.010409817072581595e-01
8.804173156723447391e+03 3.721200301490549256e-01
8.824222031272503955e+03 3.141005733199454530e-01
8.844270905821558699e+03 4.293903317541391540e-01
8.864319780370613444e+03 4.034366264803228019e-01
8.884368654919668188e+03 2.765314193391453790e-01
8.904417529468724751e+03 4.021296798742834966e-01
8.924466404017781315e+03 3.920220144739153256e-01
8.944515278566836059e+03 3.023101894667046263e-01
8.964564153115890804e+03 3.705161031074257205e-01
8.984613027664945548e+03 6.479445370126466486e-01
