3.508519048607985496e+03 1.449130955883311866e+00
3.538647988500547399e+03 1.227495793545320346e+00
3.568776928393109756e+03 1.127640283995472448e+00
3.598905868285671659e+03 1.138439532123400877e+00
3.629034808178234016e+03 1.170406268885568535e+00
3.659163748070795918e+03 9.586389202490974704e-01
3.689292687963357821e+03 6.812207341622090739e-01
3.719421627855919724e+03 3.984553869431066708e-01
3.749550567748481626e+03 4.854809561006998564e-01
3.779679507641043983e+03 6.050013695433840155e-01
3.809808447533605886e+03 9.188665108237404899e-01
3.839937387426168243e+03 1.256074178527588625e+00
3.870066327318730146e+03 1.513252687275999930e+00
3.900195267211292048e+03 1.731867462982473960e+00
3.930324207103853951e+03 1.785475014166440832e+00
3.960453146996415853e+03 2.079439892987213767e+00
3.990582086888978210e+03 1.978922944706678733e+00
4.020711026781540113e+03 1.748118653180891213e+00
4.050839966674102470e+03 1.492166356768225510e+00
4.080968906566664373e+03 1.337691138257216084e+00
4.111097846459226275e+03 1.215347871265820334e+00
4.141226786351788178e+03 1.083932864838386578e+00
4.171355726244350080e+03 1.095177613110515535e+00
4.201484666136911983e+03 1.181893621985736553e+00
4.231613606029473885e+03 1.228075204598187309e+00
4.261742545922036697e+03 1.278371504222396648e+00
4.291871485814598600e+03 1.263939705309045758e+00
4.322000425707160502e+03 1.177472533046574510e+00
4.352129365599722405e+03 1.097610617801745070e+00
4.382258305492285217e+03 1.096220784886038135e+00
4.412387245384847120e+03 1.209599557108510082e+00
4.442516185277409022e+03 1.319752583654463240e+00
4.472645125169970925e+03 1.455555056368666555e+00
4.502774065062532827e+03 1.581530439369807084e+00
4.532903004955094730e+03 1.677040510948375918e+00
4.563031944847656632e+03 1.665640257908931998e+00
4.593160884740218535e+03 1.492548089813060752e+00
4.623289824632780437e+03 1.207650022970648163e+00
4.653418764525343249e+03 1.049749931522830693e+00
4.683547704417905152e+03 1.083452872490438423e+00
4.713676644310467054e+03 1.147127219710990298e+00
4.743805584203028957e+03 1.088910176794283036e+00
4.773934524095591769e+03 1.077023989472631671e+00
4.804063463988153671e+03 1.044917254942312468e+00
4.834192403880715574e+03 1.079121927041742701e+00
4.864321343773277476e+03 1.219960551353529210e+00
4.894450283665839379e+03 1.310306357434881441e+00
4.924579223558401281e+03 1.301072011895462399e+00
4.954708163450963184e+03 1.173131152981619074e+00
4.984837103343525087e+03 1.146239697628008924e+00
5.014966043236086989e+03 1.179835393928502674e+00
5.045094983128648892e+03 1.282325064383031510e+00
5.075223923021211704e+03 1.357139523862663122e+00
5.105352862913773606e+03 1.393166340826450522e+00
5.135481802806335509e+03 1.460165997353665368e+00
5.165610742698897411e+03 1.536969410632584188e+00
5.195739682591460223e+03 1.606180481180734754e+00
5.225868622484022126e+03 1.639416183220267609e+00
5.255997562376584028e+03 1.699667396606720615e+00
5.286126502269145931e+03 1.697065698952625157e+00
5.316255442161707833e+03 1.635041760203822747e+00
5.346384382054269736e+03 1.603875445463913030e+00
5.376513321946831638e+03 1.590121027056090375e+00
5.406642261839393541e+03 1.574782720855174567e+00
5.436771201731955443e+03 1.522776883267078274e+00
5.466900141624518255e+03 1.464302742999749274e+00
5.497029081517080158e+03 1.428163898836395385e+00
5.527158021409642060e+03 1.398283215774820842e+00
5.557286961302203963e+03 1.376287334549739061e+00
5.587415901194766775e+03 1.346986062541031925e+00
5.617544841087328678e+03 1.256236060004840338e+00
5.647673780979890580e+03 1.076655009847669042e+00
5.677802720872452483e+03 1.019043464524478582e+00
5.707931660765014385e+03 1.143091631872535263e+00
5.738060600657576288e+03 1.331935867689065800e+00
5.768189540550138190e+03 1.498339301837217086e+00
5.798318480442700093e+03 1.493993284165034963e+00
5.828447420335261995e+03 1.508188130334153998e+00
5.858576360227823898e+03 1.493193007068003286e+00
5.888705300120385800e+03 1.283319541282675225e+00
5.918834240012948612e+03 1.303241832376585529e+00
5.948963179905510515e+03 1.268773106515693305e+00
5.979092119798073327e+03 1.229254606085989909e+00
6.009221059690635229e+03 1.193457205754690831e+00
6.039349999583197132e+03 1.140059506297725456e+00
6.069478939475759034e+03 1.084516043947125530e+00
6.099607879368320937e+03 9.688793367062265016e-01
6.129736819260882839e+03 7.870744089586978465e-01
6.159865759153444742e+03 6.101270849305300281e-01
6.189994699046006644e+03 4.620964013617174238e-01
6.220123638938568547e+03 4.136050004999920482e-01
6.250252578831130450e+03 4.311861694958486479e-01
6.280381518723692352e+03 5.384143151341065359e-01
6.310510458616255164e+03 8.339017783774461678e-01
6.340639398508817067e+03 1.137372302760390586e+00
6.370768338401378969e+03 1.385855297959018184e+00
6.400897278293941781e+03 1.490868986146597575e+00
6.431026218186503684e+03 1.491862883345337787e+00
6.461155158079065586e+03 1.470180040608048300e+00
6.491284097971627489e+03 1.507940018347533551e+00
6.521413037864189391e+03 1.527317100741872213e+00
6.551541977756751294e+03 1.581740001246356719e+00
6.581670917649313196e+03 1.595180946390709620e+00
6.611799857541875099e+03 1.566277928902582772e+00
6.641928797434437001e+03 1.538556052004967922e+00
6.672057737326998904e+03 1.475369812945011017e+00
6.702186677219560806e+03 1.401309834191049264e+00
6.732315617112123618e+03 1.325147570111200990e+00
6.762444557004685521e+03 1.264740996882658397e+00
6.792573496897248333e+03 1.187974974312003607e+00
6.822702436789810235e+03 1.122682392019837438e+00
6.852831376682372138e+03 1.103824431784420801e+00
6.882960316574934041e+03 1.102038083450843642e+00
6.913089256467495943e+03 1.151644539000103107e+00
6.943218196360057846e+03 1.154282467960655589e+00
6.973347136252619748e+03 1.107099162187269448e+00
7.003476076145181651e+03 1.073893604594709394e+00
7.033605016037743553e+03 1.057743137428243774e+00
7.063733955930305456e+03 1.021685741241806333e+00
7.093862895822867358e+03 1.001561714233541123e+00
7.123991835715430170e+03 1.000609265649388124e+00
7.154120775607992073e+03 1.009513471524366990e+00
7.184249715500554885e+03 1.000000000000000000e+00
7.214378655393116787e+03 9.940713988617573271e-01
7.244507595285678690e+03 9.917354940718337009e-01
7.274636535178240592e+03 9.784652708435083168e-01
7.304765475070802495e+03 9.618017683776055593e-01
7.334894414963364397e+03 9.573128544327553779e-01
7.365023354855926300e+03 9.430214880632338259e-01
7.395152294748488202e+03 9.527390143055690652e-01
7.425281234641050105e+03 9.389079304532825798e-01
7.455410174533612008e+03 9.257875599084651741e-01
7.485539114426173910e+03 8.885081542178313585e-01
7.515668054318735813e+03 8.784526623488611019e-01
7.545796994211298625e+03 8.752683652869303055e-01
7.696441693674109047e+03 8.023767737036076042e-01
7.726570633566670949e+03 8.167933554682462738e-01
7.756699573459232852e+03 8.107822918765063003e-01
7.786828513351794754e+03 7.981075664011153536e-01
7.816957453244356657e+03 7.887520633729027120e-01
7.847086393136918559e+03 7.800762596538316496e-01
7.877215333029481371e+03 7.549407183363743279e-01
7.907344272922043274e+03 7.258081392905328943e-01
7.937473212814605176e+03 6.937953163065515572e-01
7.967602152707167079e+03 6.643894082847954241e-01
7.997731092599728981e+03 6.267865294901094897e-01
8.027860032492290884e+03 5.939150245430869779e-01
8.057988972384853696e+03 5.351578453097124433e-01
8.088117912277415599e+03 4.671699436675647577e-01
8.118246852169977501e+03 3.902560973665637478e-01
8.148375792062539404e+03 3.421980229300692344e-01
8.178504731955101306e+03 3.323268759483544721e-01
8.208633671847663209e+03 3.437339404734127135e-01
8.238762611740225111e+03 3.442359614556869118e-01
8.268891551632787014e+03 3.688138305041513965e-01
8.299020491525350735e+03 4.082224776126757160e-01
8.329149431417912638e+03 4.685522404715287692e-01
8.359278371310474540e+03 5.209111159097463695e-01
8.389407311203036443e+03 5.588708006104250448e-01
8.419536251095598345e+03 6.225981904636302966e-01
8.449665190988160248e+03 6.801958229651411392e-01
8.479794130880722150e+03 7.319257229232577489e-01
8.509923070773284053e+03 7.850744408422474230e-01
8.540052010665845955e+03 7.962475960528164753e-01
8.570180950558407858e+03 8.203350381370732025e-01
8.600309890450969760e+03 8.333272947822570886e-01
8.630438830343531663e+03 8.429819234765824065e-01
8.660567770236093565e+03 8.665612577190798804e-01
8.690696710128655468e+03 8.437659689483210101e-01
8.720825650021217371e+03 8.563962023793824097e-01
8.750954589913779273e+03 8.463328845482173124e-01
8.781083529806341176e+03 8.373217238565762166e-01
8.811212469698903078e+03 8.122100952013808772e-01
8.841341409591464981e+03 7.941780638279679616e-01
8.871470349484028702e+03 7.686465867935439178e-01
8.901599289376590605e+03 7.065180120316922885e-01
8.931728229269152507e+03 6.786323696288899532e-01
8.961857169161714410e+03 5.990565367798484919e-01
8.991986109054276312e+03 5.439461110040274550e-01
9.022115048946838215e+03 5.921204154716374068e-01
9.052243988839400117e+03 6.223837011294023336e-01
9.082372928731962020e+03 5.844763344352480461e-01
9.112501868624525741e+03 6.112412700667090304e-01
9.142630808517087644e+03 5.823428901858085371e-01
9.172759748409649546e+03 6.203802548075321166e-01
9.202888688302211449e+03 6.581706668444414765e-01
9.233017628194773351e+03 6.644992616059745005e-01
9.263146568087335254e+03 7.092231862970300726e-01
9.293275507979897156e+03 6.704826444795807250e-01
9.323404447872459059e+03 6.490380588135551410e-01
9.353533387765020962e+03 5.882935199583775310e-01
9.383662327657582864e+03 5.292405483390844045e-01
9.413791267550144767e+03 6.137406505113687238e-01
9.443920207442706669e+03 5.650762089300025437e-01
9.474049147335268572e+03 5.336883035197990122e-01
9.504178087227830474e+03 5.520178663818403608e-01
9.534307027120392377e+03 5.473306947280551782e-01
9.564435967012954279e+03 4.845864776068787294e-01
9.594564906905516182e+03 4.786761370470905552e-01
9.624693846798078084e+03 4.856734168006017760e-01
9.654822786690639987e+03 4.370031782102024032e-01
9.684951726583203708e+03 4.159724989891465663e-01
9.715080666475765611e+03 3.807756687936859064e-01
9.745209606368327513e+03 3.445524781488990551e-01
9.775338546260889416e+03 3.453611609090289636e-01
9.805467486153451318e+03 3.112532988604529427e-01
9.835596426046013221e+03 2.886418332461366254e-01
9.865725365938575123e+03 2.716238436778544152e-01
9.895854305831137026e+03 2.609913320222431721e-01
9.925983245723700747e+03 2.680123940053129594e-01
9.956112185616262650e+03 2.631407325390464624e-01
9.986241125508824553e+03 2.499254069862654193e-01
1.001637006540138646e+04 2.422797897424823765e-01
1.004649900529394836e+04 2.682253471321471294e-01
1.007662794518651026e+04 2.653160022086604730e-01
1.010675688507907216e+04 2.930425746835920164e-01
1.013688582497163407e+04 3.423470060622222366e-01
