3.453195840185151610e+03 2.345459036588633417e+00
3.473205889518240838e+03 2.394051731457717658e+00
3.493215938851330975e+03 2.281599543050536472e+00
3.513225988184420203e+03 2.327440816216107322e+00
3.533236037517510340e+03 2.298901155750502134e+00
3.553246086850599568e+03 2.237842614473694258e+00
3.573256136183689705e+03 2.182221188257293498e+00
3.593266185516779842e+03 2.161739279516103895e+00
3.613276234849869070e+03 2.183526539475651340e+00
3.633286284182959207e+03 2.121412595887941954e+00
3.653296333516048435e+03 2.043929059370503509e+00
3.673306382849138572e+03 2.104218307206419336e+00
3.693316432182227800e+03 2.086919427980944430e+00
3.713326481515317937e+03 2.064122344445151747e+00
3.733336530848407165e+03 2.077266873519354462e+00
3.753346580181497302e+03 2.015935125372135150e+00
3.773356629514586530e+03 1.998131490557079282e+00
3.793366678847676667e+03 2.036897657028112985e+00
3.813376728180765895e+03 1.982038104821842506e+00
3.833386777513856032e+03 1.958357609190122250e+00
3.853396826846945260e+03 1.883934423853241613e+00
3.873406876180035397e+03 1.891625062143589941e+00
3.893416925513125534e+03 1.867561958182401227e+00
3.913426974846214762e+03 1.868970556637247649e+00
3.933437024179304899e+03 1.798367831447527543e+00
3.953447073512394127e+03 1.822934050913601833e+00
3.973457122845484264e+03 1.771685340410668053e+00
3.993467172178573492e+03 1.757227946968220378e+00
4.013477221511663629e+03 1.791471884481056209e+00
4.033487270844752857e+03 1.766980812133702505e+00
4.053497320177842994e+03 1.757707898229277088e+00
4.073507369510932222e+03 1.723566645638177297e+00
4.093517418844022359e+03 1.749274817027465234e+00
4.113527468177111587e+03 1.771540919238418388e+00
4.133537517510201724e+03 1.723214058668547377e+00
4.153547566843291861e+03 1.681711902909985179e+00
4.173557616176381089e+03 1.657994325744312381e+00
4.193567665509470316e+03 1.631183283307105381e+00
4.213577714842560454e+03 1.596237280206002085e+00
4.233587764175650591e+03 1.592330723422302308e+00
4.253597813508739819e+03 1.581126648839622728e+00
4.273607862841829046e+03 1.596553144898327670e+00
4.293617912174919184e+03 1.570414771483719329e+00
4.313627961508009321e+03 1.538428637040884839e+00
4.333638010841099458e+03 1.540803089182307462e+00
4.353648060174188686e+03 1.547232845979302551e+00
4.373658109507277914e+03 1.515554547623717108e+00
4.393668158840368051e+03 1.504693469420167906e+00
4.413678208173458188e+03 1.496585499864388158e+00
4.433688257506547416e+03 1.498773466566107881e+00
4.453698306839636643e+03 1.465964165805127450e+00
4.473708356172726781e+03 1.462210386815693264e+00
4.493718405505816918e+03 1.458342942146996224e+00
4.513728454838906146e+03 1.432932250881600034e+00
4.533738504171995373e+03 1.422731377056970503e+00
4.553748553505085511e+03 1.440989487150826642e+00
4.573758602838175648e+03 1.434888356467066250e+00
4.593768652171265785e+03 1.409106881101857001e+00
4.613778701504354103e+03 1.399098459501248115e+00
4.633788750837444240e+03 1.432670883860698074e+00
4.653798800170534378e+03 1.393930818166090324e+00
4.673808849503624515e+03 1.360779630035630294e+00
4.693818898836713743e+03 1.330121355021105067e+00
4.713828948169802970e+03 1.302131154167898819e+00
4.733838997502893108e+03 1.293433675693463680e+00
4.753849046835983245e+03 1.273514472201064285e+00
4.773859096169072473e+03 1.265102415323051899e+00
4.793869145502161700e+03 1.279258985992802078e+00
4.813879194835251838e+03 1.258459057019403193e+00
4.833889244168341975e+03 1.250942705062600746e+00
4.853899293501432112e+03 1.256794027417592607e+00
4.873909342834520430e+03 1.268221918891594857e+00
4.893919392167610567e+03 1.241721211718314510e+00
4.913929441500700705e+03 1.218130577108003987e+00
4.933939490833790842e+03 1.218048650972545222e+00
4.953949540166880070e+03 1.194004556373959636e+00
4.973959589499969297e+03 1.199697727704829076e+00
4.993969638833059435e+03 1.180988844237626401e+00
5.013979688166149572e+03 1.172111956117456444e+00
5.033989737499238800e+03 1.151303982919126945e+00
5.053999786832328027e+03 1.140922731017800285e+00
5.074009836165418164e+03 1.135879267523804970e+00
5.094019885498508302e+03 1.129553289038342401e+00
5.114029934831598439e+03 1.120572919383870270e+00
5.134039984164686757e+03 1.115966436931933092e+00
5.154050033497776894e+03 1.091910533723546406e+00
5.174060082830867032e+03 1.077430210335082794e+00
5.194070132163957169e+03 1.077137541126295117e+00
5.214080181497046397e+03 1.064298192764121076e+00
5.234090230830135624e+03 1.054559432327012658e+00
5.254100280163225761e+03 1.039918614936291785e+00
5.274110329496315899e+03 1.040990917929474513e+00
5.294120378829405126e+03 1.035956795108311512e+00
5.314130428162494354e+03 1.040543174807849303e+00
5.334140477495584491e+03 1.018826047993814043e+00
5.354150526828674629e+03 1.023292717130500185e+00
5.374160576161764766e+03 1.000000000000000000e+00
5.394170625494853084e+03 1.000911605932820470e+00
5.414180674827943221e+03 9.758439735259715198e-01
5.434190724161033359e+03 9.680098512546273515e-01
5.454200773494123496e+03 9.596585243698778633e-01
5.474210822827211814e+03 9.633860307644900312e-01
5.494220872160301951e+03 9.503591660522335838e-01
5.514230921493392088e+03 9.485233958237883067e-01
5.534240970826482226e+03 9.514101791840949840e-01
5.554251020159570544e+03 9.395041171124186574e-01
5.574261069492660681e+03 9.363823174253029791e-01
5.594271118825750818e+03 9.272173523334905632e-01
5.614281168158840956e+03 9.240357754642205546e-01
5.634291217491931093e+03 9.038273703706733997e-01
5.654301266825019411e+03 8.928721513056541159e-01
5.674311316158109548e+03 8.788392117821683946e-01
5.694321365491199685e+03 8.752057056703382854e-01
5.714331414824289823e+03 8.556703913354544166e-01
5.734341464157378141e+03 8.473116606397979034e-01
5.754351513490468278e+03 8.505621991655124559e-01
5.774361562823558415e+03 8.609048075474635686e-01
5.794371612156648553e+03 8.487378314306580629e-01
5.814381661489736871e+03 8.505179168787582178e-01
5.834391710822827008e+03 8.233727813793342287e-01
5.854401760155917145e+03 8.344690321082347539e-01
5.874411809489007283e+03 8.262973491670336790e-01
5.894421858822097420e+03 8.070124523352336654e-01
5.914431908155185738e+03 8.207821348354551461e-01
5.934441957488275875e+03 8.215576293584782031e-01
5.954452006821366012e+03 8.130898252207038324e-01
5.974462056154456150e+03 8.081895489304741220e-01
5.994472105487544468e+03 7.885404127177851885e-01
6.014482154820634605e+03 7.887109034267522079e-01
6.034492204153724742e+03 7.820872886188555695e-01
6.054502253486814880e+03 7.824209599450081543e-01
6.074512302819903198e+03 7.921202802501750018e-01
6.094522352152993335e+03 7.670340289770789521e-01
6.114532401486083472e+03 7.587138012221098515e-01
6.134542450819173609e+03 7.716532884697797634e-01
6.154552500152262837e+03 7.541644405771072979e-01
6.174562549485352065e+03 7.427733182399723910e-01
6.194572598818442202e+03 7.447363121811557685e-01
6.214582648151532339e+03 7.361582006327790362e-01
6.234592697484622477e+03 7.422971626034947645e-01
6.254602746817710795e+03 7.324917834880771972e-01
6.274612796150800932e+03 7.273786710640512965e-01
6.294622845483891069e+03 7.182933359891250369e-01
6.314632894816981207e+03 7.207744873548220799e-01
6.334642944150069525e+03 7.086925144847594504e-01
6.354652993483159662e+03 6.944533772655270276e-01
6.374663042816249799e+03 6.899819753130078670e-01
6.394673092149339936e+03 6.805757147129841700e-01
6.414683141482428255e+03 6.738102247690775926e-01
6.434693190815518392e+03 6.669655421642032289e-01
6.454703240148608529e+03 6.670929845549006254e-01
6.474713289481698666e+03 6.718367342858486690e-01
6.494723338814788804e+03 6.645695190040831202e-01
6.514733388147877122e+03 6.439209307983601027e-01
6.534743437480967259e+03 6.401490171581598609e-01
6.554753486814057396e+03 6.587003900152642588e-01
6.574763536147147533e+03 7.187194456126360098e-01
6.594773585480235852e+03 6.717650703946217439e-01
6.614783634813325989e+03 6.554047101108128048e-01
6.634793684146416126e+03 6.478203961682371670e-01
6.654803733479506263e+03 6.324140809612032177e-01
6.674813782812594582e+03 6.365962813125750630e-01
6.694823832145684719e+03 6.386963082349558229e-01
6.714833881478774856e+03 6.444622524667029673e-01
6.734843930811864993e+03 6.330669908681957336e-01
6.754853980144955131e+03 6.216510173429741215e-01
6.774864029478043449e+03 6.069629498931945477e-01
6.794874078811133586e+03 6.233222480269154930e-01
6.814884128144223723e+03 6.196092837165955158e-01
6.834894177477313860e+03 6.003264330857003284e-01
6.854904226810402179e+03 5.896924207031546405e-01
6.874914276143492316e+03 5.852504153163041734e-01
6.894924325476582453e+03 5.933294100424790773e-01
6.914934374809672590e+03 5.692068725359289427e-01
6.934944424142760909e+03 5.746932994761537739e-01
6.954954473475851046e+03 5.887571819308776710e-01
6.974964522808941183e+03 5.672905194794889416e-01
6.994974572142031320e+03 5.775334107120084770e-01
7.014984621475121457e+03 5.638871719198005339e-01
7.034994670808209776e+03 5.515560155151387756e-01
7.055004720141299913e+03 5.642135956335884162e-01
7.075014769474390050e+03 5.504095963136144132e-01
7.095024818807480187e+03 5.568661099209128995e-01
7.115034868140568506e+03 5.415497025948513565e-01
7.135044917473658643e+03 5.531411808022494991e-01
7.155054966806748780e+03 5.372352801773865316e-01
7.175065016139838917e+03 5.426924667504848809e-01
7.195075065472927236e+03 5.509261917527044083e-01
7.215085114806017373e+03 5.217801997854332186e-01
7.235095164139107510e+03 5.138481254081858074e-01
7.255105213472197647e+03 5.131425765924237936e-01
7.275115262805286875e+03 5.262713920932672318e-01
7.295125312138376103e+03 5.104236285658643180e-01
7.315135361471466240e+03 5.154627809800907956e-01
7.335145410804556377e+03 5.134313876972155244e-01
