3.462110664474085297e+03 1.742060814070287345e+00
3.482135635544186698e+03 1.722489072375487984e+00
3.502160606614288554e+03 1.740624273055158433e+00
3.522185577684390410e+03 1.737080740727805273e+00
3.542210548754492265e+03 1.791826875615063486e+00
3.562235519824593666e+03 1.632223454717328437e+00
3.582260490894695522e+03 1.732995364812583539e+00
3.602285461964796923e+03 1.629820072289597244e+00
3.622310433034898779e+03 1.637372101620480302e+00
3.642335404105000634e+03 1.758581761257173026e+00
3.662360375175102490e+03 1.761809810024063339e+00
3.682385346245203891e+03 1.779955626103129962e+00
3.702410317315305747e+03 1.750713000992756507e+00
3.722435288385407603e+03 1.701695185094126206e+00
3.742460259455509004e+03 1.749946630252198210e+00
3.762485230525610859e+03 1.667846927671760238e+00
3.782510201595712715e+03 1.680633799930626004e+00
3.802535172665814116e+03 1.633820295900312747e+00
3.822560143735915972e+03 1.630671900813781550e+00
3.842585114806017828e+03 1.619846408153604589e+00
3.862610085876119228e+03 1.587338389454005849e+00
3.882635056946221084e+03 1.560368656274233379e+00
3.902660028016322940e+03 1.597711263885744692e+00
3.922684999086424796e+03 1.580640327001141765e+00
3.942709970156526197e+03 1.549367945882541342e+00
3.962734941226628052e+03 1.508358290553104331e+00
3.982759912296729453e+03 1.536085891971280981e+00
4.002784883366831309e+03 1.529561265288402971e+00
4.022809854436933165e+03 1.577543074210500995e+00
4.042834825507035021e+03 1.550311672708450050e+00
4.062859796577136422e+03 1.560249952179789679e+00
4.082884767647238277e+03 1.521151246937763046e+00
4.102909738717340588e+03 1.527565290179452528e+00
4.122934709787441534e+03 1.490422949587239421e+00
4.142959680857543390e+03 1.529160374857500670e+00
4.162984651927645245e+03 1.477124756195842270e+00
4.183009622997746192e+03 1.440930597333360819e+00
4.203034594067848957e+03 1.448112793277138044e+00
4.223059565137949903e+03 1.413429941444235283e+00
4.243084536208052668e+03 1.429596431026353365e+00
4.263109507278153615e+03 1.390876010760400350e+00
4.283134478348254561e+03 1.421792381422043228e+00
4.303159449418357326e+03 1.405636812718439987e+00
4.323184420488458272e+03 1.383281418005560592e+00
4.343209391558561038e+03 1.401880386901524167e+00
4.363234362628661984e+03 1.412518162642887543e+00
4.383259333698763839e+03 1.388220888081767912e+00
4.403284304768865695e+03 1.401741801207732285e+00
4.423309275838966641e+03 1.324653458122911687e+00
4.443334246909069407e+03 1.351071266903878243e+00
4.463359217979170353e+03 1.364701032422688476e+00
4.483384189049273118e+03 1.375791706415015803e+00
4.503409160119374064e+03 1.358812515092577833e+00
4.523434131189475920e+03 1.335703325196218261e+00
4.543459102259577776e+03 1.316646315817449286e+00
4.563484073329678722e+03 1.322360710049555577e+00
4.583509044399781487e+03 1.304976198848985414e+00
4.603534015469882434e+03 1.330633364622880954e+00
4.623558986539984289e+03 1.285372534586218807e+00
4.643583957610086145e+03 1.284497336909407927e+00
4.663608928680188001e+03 1.262414505940729015e+00
4.683633899750289856e+03 1.246474961887661603e+00
4.703658870820390803e+03 1.210108665541451467e+00
4.723683841890493568e+03 1.217708298701759784e+00
4.743708812960594514e+03 1.199902786361599860e+00
4.763733784030696370e+03 1.225489590111681792e+00
4.783758755100798226e+03 1.238581432357988010e+00
4.803783726170899172e+03 1.221653714267153079e+00
4.823808697241001937e+03 1.220944748144430880e+00
4.843833668311102883e+03 1.216907077885007293e+00
4.863858639381205649e+03 1.219526790442393427e+00
4.883883610451306595e+03 1.195656142927977728e+00
4.903908581521408450e+03 1.188682741962246325e+00
4.923933552591510306e+03 1.171574332972342036e+00
4.943958523661611252e+03 1.167772747158955404e+00
4.963983494731714018e+03 1.169697392893547905e+00
4.984008465801814964e+03 1.157800890441085251e+00
5.004033436871916820e+03 1.156726876770792556e+00
5.024058407942018675e+03 1.127629074219563377e+00
5.044083379012119622e+03 1.136960493963809160e+00
5.064108350082222387e+03 1.123635698432439156e+00
5.084133321152323333e+03 1.114342539947886346e+00
5.104158292222426098e+03 1.103360769261591434e+00
5.124183263292527045e+03 1.111856907267282368e+00
5.144208234362628900e+03 1.091440744916942096e+00
5.164233205432730756e+03 1.072313271687986624e+00
5.184258176502831702e+03 1.076434261377200885e+00
5.204283147572934467e+03 1.071079008763025087e+00
5.224308118643035414e+03 1.057204325360311614e+00
5.244333089713137269e+03 1.054461326521692000e+00
5.264358060783239125e+03 1.029640308010523198e+00
5.284383031853340981e+03 1.037069662018411664e+00
5.304408002923442837e+03 1.031559633317121083e+00
5.324432973993543783e+03 1.028747265261826360e+00
5.344457945063646548e+03 1.032978431086736704e+00
5.364482916133747494e+03 1.023624660453595014e+00
5.384507887203849350e+03 1.000000000000000000e+00
5.404532858273951206e+03 1.012688126133550526e+00
5.424557829344052152e+03 9.969279492367020268e-01
5.444582800414154917e+03 9.922625448436984685e-01
5.464607771484255863e+03 9.760888001324966590e-01
5.484632742554358629e+03 9.755077533909839449e-01
5.504657713624459575e+03 9.512315568890965523e-01
5.524682684694561431e+03 9.559394228796835868e-01
5.544707655764663286e+03 9.448192446957497381e-01
5.564732626834764233e+03 9.454419893370479278e-01
5.584757597904866998e+03 9.381299902241592159e-01
5.604782568974967944e+03 9.382384607681060196e-01
5.624807540045069800e+03 9.140513623426826939e-01
5.644832511115171656e+03 9.152841996984211193e-01
5.664857482185273511e+03 9.032904530596459480e-01
5.684882453255375367e+03 8.726164291659855854e-01
5.704907424325476313e+03 8.557153895849034519e-01
5.724932395395578169e+03 8.658904662868918134e-01
5.744957366465680025e+03 8.967434245746854771e-01
5.764982337535781880e+03 8.909314043073678357e-01
5.785007308605883736e+03 8.802203644905575164e-01
5.805032279675985592e+03 8.723364320965486529e-01
5.825057250746087448e+03 8.630798292799396476e-01
5.845082221816188394e+03 8.605311660743852897e-01
5.865107192886290250e+03 8.733169436997402224e-01
5.885132163956392105e+03 8.743482666631097189e-01
5.905157135026493961e+03 8.136587045740459878e-01
5.925182106096595817e+03 8.410793758471001302e-01
5.945207077166696763e+03 8.230388991510075858e-01
5.965232048236799528e+03 8.347853095295180159e-01
5.985257019306900474e+03 8.357436993531532909e-01
6.005281990377002330e+03 8.424522499224466054e-01
6.025306961447104186e+03 8.090236698968199525e-01
6.045331932517206042e+03 8.196161583587464605e-01
6.065356903587307897e+03 8.068259258295681358e-01
6.085381874657408844e+03 7.920247242580001901e-01
6.105406845727510699e+03 7.850960759832470437e-01
6.125431816797612555e+03 7.939547413337738613e-01
6.145456787867714411e+03 7.795759664710193437e-01
6.165481758937816267e+03 7.765754741914185910e-01
6.185506730007917213e+03 7.714265727223338365e-01
6.205531701078019978e+03 7.528632939701426219e-01
6.225556672148120924e+03 7.671589785124460770e-01
6.245581643218222780e+03 7.749899357358487340e-01
6.265606614288324636e+03 7.421887334514962742e-01
6.285631585358426491e+03 7.615436104281815277e-01
6.305656556428528347e+03 7.410569333144684245e-01
6.325681527498629293e+03 7.389348207858380535e-01
6.345706498568732059e+03 7.358166172189314347e-01
6.365731469638833005e+03 7.002774819580215304e-01
6.385756440708934861e+03 7.126192965966522408e-01
6.405781411779036716e+03 7.000097295099499961e-01
6.425806382849138572e+03 7.057454563672210801e-01
6.445831353919240428e+03 7.085338188550572847e-01
6.465856324989341374e+03 6.747876423717257266e-01
6.485881296059443230e+03 6.903509888893680779e-01
6.505906267129545085e+03 6.925652033724691847e-01
6.525931238199646941e+03 6.846532941824506890e-01
6.545956209269748797e+03 6.820134200031904292e-01
6.565981180339849743e+03 7.251867839346699540e-01
6.586006151409952508e+03 7.245171991617450624e-01
6.606031122480053455e+03 6.701757477377870975e-01
6.626056093550155310e+03 6.969692958355000467e-01
6.646081064620257166e+03 6.883842379494979902e-01
6.666106035690359022e+03 6.572610070108986235e-01
6.686131006760460878e+03 6.695956683468189397e-01
6.706155977830561824e+03 6.634740195354915659e-01
6.726180948900663680e+03 6.769119441673777660e-01
6.746205919970765535e+03 6.800783370653548099e-01
6.766230891040867391e+03 6.387598423462997888e-01
6.786255862110969247e+03 6.536206378027255015e-01
6.806280833181071102e+03 6.294142432795994946e-01
6.826305804251172958e+03 6.534924638555834608e-01
6.846330775321273904e+03 6.181193819526094035e-01
6.866355746391375760e+03 6.482386557656103498e-01
6.886380717461477616e+03 6.257989742723960580e-01
6.906405688531579472e+03 6.119706218694437316e-01
6.926430659601681327e+03 6.201278053356715780e-01
6.946455630671782274e+03 6.210402460084444298e-01
6.966480601741885039e+03 6.340142751410716704e-01
6.986505572811985985e+03 6.136306208603443668e-01
7.006530543882087841e+03 6.093279983781095810e-01
7.026555514952189696e+03 6.094087466919795304e-01
7.046580486022291552e+03 6.051815775522132457e-01
7.066605457092393408e+03 6.125708374256929600e-01
7.086630428162494354e+03 5.996196683138270700e-01
7.106655399232596210e+03 6.013312169061105772e-01
7.126680370302698066e+03 5.957032987213611852e-01
7.146705341372799921e+03 5.812887064318680297e-01
7.166730312442901777e+03 5.899767362376694413e-01
7.186755283513002723e+03 5.541086763350469013e-01
7.206780254583105489e+03 5.930920377529426135e-01
7.226805225653206435e+03 5.560999165176480075e-01
7.246830196723308291e+03 5.745671475434107611e-01
7.266855167793410146e+03 5.507333866326513672e-01
7.286880138863512002e+03 5.608859087929976006e-01
7.306905109933613858e+03 5.505461533891102821e-01
7.326930081003714804e+03 5.461759436517290567e-01
7.346955052073817569e+03 5.670584962474691793e-01
