3.160962914769030249e+03 5.659101402004190762e-02
3.181001951854261279e+03 1.026616822057402068e-01
3.201040988939492308e+03 1.438866173534970316e-01
3.221080026024723338e+03 8.267456961693164796e-02
3.241119063109953913e+03 5.873470865482662701e-02
3.261158100195184943e+03 1.799158996774825325e-01
3.281197137280415973e+03 1.504138586171276104e-01
3.301236174365647003e+03 1.831571832370652575e-01
3.321275211450878032e+03 2.380563923884557731e-01
3.341314248536109062e+03 1.596393185615257726e-01
3.361353285621340092e+03 8.363680750924205876e-02
3.381392322706570667e+03 1.643330930783308552e-01
3.401431359791801697e+03 1.559290395225014503e-01
3.421470396877032726e+03 1.359010725116169549e-01
3.441509433962263756e+03 9.448930311656131287e-02
3.461548471047494786e+03 1.563993636010349852e-01
3.481587508132725816e+03 1.515838561924342798e-01
3.501626545217956846e+03 1.401534199801374447e-01
3.521665582303187875e+03 1.288589990998740831e-01
3.541704619388418905e+03 1.932822708415678770e-01
3.561743656473649480e+03 2.106716400559340285e-01
3.581782693558880510e+03 1.405143007084754536e-01
3.601821730644111540e+03 2.247288827478086115e-01
3.621860767729342570e+03 2.144782425291212047e-01
3.641899804814573599e+03 2.456702616343761358e-01
3.661938841899804174e+03 2.431962440503671607e-01
3.681977878985035204e+03 2.746876961759596170e-01
3.702016916070266234e+03 2.922976128395816109e-01
3.722055953155497264e+03 2.765518867767853828e-01
3.742094990240728293e+03 1.751600131531309834e-01
3.762134027325959323e+03 1.719283619369645910e-01
3.782173064411190353e+03 3.033113671616805562e-01
3.802212101496421383e+03 2.633804875294367687e-01
3.822251138581652413e+03 2.024134002504408836e-01
3.842290175666883442e+03 1.847342303591535395e-01
3.862329212752114017e+03 2.360580132793479169e-01
3.882368249837345047e+03 2.611560804998189766e-01
3.902407286922576077e+03 2.867058714115368612e-01
3.922446324007807107e+03 2.902100515164297567e-01
3.942485361093038136e+03 1.865881243170169901e-01
3.962524398178268711e+03 2.560210450096156998e-01
3.982563435263499741e+03 2.993481560705353317e-01
4.002602472348730771e+03 3.827710591259810835e-01
4.022641509433961801e+03 4.406979795329309391e-01
4.042680546519192831e+03 4.077902407753704050e-01
4.062719583604423860e+03 4.043242578943697096e-01
4.082758620689654890e+03 4.339586606392554780e-01
4.102797657774885920e+03 4.186133411277812022e-01
4.122836694860116950e+03 4.460240011425951612e-01
4.142875731945347979e+03 4.457582813242145781e-01
4.162914769030579009e+03 4.212722000604511852e-01
4.182953806115810039e+03 4.060530974627078460e-01
4.202992843201041069e+03 4.563372515934885909e-01
4.223031880286272099e+03 4.304345515479839346e-01
4.243070917371502219e+03 4.745706133809857175e-01
4.263109954456733249e+03 4.688310653039667875e-01
4.283148991541964278e+03 4.798567770178928660e-01
4.303188028627195308e+03 3.944129086687768737e-01
4.323227065712426338e+03 4.907562718180881745e-01
4.343266102797657368e+03 5.374432439075428336e-01
4.363305139882888398e+03 5.693545333461764724e-01
4.383344176968119427e+03 5.269821868076752791e-01
4.403383214053350457e+03 5.613613490595178446e-01
4.423422251138581487e+03 5.519000627763069877e-01
4.443461288223812517e+03 6.034995300080712166e-01
4.463500325309043546e+03 5.703675901537520465e-01
4.483539362394273667e+03 6.437909582188799940e-01
4.503578399479504697e+03 6.720768328854846985e-01
4.523617436564735726e+03 6.761639358419497814e-01
4.543656473649966756e+03 6.407683952848017839e-01
4.563695510735197786e+03 6.868292650521973242e-01
4.583734547820428816e+03 6.627118700364368342e-01
4.603773584905659845e+03 6.840524929501210494e-01
4.623812621990890875e+03 7.150736209971799706e-01
4.643851659076121905e+03 6.894731772450833907e-01
4.663890696161352935e+03 7.006782498364162448e-01
4.683929733246583965e+03 7.065157820964629298e-01
4.703968770331814994e+03 6.579372170499120376e-01
4.724007807417046024e+03 6.989328027794293741e-01
4.744046844502277054e+03 7.724026718127738889e-01
4.764085881587508084e+03 6.582444555899145122e-01
4.784124918672739113e+03 6.979795329309892438e-01
4.804163955757970143e+03 7.361535063390783895e-01
4.824202992843201173e+03 7.350756803257725291e-01
4.844242029928431293e+03 7.394550750824561147e-01
4.864281067013662323e+03 6.674832015252316619e-01
4.884320104098893353e+03 7.042388954027150039e-01
4.904359141184124383e+03 7.329964227469449867e-01
4.924398178269355412e+03 7.547206786484160768e-01
4.944437215354586442e+03 7.632569278138897628e-01
4.964476252439817472e+03 7.399732287282980714e-01
4.984515289525048502e+03 7.152463388791273635e-01
5.004554326610279531e+03 7.180280932277982586e-01
5.024593363695510561e+03 6.746842086033434382e-01
5.044632400780741591e+03 7.100531771786533497e-01
5.064671437865972621e+03 7.422650621618299693e-01
5.084710474951202741e+03 7.745134836200339157e-01
5.104749512036433771e+03 8.307497616825378906e-01
5.124788549121664801e+03 7.645473296819000897e-01
5.144827586206895830e+03 7.287133514244242827e-01
5.164866623292126860e+03 6.250959082469467187e-01
5.184905660377357890e+03 6.274674576259926528e-01
5.204944697462588920e+03 7.146816842650687285e-01
5.224983734547819950e+03 8.264434398759088474e-01
5.245022771633050979e+03 9.859567075985904427e-01
5.265061808718282009e+03 9.382666431947491725e-01
5.285100845803513039e+03 9.333059863353583285e-01
5.305139882888744069e+03 9.998455503555662149e-01
5.325178919973975098e+03 1.042010303285957784e+00
5.345217957059206128e+03 9.846546804885257798e-01
5.365256994144437158e+03 1.089137373824605071e+00
5.385296031229668188e+03 1.060954465587622630e+00
5.405335068314899218e+03 9.791609232435088961e-01
5.425374105400130247e+03 1.095202428679139972e+00
5.445413142485361277e+03 1.090163716623099521e+00
5.465452179570592307e+03 1.079061610461389042e+00
5.485491216655822427e+03 1.074182330296377108e+00
5.505530253741053457e+03 1.103046145567959435e+00
5.525569290826284487e+03 1.067569228316432417e+00
5.545608327911515516e+03 1.107420558078048511e+00
5.565647364996746546e+03 1.095140980971139211e+00
5.585686402081977576e+03 1.096987733708884027e+00
5.605725439167208606e+03 1.128183240386755104e+00
5.625764476252439636e+03 1.054417758055462340e+00
5.645803513337670665e+03 1.094895190139137497e+00
5.665842550422900786e+03 1.085218006503492649e+00
5.685881587508131815e+03 1.154340035008585730e+00
5.705920624593362845e+03 1.144596421418345944e+00
5.725959661678593875e+03 1.162750067260329034e+00
5.745998698763824905e+03 1.165266101790619180e+00
5.766037735849055935e+03 1.126806479577771025e+00
5.786076772934286964e+03 1.164234776745529887e+00
5.806115810019517994e+03 1.149520541802709683e+00
5.826154847104749024e+03 1.164460638591153341e+00
5.846193884189980054e+03 1.159335567594139471e+00
5.866232921275211083e+03 1.139549405617981126e+00
5.886271958360442113e+03 1.033819489884378662e+00
5.906310995445673143e+03 1.052497932367663092e+00
5.926350032530904173e+03 1.091915806675546108e+00
5.946389069616135203e+03 1.152197668972893219e+00
5.966428106701366232e+03 1.091802875752734492e+00
5.986467143786597262e+03 1.135000614477079894e+00
6.006506180871828292e+03 1.055568657018822964e+00
6.026545217957059322e+03 1.062116989793037369e+00
6.046584255042290351e+03 1.101139605871079397e+00
6.066623292127521381e+03 1.090351381244830886e+00
6.086662329212751501e+03 1.064576558861921818e+00
6.106701366297982531e+03 1.040371144156322814e+00
6.126740403383213561e+03 1.026809468925727886e+00
6.146779440468444591e+03 1.005035390558310482e+00
6.166818477553675621e+03 9.373150340951741377e-01
6.186857514638906650e+03 1.000154449644433674e+00
6.206896551724137680e+03 9.850615639604209939e-01
6.226935588809368710e+03 9.595209071674599688e-01
6.246974625894599740e+03 9.677964187611477476e-01
6.267013662979829860e+03 9.674841979745507636e-01
6.287052700065060890e+03 1.001346867329416135e+00
6.307091737150291920e+03 1.040505664814378006e+00
6.327130774235522949e+03 1.018372864692147051e+00
6.347169811320753979e+03 1.023328539304943385e+00
6.367208848405985009e+03 9.907645755624124861e-01
6.387247885491216039e+03 1.068462711205736770e+00
6.407286922576447068e+03 1.053592365869617797e+00
6.427325959661678098e+03 1.023114302701374045e+00
6.447364996746909128e+03 1.064445359701596594e+00
6.467404033832140158e+03 1.024642191657061829e+00
6.487443070917371188e+03 1.058004975603598963e+00
6.507482108002602217e+03 9.654447983684802947e-01
6.527521145087833247e+03 1.013779233331894014e+00
6.547560182173064277e+03 1.054090590529081384e+00
6.567599219258295307e+03 9.468111961045473368e-01
6.587638256343526336e+03 1.142314552478003398e+00
6.607677293428757366e+03 1.000465009682165896e+00
6.627716330513988396e+03 9.915567527709593376e-01
6.647755367599219426e+03 1.012879107447130167e+00
6.667794404684450456e+03 1.006978466730217736e+00
6.687833441769680576e+03 1.032947596730317441e+00
6.707872478854911606e+03 1.019583550614643119e+00
6.727911515940142635e+03 1.014269154247033011e+00
6.747950553025373665e+03 1.007192703333787298e+00
6.767989590110604695e+03 9.829275016690525169e-01
6.788028627195835725e+03 1.008336959301688207e+00
6.808067664281066754e+03 9.754126130554791052e-01
6.828106701366297784e+03 9.967465929737037156e-01
6.848145738451528814e+03 9.850150629922044265e-01
6.868184775536758934e+03 9.854319109572887703e-01
6.888223812621989964e+03 9.552012993699119381e-01
6.908262849707220994e+03 1.008632572599636568e+00
6.928301886792452024e+03 1.040897601546489248e+00
6.948340923877683053e+03 1.013677927651136290e+00
6.968379960962914083e+03 1.032896113515506364e+00
6.988418998048145113e+03 1.020930417944059476e+00
7.008458035133376143e+03 9.953117059544489553e-01
7.028497072218607173e+03 1.022599470553261725e+00
7.048536109303838202e+03 9.903925678166797253e-01
7.068575146389069232e+03 9.624205746855372112e-01
7.088614183474300262e+03 9.575911169864714800e-01
7.108653220559531292e+03 9.573021466839828353e-01
7.128692257644762321e+03 9.356642497234852751e-01
7.148731294729993351e+03 9.275083120480687171e-01
7.168770331815224381e+03 9.950260571496899464e-01
7.188809368900455411e+03 9.456735831321058106e-01
7.208848405985686441e+03 1.033615217773998340e+00
7.228887443070917470e+03 9.556413978191045100e-01
7.248926480156147591e+03 1.043103076039047394e+00
7.268965517241378620e+03 1.028216123214279687e+00
7.289004554326609650e+03 1.035410487296931858e+00
7.309043591411840680e+03 1.031464547993981462e+00
7.329082628497071710e+03 1.034621631586114754e+00
7.349121665582302739e+03 1.090407846706236805e+00
7.369160702667533769e+03 1.069656789639584105e+00
7.389199739752764799e+03 1.080247385150912010e+00
7.409238776837995829e+03 1.044038077649973806e+00
7.429277813923226859e+03 1.058019922343383046e+00
7.449316851008457888e+03 1.109488190414821940e+00
7.469355888093688918e+03 1.096007891878605589e+00
7.489394925178919948e+03 1.202720970940216239e+00
7.509433962264150978e+03 1.140725215814314852e+00
7.529472999349382007e+03 1.156812890068389610e+00
7.549512036434612128e+03 1.197438128801038948e+00
7.569551073519843158e+03 1.122970149699902720e+00
7.589590110605074187e+03 1.107513560014481868e+00
7.609629147690305217e+03 1.069548840963367109e+00
7.629668184775536247e+03 1.097346455463697801e+00
7.649707221860767277e+03 1.090803104936077572e+00
7.669746258945998306e+03 1.020649751385894755e+00
7.689785296031229336e+03 1.044270582491056754e+00
7.709824333116460366e+03 1.043732499858836205e+00
7.729863370201691396e+03 1.032082346571716158e+00
7.749902407286922426e+03 1.083920961640022496e+00
7.769941444372153455e+03 1.076053994267094804e+00
7.789980481457384485e+03 1.092008808611979243e+00
7.810019518542615515e+03 1.082192122071684581e+00
7.830058555627845635e+03 1.103477940272827640e+00
7.850097592713076665e+03 1.077551989743214866e+00
7.870136629798307695e+03 1.100569969010426252e+00
7.890175666883538725e+03 1.071510185372788193e+00
7.910214703968769754e+03 1.021652843700281199e+00
7.930253741054000784e+03 9.839090042481954956e-01
7.950292778139231814e+03 1.141854525042432122e+00
7.970331815224462844e+03 9.834622628035433189e-01
7.990370852309693873e+03 1.076696704077802602e+00
8.010409889394924903e+03 1.050448568268403493e+00
8.030448926480155933e+03 1.134050666126369622e+00
8.050487963565386963e+03 1.101828816650003651e+00
8.070527000650617993e+03 1.119646991221281418e+00
8.090566037735849022e+03 1.095385111054276495e+00
8.110605074821080052e+03 1.104892898305703808e+00
8.130644111906311082e+03 1.149128605070598441e+00
8.150683148991541202e+03 1.104434531618997628e+00
8.170722186076772232e+03 1.193759570065333842e+00
8.190761223162003262e+03 1.094310606538700270e+00
8.210800260247233382e+03 1.120028963460203419e+00
8.230839297332466231e+03 1.195739182712268533e+00
8.250878334417695442e+03 1.166775722508793578e+00
8.270917371502928290e+03 1.022398519940611816e+00
8.290956408588157501e+03 1.037979665790898398e+00
8.310995445673390350e+03 1.173661187302578401e+00
8.331034482758619561e+03 9.418721289803996255e-01
8.351073519843852409e+03 1.014250886009519403e+00
8.371112556929081620e+03 1.105102152662678527e+00
8.391151594014314469e+03 9.543725856863375379e-01
8.411190631099543680e+03 1.208085189773772772e+00
8.431229668184774710e+03 1.103916377973155560e+00
8.451268705270005739e+03 1.121508690698809874e+00
8.471307742355236769e+03 1.152051523072783912e+00
8.491346779440467799e+03 9.747848499845551684e-01
8.511385816525698829e+03 9.592020433854032690e-01
8.531424853610929858e+03 1.088081137546542454e+00
8.551463890696160888e+03 1.020576678435840323e+00
8.571502927781391918e+03 1.141374568620482144e+00
8.591541964866622948e+03 1.066557832257721605e+00
8.611581001951853978e+03 1.130318963426988343e+00
8.631620039037085007e+03 1.160102833569713221e+00
8.651659076122316037e+03 1.171238154708721169e+00
8.671698113207547067e+03 1.134117096080965004e+00
8.691737150292778097e+03 1.263567487851621873e+00
8.711776187378009126e+03 1.154462930424587030e+00
8.731815224463240156e+03 1.029383629666289046e+00
8.751854261548469367e+03 1.195372157213130393e+00
8.771893298633702216e+03 1.458589227054263304e+00
8.791932335718931427e+03 2.241622352351122061e+00
8.811971372804164275e+03 1.000938323108656158e+00
8.832010409889393486e+03 8.214811222676529079e-01
8.852049446974626335e+03 1.962483683142402402e+00
8.872088484059855546e+03 8.941438673526667102e-01
8.892127521145088394e+03 1.636800866246608033e+00
8.912166558230317605e+03 1.484986830261501467e+00
8.932205595315550454e+03 8.102046374751302737e-01
8.952244632400779665e+03 8.849931411071879639e-01
