3.277791927363912691e+03 2.249627537795901411e+00
3.307886964550626544e+03 2.603290858748511294e+00
3.337982001737340852e+03 2.601778917782437084e+00
3.368077038924055159e+03 2.949377601167824992e+00
3.398172076110769012e+03 2.788512688874110523e+00
3.428267113297482865e+03 2.901338282026092674e+00
3.458362150484197173e+03 2.835628216497774634e+00
3.488457187670911480e+03 2.782958135876429484e+00
3.518552224857625333e+03 2.585816693891800799e+00
3.548647262044339186e+03 2.429435255337170751e+00
3.578742299231053494e+03 2.338088438253667523e+00
3.608837336417767347e+03 2.307860195277556148e+00
3.638932373604481654e+03 2.204020331431886248e+00
3.669027410791195507e+03 2.206857088402117029e+00
3.699122447977909360e+03 2.235963630440075178e+00
3.729217485164623668e+03 2.353500633282968213e+00
3.759312522351337975e+03 2.156973593752794738e+00
3.789407559538051828e+03 2.159487216929352194e+00
3.819502596724765681e+03 2.176531161033729678e+00
3.849597633911479988e+03 2.138819348054101344e+00
3.879692671098193841e+03 2.087779480936395426e+00
3.909787708284908149e+03 2.060537948280055431e+00
3.939882745471622002e+03 1.920088495811340445e+00
3.969977782658336309e+03 1.853452925638458870e+00
4.000072819845050162e+03 2.099286568368599504e+00
4.030167857031764470e+03 2.033683189680551173e+00
4.060262894218478323e+03 1.957654243582590770e+00
4.090357931405192176e+03 1.897361410047384345e+00
4.120452968591906028e+03 1.818549274201674226e+00
4.150548005778620791e+03 1.822546793011837085e+00
4.180643042965333734e+03 1.805541469388050269e+00
4.210738080152048497e+03 1.775353109421205389e+00
4.240833117338763259e+03 1.776753445881642524e+00
4.270928154525476202e+03 1.766890042596263255e+00
4.301023191712190965e+03 1.687943893526843597e+00
4.331118228898905727e+03 1.685166996612151857e+00
4.361213266085618670e+03 1.613806691752110334e+00
4.391308303272333433e+03 1.580193103139539978e+00
4.421403340459046376e+03 1.545265921522763986e+00
4.451498377645761138e+03 1.516294049748545980e+00
4.481593414832475901e+03 1.499979464906140647e+00
4.511688452019188844e+03 1.492476059493890173e+00
4.541783489205903606e+03 1.468378439831834914e+00
4.571878526392616550e+03 1.448877946158638075e+00
4.601973563579331312e+03 1.429730488505609687e+00
4.632068600766046075e+03 1.414570513026837340e+00
4.662163637952759018e+03 1.380556828925092683e+00
4.692258675139473780e+03 1.353407105598847471e+00
4.722353712326187633e+03 1.325549525089749769e+00
4.752448749512901486e+03 1.312430826798172356e+00
4.782543786699616248e+03 1.322943494667759179e+00
4.812638823886329192e+03 1.323486320033764319e+00
4.842733861073043954e+03 1.324108716489186932e+00
4.872828898259758716e+03 1.305876859168857651e+00
4.902923935446471660e+03 1.310924842738891982e+00
4.933018972633186422e+03 1.305835442899126786e+00
4.963114009819899366e+03 1.328638512622430934e+00
4.993209047006614128e+03 1.299747400459510205e+00
5.023304084193328890e+03 1.280259135198397402e+00
5.053399121380041834e+03 1.272642014638948105e+00
5.083494158566756596e+03 1.272674884265153850e+00
5.113589195753469539e+03 1.261707776459402464e+00
5.143684232940184302e+03 1.221791321563762356e+00
5.173779270126899064e+03 1.201577867384961307e+00
5.203874307313612007e+03 1.202385415051040685e+00
5.233969344500326770e+03 1.194287715914260861e+00
5.264064381687041532e+03 1.177394366732647191e+00
5.294159418873754475e+03 1.183272705246013023e+00
5.324254456060469238e+03 1.175293802527496378e+00
5.354349493247182181e+03 1.164192334392791572e+00
5.384444530433896944e+03 1.148913729498302949e+00
5.414539567620611706e+03 1.122942568721050804e+00
5.444634604807324649e+03 1.126839912008328781e+00
5.474729641994039412e+03 1.109938438798755422e+00
5.504824679180753265e+03 1.103415535731436581e+00
5.534919716367467117e+03 1.112130701254197440e+00
5.565014753554181880e+03 1.093930482494031908e+00
5.595109790740894823e+03 1.081090090856684505e+00
5.625204827927609585e+03 1.073593092169442542e+00
5.655299865114323438e+03 1.064250754845584179e+00
5.685394902301037291e+03 1.070117077236115488e+00
5.715489939487752054e+03 1.065610427480493838e+00
5.745584976674464997e+03 1.066506265214005600e+00
5.775680013861179759e+03 1.012329961542655754e+00
5.805775051047894522e+03 1.048618423145132317e+00
5.835870088234607465e+03 1.044637680100004573e+00
5.865965125421322227e+03 1.044234509333265226e+00
5.896060162608035171e+03 9.660667307918482383e-01
5.926155199794749933e+03 1.010948151172049725e+00
5.956250236981464695e+03 1.008165218819272901e+00
5.986345274168177639e+03 1.011393729991486135e+00
6.016440311354892401e+03 9.918347811807272096e-01
6.046535348541606254e+03 9.899979395295757101e-01
6.076630385728320107e+03 9.728305867936246631e-01
6.106725422915034869e+03 9.615588360486649888e-01
6.136820460101747813e+03 9.170663427300438375e-01
6.166915497288462575e+03 9.007411801083489156e-01
6.197010534475176428e+03 9.157925525749954776e-01
6.227105571661890281e+03 8.921224904089973817e-01
6.257200608848605043e+03 8.814799513436136769e-01
6.287295646035317986e+03 8.814442955341159625e-01
6.317390683222032749e+03 8.765175551172288415e-01
6.347485720408747511e+03 8.569840145551191890e-01
6.377580757595460454e+03 8.553423952341356884e-01
6.407675794782175217e+03 8.396347251012703516e-01
6.437770831968889070e+03 8.453394045069007046e-01
6.467865869155602923e+03 8.485925820082282911e-01
6.497960906342317685e+03 8.310153892345941706e-01
6.528055943529030628e+03 8.391130623381330977e-01
6.558150980715745391e+03 2.042140192639665841e+00
6.588246017902459243e+03 1.189211917886236147e+00
6.618341055089173096e+03 8.117487996129197914e-01
6.648436092275887859e+03 8.155198968123757997e-01
6.678531129462600802e+03 8.048858142626006407e-01
6.708626166649315564e+03 9.475466022252445608e-01
6.738721203836030327e+03 7.705661080306386301e-01
6.768816241022743270e+03 7.486542938005671388e-01
6.798911278209458033e+03 7.703350447347646623e-01
6.829006315396170976e+03 7.856723794244723225e-01
6.859101352582885738e+03 7.701932071438011285e-01
6.889196389769600501e+03 7.787886650709300307e-01
6.919291426956313444e+03 7.641102901203873365e-01
6.949386464143028206e+03 7.598566780551482269e-01
6.979481501329742059e+03 7.576548974847115980e-01
7.009576538516455912e+03 7.319428580600707557e-01
7.039671575703170674e+03 6.877350089307369130e-01
7.069766612889883618e+03 7.085903786906941892e-01
7.099861650076598380e+03 6.745864013266107406e-01
7.129956687263312233e+03 6.701365759139215061e-01
7.160051724450026086e+03 6.667129339455308834e-01
7.190146761636740848e+03 6.842917987075702868e-01
7.220241798823453792e+03 6.885322961446410650e-01
7.250336836010168554e+03 6.709951801956672846e-01
7.280431873196883316e+03 6.683820488938663207e-01
7.310526910383596260e+03 6.612129394799646231e-01
7.340621947570311022e+03 6.549115508687319842e-01
7.370716984757024875e+03 6.463425880571964655e-01
7.400812021943738728e+03 6.423273480159270576e-01
7.551287207877308902e+03 6.263016527858461524e-01
7.581382245064023664e+03 6.190759738902682496e-01
7.611477282250737517e+03 6.175515395159874021e-01
7.641572319437451370e+03 5.844177327382693576e-01
7.671667356624165222e+03 5.797709536317263712e-01
7.701762393810879075e+03 5.791583888735234442e-01
7.731857430997593838e+03 5.740858748205615036e-01
7.761952468184307691e+03 5.685830438732536463e-01
7.792047505371021543e+03 5.886180570137654611e-01
7.822142542557735396e+03 5.988842113738377382e-01
7.852237579744449249e+03 5.949574263421630871e-01
7.882332616931164011e+03 5.716925032230080195e-01
7.912427654117877864e+03 5.946068969194117093e-01
7.942522691304591717e+03 5.555439933229801008e-01
7.972617728491306480e+03 5.588768003701858333e-01
8.002712765678020332e+03 5.279406792871779164e-01
8.032807802864734185e+03 5.688563679878351209e-01
8.062902840051448038e+03 5.256418202864415745e-01
8.092997877238161891e+03 5.743124469228936269e-01
8.123092914424876653e+03 5.499837348968317219e-01
8.153187951611590506e+03 5.646077773589701643e-01
8.183282988798304359e+03 5.647627948700281175e-01
8.213378025985017302e+03 5.647439631750025280e-01
8.243473063171732065e+03 5.750059689083617531e-01
8.273568100358446827e+03 5.392007109249205010e-01
8.303663137545161590e+03 5.335472472857665238e-01
8.333758174731874533e+03 5.185194276355020726e-01
8.363853211918589295e+03 5.051035290995934401e-01
8.393948249105302239e+03 4.946077751800435629e-01
8.424043286292017001e+03 5.229760847275805036e-01
8.454138323478731763e+03 4.977436960945294531e-01
8.484233360665444707e+03 5.033852643382656922e-01
8.514328397852159469e+03 4.711823738059893185e-01
8.544423435038872412e+03 4.802381124845259142e-01
8.574518472225587175e+03 4.629497938842516147e-01
8.604613509412301937e+03 5.120306406993963000e-01
8.634708546599014880e+03 4.679532703844961894e-01
8.664803583785729643e+03 4.598628931594905822e-01
8.694898620972442586e+03 4.815034565372623421e-01
8.724993658159157349e+03 5.292943032864021458e-01
8.755088695345872111e+03 4.905878373777269874e-01
8.785183732532585054e+03 4.626448482355248193e-01
8.815278769719299817e+03 4.591525326507776006e-01
8.845373806906012760e+03 4.857324787164503666e-01
8.875468844092727522e+03 4.825518749173056676e-01
8.905563881279442285e+03 5.963295164573122475e-01
