3.131949046576045475e+03 8.876385536521924635e+00
3.161953902888466473e+03 9.219787687765098383e+00
3.191958759200887471e+03 9.253167108007406938e+00
3.221963615513308014e+03 9.092437841257938302e+00
3.251968471825728557e+03 9.370674665479343801e+00
3.281973328138149554e+03 9.993297869847447501e+00
3.311978184450570552e+03 1.021638975464579602e+01
3.341983040762991095e+03 1.026663229676844935e+01
3.371987897075411638e+03 1.043034237105429618e+01
3.401992753387832636e+03 1.111616244463712633e+01
3.431997609700253179e+03 1.105729618259789682e+01
3.462002466012673722e+03 1.137496777822042127e+01
3.492007322325094719e+03 1.132636561760363847e+01
3.522012178637515717e+03 1.152710144587912744e+01
3.552017034949936260e+03 1.139915168842125048e+01
3.582021891262356803e+03 1.114193986830080085e+01
3.612026747574777801e+03 1.134572211937290653e+01
3.642031603887198798e+03 1.171865113772174638e+01
3.672036460199619341e+03 1.145197197291027180e+01
3.702041316512039884e+03 1.095821713964333455e+01
3.732046172824460882e+03 9.921824104234527653e+00
3.762051029136881425e+03 9.459377123708200941e+00
3.792055885449301968e+03 9.714573617978581765e+00
3.822060741761722966e+03 1.048611534225388553e+01
3.852065598074143963e+03 1.131811684203126234e+01
3.882070454386564506e+03 1.162514939188714358e+01
3.912075310698985049e+03 1.133334895601434056e+01
3.942080167011406047e+03 1.113692498769714057e+01
3.972085023323826590e+03 1.157401635694701802e+01
4.002089879636247133e+03 1.181726150024605637e+01
4.032094735948668131e+03 1.169573266468258588e+01
4.062099592261089128e+03 1.081170763714761129e+01
4.092104448573509671e+03 1.013807325475124799e+01
4.122109304885931124e+03 9.300911583436834107e+00
4.152114161198351212e+03 8.709582171396434092e+00
4.182119017510771300e+03 8.514297096524735764e+00
4.212123873823193207e+03 8.604119700981884833e+00
4.242128730135613296e+03 8.784224216717829492e+00
4.272133586448034293e+03 8.714025261875189443e+00
4.302138442760455291e+03 8.368856185409978110e+00
4.332143299072875379e+03 8.863229676844843752e+00
4.362148155385296377e+03 9.060103578375086286e+00
4.392153011697717375e+03 9.236557073559394482e+00
4.422157868010137463e+03 9.668221123426990360e+00
4.452162724322558461e+03 1.007808215967942189e+01
4.482167580634979458e+03 1.060155133222412438e+01
4.512172436947399547e+03 1.085117052937454574e+01
4.542177293259821454e+03 1.077627539662081624e+01
4.572182149572241542e+03 1.056485365453565706e+01
4.602187005884662540e+03 1.005581983924261102e+01
4.632191862197083537e+03 9.436927331099290939e+00
4.662196718509503626e+03 8.867672767323602656e+00
4.692201574821924623e+03 8.287404213437069345e+00
4.722206431134345621e+03 8.021006256883744356e+00
4.752211287446765709e+03 7.736161038595834150e+00
4.782216143759186707e+03 7.486105968645279773e+00
4.812221000071607705e+03 7.209186136432873759e+00
4.842225856384027793e+03 8.046090033510651551e+00
4.872230712696449700e+03 8.858022637264781451e+00
4.902235569008869788e+03 8.350207391090384235e+00
4.932240425321289877e+03 7.843245143299042432e+00
4.962245281633711784e+03 7.498460384786633348e+00
4.992250137946131872e+03 7.576373819511166730e+00
5.022254994258552870e+03 7.799751599371968602e+00
5.052259850570973867e+03 7.820120450870573947e+00
5.082264706883393956e+03 7.872190846671196951e+00
5.112269563195814953e+03 7.912797319147939490e+00
5.142274419508235951e+03 7.997726899913295107e+00
5.172279275820656039e+03 8.229400323389498340e+00
5.202284132133077037e+03 8.439528507487171538e+00
5.232288988445498035e+03 8.634986994118060366e+00
5.262293844757919032e+03 8.672851686077846622e+00
5.292298701070340030e+03 8.549312211468610201e+00
5.322303557382760118e+03 8.347629648724018026e+00
5.352308413695181116e+03 8.073981205914748216e+00
5.382313270007602114e+03 7.721524148759169037e+00
5.412318126320022202e+03 7.500044524640873789e+00
5.442322982632443200e+03 7.258749091931666619e+00
5.472327838944864197e+03 7.231054765308275734e+00
5.502332695257284286e+03 6.933386450448761451e+00
5.532337551569705283e+03 6.610662479788156354e+00
5.562342407882126281e+03 6.212968387504980150e+00
5.592347264194547279e+03 5.950183957068873042e+00
5.622352120506967367e+03 5.518346495442082222e+00
5.652356976819388365e+03 5.357725025191573565e+00
5.682361833131809362e+03 5.366629953366297556e+00
5.712366689444230360e+03 5.441825041595389045e+00
5.742371545756650448e+03 5.455421460876901385e+00
5.772376402069071446e+03 5.461683031425023316e+00
5.802381258381492444e+03 5.536756262742249746e+00
5.832386114693912532e+03 5.649244252806225219e+00
5.862390971006333530e+03 5.690619361188574032e+00
5.892395827318754527e+03 5.792922925503245501e+00
5.922400683631174616e+03 5.817120896116982465e+00
5.952405539943595613e+03 5.755939352752326599e+00
5.982410396256016611e+03 5.712745764300612095e+00
6.012415252568437609e+03 5.596034963560096109e+00
6.042420108880858606e+03 5.472636093079933595e+00
6.072424965193278695e+03 5.383872706395144370e+00
6.102429821505699692e+03 5.257591451268952554e+00
6.132434677818120690e+03 5.080102172333794464e+00
6.162439534130540778e+03 5.094959341972676192e+00
6.192444390442961776e+03 4.949785578703161271e+00
6.222449246755382774e+03 4.883786000515548231e+00
6.252454103067802862e+03 4.758981088744639543e+00
6.282458959380223860e+03 4.604250931502355648e+00
6.312463815692644857e+03 4.869472500175755059e+00
6.342468672005065855e+03 5.202633984017996482e+00
6.372473528317486853e+03 5.736723455112131553e+00
6.402478384629906941e+03 6.305035971223021285e+00
6.432483240942327939e+03 6.730358774869355187e+00
6.462488097254748936e+03 6.806486537154641248e+00
6.492492953567169025e+03 6.769845101117803132e+00
6.522497809879590022e+03 7.397951866519814068e+00
6.552502666192011020e+03 8.403435427553723969e+00
6.582507522504431108e+03 8.617463032831064851e+00
6.612512378816852106e+03 8.313209757926557586e+00
6.642517235129273104e+03 8.077646286879291537e+00
6.672522091441694101e+03 7.678682070630141965e+00
6.702526947754114190e+03 6.190040540857216556e+00
6.732531804066535187e+03 6.519372905584328137e+00
6.762536660378956185e+03 6.192243338879385384e+00
6.792541516691377183e+03 5.872875120099361190e+00
6.822546373003797271e+03 5.523389496871558890e+00
6.852551229316218269e+03 5.278288379068732716e+00
6.882556085628639266e+03 5.114934501909873532e+00
6.912560941941059355e+03 5.025172825908654772e+00
6.942565798253480352e+03 4.899472734515970984e+00
6.972570654565901350e+03 4.792622970027886176e+00
7.002575510878321438e+03 4.595833430975090117e+00
7.032580367190742436e+03 4.682005014880604499e+00
7.062585223503163434e+03 4.583404025964896711e+00
7.092590079815584431e+03 4.538879385091275864e+00
7.122594936128005429e+03 4.541339957350081669e+00
7.152599792440425517e+03 4.520033744990977986e+00
7.182604648752846515e+03 4.460605066435451960e+00
7.212609505065267513e+03 4.412621563986595774e+00
7.242614361377687601e+03 4.342727251423617041e+00
7.272619217690108599e+03 4.311578750029293694e+00
7.302624074002529596e+03 4.216708457338364191e+00
7.332628930314949685e+03 4.162004077519743106e+00
7.362633786627371592e+03 3.978965622290441484e+00
7.512658068189474761e+03 3.797769081152016835e+00
7.542662924501895759e+03 3.877032315515665850e+00
7.572667780814315847e+03 3.788840718955780229e+00
7.602672637126736845e+03 3.545098774400675001e+00
7.632677493439157843e+03 3.553858411642022208e+00
7.662682349751577931e+03 3.666355775314602106e+00
7.692687206063999838e+03 3.678522719283856546e+00
7.722692062376419926e+03 3.748295174934970664e+00
7.752696918688840015e+03 4.004761793171326190e+00
7.782701775001261922e+03 4.151032268647623091e+00
7.812706631313682010e+03 4.164778665666815094e+00
7.842711487626102098e+03 4.181037189792140119e+00
7.872716343938524005e+03 4.150624516673307340e+00
7.902721200250944094e+03 4.076376162913317280e+00
7.932726056563365091e+03 3.889611698263538919e+00
7.962730912875786089e+03 3.816150727626368422e+00
7.992735769188206177e+03 3.761816605347644060e+00
8.022740625500628084e+03 3.617191198181519685e+00
8.052745481813048173e+03 3.485534178520375725e+00
8.082750338125468261e+03 3.323337942024231051e+00
8.112755194437890168e+03 3.133555175403651472e+00
8.142760050750310256e+03 3.078443043610714192e+00
8.172764907062730344e+03 3.104511049141143175e+00
8.202769763375152252e+03 3.178225107210648215e+00
8.232774619687574159e+03 3.195725634476132448e+00
8.262779475999992428e+03 3.155133222412298544e+00
8.292784332312414335e+03 3.221896749701216311e+00
8.322789188624836243e+03 3.373538302908162034e+00
8.352794044937254512e+03 3.475860614440044127e+00
8.382798901249676419e+03 3.562472757949992186e+00
8.412803757562098326e+03 3.708105828041150520e+00
8.442808613874516595e+03 3.762838328685586209e+00
8.472813470186938503e+03 3.732210062568837472e+00
8.502818326499360410e+03 3.794427389684343677e+00
8.532823182811778679e+03 3.857760176223842041e+00
8.562828039124200586e+03 3.921669439692546000e+00
8.592832895436622493e+03 3.949893375202119028e+00
8.622837751749040763e+03 4.015508635436927598e+00
8.652842608061462670e+03 4.016019497105898672e+00
8.682847464373884577e+03 3.976645654160710919e+00
8.712852320686302846e+03 3.942511658425702947e+00
8.742857176998724754e+03 3.926379678016544972e+00
8.772862033311146661e+03 3.871745600262461728e+00
8.802866889623566749e+03 3.931460173880439779e+00
8.832871745935986837e+03 3.862578211046797882e+00
8.862876602248408744e+03 3.737468656996227434e+00
8.892881458560828833e+03 3.577920464930987254e+00
8.922886314873248921e+03 3.456424436997633798e+00
8.952891171185670828e+03 3.406514657980456384e+00
8.982896027498092735e+03 3.309413446441543893e+00
9.012900883810511004e+03 3.236318046539966797e+00
9.042905740122932912e+03 3.069224099547723572e+00
9.072910596435354819e+03 2.677861879877205364e+00
9.102915452747773088e+03 2.256269772455651523e+00
9.132920309060194995e+03 2.442246853982612542e+00
9.162925165372616902e+03 2.945117521617885092e+00
9.192930021685035172e+03 2.690539685515431767e+00
9.222934877997457079e+03 2.753028847280481806e+00
9.252939734309878986e+03 3.017177137768612738e+00
9.282944590622297255e+03 2.838956717362266957e+00
9.312949446934719163e+03 2.749893375202118850e+00
9.342954303247141070e+03 2.821423382466665242e+00
9.372959159559559339e+03 2.842846764933330217e+00
9.402964015871981246e+03 2.785095962318093754e+00
9.432968872184403153e+03 2.843048297518337098e+00
9.462973728496821423e+03 2.763391371593279189e+00
9.492978584809243330e+03 2.715810934314437652e+00
9.522983441121665237e+03 2.777489278935158179e+00
9.552988297434085325e+03 2.705246877416634277e+00
9.582993153746505413e+03 2.647275794999179865e+00
9.612998010058927321e+03 2.602629297213695292e+00
9.643002866371349228e+03 2.590448292831532662e+00
9.673007722683767497e+03 2.547906170177864471e+00
9.703012578996189404e+03 2.490108499519602780e+00
9.733017435308611311e+03 2.478452417219318971e+00
9.763022291621029581e+03 2.410728095048391584e+00
9.793027147933451488e+03 2.389000070302064849e+00
9.823032004245873395e+03 2.367000210906193836e+00
9.853036860558291664e+03 2.332561572891524548e+00
9.883041716870713572e+03 2.275771565158297260e+00
9.913046573183135479e+03 2.124453401448222589e+00
9.943051429495553748e+03 2.030539216835001159e+00
9.973056285807975655e+03 2.059747381248096421e+00
1.000306114212039756e+04 2.072917301338082829e+00
1.003306599843281583e+04 2.045274529562018273e+00
1.006307085474523774e+04 2.071914325217350417e+00
1.009307571105765965e+04 2.036528952733578812e+00
1.012308056737007792e+04 2.005802263726478074e+00
1.015308542368249982e+04 1.959777845476062375e+00
1.018309027999492173e+04 1.955747193775923876e+00
1.021309513630734182e+04 2.049947273451597329e+00
1.024309999261976191e+04 1.957912497363672788e+00
1.027310484893218381e+04 1.888041618822206003e+00
1.030310970524460390e+04 1.812930893070559879e+00
1.033311456155702399e+04 1.753221006256883818e+00
1.036311941786944590e+04 1.698413516743608520e+00
1.039312427418186780e+04 1.740880650528437323e+00
1.042312913049428607e+04 1.748009279872519084e+00
1.045313398680670798e+04 1.799414149462189361e+00
1.048313884311912989e+04 1.843573219600215474e+00
1.051314369943154816e+04 1.880627094415672884e+00
1.054314855574397006e+04 1.922705223443395228e+00
1.057315341205639197e+04 1.952428936329763554e+00
1.060315826836881024e+04 1.971616713144142663e+00
1.063316312468123215e+04 1.862348557635975954e+00
1.066316798099365406e+04 1.879535069013193338e+00
1.069317283730607232e+04 1.895999812527828121e+00
1.072317769361849423e+04 1.925151735289293065e+00
1.075318254993091614e+04 1.963194525812574920e+00
1.078318740624333441e+04 1.907473109460314564e+00
1.081319226255575632e+04 1.855346472008061465e+00
1.084319711886817822e+04 1.839734726876479654e+00
1.087320197518059649e+04 1.748140510392988789e+00
1.090320683149301840e+04 1.690520938298221365e+00
1.093321168780544031e+04 1.415396152133667984e+00
1.096321654411786039e+04 1.721805357017317739e+00
1.099322140043028048e+04 1.511588123637897629e+00
1.102322625674270239e+04 1.744859747381248383e+00
1.105323111305512430e+04 1.148023340285426297e+00
1.108323596936754257e+04 1.793939962036885438e+00
1.111324082567996447e+04 1.785063154687976272e+00
1.114324568199238638e+04 1.746228294237574419e+00
1.117325053830480465e+04 1.632442059381810751e+00
1.120325539461722656e+04 1.716317109179106293e+00
1.123326025092964846e+04 1.690572493145549027e+00
1.126326510724206673e+04 1.732617814543153889e+00
1.129326996355448864e+04 1.789787453424882546e+00
1.132327481986691055e+04 1.759285731024301302e+00
1.135327967617932882e+04 1.734342558526468681e+00
1.138328453249175072e+04 1.716795163217959663e+00
1.141328938880417263e+04 1.703522133433318597e+00
1.144329424511659090e+04 1.709746209547020390e+00
1.147329910142901281e+04 1.717104492301924079e+00
1.150330395774143471e+04 1.782827549035690184e+00
1.153330881405385480e+04 1.735964192815129037e+00
1.156331367036627489e+04 1.831153188198626935e+00
1.159331852667869680e+04 1.847613244908958841e+00
1.162332338299111689e+04 1.860145759613807348e+00
1.165332823930353698e+04 1.829840882993930773e+00
1.168333309561595888e+04 1.809631382841609515e+00
1.171333795192837897e+04 1.787144095798280041e+00
1.174334280824079906e+04 1.816811567033018715e+00
1.177334766455322097e+04 1.803730696224779217e+00
1.180335252086564105e+04 1.806125653223349614e+00
1.183335737717806114e+04 1.804822721627258542e+00
1.186336223349048305e+04 1.818883134534717394e+00
1.189336708980290496e+04 1.769652942141400898e+00
1.192337194611532323e+04 1.754683289199259644e+00
1.195337680242774513e+04 1.771223021582733814e+00
1.198338165874016704e+04 1.798757996859841279e+00
1.201338651505258531e+04 1.755780001406041402e+00
1.204339137136500722e+04 1.741157171982284035e+00
1.207339622767742912e+04 1.712820753169451482e+00
1.210340108398984739e+04 1.688683711011646826e+00
1.213340594030226930e+04 1.672861059686452823e+00
1.216341079661469121e+04 1.641150141775830296e+00
1.219341565292710948e+04 1.616535045579172047e+00
1.222342050923953138e+04 1.557462564150633888e+00
1.225342536555195329e+04 1.534375366156586207e+00
1.228343022186437338e+04 1.465619947039111581e+00
1.231343507817679347e+04 1.407850397206664717e+00
1.234343993448921537e+04 1.383778970309095024e+00
1.237344479080163546e+04 1.381473062592271539e+00
1.240344964711405555e+04 1.436566447167998417e+00
1.243345450342647746e+04 1.492109764956764062e+00
1.246345935973889755e+04 1.499796124012841902e+00
1.249346421605131763e+04 1.536189159421648354e+00
1.252346907236373954e+04 1.554603613526117201e+00
1.255347392867615963e+04 1.556272115857802341e+00
1.258347878498857972e+04 1.557532866215171286e+00
1.261348364130100163e+04 1.563461673657816409e+00
1.264348849761342353e+04 1.549504370445012214e+00
1.267349335392584180e+04 1.531525789140674609e+00
1.270349821023826371e+04 1.502805052375038253e+00
1.273350306655068562e+04 1.490553745928338669e+00
1.276350792286310389e+04 1.524790851358001520e+00
1.279351277917552579e+04 1.520577414290066542e+00
1.282351763548794770e+04 1.579603027675579474e+00
1.285352249180036597e+04 1.515286012232559321e+00
1.288352734811278788e+04 1.441229817448972605e+00
1.291353220442520978e+04 1.501145923651957981e+00
1.294353706073762987e+04 1.440194033698122933e+00
1.297354191705004996e+04 1.320132167881330254e+00
1.300354677336247187e+04 1.384866308907271693e+00
1.303355162967489196e+04 1.303001898155742522e+00
1.306355648598731204e+04 1.278391488763386707e+00
1.309356134229973395e+04 1.037480374006983341e+00
1.312356619861215404e+04 7.881081714433014751e-01
1.315357105492457413e+04 6.490192861997047258e-01
1.318357591123699603e+04 2.570871511260047204e-01
1.321358076754941612e+04 2.139160593349424544e-01
1.324358562386183621e+04 7.590073348487334781e-02
1.327359048017425812e+04 3.818498816581913924e-02
1.330359533648667821e+04 5.024483865676188793e-02
1.333360019279909829e+04 2.733053687343285285e-02
1.336360504911152020e+04 8.014257258688163577e-02
1.339360990542394211e+04 2.422510721064842221e-01
1.342361476173636038e+04 2.894617205258594450e-01
1.345361961804878229e+04 2.587706512314578294e-02
1.348362447436120419e+04 4.539493356454901013e-02
1.351362933067362246e+04 2.295606120966419139e-01
1.354363418698604437e+04 4.322911442832705342e-01
1.357363904329846628e+04 1.563531975722353973e-01
1.360364389961088455e+04 1.115656269772455633e-01
1.363364875592330645e+04 6.716378037635038767e-02
1.366365361223572836e+04 3.313359735664237471e-01
1.369365846854814845e+04 9.244346542310126480e-02
1.372366332486056854e+04 3.058289785110022696e-01
1.375366818117299044e+04 4.695835774377241645e-01
1.378367303748541053e+04 3.700438216202282526e-01
1.381367789379783062e+04 4.833819979846741832e-01
1.384368275011025253e+04 6.301539615213367362e-01
1.387368760642267262e+04 5.476258992805755899e-01
1.390369246273509270e+04 5.320225903967380487e-01
1.393369731904751461e+04 6.572076019965785720e-01
1.396370217535993470e+04 6.140341668033652001e-01
1.399370703167235479e+04 5.688683711011647270e-01
1.402371188798477669e+04 7.429400323389497851e-01
1.405371674429719860e+04 7.141133737960773109e-01
1.408372160060961687e+04 6.072092423780844905e-01
1.411372645692203878e+04 8.644955826869449300e-01
1.414373131323446069e+04 7.309221287465141881e-01
1.417373616954687895e+04 9.630539216835001248e-01
1.420374102585930086e+04 9.961755676891711486e-01
1.423374588217172277e+04 9.046704004874276395e-01
1.426375073848414104e+04 9.498277599418836203e-01
1.429375559479656295e+04 8.336278208703397086e-01
1.432376045110898485e+04 6.845996297424601362e-01
1.435376530742140312e+04 9.540927518571462596e-01
1.438377016373382503e+04 7.882136245401074603e-01
1.441377502004624694e+04 9.170520000937361083e-01
1.444377987635866702e+04 9.333976987790875146e-01
1.447378473267108711e+04 8.771940102641013759e-01
1.450378958898350902e+04 1.056902491036487035e+00
1.453379444529592911e+04 1.052431279731914859e+00
1.456379930160834920e+04 1.030904787570595005e+00
1.459380415792077110e+04 1.086466852576570608e+00
1.462380901423319119e+04 1.111250673728118477e+00
1.465381387054561128e+04 1.042246853982611965e+00
1.468381872685803319e+04 1.078771119911888121e+00
1.471382358317045328e+04 1.113153516274927979e+00
1.474382843948287336e+04 1.080130293159609067e+00
1.477383329579529527e+04 1.081798795491294429e+00
1.480383815210771718e+04 1.077721275748131147e+00
1.483384300842013545e+04 1.067443113912778685e+00
1.486384786473255735e+04 1.056124481522273895e+00
1.489385272104497926e+04 1.048906802896445223e+00
1.492385757735739753e+04 1.050439387903358002e+00
1.495386243366981944e+04 1.044641810981182584e+00
1.498386728998224135e+04 1.048644341855505813e+00
1.501387214629465961e+04 1.013807325475124976e+00
1.504387700260708152e+04 1.011665455908888456e+00
1.507388185891950343e+04 9.989360954233356127e-01
1.510388671523192352e+04 1.000000000000000000e+00
1.513389157154434361e+04 9.872659527101446120e-01
1.516389642785676551e+04 9.954116185878658651e-01
1.519390128416918560e+04 9.859677079183559734e-01
1.522390614048160569e+04 9.851943852084457109e-01
1.525391099679402760e+04 9.680219342441357400e-01
1.528391585310644768e+04 9.351336910927284807e-01
1.531392070941886777e+04 8.902594146181427304e-01
1.534392556573128968e+04 9.261725212663746154e-01
1.537393042204370977e+04 8.934244135636117967e-01
1.540393527835612986e+04 9.057296182597895928e-01
1.543394013466855176e+04 9.144264523234832964e-01
1.546394499098097367e+04 9.223766784617908332e-01
1.549394984729339194e+04 9.081958146837578738e-01
1.552395470360581385e+04 9.077365078621142391e-01
1.555395955991823575e+04 9.081278560213719153e-01
1.558396441623065402e+04 8.586375459892672257e-01
1.561396927254307593e+04 8.338134183207180916e-01
1.564397412885549784e+04 8.706118623016897429e-01
1.567397898516791611e+04 8.345164389660910675e-01
1.570398384148033801e+04 8.595749068497645640e-01
1.573398869779275992e+04 8.679877205727275502e-01
1.576399355410517819e+04 8.686813676094954362e-01
1.579399841041760010e+04 8.703451831368781422e-01
1.582400326673002201e+04 8.713120708644810364e-01
1.585400812304244209e+04 8.818512876994821781e-01
1.588401297935486218e+04 8.684882712722331588e-01
1.591401783566728409e+04 8.524565884751482692e-01
1.594402269197970418e+04 8.619183090010077430e-01
1.597402754829212427e+04 8.528230965716027123e-01
1.600403240460454617e+04 8.374803740069832747e-01
1.603403726091696626e+04 8.505106273287558194e-01
1.606404211722938635e+04 8.354631734351931627e-01
1.609404697354180826e+04 8.446282192487053475e-01
1.612405182985422834e+04 8.488674337403042669e-01
1.615405668616664843e+04 8.447252360977668406e-01
1.618406154247907034e+04 8.346326717127926509e-01
1.621406639879149225e+04 8.264973168045368634e-01
1.624407125510391052e+04 7.991376280083426487e-01
1.627407611141633242e+04 8.101239659738007637e-01
1.630408096772875433e+04 7.953750615143065916e-01
1.633408582404117260e+04 8.083031425022847438e-01
1.636409068035359451e+04 8.001715370374710146e-01
1.639409553666601641e+04 8.002502753497529042e-01
1.642410039297843468e+04 8.024455744850375050e-01
1.645410524929085659e+04 8.044983947695264481e-01
1.648411010560327850e+04 7.870353619384623522e-01
1.651411496191569677e+04 7.900236683617276601e-01
1.654411981822811867e+04 7.840334637827197639e-01
1.657412467454054058e+04 7.786816019497107000e-01
1.660412953085296249e+04 7.834302720689898525e-01
1.663413438716538076e+04 7.797567548567010398e-01
1.666413924347780267e+04 7.818405080495864912e-01
1.669414409979022093e+04 7.757832821690530123e-01
1.672414895610264284e+04 7.822243573219600510e-01
1.675415381241506475e+04 7.798851732945890625e-01
1.678415866872748666e+04 7.660815972629063664e-01
1.681416352503990493e+04 7.851386122372460141e-01
1.684416838135232683e+04 7.710364867714949444e-01
1.687417323766474510e+04 7.721922527124880364e-01
1.690417809397716701e+04 7.593279122630235412e-01
1.693418295028958892e+04 7.593344737890469487e-01
1.696418780660201082e+04 7.626527312352072707e-01
1.699419266291442909e+04 7.636983572750920546e-01
1.702419751922685100e+04 7.511269420945327902e-01
1.705420237553927291e+04 7.559599746912567531e-01
1.708420723185169118e+04 7.458153867785251023e-01
1.711421208816411308e+04 7.425266561994704473e-01
1.714421694447653499e+04 7.506348276427717847e-01
1.717422180078895326e+04 7.414191643427928691e-01
1.720422665710137517e+04 6.888552480491177965e-01
1.723423151341379707e+04 7.269955241018911662e-01
1.726423636972621534e+04 7.356932955264453566e-01
1.729424122603863725e+04 7.069444379349939522e-01
1.732424608235105916e+04 6.976842499941415809e-01
1.735425093866348107e+04 7.267883673517213650e-01
1.738425579497589933e+04 6.307482483068920232e-01
1.741426065128832124e+04 6.703311227239707737e-01
1.744426550760073951e+04 6.030520469617792756e-01
1.747427036391316142e+04 6.236543013146486070e-01
1.750427522022558333e+04 6.176805005506995627e-01
1.753428007653800523e+04 3.590218639420711400e-01
1.756428493285042350e+04 4.408979917043563956e-01
1.759428978916284541e+04 2.753047594497691763e-01
1.762429464547526732e+04 4.993433787172217309e-01
1.765429950178768559e+04 3.114090877135425317e-01
1.768430435810010749e+04 2.497513650317531309e-01
1.771430921441252940e+04 3.666543247486701018e-01
1.774431407072494767e+04 5.889686687132379000e-02
1.777431892703736958e+04 3.321135144002062001e-01
1.780432378334979148e+04 1.309052562510252538e-01
1.783432863966220975e+04 8.652562510252384542e-02
1.786433349597463166e+04 6.231415649239566146e-02
1.789433835228705357e+04 1.185789609354861475e-02
1.792434320859947184e+04 1.919002648044430825e-02
1.795434806491189374e+04 8.935439270733251671e-02
1.798435292122431565e+04 1.585564642748342121e-02
1.801435777753673392e+04 1.720047805403885494e-02
1.804436263384915583e+04 4.953764675555972358e-02
1.807436749016157773e+04 4.028589506245167096e-02
1.810437234647399964e+04 2.775572375975441167e-02
1.813437720278641791e+04 1.263553066341714937e-01
1.816438205909883982e+04 1.220734422234199673e-01
1.819438691541125809e+04 1.228073957771893231e-02
1.822439177172367999e+04 3.572685304525109479e-03
1.825439662803610190e+04 5.471647177372108810e-03
1.828440148434852381e+04 3.975600496801256351e-02
1.831440634066094208e+04 1.075546598551777588e-01
1.834441119697336399e+04 1.864223279356970742e-01
1.837441605328578589e+04 2.443638834860450415e-01
1.840442090959820416e+04 2.033220068896023358e-01
1.843442576591062607e+04 6.157111053827948183e-02
1.846443062222304798e+04 3.247158624891618439e-01
1.849443547853546625e+04 9.170782461978301686e-03
1.852444033484788815e+04 3.323178590677946381e-02
1.855444519116031006e+04 1.819787687765097445e-02
1.858445004747272833e+04 2.357331333630164338e-01
1.861445490378515024e+04 8.356581444941767189e-02
1.864445976009757214e+04 3.386187987720573611e-02
1.867446461640999405e+04 3.075518477725962541e-01
1.870446947272241232e+04 2.037869378764089676e-02
1.873447432903483423e+04 3.542108593255688942e-01
1.876447918534725250e+04 3.694176645654160818e-01
1.879448404165967440e+04 1.491603590092095977e-01
1.882448889797209631e+04 2.255276169943524200e-01
1.885449375428451822e+04 3.698554120872683537e-01
1.888449861059693649e+04 2.105021910810114250e-01
1.891450346690935839e+04 4.557181355892485075e-01
1.894450832322177666e+04 3.626442949874628119e-01
1.897451317953419857e+04 3.344878494598458318e-01
1.900451803584662048e+04 4.281119208867434356e-01
1.903452289215904239e+04 2.554411454549715965e-01
1.906452774847146065e+04 2.280533358329623062e-01
1.909453260478388256e+04 4.290919316663933114e-01
1.912453746109630447e+04 3.398523656644716340e-01
1.915454231740872274e+04 4.245991610620298840e-01
1.918454717372114465e+04 5.016366320624282560e-01
1.921455203003356655e+04 4.735940758793616978e-01
1.924455688634598482e+04 5.889756989196915926e-01
1.927456174265840673e+04 5.762491505167202099e-01
1.930456659897082864e+04 6.063215616431936184e-01
1.933457145528324691e+04 6.180582569774799584e-01
1.936457631159566881e+04 5.847036767979753025e-01
1.939458116790809072e+04 5.914240854873105135e-01
1.942458602422051263e+04 5.703475265390294258e-01
1.945459088053293090e+04 4.336362571180840675e-01
1.948459573684535280e+04 2.489546083003304211e-01
1.951460059315777107e+04 1.476924519016708515e-01
1.954460544947019298e+04 1.865151266608862934e-01
1.957461030578261489e+04 3.073221943617744367e-01
1.960461516209503316e+04 2.057919527570126472e-01
1.963462001840745506e+04 2.526206266257352562e-01
1.966462487471987697e+04 3.147920230590772195e-01
1.969462973103229888e+04 3.996156820471961635e-01
1.972463458734471715e+04 4.567511072575164421e-01
1.975463944365713905e+04 4.877500995945914797e-01
1.978464429996955732e+04 5.017983268108641148e-01
1.981464915628197923e+04 5.000370257539896723e-01
1.984465401259440114e+04 4.997792515173529182e-01
1.987465886890682305e+04 4.897082464321702577e-01
1.990466372521924131e+04 4.848611534225388819e-01
1.993466858153166322e+04 4.816572540013592252e-01
1.996467343784408513e+04 4.207709793077590299e-01
1.999467829415650340e+04 3.378070442668666407e-01
2.002468315046892531e+04 3.623968317202915790e-01
2.005468800678134721e+04 4.285829447191432662e-01
2.008469286309376912e+04 4.166733063060952258e-01
2.011469771940618739e+04 3.746546996930143480e-01
2.014470257571860930e+04 3.963292948702927254e-01
2.017470743203102757e+04 4.292315984346073976e-01
2.020471228834344947e+04 4.230403299510229198e-01
2.023471714465587138e+04 4.492405033627821509e-01
2.026472200096829329e+04 4.652717174794366861e-01
2.029472685728071156e+04 4.521285121739742063e-01
2.032473171359313346e+04 4.561188573571110516e-01
2.035473656990555173e+04 4.478621142174208924e-01
2.038474142621797364e+04 4.586562932064771614e-01
2.041474628253039555e+04 4.629203477608793138e-01
2.044475113884281745e+04 4.491702012982448089e-01
2.047475599515523572e+04 4.655580812223186205e-01
2.050476085146765763e+04 4.735003397933119640e-01
2.053476570778007590e+04 4.770609050219108971e-01
2.056477056409249781e+04 4.683195463173435158e-01
2.059477542040491971e+04 4.770866824455745614e-01
2.062478027671734162e+04 4.680336512548918804e-01
2.065478513302976353e+04 4.744095798279942544e-01
2.068478998934218180e+04 4.639298854076348566e-01
2.071479484565460371e+04 4.690478757059499126e-01
2.074479970196702197e+04 4.852745295620181643e-01
2.077480455827944388e+04 4.739821432756075592e-01
2.080480941459186579e+04 4.682023762097814457e-01
2.083481427090428770e+04 4.728854310688257456e-01
2.086481912721670597e+04 4.705767112694209664e-01
2.089482398352912787e+04 4.657005600731141670e-01
2.092482883984154614e+04 4.664298268225810506e-01
2.095483369615396805e+04 4.569034283973472665e-01
2.098483855246638996e+04 4.608042556183066241e-01
2.101484340877881186e+04 4.604541513369109773e-01
2.104484826509123013e+04 4.519447894453167969e-01
2.107485312140365204e+04 4.523994094626578866e-01
2.110485797771607031e+04 4.581951116631124976e-01
2.113486283402849222e+04 4.544962857075903195e-01
2.116486769034091412e+04 4.447824151102571233e-01
2.119487254665333603e+04 4.515670330185363457e-01
2.122487740296575430e+04 4.678789867129098390e-01
2.125488225927817621e+04 4.556604878963279037e-01
2.128488711559059448e+04 4.458013263656176450e-01
2.131489197190301638e+04 4.517141986736344372e-01
2.134489682821543829e+04 4.405558549902748311e-01
2.137490168452786020e+04 4.501413071497200047e-01
2.140490654084028210e+04 4.371616713144142463e-01
2.143491139715270037e+04 4.282253415508636141e-01
2.146491625346512228e+04 4.430023668361727784e-01
2.149492110977754055e+04 4.574527218615986879e-01
2.152492596608996246e+04 4.394619548660745334e-01
2.155493082240238436e+04 4.507833993391606175e-01
2.158493567871480627e+04 4.255871394089940640e-01
2.161494053502722454e+04 4.429901811449863391e-01
2.164494539133964645e+04 4.515482858013263878e-01
2.167495024765206472e+04 4.412851217397417702e-01
2.170495510396448663e+04 4.321847538256040622e-01
2.173495996027690853e+04 4.293693904811004547e-01
2.176496481658933044e+04 4.249637944367632980e-01
2.179496967290174871e+04 4.230229887751036921e-01
2.182497452921417062e+04 4.159060764417782385e-01
2.185497938552658889e+04 4.104187659644272235e-01
2.188498424183901079e+04 3.931947601527898128e-01
2.191498909815143270e+04 4.144156726735875318e-01
2.194499395446385461e+04 3.902748810723408179e-01
2.197499881077627288e+04 3.885646661823635717e-01
2.200500366708869478e+04 3.804119700981886121e-01
2.203500852340111305e+04 3.587720572727486346e-01
2.206501337971353496e+04 3.598720502425421519e-01
2.209501823602595687e+04 3.558024980666932846e-01
2.212502309233837877e+04 3.224277646286879961e-01
2.215502794865080068e+04 3.171119911888079512e-01
2.218503280496321895e+04 3.397651911044454742e-01
2.221503766127564086e+04 3.592501113116022271e-01
2.224504251758805913e+04 3.600342136714081431e-01
2.227504737390048103e+04 3.849656691584843471e-01
2.230505223021290294e+04 3.457371171466736004e-01
2.233505708652532485e+04 3.449562955498793326e-01
2.236506194283774312e+04 3.439720666463572107e-01
2.239506679915016502e+04 3.219787687765097162e-01
2.242507165546258329e+04 3.526234387083166943e-01
2.245507651177500520e+04 3.463032831064139505e-01
2.248508136808742711e+04 3.486710566400300082e-01
2.251508622439984902e+04 3.519982190143651213e-01
2.254509108071226728e+04 3.646633702809739530e-01
2.257509593702468919e+04 3.022510721064842198e-01
2.260510079333710746e+04 3.559538818456635667e-01
2.263510564964952937e+04 3.521102336371945141e-01
2.266511050596195128e+04 3.785203758817050623e-01
2.269511536227437318e+04 3.575834837016380607e-01
2.272512021858679145e+04 3.477196353666253126e-01
2.275512507489921336e+04 3.636800787383123179e-01
2.278512993121163527e+04 3.348993508776041406e-01
2.281513478752405354e+04 3.500602254352869758e-01
2.284513964383647544e+04 3.234166803365126075e-01
2.287514450014889735e+04 3.228566072223654770e-01
2.290514935646131926e+04 2.987547160968293536e-01
2.293515421277373753e+04 3.334914348651372151e-01
2.296515906908615943e+04 3.394193049469219625e-01
2.299516392539857770e+04 3.450922128746514161e-01
2.302516878171099961e+04 3.485951304103297455e-01
2.305517363802342152e+04 3.268389848381881291e-01
2.308517849433584342e+04 2.492826846015044895e-01
2.311518335064826169e+04 3.148229559674736167e-01
2.314518820696068360e+04 3.282572118201204092e-01
2.317519306327310187e+04 3.247917887188620512e-01
2.320519791958552378e+04 3.312811379560847147e-01
2.323520277589794568e+04 3.202066880697396756e-01
2.326520763221036759e+04 2.990293628289550920e-01
2.329521248852278586e+04 3.250861200290582342e-01
2.332521734483520777e+04 3.296721580390410966e-01
2.335522220114762604e+04 3.263187495606121313e-01
2.338522705746004794e+04 3.258088252525015993e-01
2.341523191377246985e+04 3.145544020809411534e-01
2.344523677008489176e+04 2.788479835024488818e-01
2.347524162639731003e+04 2.940688491552035377e-01
2.350524648270973194e+04 3.293220537576453388e-01
2.353525133902215384e+04 2.841225130644670083e-01
2.356525619533457211e+04 2.163560096548168832e-01
2.359526105164699402e+04 2.889742928784008735e-01
2.362526590795941593e+04 2.899622712253649981e-01
2.365527076427183783e+04 3.138471633116959869e-01
2.368527562058425610e+04 3.141339957350081091e-01
2.371528047689667801e+04 1.937515525039252284e-01
2.374528533320909628e+04 3.020954702036416362e-01
2.377529018952151819e+04 2.993077590045228331e-01
2.380529504583394009e+04 2.756787664331076249e-01
2.383529990214636200e+04 1.964324045649474271e-01
2.386530475845878027e+04 2.387055046516532719e-01
2.389530961477120218e+04 2.680355259766128428e-01
2.392531447108362045e+04 3.403763503854896344e-01
2.395531932739604235e+04 3.388704801631007846e-01
2.398532418370846426e+04 2.661851756379912670e-01
2.401532904002088617e+04 2.809120521172638885e-01
2.404533389633330444e+04 2.404714925128301484e-01
2.407533875264572634e+04 1.513547207836337116e-01
2.410534360895814461e+04 2.134398800178098632e-01
2.413534846527056652e+04 1.999503198743936561e-01
