3.153500311699575832e+03 1.116087485820214331e+00
3.163501918382896747e+03 2.317541893773805983e-01
3.173503525066217662e+03 4.685220282396775904e-01
3.183505131749538123e+03 6.102299661529664299e-01
3.193506738432859038e+03 1.049817161460494808e-01
3.203508345116179953e+03 9.133338405777051694e-01
3.213509951799500413e+03 1.500241517490708554e-01
3.223511558482821329e+03 -8.802505556631527728e-02
3.233513165166142244e+03 1.462561330455874331e-01
3.243514771849462704e+03 4.893020432725563307e-01
3.253516378532783619e+03 2.737839969011979790e-01
3.263517985216104535e+03 4.801514700864160240e-02
3.273519591899424995e+03 -2.847692960370380999e-01
3.283521198582745910e+03 1.330934298019902373e-01
3.293522805266066825e+03 5.803345391915446516e-01
3.303524411949387286e+03 2.816638652943401211e-01
3.313526018632708201e+03 5.342286196497246786e-01
3.323527625316029116e+03 2.163368425421243746e-01
3.333529231999349577e+03 -7.593822916378457910e-02
3.343530838682670492e+03 5.154839226590671730e-01
3.353532445365991407e+03 5.569119539053205004e-02
3.363534052049311867e+03 3.115590040487323797e-01
3.373535658732632783e+03 1.359925043115771393e-01
3.383537265415953698e+03 4.176434002895904052e-01
3.393538872099274158e+03 5.389531974840678918e-01
3.403540478782595073e+03 5.176961998173920110e-01
3.413542085465915989e+03 1.089958636527128405e-01
3.423543692149236449e+03 3.332290023886598229e-01
3.433545298832557364e+03 -3.111586844847780142e-01
3.443546905515878279e+03 -1.104778241983233183e-01
3.453548512199198740e+03 2.033905827776701786e-02
3.463550118882519655e+03 9.291074113014045899e-02
3.473551725565840570e+03 3.203576764518717424e-01
3.483553332249161031e+03 4.480031287755121272e-01
3.493554938932481946e+03 5.885129900672330105e-01
3.503556545615802861e+03 3.518353600051646879e-01
3.513558152299123321e+03 3.803681441311826394e-01
3.523559758982443782e+03 3.846898085383061994e-01
3.533561365665765152e+03 2.165682727868006030e-01
3.543562972349085612e+03 5.039706282452112163e-01
3.553564579032406073e+03 9.173975596934400012e-02
3.563566185715727443e+03 9.636893727692777412e-02
3.573567792399047903e+03 1.677601241365317408e-01
3.583569399082368363e+03 5.176368291693180801e-01
3.593571005765689733e+03 2.281254323105442461e-01
3.603572612449010194e+03 4.713545269254535569e-02
3.613574219132330654e+03 4.381824742458198529e-01
3.623575825815652024e+03 2.265785675418937606e-01
3.633577432498972485e+03 2.506300205664536151e-01
3.643579039182292945e+03 1.691325660109380125e-01
3.653580645865614315e+03 5.027613115494932172e-01
3.663582252548934775e+03 3.675328440730800672e-01
3.673583859232255236e+03 4.159268392219793720e-01
3.683585465915576606e+03 4.287797199088804745e-01
3.693587072598897066e+03 2.949444452129965644e-01
3.703588679282217527e+03 3.053513128406606936e-01
3.713590285965538897e+03 9.533629149028395589e-02
3.723591892648859357e+03 4.784674764131366942e-01
3.733593499332179817e+03 1.109853567772459471e+00
3.743595106015500733e+03 1.288100969297881482e-01
3.753596712698821648e+03 1.931373294967213550e-01
3.763598319382142108e+03 3.592071194053251260e-01
3.773599926065463023e+03 1.972215113115494689e-01
3.783601532748783939e+03 3.478111252524693775e-01
3.793603139432104399e+03 3.428908548451060079e-01
3.803604746115425314e+03 2.200172463086443875e-01
3.813606352798746229e+03 2.138571092604376889e-01
3.823607959482066690e+03 2.623303613424452507e-01
3.833609566165387605e+03 8.194129338092207004e-02
3.843611172848708520e+03 3.861556294902655506e-01
3.853612779532028981e+03 5.072204507096810255e-01
3.863614386215349896e+03 1.320950806518551290e-01
3.873615992898670811e+03 2.527826388696750581e-01
3.883617599581991271e+03 1.991729611081906048e-01
3.893619206265312187e+03 2.792919214416807461e-01
3.903620812948633102e+03 2.585998095527949348e-01
3.913622419631953562e+03 1.709185849726548856e-01
3.923624026315274477e+03 4.427110713001134457e-01
3.933625632998595393e+03 2.185805342666629902e-01
3.943627239681915853e+03 4.900375476118012386e-01
3.953628846365236768e+03 7.255179656733899973e-01
3.963630453048557683e+03 6.380096653109407212e-01
3.973632059731878144e+03 7.027467282738013576e-01
3.983633666415199059e+03 9.234182045393759530e-01
3.993635273098519974e+03 8.892051480692434451e-01
4.003636879781840435e+03 6.831774709717880478e-01
4.013638486465161350e+03 8.006477741194699682e-01
4.023640093148482265e+03 7.236734406846877521e-01
4.033641699831802725e+03 7.031386898339004876e-01
4.043643306515123641e+03 7.555260815833402255e-01
4.053644913198444556e+03 6.075951774894170487e-01
4.063646519881765016e+03 5.329731898292892067e-01
4.073648126565085931e+03 6.557949211004435730e-01
4.083649733248406847e+03 6.847654917042489409e-01
4.093651339931727307e+03 5.495632510675189097e-01
4.103652946615047767e+03 8.944591622167501477e-01
4.113654553298369137e+03 4.968867876675058803e-01
4.123656159981689598e+03 4.815602260465373097e-01
4.133657766665010058e+03 5.956432319766853389e-01
4.143659373348331428e+03 5.257175778620112316e-01
4.153660980031651889e+03 4.400324751680823043e-01
4.163662586714972349e+03 4.614684494000682036e-01
4.173664193398293719e+03 8.641686034179048015e-01
4.183665800081614179e+03 5.401463745861346810e-01
4.193667406764934640e+03 5.564145085724298001e-01
4.203669013448256010e+03 3.744466425033892709e-01
4.213670620131576470e+03 4.877509130398694492e-01
4.223672226814896931e+03 5.233574504975606612e-01
4.233673833498218301e+03 3.988667123186601660e-01
4.243675440181538761e+03 4.857472977708915396e-01
4.253677046864859221e+03 4.041775032509752896e-01
4.263678653548180591e+03 2.776632635180624753e-01
4.273680260231501052e+03 3.680599747300076774e-01
4.283681866914821512e+03 6.214031762720305663e-01
4.293683473598142882e+03 4.284157144306412479e-01
4.303685080281463343e+03 4.585529470898006554e-01
4.313686686964783803e+03 3.835629190530209232e-01
4.323688293648105173e+03 4.753773206430013665e-01
4.333689900331425633e+03 3.304630795266948473e-01
4.343691507014746094e+03 2.647244971363749699e-01
4.353693113698067464e+03 2.258502683783858433e-01
4.363694720381387924e+03 3.211663853766059118e-01
4.373696327064708385e+03 5.824009835929502277e-01
4.383697933748029754e+03 4.455617270287469123e-01
4.393699540431350215e+03 3.942672163351133574e-01
4.403701147114670675e+03 6.095157891339033629e-01
4.413702753797992045e+03 3.674181376753451467e-01
4.423704360481312506e+03 6.062146658181851722e-01
4.433705967164632966e+03 3.763548612456077413e-01
4.443707573847954336e+03 4.831808141733300310e-01
4.453709180531274797e+03 5.817257145228675874e-01
4.463710787214595257e+03 5.353503214084792683e-01
4.473712393897916627e+03 6.710122522572374848e-01
4.483714000581237087e+03 6.794221333776019334e-01
4.493715607264557548e+03 4.713421340231856438e-01
4.503717213947878918e+03 3.124510048049876088e-01
4.513718820631199378e+03 5.811951253815861307e-01
4.523720427314519839e+03 4.074434653090962533e-01
4.533722033997841208e+03 3.555391085410729568e-01
4.543723640681161669e+03 6.601929603703805549e-01
4.553725247364482129e+03 7.761501766132676838e-01
4.563726854047803499e+03 8.075099834915013819e-01
4.573728460731123960e+03 5.999383813370963159e-01
4.583730067414444420e+03 8.589088251298084842e-01
4.593731674097765790e+03 8.532138542271902049e-01
4.603733280781086250e+03 7.088106041741599750e-01
4.613734887464406711e+03 5.707479087697940878e-01
4.623736494147728081e+03 9.281390356823359111e-01
4.633738100831048541e+03 4.528893907533962371e-01
4.643739707514369002e+03 8.031436469948077805e-01
4.653741314197690372e+03 5.895070161119256857e-01
4.663742920881010832e+03 7.837790166837286243e-01
4.673744527564331293e+03 4.146515231165093796e-01
4.683746134247652662e+03 6.790474642392717586e-01
4.693747740930973123e+03 8.303532726484612603e-01
4.703749347614293583e+03 6.968500124505436766e-01
4.713750954297614953e+03 8.043454703077589363e-01
4.723752560980935414e+03 5.100569842938696974e-01
4.733754167664255874e+03 7.741298453365795806e-01
4.743755774347577244e+03 6.101342814191775821e-01
4.753757381030897704e+03 8.478993166034917150e-01
4.763758987714218165e+03 8.799738769148475193e-01
4.773760594397539535e+03 8.174012487434173524e-01
4.783762201080859995e+03 6.545458318346568660e-01
4.793763807764180456e+03 7.922523033505797230e-01
4.803765414447501826e+03 7.858944562801465361e-01
4.813767021130822286e+03 9.295743066891699602e-01
4.823768627814142747e+03 6.380154294515305580e-01
4.833770234497464116e+03 8.864873557812024130e-01
4.843771841180784577e+03 7.176758524011103146e-01
4.853773447864105037e+03 6.175498482878196693e-01
4.863775054547426407e+03 8.330970035691559472e-01
4.873776661230746868e+03 7.297834297097640643e-01
4.883778267914067328e+03 6.806181925499635854e-01
4.893779874597388698e+03 7.171628438886274992e-01
4.903781481280709158e+03 4.453014760811221939e-01
4.913783087964029619e+03 6.361190271975208921e-01
4.923784694647350989e+03 5.577180689667893265e-01
4.933786301330671449e+03 3.686335067186823355e-01
4.943787908013991910e+03 7.937163950603620677e-01
4.953789514697313280e+03 5.807971114738676999e-01
4.963791121380633740e+03 9.676233987217441879e-01
4.973792728063954200e+03 8.828905320532330903e-01
4.983794334747275570e+03 6.384437050973449379e-01
4.993795941430596031e+03 7.364410120908612134e-01
5.003797548113916491e+03 1.050690428759833317e+00
5.013799154797237861e+03 1.057316308367687530e+00
5.023800761480558322e+03 9.497401525422165536e-01
5.033802368163878782e+03 8.200296968523180796e-01
5.043803974847200152e+03 9.456101458097003754e-01
5.053805581530520612e+03 8.978455948131958131e-01
5.063807188213841073e+03 9.432382019570410003e-01
5.073808794897162443e+03 8.700970220144057521e-01
5.083810401580482903e+03 6.892182903097879842e-01
5.093812008263803364e+03 6.264093323741803943e-01
5.103813614947124734e+03 7.111249066209224257e-01
5.113815221630445194e+03 5.626616841435408967e-01
5.123816828313765654e+03 6.415315552112441644e-01
5.133818434997087024e+03 7.724207776517352242e-01
5.143820041680407485e+03 8.145912302059411525e-01
5.153821648363727945e+03 6.347356334559942637e-01
5.163823255047049315e+03 9.198271449519961340e-01
5.173824861730369776e+03 6.899906851488070147e-01
5.183826468413690236e+03 8.513376264652445791e-01
5.193828075097011606e+03 8.808615545656605095e-01
5.203829681780332066e+03 8.452766326351806025e-01
5.213831288463652527e+03 1.146003375480729281e+00
5.223832895146973897e+03 1.125209238303405801e+00
5.233834501830294357e+03 1.064999907773750421e+00
5.243836108513614818e+03 8.677106678102721737e-01
5.253837715196936188e+03 8.546779459369726606e-01
5.263839321880256648e+03 8.719588394248770635e-01
5.273840928563577108e+03 9.201470547547243584e-01
5.283842535246898478e+03 8.115016508498648085e-01
5.293844141930218939e+03 1.084664273395493872e+00
5.303845748613539399e+03 8.582834158758265719e-01
5.313847355296860769e+03 9.486334375489952064e-01
5.323848961980181230e+03 9.392724732313311176e-01
5.333850568663501690e+03 8.183638602218963332e-01
5.343852175346823060e+03 7.782713803502753214e-01
5.353853782030143520e+03 1.028910623541672509e+00
5.363855388713463981e+03 8.866718082800727485e-01
5.373856995396785351e+03 1.027311074528032053e+00
5.383858602080105811e+03 1.066573518154737332e+00
5.393860208763426272e+03 8.881243717086757528e-01
5.403861815446747642e+03 8.663157457875659828e-01
5.413863422130068102e+03 1.194520146824189055e+00
5.423865028813388562e+03 1.071850588864602383e+00
5.433866635496709932e+03 1.241486364349021043e+00
5.443868242180030393e+03 1.063976772819079875e+00
5.453869848863350853e+03 1.133209865441902053e+00
5.463871455546671314e+03 1.295758630071290884e+00
5.473873062229992684e+03 1.421560998441376400e+00
5.483874668913313144e+03 1.525352995969712966e+00
5.493876275596633604e+03 1.141686034179048015e+00
5.503877882279954974e+03 1.386610131975763105e+00
5.513879488963275435e+03 1.107792887511643398e+00
5.523881095646595895e+03 1.107063723727047089e+00
5.533882702329917265e+03 8.581537227125584089e-01
5.543884309013237726e+03 1.105467056783701940e+00
5.553885915696558186e+03 8.871214112460688028e-01
5.563887522379879556e+03 6.698940089828366862e-01
5.573889129063200016e+03 9.769411319849855557e-01
5.583890735746520477e+03 7.124304844644883117e-01
5.593892342429841847e+03 1.194877523540750275e+00
5.603893949113162307e+03 3.637466683267391310e-01
5.613895555796482768e+03 5.233479396655876803e-01
5.703910015946369640e+03 1.031250864621088503e+00
5.713911622629691010e+03 1.095398256001623105e+00
5.723913229313011470e+03 1.489230279722214778e+00
5.733914835996331931e+03 7.536541769268368940e-01
5.743916442679653301e+03 7.236627770245966929e-01
5.753918049362973761e+03 9.302135498805670366e-01
5.763919656046294222e+03 9.280894640732644252e-01
5.773921262729615592e+03 1.149129845336579914e+00
5.783922869412936052e+03 9.866617786754466879e-01
5.793924476096256512e+03 7.870749522729159064e-01
5.803926082779577882e+03 1.131077998044803579e+00
5.813927689462898343e+03 1.193786371727120876e+00
5.823929296146218803e+03 9.008907902867313577e-01
5.833930902829540173e+03 1.112800484648940991e+00
5.843932509512860634e+03 1.658769217644725957e+00
5.853934116196181094e+03 1.473658453919154399e+00
5.863935722879502464e+03 1.683956206365455843e+00
5.873937329562822924e+03 2.297846401792878357e+00
5.883938936246143385e+03 2.046826725322561380e+00
5.893940542929464755e+03 2.480984676608656070e+00
5.903942149612785215e+03 2.282976071899583737e+00
5.913943756296105676e+03 1.965699905006963011e+00
5.923945362979427046e+03 2.449271816119304113e+00
5.933946969662747506e+03 2.089983422331664009e+00
5.943948576346067966e+03 2.091438003209473262e+00
5.953950183029389336e+03 2.257365418845512117e+00
5.963951789712709797e+03 1.577721654262236317e+00
5.973953396396030257e+03 1.468958373682317520e+00
5.983955003079350718e+03 1.480466192162613215e+00
5.993956609762672088e+03 1.293599094799361859e+00
6.003958216445992548e+03 1.334358197530181034e+00
6.013959823129313008e+03 1.294272058213208787e+00
6.023961429812634378e+03 1.363066499737155324e+00
6.033963036495954839e+03 1.627122644772154958e+00
6.043964643179275299e+03 1.640718234974038348e+00
6.053966249862596669e+03 1.563311590995029032e+00
6.063967856545917130e+03 1.707258032906325829e+00
6.073969463229237590e+03 1.386092512150808309e+00
6.083971069912558960e+03 1.593604455450110091e+00
6.093972676595879420e+03 1.267171951230759319e+00
6.103974283279199881e+03 1.334343498971677366e+00
6.113975889962521251e+03 1.261240074149904578e+00
6.123977496645841711e+03 1.087267935699858912e+00
6.133979103329162172e+03 1.428098110284149014e+00
6.143980710012483542e+03 1.582842228555091380e+00
6.153982316695804002e+03 1.609480916083335655e+00
6.163983923379124462e+03 1.405914815224709180e+00
6.173985530062445832e+03 1.442830389010320014e+00
6.183987136745766293e+03 2.103660575122891618e+00
6.193988743429086753e+03 1.800937998598161061e+00
6.203990350112408123e+03 1.798972138450045666e+00
6.213991956795728584e+03 2.184958013999945159e+00
6.223993563479049044e+03 2.186452367447823342e+00
6.233995170162370414e+03 2.237811148309031939e+00
6.243996776845690874e+03 2.559133453688589022e+00
6.253998383529011335e+03 2.741538241614328353e+00
6.263999990212332705e+03 2.821898719438526548e+00
6.274001596895653165e+03 2.654114674118547512e+00
6.284003203578973626e+03 2.904968919753939893e+00
6.294004810262294995e+03 2.838108923811895945e+00
6.304006416945615456e+03 3.052679921884366543e+00
6.314008023628935916e+03 2.873798464894078641e+00
6.324009630312257286e+03 2.836919205194182503e+00
6.334011236995577747e+03 2.523578505289175489e+00
6.344012843678898207e+03 2.215464151656844294e+00
6.354014450362219577e+03 2.657701987014544187e+00
6.364016057045540038e+03 2.102277181381364990e+00
6.374017663728860498e+03 1.993750518772653413e+00
6.384019270412181868e+03 2.099671789834823166e+00
6.394020877095502328e+03 1.672151822851820180e+00
6.404022483778822789e+03 1.651740712816682111e+00
6.414024090462144159e+03 1.450614572669673308e+00
6.424025697145464619e+03 1.673454518625091092e+00
6.434027303828785080e+03 1.779465133866401150e+00
6.444028910512106449e+03 1.592204633907902789e+00
6.454030517195426910e+03 1.749837451235370711e+00
6.464032123878747370e+03 2.255696700144795397e+00
6.474033730562068740e+03 1.635037098008835343e+00
6.484035337245389201e+03 2.124030471552813548e+00
6.494036943928709661e+03 2.078232068911453290e+00
6.504038550612031031e+03 1.943935662968393929e+00
6.514040157295351491e+03 2.207171859004509962e+00
6.524041763978671952e+03 1.993023660644292594e+00
6.534043370661993322e+03 2.157522434035175074e+00
6.544044977345313782e+03 2.018850468970478484e+00
6.554046584028634243e+03 2.179639441477833284e+00
6.564048190711955613e+03 3.060892092982505197e+00
6.574049797395276073e+03 1.985566591963404681e+00
6.584051404078596534e+03 2.092942155696354334e+00
6.594053010761917903e+03 1.763228702653349300e+00
6.604054617445238364e+03 1.758691747595200638e+00
6.614056224128558824e+03 1.955971188519676440e+00
6.624057830811880194e+03 1.562510663660090726e+00
6.634059437495200655e+03 1.962961361812799232e+00
6.644061044178521115e+03 1.672139141742522872e+00
6.654062650861842485e+03 1.682492114655673277e+00
6.664064257545162945e+03 1.991885242877828199e+00
6.674065864228483406e+03 1.861549666140977166e+00
6.684067470911804776e+03 2.040600300657573030e+00
6.694069077595125236e+03 2.146972903927915954e+00
6.704070684278445697e+03 1.757192206420791658e+00
6.714072290961767067e+03 1.981515553956967546e+00
6.724073897645087527e+03 2.017572270794713685e+00
6.734075504328407987e+03 1.597147672670595542e+00
6.744077111011729357e+03 1.344214301524499833e+00
6.754078717695049818e+03 1.574487106770328992e+00
6.764080324378370278e+03 1.319466540316704961e+00
6.774081931061691648e+03 1.153980369642807702e+00
6.784083537745012109e+03 1.345921928174196980e+00
6.794085144428332569e+03 1.332289159265510170e+00
6.804086751111653939e+03 1.373885791624012143e+00
6.814088357794974399e+03 1.054135655590294096e+00
6.824089964478294860e+03 1.210810184544725221e+00
6.834091571161616230e+03 1.124308014922207111e+00
6.844093177844936690e+03 1.028799375628291379e+00
6.854094784528257151e+03 1.240635000783923081e+00
6.864096391211578521e+03 1.008620560458917792e+00
6.874097997894898981e+03 1.071308759649171494e+00
6.884099604578219441e+03 1.086210215901650011e+00
6.894101211261540811e+03 9.421631897370629227e-01
6.904102817944861272e+03 1.188721421390956490e+00
6.914104424628181732e+03 1.133226581449612080e+00
6.924106031311503102e+03 1.217520797019247647e+00
6.934107637994823563e+03 8.404255319148936643e-01
6.944109244678144023e+03 1.260232214167796405e+00
6.954110851361465393e+03 1.007389051821929726e+00
6.964112458044785853e+03 1.346549931291444180e+00
6.974114064728106314e+03 1.370847513119183958e+00
6.984115671411427684e+03 9.621601462708315733e-01
6.994117278094748144e+03 1.321782283798614843e+00
7.004118884778068605e+03 1.456459987641682829e+00
7.014120491461389975e+03 1.463084138007359813e+00
7.024122098144710435e+03 1.623061807726715156e+00
7.034123704828030895e+03 1.782518399136762577e+00
7.044125311511352265e+03 1.807138484630495423e+00
7.054126918194672726e+03 1.470586166984847232e+00
7.064128524877993186e+03 1.660001879109832101e+00
7.074130131561314556e+03 1.584403734240839690e+00
7.084131738244635017e+03 1.354147068588661851e+00
7.094133344927955477e+03 1.590331000009222562e+00
7.104134951611276847e+03 1.637237846885980508e+00
7.114136558294597307e+03 1.269648802442151059e+00
7.124138164977917768e+03 1.495981241180864840e+00
7.134139771661239138e+03 1.649141373617759143e+00
7.144141378344559598e+03 1.850223994503315428e+00
7.154142985027880059e+03 1.846405539569672349e+00
7.164144591711201429e+03 1.902410217746175025e+00
7.174146198394521889e+03 2.516842530596058225e+00
7.184147805077842349e+03 3.369615716275166317e+00
7.194149411761163719e+03 3.750143238893653752e+00
7.204151018444484180e+03 3.707699854282526353e+00
7.214152625127804640e+03 4.682771099060214937e+00
7.224154231811126010e+03 5.819833716072269070e+00
7.234155838494446471e+03 6.930306928958120061e+00
7.244157445177766931e+03 6.966433680104032078e+00
7.254159051861087391e+03 8.374172269411319647e+00
7.264160658544408761e+03 8.534622886866060298e+00
7.274162265227729222e+03 8.606152989513875085e+00
7.284163871911049682e+03 9.149039924743380681e+00
7.294165478594371052e+03 1.080329063257984501e+01
7.304167085277691513e+03 1.154700887216519689e+01
7.314168691961011973e+03 1.203443612871095425e+01
7.324170298644333343e+03 1.218477067943078040e+01
7.334171905327653803e+03 1.202371194514382680e+01
7.344173512010974264e+03 1.123965336764150003e+01
7.354175118694295634e+03 1.071484854144186549e+01
7.364176725377616094e+03 9.677574149904543788e+00
7.374178332060936555e+03 8.705985022457092271e+00
7.384179938744257925e+03 8.103684208099309672e+00
7.394181545427578385e+03 7.608913436442280798e+00
7.404183152110898845e+03 6.555859710040672361e+00
7.414184758794220215e+03 4.908142655562626189e+00
7.424186365477540676e+03 4.068276245284932813e+00
7.434187972160861136e+03 3.474291932969962193e+00
7.444189578844182506e+03 2.986697516347102788e+00
7.454191185527502967e+03 2.499470275479807047e+00
7.564208859044031669e+03 1.444319266524638268e+00
7.574210465727352130e+03 1.232285066725691491e+00
7.584212072410672590e+03 1.794008348781230167e+00
7.594213679093993960e+03 1.053706227116361971e+00
7.604215285777314421e+03 1.663525210045283087e+00
7.614216892460634881e+03 1.492954490957216107e+00
7.624218499143956251e+03 1.788228356804913988e+00
7.634220105827276711e+03 1.437903489841278803e+00
7.644221712510597172e+03 1.214090556954320332e+00
7.654223319193918542e+03 1.370604842800357881e+00
7.664224925877239002e+03 1.407639446089145929e+00
7.674226532560559463e+03 1.615119974822233795e+00
7.684228139243880833e+03 2.114990569865994985e+00
7.694229745927201293e+03 1.675899090649180634e+00
7.704231352610521753e+03 1.590926723939167564e+00
7.714232959293843123e+03 1.827261387636148982e+00
7.724234565977163584e+03 2.220351854669875724e+00
7.734236172660484044e+03 1.823458784089127427e+00
7.744237779343805414e+03 1.832997283936954158e+00
7.754239386027125875e+03 1.917328966420422720e+00
7.764240992710446335e+03 1.734240263213715716e+00
7.774242599393767705e+03 1.417826411753313476e+00
7.784244206077088165e+03 1.151170927519390652e+00
7.794245812760408626e+03 1.758851414289535287e+00
7.804247419443729996e+03 1.663347674515120556e+00
7.814249026127050456e+03 1.604264080642632484e+00
7.824250632810370917e+03 1.888383758035211857e+00
7.834252239493692286e+03 1.490616555534036047e+00
7.844253846177012747e+03 1.671525260769720189e+00
7.854255452860333207e+03 1.486258288834168217e+00
7.864257059543654577e+03 1.499502554667109244e+00
7.874258666226975038e+03 1.339486553412832404e+00
7.884260272910295498e+03 1.712521846092835087e+00
7.894261879593616868e+03 9.290272897472079405e-01
7.904263486276937329e+03 1.165511244685462300e+00
7.914265092960257789e+03 1.118645034999861565e+00
7.924266699643579159e+03 1.216401400916728992e+00
7.934268306326899619e+03 1.196216245192706751e+00
7.944269913010220080e+03 1.168667399865349843e+00
7.954271519693541450e+03 1.394884267585240201e+00
7.964273126376861910e+03 1.215382877274529649e+00
7.974274733060182371e+03 1.230072501360337300e+00
7.984276339743503740e+03 1.198948736039251450e+00
7.994277946426824201e+03 1.405745925905431237e+00
8.004279553110144661e+03 1.438571841942653862e+00
8.014281159793466031e+03 1.526969837405122377e+00
8.024282766476786492e+03 1.266112213983343837e+00
8.034284373160106952e+03 1.316322778039085595e+00
8.044285979843428322e+03 1.342690262752584518e+00
8.054287586526748782e+03 1.130410798771546599e+00
8.064289193210069243e+03 1.000000000000000000e+00
8.074290799893390613e+03 1.124567113041714084e+00
8.084292406576711073e+03 1.134864750205203388e+00
8.094294013260031534e+03 8.613706895756669812e-01
8.104295619943352904e+03 9.486299790646413044e-01
8.114297226626673364e+03 1.035099581292827642e+00
8.124298833309993825e+03 9.142249767128721727e-01
8.134300439993315194e+03 8.210487969085761284e-01
8.144302046676635655e+03 4.467848200204742604e-01
8.154303653359956115e+03 4.527990378496527524e-01
8.164305260043277485e+03 3.737589228896328053e-01
8.174306866726597946e+03 7.242302566656521057e-01
8.184308473409918406e+03 7.335413611672155776e-01
8.194310080093240686e+03 8.150950160934806732e-01
8.204311686776560236e+03 1.728920537863486706e-01
8.214313293459879787e+03 4.910685217976740735e-01
8.224314900143202976e+03 7.619784605594445148e-01
8.234316506826522527e+03 7.421763319776074619e-01
8.244318113509842078e+03 4.947035041363473384e-01
8.254319720193165267e+03 2.777289159265510232e-01
8.264321326876484818e+03 4.187906948325632595e-01
8.274322933559804369e+03 4.293725329478276231e-01
8.284324540243127558e+03 8.672455016646837822e-02
8.294326146926447109e+03 2.062719639695099749e-01
8.304327753609766660e+03 5.493626013335916047e-01
8.314329360293089849e+03 1.659104978834076149e-01
8.324330966976409400e+03 8.452158209519594623e-01
8.334332573659728951e+03 6.370297614106926742e-01
8.344334180343052140e+03 4.622624597662986501e-01
8.354335787026371690e+03 6.717471801824236310e-01
8.364337393709691241e+03 6.793792481716146581e-01
8.374339000393014430e+03 9.587546920104400572e-01
8.384340607076333981e+03 9.909595218991228416e-01
8.394342213759653532e+03 1.118147589666971031e+00
8.404343820442976721e+03 1.311083174243053096e+00
8.414345427126296272e+03 1.503090732184194422e+00
8.424347033809615823e+03 1.621716169106050875e+00
8.434348640492939012e+03 2.064921803668760436e+00
8.444350247176258563e+03 2.296637085097160469e+00
8.454351853859578114e+03 2.344751519427459741e+00
8.464353460542901303e+03 2.609391283697166219e+00
8.474355067226220854e+03 2.591855903402226158e+00
8.484356673909540405e+03 2.514189008475592679e+00
8.494358280592863593e+03 2.776802100913962068e+00
8.504359887276183144e+03 3.483009907404845507e+00
8.514361493959502695e+03 4.053901055068293680e+00
8.524363100642825884e+03 4.331145553772514312e+00
8.534364707326145435e+03 5.172367978123934229e+00
8.544366314009464986e+03 5.471006084626806043e+00
8.554367920692788175e+03 6.223392727037969863e+00
8.564369527376107726e+03 6.926444954763025130e+00
8.574371134059427277e+03 7.949395456934954751e+00
8.584372740742750466e+03 9.252160399893016418e+00
8.594374347426070017e+03 9.436751238137398801e+00
8.604375954109389568e+03 9.726837377454371492e+00
8.614377560792712757e+03 9.796845746986507564e+00
8.624379167476032308e+03 9.948612686642873015e+00
8.634380774159351859e+03 1.071635874627636653e+01
8.644382380842675047e+03 9.798822847208773723e+00
8.654383987525994598e+03 1.039413464110154983e+01
8.664385594209314149e+03 1.011456517629047802e+01
8.674387200892637338e+03 9.970925674865579680e+00
8.684388807575956889e+03 1.060139296221490568e+01
8.694390414259276440e+03 9.970741222366712009e+00
8.704392020942599629e+03 9.404466286694519894e+00
8.714393627625919180e+03 9.838653058683563657e+00
8.724395234309238731e+03 9.470678969648341550e+00
8.734396840992561920e+03 8.270463851921533660e+00
8.744398447675881471e+03 7.858074177572420993e+00
8.754400054359201022e+03 7.503706342399173224e+00
8.764401661042524211e+03 6.840184590838243928e+00
8.774403267725843762e+03 6.661303133847955138e+00
8.784404874409163313e+03 5.817948842099438522e+00
8.794406481092484682e+03 5.342124800560736020e+00
8.804408087775806052e+03 4.856505178503905285e+00
8.814409694459125603e+03 4.334787049590054231e+00
8.824411301142446973e+03 3.212579775705761698e+00
8.834412907825768343e+03 3.592521949847365725e+00
8.844414514509087894e+03 3.532919583321805224e+00
8.854416121192409264e+03 3.202585908751348853e+00
8.864417727875730634e+03 2.989332593217681744e+00
8.874419334559050185e+03 3.040901765210413998e+00
8.884420941242371555e+03 2.622160584345516465e+00
8.894422547925692925e+03 2.434114720231672191e+00
8.904424154609012476e+03 2.582316538933311367e+00
8.914425761292333846e+03 2.308775500557969096e+00
8.924427367975655216e+03 2.025867157310313971e+00
8.934428974658974766e+03 2.104587160722685368e+00
8.944430581342296136e+03 1.709008890610445697e+00
8.954432188025617506e+03 1.726824984552103315e+00
8.964433794708937057e+03 1.827584467716201422e+00
8.974435401392258427e+03 1.453385971465198434e+00
8.984437008075579797e+03 1.484426156747733705e+00
8.994438614758899348e+03 1.296432458106226315e+00
9.004440221442220718e+03 1.344472823229947656e+00
9.014441828125542088e+03 1.311976039620396772e+00
9.024443434808861639e+03 1.373991851810862475e+00
9.034445041492183009e+03 1.215917789521253622e+00
9.044446648175504379e+03 9.740060315967131732e-01
9.054448254858823930e+03 1.164819547814698986e+00
9.064449861542145300e+03 9.695618792020584964e-01
9.074451468225466670e+03 1.058904905514207462e+00
9.084453074908786220e+03 1.091056128895406374e+00
9.094454681592107590e+03 7.295179910356085484e-01
9.104456288275428960e+03 7.102233950326942713e-01
9.114457894958748511e+03 8.505609085207831432e-01
9.124459501642069881e+03 7.057224658532310624e-01
9.134461108325391251e+03 9.855498759556945432e-01
9.144462715008710802e+03 8.398629517933393629e-01
9.154464321692032172e+03 9.341890776452794753e-01
9.164465928375353542e+03 8.600691466305140365e-01
9.174467535058673093e+03 9.904862859567089561e-01
9.184469141741994463e+03 9.199395456934953419e-01
9.194470748425315833e+03 5.332088855380018311e-01
9.204472355108635384e+03 6.917060933883001361e-01
9.214473961791956754e+03 7.976556087393593675e-01
9.224475568475278124e+03 5.467308100231488277e-01
9.234477175158597674e+03 6.678589215062390450e-01
9.244478781841919044e+03 8.442638731335713187e-01
9.254480388525240414e+03 8.153232760608324359e-01
9.264481995208559965e+03 9.290128793957337372e-01
9.274483601891881335e+03 6.663199536101965803e-01
9.284485208575202705e+03 2.357363459037711273e-01
9.294486815258522256e+03 8.621672938051628821e-01
9.304488421941843626e+03 1.122823748720360726e+00
9.314490028625164996e+03 6.855240526058526962e-01
9.324491635308484547e+03 7.537000018445249028e-01
9.334493241991805917e+03 8.910565900266533834e-01
9.344494848675127287e+03 5.992832867590773827e-01
9.354496455358446838e+03 7.998704797609496042e-01
9.364498062041768208e+03 8.568752363297641450e-01
9.374499668725089577e+03 4.746508083630762709e-01
9.384501275408409128e+03 3.823338889964861820e-01
9.394502882091730498e+03 5.745788430678140379e-01
9.404504488775051868e+03 5.605382323917033061e-01
9.414506095458371419e+03 5.801732297171421360e-01
9.424507702141692789e+03 5.606864860876702439e-01
9.434509308825014159e+03 -1.993483927270379708e-01
9.444510915508333710e+03 1.454628431969307301e-01
9.454512522191655080e+03 6.081312425642586561e-01
9.464514128874976450e+03 5.553115690912947544e-01
9.474515735558296001e+03 4.591403706572964594e-01
9.484517342241617371e+03 5.416388835090243381e-01
9.494518948924938741e+03 6.792445978474392909e-01
9.504520555608258292e+03 7.455189571055713671e-01
9.514522162291579662e+03 6.911636877588099859e-01
9.524523768974901031e+03 5.617375771242010263e-01
9.534525375658220582e+03 7.329286330225308621e-01
9.544526982341541952e+03 7.293655295170111685e-01
9.554528589024863322e+03 6.488084944987042579e-01
9.564530195708182873e+03 5.675680629720830650e-01
9.574531802391504243e+03 8.062286150384121441e-01
9.584533409074825613e+03 3.694306297208311274e-01
9.594535015758145164e+03 8.895460969851238797e-01
9.604536622441466534e+03 9.305297129919117838e-01
9.614538229124787904e+03 1.224138606830275977e+00
9.624539835808107455e+03 7.364302245017477766e-01
9.634541442491428825e+03 2.185140160842579338e+00
9.644543049174750195e+03 7.718625206356233281e-01
9.654544655858069746e+03 1.101203321989504769e+00
9.664546262541391116e+03 2.848108266699868274e+00
9.674547869224712485e+03 1.861209870053214477e+00
