3.661130739804023506e+03 7.576054354130417057e-01
3.671139254985193475e+03 3.054602701135139542e-01
3.681147770166363443e+03 1.951114425387355800e-01
3.691156285347533412e+03 4.711807109122545523e-01
3.701164800528703381e+03 5.749623001077138751e-01
3.711173315709873350e+03 2.554826414781671828e-01
3.721181830891043774e+03 1.542817134808186219e-01
3.731190346072213742e+03 -6.578142348164719988e-02
3.741198861253383711e+03 4.278100919711658179e-01
3.751207376434553680e+03 6.188018891374597041e-01
3.761215891615723649e+03 4.651454138702461050e-01
3.771224406796893618e+03 5.290280884911757742e-01
3.781232921978063587e+03 4.168729803629132036e-01
3.791241437159233556e+03 4.181174910928825983e-01
3.801249952340403524e+03 4.288143176733780204e-01
3.811258467521573948e+03 4.165506669980942323e-01
3.821266982702743917e+03 2.614383958902974370e-01
3.831275497883913886e+03 4.339613886817466071e-01
3.841284013065083855e+03 5.164785814897671079e-01
3.851292528246253823e+03 4.558720689369458734e-01
3.861301043427423792e+03 6.809992542878448019e-01
3.871309558608593761e+03 2.008318833374761747e-01
3.881318073789763730e+03 1.732819620515370085e-01
3.891326588970933699e+03 1.560033142762449476e-01
3.901335104152103668e+03 3.812511392824591838e-01
3.911343619333273637e+03 4.533565332670478343e-01
3.921352134514444060e+03 3.600231999337145106e-01
3.931360649695614029e+03 5.726224210787969060e-01
3.941369164876783998e+03 1.227558206976551436e-01
3.951377680057953967e+03 6.943856160410970535e-01
3.961386195239123936e+03 5.715817383378904992e-01
3.971394710420293904e+03 9.272160079542629552e-01
3.981403225601463873e+03 5.739895600298284828e-01
3.991411740782633842e+03 9.206495981440052656e-01
4.001420255963803811e+03 8.452398707432264846e-01
4.011428771144973780e+03 8.142165879526058747e-01
4.021437286326144203e+03 7.575590355456127689e-01
4.031445801507314172e+03 6.365316099096860469e-01
4.041454316688484141e+03 5.657718120805368400e-01
4.051462831869654110e+03 4.087745463584389061e-01
4.061471347050824079e+03 7.668290662026679971e-01
4.071479862231994048e+03 8.667296379153203167e-01
4.081488377413164017e+03 1.033059905543127099e+00
4.091496892594333985e+03 1.284697986577181039e+00
4.101505407775504864e+03 1.091475681498052630e+00
4.111513922956673923e+03 9.794912585964039575e-01
4.121522438137844802e+03 1.025959068688375275e+00
4.131530953319013861e+03 8.648322147651006375e-01
4.141539468500184739e+03 8.116529952771563972e-01
4.151547983681353799e+03 5.592012594249730073e-01
4.161556498862524677e+03 8.940028171348081143e-01
4.171565014043693736e+03 1.056462010108542460e+00
4.181573529224864615e+03 6.551014997100008674e-01
4.191582044406033674e+03 7.252382136051039874e-01
4.201590559587204552e+03 5.768564089816885510e-01
4.211599074768373612e+03 6.288110033971331392e-01
4.221607589949544490e+03 5.768514375673211569e-01
4.231616105130713549e+03 9.624011931394481634e-01
4.241624620311884428e+03 7.514408815974811251e-01
4.251633135493053487e+03 5.327665920954511858e-01
4.261641650674224366e+03 5.538404175988068667e-01
4.271650165855394334e+03 4.348479575772641326e-01
4.281658681036564303e+03 3.878424061645537879e-01
4.291667196217735182e+03 4.396652580992625459e-01
4.301675711398904241e+03 5.553434418758802504e-01
4.311684226580075119e+03 8.551064711243682170e-01
4.321692741761244179e+03 6.830474770072084700e-01
4.331701256942415057e+03 8.398226862208963972e-01
4.341709772123584116e+03 7.924103073991216606e-01
4.351718287304754995e+03 5.528809346259011548e-01
4.361726802485924054e+03 5.336879608915403583e-01
4.371735317667094932e+03 6.126157925263071569e-01
4.381743832848263992e+03 7.030623912503106698e-01
4.391752348029434870e+03 6.254105559698400763e-01
4.401760863210603929e+03 9.762233822189080312e-01
4.411769378391774808e+03 7.377711492252879699e-01
4.421777893572943867e+03 5.396039439887314604e-01
4.431786408754114746e+03 6.506346839009031768e-01
4.441794923935283805e+03 7.352373850360427454e-01
4.451803439116454683e+03 1.185292899163145286e+00
4.461811954297624652e+03 8.788416604523987541e-01
4.471820469478794621e+03 6.372027508492833503e-01
4.481828984659964590e+03 8.129057916977380227e-01
4.491837499841134559e+03 5.301284282044909091e-01
4.501846015022305437e+03 6.348363576104067985e-01
4.511854530203474496e+03 4.621957080122628958e-01
4.521863045384645375e+03 5.879658629546772319e-01
4.531871560565814434e+03 5.793537161322397377e-01
4.541880075746985312e+03 6.495683155190985492e-01
4.551888590928154372e+03 8.371248653575275034e-01
4.561897106109325250e+03 8.143491590024029003e-01
4.571905621290494310e+03 1.470938768746375080e+00
4.581914136471665188e+03 1.723721932223050590e+00
4.591922651652834247e+03 1.617704035131328322e+00
4.601931166834005126e+03 1.170421741652166725e+00
4.611939682015174185e+03 1.392468307233407865e+00
4.621948197196345063e+03 1.807258264976385975e+00
4.631956712377514123e+03 1.353063219819371943e+00
4.641965227558685001e+03 1.466618609661115347e+00
4.651973742739854060e+03 1.549220316513381546e+00
4.661982257921024939e+03 1.937691606595409732e+00
4.671990773102194908e+03 1.915419670229513427e+00
4.681999288283364876e+03 1.723141933880188992e+00
4.692007803464534845e+03 1.747153865274670537e+00
4.702016318645704814e+03 1.689932885906040294e+00
4.712024833826875692e+03 1.643180048057005571e+00
4.722033349008044752e+03 1.740923025934211665e+00
4.732041864189215630e+03 1.660236970751512109e+00
4.742050379370384690e+03 1.211185682326621826e+00
4.752058894551555568e+03 1.202162565249813575e+00
4.762067409732724627e+03 1.059875714640815314e+00
4.772075924913895506e+03 1.052789792029165783e+00
4.782084440095064565e+03 9.853011848537575057e-01
4.792092955276235443e+03 8.528163062391250770e-01
4.802101470457404503e+03 8.222189079459774064e-01
4.812109985638575381e+03 6.656640981025767623e-01
4.822118500819744440e+03 4.736664180959482828e-01
4.832127016000915319e+03 5.784290330599055618e-01
4.842135531182084378e+03 1.175855497555721385e+00
4.852144046363255256e+03 1.621829480487198660e+00
4.862152561544425225e+03 1.468424890214599321e+00
4.872161076725595194e+03 1.602576849780429136e+00
4.882169591906765163e+03 1.397272350650426764e+00
4.892178107087935132e+03 8.862242107879692021e-01
4.902186622269105101e+03 1.101097025437070220e+00
4.912195137450275070e+03 1.612970420084513856e+00
4.922203652631445948e+03 2.011218825089071238e+00
4.932212167812615007e+03 2.267760377827491958e+00
4.942220682993785886e+03 2.108343690446598639e+00
4.952229198174954945e+03 1.877454635843897712e+00
4.962237713356125823e+03 1.470464827243350703e+00
4.972246228537294883e+03 1.470120142513878347e+00
4.982254743718465761e+03 8.619040517027093395e-01
4.992263258899634820e+03 7.399917143093877048e-01
5.002271774080805699e+03 1.202073079791200483e+00
5.012280289261974758e+03 1.557419835943325781e+00
5.022288804443145636e+03 2.149523572789792336e+00
5.032297319624314696e+03 2.203231419338801622e+00
5.042305834805485574e+03 1.948811003397133090e+00
5.052314349986654634e+03 1.582541221310796109e+00
5.062322865167825512e+03 1.418319661943822974e+00
5.072331380348995481e+03 1.647440550169856799e+00
5.082339895530165450e+03 1.715817383378904548e+00
5.092348410711335418e+03 1.423546275582069809e+00
5.102356925892505387e+03 1.167472035794183460e+00
5.112365441073675356e+03 1.392498135719612451e+00
5.122373956254845325e+03 1.110300770569226714e+00
5.132382471436016203e+03 6.483105476841495296e-01
5.142390986617185263e+03 7.509221973651503124e-01
5.152399501798356141e+03 7.914441958737261640e-01
5.162408016979525200e+03 1.038110862540392754e+00
5.172416532160696079e+03 1.064436158753832018e+00
5.182425047341865138e+03 1.192516364238959348e+00
5.192433562523036017e+03 1.336690695169442389e+00
5.202442077704205076e+03 1.131696080868340282e+00
5.212450592885375954e+03 1.451110282542049879e+00
5.222459108066545014e+03 1.562558621261082248e+00
5.232467623247715892e+03 1.217974977214350885e+00
5.242476138428884951e+03 1.165738669318087783e+00
5.252484653610055830e+03 1.281590852597564112e+00
5.262493168791224889e+03 1.476248239290745001e+00
5.272501683972395767e+03 1.990090314027674223e+00
5.282510199153565736e+03 1.277592178308062154e+00
5.292518714334735705e+03 8.790885740326456199e-01
5.302527229515905674e+03 1.140646283867760236e+00
5.312535744697075643e+03 1.392519678515204307e+00
5.322544259878245612e+03 1.674554644129588210e+00
5.332552775059415580e+03 1.675283784903471851e+00
5.342561290240586459e+03 1.505012842820449004e+00
5.352569805421755518e+03 1.440367884663186659e+00
5.362578320602926397e+03 1.299905543127019669e+00
5.372586835784095456e+03 1.657132322479078601e+00
5.382595350965266334e+03 1.624951528709917881e+00
5.392603866146435394e+03 1.574105559698400825e+00
5.402612381327606272e+03 1.326557295550584215e+00
5.412620896508775331e+03 1.736117325379070264e+00
5.422629411689946210e+03 1.729637915320241914e+00
5.432637926871115269e+03 1.868323804789129072e+00
5.442646442052286147e+03 1.815444527301350641e+00
5.452654957233455207e+03 1.601875880354627579e+00
5.462663472414626085e+03 1.554342530449912996e+00
5.472671987595796054e+03 1.526835694755157791e+00
5.482680502776966023e+03 1.514289502029994239e+00
5.492689017958135992e+03 1.441786394896014567e+00
5.502697533139305961e+03 1.343463418675946652e+00
5.512706048320475929e+03 1.660270113513961476e+00
5.522714563501645898e+03 1.742138536747037891e+00
5.532723078682816777e+03 1.848819289087745510e+00
5.542731593863985836e+03 1.915121385367470452e+00
5.552740109045156714e+03 1.725892783163476718e+00
5.562748624226325774e+03 1.705824840500455686e+00
5.572757139407496652e+03 1.690811169110945311e+00
5.582765654588665711e+03 1.605302841991880003e+00
5.592774169769836590e+03 1.531566824094788393e+00
5.602782684951005649e+03 1.414282873477504365e+00
5.612791200132176527e+03 1.296930980197199323e+00
5.622799715313345587e+03 9.002220565084100290e-01
5.632808230494516465e+03 8.558455547269864239e-01
5.642816745675685524e+03 9.770221227939349662e-01
5.652825260856856403e+03 1.425516612809677452e+00
5.662833776038025462e+03 1.608651918137376846e+00
5.672842291219196341e+03 1.668456375838925920e+00
5.682850806400366309e+03 1.717971662938106103e+00
5.692859321581536278e+03 1.733714475101499897e+00
5.702867836762706247e+03 1.506993122876791880e+00
5.712876351943876216e+03 1.543194962300107775e+00
5.722884867125046185e+03 1.608580661198110828e+00
5.732893382306216154e+03 1.451117739663601025e+00
5.742901897487386123e+03 1.426030325627641204e+00
5.752910412668556091e+03 1.426393238876460412e+00
5.762918927849726970e+03 1.399893943160162246e+00
5.772927443030896029e+03 1.142658049548429977e+00
5.782935958212066907e+03 1.271778937774463492e+00
5.792944473393235967e+03 1.294866186096611083e+00
5.802952988574406845e+03 1.156844809014831332e+00
5.812961503755575905e+03 1.166926837351893065e+00
5.822970018936746783e+03 8.669003231419338817e-01
5.832978534117915842e+03 4.991722595078299518e-01
5.842987049299086721e+03 5.684480901483138782e-01
5.852995564480255780e+03 4.986245753583561369e-01
5.863004079661426658e+03 6.390289170602369007e-01
5.873012594842596627e+03 1.166598724003645726e+00
5.883021110023766596e+03 1.581118568232662280e+00
5.893029625204936565e+03 1.890430027342778985e+00
5.903038140386106534e+03 1.944734443615875330e+00
5.913046655567276503e+03 1.935338470461512861e+00
5.923055170748446471e+03 1.751942994448587143e+00
5.933063685929616440e+03 1.669815229099345322e+00
5.943072201110786409e+03 1.761272682078051321e+00
5.953080716291956378e+03 1.589359516115668169e+00
5.963089231473126347e+03 1.553686303753417874e+00
5.973097746654297225e+03 1.474150302427707393e+00
5.983106261835466285e+03 1.550156599552572567e+00
5.993114777016637163e+03 1.583006877123207978e+00
6.003123292197806222e+03 1.484419587372607374e+00
6.013131807378977101e+03 1.410464827243350650e+00
6.023140322560146160e+03 1.489908028834203479e+00
6.033148837741317038e+03 1.567183693760874963e+00
6.043157352922486098e+03 1.303945645869583281e+00
6.053165868103656976e+03 1.268464661529538517e+00
6.063174383284826945e+03 1.459714972242936337e+00
6.073182898465996914e+03 1.442238793603446867e+00
6.083191413647166883e+03 1.540485541469881703e+00
6.093199928828336851e+03 1.268042091308310582e+00
6.103208444009506820e+03 1.187980777197779503e+00
6.113216959190676789e+03 1.089344601872566098e+00
6.123225474371846758e+03 1.136425553069848382e+00
6.133233989553016727e+03 1.472619106802552036e+00
6.143242504734186696e+03 1.509574944071588432e+00
6.153251019915356665e+03 1.548673460932968649e+00
6.163259535096526633e+03 1.587359350401856162e+00
6.173268050277696602e+03 1.479363658960974437e+00
6.183276565458867481e+03 1.593775789212030780e+00
6.193285080640036540e+03 1.339804457701549545e+00
6.203293595821207418e+03 1.267256607838263216e+00
6.213302111002376478e+03 1.118332919048802720e+00
6.223310626183547356e+03 1.320604855414698742e+00
6.233319141364716415e+03 1.050352141851023102e+00
6.243327656545887294e+03 1.588168033805617663e+00
6.253336171727056353e+03 1.498886403181705296e+00
6.263344686908227231e+03 1.539239373601789973e+00
6.273353202089397200e+03 1.457880520341370501e+00
6.283361717270567169e+03 1.530207970834369213e+00
6.293370232451737138e+03 1.227518435661612450e+00
6.303378747632907107e+03 1.478118319661943847e+00
6.313387262814077076e+03 1.426607009694258021e+00
6.323395777995247045e+03 1.375973154362416073e+00
6.333404293176417013e+03 1.393446018725660540e+00
6.343412808357586982e+03 1.411331510481398599e+00
6.353421323538756951e+03 1.303829646201011050e+00
6.363429838719926920e+03 1.358336233325047493e+00
6.373438353901096889e+03 1.398782003479990044e+00
6.383446869082266858e+03 1.325640898168862325e+00
6.393455384263437736e+03 1.286177810920540177e+00
6.403463899444606795e+03 1.214070759797829080e+00
6.413472414625777674e+03 1.137877206065125435e+00
6.423480929806946733e+03 9.687530035628469927e-01
6.433489444988117612e+03 7.099809429115916393e-01
6.443497960169286671e+03 6.565001242853591990e-01
6.453506475350457549e+03 4.912660535255613525e-01
6.463514990531626609e+03 4.132471621509652415e-01
6.473523505712797487e+03 4.646648438147319982e-01
6.483532020893967456e+03 3.840384456044411143e-01
6.493540536075137425e+03 5.917872234650757290e-01
6.503549051256307393e+03 6.075234070759797378e-01
6.513557566437477362e+03 1.032344021874223250e+00
6.523566081618647331e+03 1.448554146988151548e+00
6.533574596799817300e+03 2.284099759714972588e+00
6.543583111980987269e+03 3.227889634601043500e+00
6.553591627162157238e+03 3.527964205816554788e+00
6.563600142343327207e+03 3.133714475101499808e+00
6.573608657524497175e+03 2.701333996188581832e+00
6.583617172705668054e+03 2.914823100505426812e+00
6.593625687886837113e+03 2.533929903057419608e+00
6.603634203068007992e+03 2.607738835031899960e+00
6.613642718249177051e+03 2.365332670478083710e+00
6.623651233430347929e+03 2.197431435910182973e+00
6.633659748611516989e+03 2.018841660452398656e+00
6.643668263792687867e+03 1.761438395890297492e+00
6.653676778973856926e+03 1.624369873228933558e+00
6.663685294155027805e+03 1.579408401690280961e+00
6.673693809336196864e+03 1.550256027839920447e+00
6.683702324517367742e+03 1.427150550998425693e+00
6.693710839698537711e+03 1.419550915568812632e+00
6.703719354879707680e+03 1.370489684315187695e+00
6.713727870060877649e+03 1.331164139531029855e+00
6.723736385242047618e+03 1.123663932388764719e+00
6.733744900423217587e+03 1.210047228436490263e+00
6.743753415604387556e+03 1.290754826414781897e+00
6.753761930785557524e+03 1.271217167950948745e+00
6.763770445966727493e+03 1.242823763360676237e+00
6.773778961147897462e+03 1.278661032397050201e+00
6.783787476329067431e+03 1.189434087331179057e+00
6.793795991510238309e+03 1.264704615129671028e+00
6.803804506691407369e+03 1.249664429530201293e+00
6.813813021872578247e+03 1.305389013174248047e+00
6.823821537053747306e+03 1.231116082525478328e+00
6.833830052234918185e+03 1.231737509321401802e+00
6.843838567416087244e+03 1.356786809180545283e+00
6.853847082597258122e+03 1.293881846051868401e+00
6.863855597778427182e+03 1.283591018311376120e+00
6.873864112959598060e+03 1.209652829563344190e+00
6.883872628140768029e+03 1.278251719280802057e+00
6.893881143321937998e+03 1.211394481730052153e+00
6.903889658503107967e+03 1.225647526721352243e+00
6.913898173684277936e+03 1.213562018394233277e+00
6.923906688865447904e+03 1.271457452978705716e+00
6.933915204046617873e+03 1.200672798077719650e+00
6.943923719227787842e+03 1.241464910100257057e+00
6.953932234408957811e+03 1.218710746540724088e+00
6.963940749590127780e+03 1.157670063799817406e+00
6.973949264771297749e+03 1.116377496064297148e+00
6.983957779952467718e+03 1.255631783909188837e+00
6.993966295133637686e+03 1.328859060402684422e+00
7.003974810314808565e+03 1.386361753252133511e+00
7.013983325495977624e+03 1.328139862457535791e+00
7.023991840677148502e+03 1.354483387190322352e+00
7.034000355858317562e+03 1.217313779103488258e+00
7.044008871039488440e+03 1.222083022619935289e+00
7.054017386220657500e+03 1.228953517275664931e+00
7.064025901401828378e+03 1.117494407158836633e+00
7.074034416582997437e+03 1.197444693015162764e+00
7.084042931764168316e+03 1.181541138453890305e+00
7.094051446945338284e+03 1.100347999005717003e+00
7.104059962126508253e+03 1.219474687215179376e+00
7.114068477307678222e+03 1.214826414781672081e+00
7.124076992488848191e+03 1.232960477255779175e+00
7.134085507670018160e+03 1.189321401938851608e+00
7.144094022851188129e+03 1.190579169773800627e+00
7.154102538032358098e+03 1.264593586875466080e+00
7.164111053213528066e+03 9.906686552324135420e-01
7.174119568394698035e+03 1.062076394067445362e+00
7.184128083575868004e+03 1.179151545281299063e+00
7.194136598757037973e+03 1.062152622421078885e+00
7.204145113938207942e+03 1.190217913663103921e+00
7.214153629119378820e+03 1.320014914243102133e+00
7.224162144300547880e+03 1.348885574612643801e+00
7.234170659481718758e+03 1.243796503438561629e+00
7.244179174662887817e+03 1.211018311376253154e+00
7.254187689844058696e+03 1.237809263402104509e+00
7.264196205025227755e+03 1.183531361338967747e+00
7.274204720206398633e+03 1.235668240947882968e+00
7.284213235387567693e+03 1.284996271439224458e+00
7.294221750568738571e+03 1.269333001905708747e+00
7.304230265749908540e+03 1.383741817880520308e+00
7.314238780931078509e+03 1.283251304996271491e+00
7.324247296112248478e+03 1.219081945480155804e+00
7.334255811293418446e+03 1.142377993205733855e+00
7.344264326474588415e+03 1.235386527467064344e+00
7.354272841655758384e+03 1.172866020382798968e+00
7.364281356836928353e+03 1.220026514209959334e+00
7.374289872018098322e+03 1.241957080122628287e+00
7.384298387199268291e+03 1.201246167868091907e+00
7.394306902380438260e+03 1.022368878946060100e+00
7.404315417561609138e+03 1.068017234236473545e+00
7.414323932742778197e+03 1.053861960394398833e+00
7.424332447923949076e+03 1.109046317010522698e+00
7.434340963105118135e+03 1.174748529289916243e+00
7.444349478286289013e+03 1.017317093379733306e+00
7.454357993467458073e+03 1.115560526969922917e+00
7.464366508648628951e+03 1.230133399618858370e+00
7.474375023829798010e+03 1.145949125859640372e+00
7.484383539010968889e+03 1.211936365896097323e+00
7.494392054192138858e+03 1.024507415693098000e+00
7.594477206003838546e+03 1.007672549507001358e+00
7.604485721185008515e+03 1.005969011517109823e+00
7.614494236366179393e+03 1.123077305493412892e+00
7.624502751547348453e+03 9.846598724003646774e-01
7.634511266728519331e+03 8.736299610572541008e-01
7.644519781909688390e+03 1.044134559615544022e+00
7.654528297090859269e+03 1.194920871654652661e+00
7.664536812272028328e+03 9.215693098019719365e-01
7.674545327453199207e+03 8.799204573701218113e-01
7.684553842634368266e+03 1.071714309387687525e+00
7.694562357815539144e+03 9.995161156682410564e-01
7.704570872996709113e+03 9.835471041511310020e-01
7.714579388177879082e+03 9.757063551246996091e-01
7.724587903359049051e+03 6.341950451570138592e-01
7.734596418540219020e+03 5.064976385781754242e-01
7.744604933721388988e+03 8.129405915983097808e-01
7.754613448902558957e+03 1.171218825089070936e+00
7.764621964083728926e+03 8.638429033059905615e-01
7.774630479264898895e+03 1.061415195956582957e+00
7.784638994446068864e+03 1.114629215345098956e+00
7.794647509627238833e+03 1.104134559615543854e+00
7.804656024808408802e+03 9.392360593255447698e-01
7.814664539989578770e+03 1.238609661115253946e+00
7.824673055170748739e+03 7.442754163559532898e-01
7.834681570351918708e+03 8.314259673543790141e-01
7.844690085533088677e+03 8.759748115005385749e-01
7.854698600714259555e+03 8.543392161736680368e-01
7.864707115895429524e+03 8.867080951197282568e-01
7.874715631076599493e+03 7.633590189742315291e-01
7.884724146257769462e+03 7.081812909105974496e-01
7.894732661438939431e+03 1.126292153450990208e+00
7.904741176620109400e+03 8.665920954511557861e-01
7.914749691801279369e+03 9.031850194713728630e-01
7.924758206982449337e+03 8.141817880520342277e-01
7.934766722163619306e+03 8.393404590272598442e-01
7.944775237344789275e+03 9.217930234485043339e-01
7.954783752525959244e+03 9.062159250973568225e-01
7.964792267707129213e+03 1.015777612063965663e+00
7.974800782888299182e+03 8.595608583975473671e-01
7.984809298069469151e+03 9.357129836771894693e-01
7.994817813250639119e+03 8.503256276410638970e-01
8.004826328431809088e+03 8.766111525395641202e-01
8.014834843612979057e+03 8.510937111608253280e-01
8.024843358794149026e+03 9.392576021211368476e-01
8.034851873975318995e+03 9.045919297373435919e-01
8.044860389156488964e+03 8.426166210953682789e-01
8.054868904337658932e+03 8.303421990222884519e-01
8.064877419518829811e+03 8.298699146573866869e-01
8.074885934699999780e+03 1.019753086419753041e+00
8.084894449881169749e+03 1.170753169276659289e+00
8.094902965062339717e+03 1.106802551992708716e+00
8.104911480243509686e+03 7.063020962797249558e-01
8.114919995424679655e+03 8.509785400613140149e-01
8.124928510605849624e+03 9.150219570801225721e-01
8.134937025787019593e+03 8.140144171016653329e-01
8.144945540968189562e+03 7.721749937857319557e-01
8.154954056149359531e+03 7.787704035131328695e-01
8.164962571330529499e+03 8.001060568398375983e-01
8.174971086511699468e+03 7.911823680503768941e-01
8.184979601692869437e+03 7.641246167868092076e-01
8.194988116874039406e+03 9.978805203413705360e-01
8.204996632055208465e+03 8.638545032728478512e-01
8.215005147236379344e+03 8.951412710249398996e-01
8.225013662417550222e+03 7.904565415527384786e-01
8.235022177598719281e+03 9.101963708675117060e-01
8.245030692779888341e+03 1.304429530201342446e+00
8.255039207961059219e+03 7.006926837351893367e-01
8.265047723142230097e+03 7.021824509072830400e-01
8.275056238323399157e+03 8.419736515038527269e-01
8.285064753504570035e+03 8.494639158173833415e-01
8.295073268685740913e+03 9.347899577429779061e-01
8.305081783866909973e+03 6.381042339879029468e-01
8.315090299048079032e+03 7.073560361256110429e-01
8.325098814229249911e+03 8.391606595409726310e-01
8.335107329410420789e+03 5.882658049548429302e-01
8.345115844591589848e+03 9.240633026762781199e-01
8.355124359772758908e+03 9.805070842654735053e-01
8.365132874953929786e+03 9.648802717706520538e-01
8.375141390135100664e+03 7.239771314939100755e-01
8.385149905316269724e+03 6.294390587455465091e-01
8.395158420497438783e+03 4.562366393238876383e-01
8.405166935678609661e+03 3.218874803214847313e-01
8.415175450859780540e+03 2.387438893031734177e-01
8.425183966040949599e+03 1.028133233905045990e-01
8.435192481222118658e+03 2.021095368298947703e-01
8.445200996403289537e+03 2.152141851023282870e-01
8.455209511584460415e+03 1.283286104896843305e-01
8.465218026765629475e+03 2.391929737343607421e-01
8.475226541946798534e+03 3.851321567652663536e-01
8.485235057127971231e+03 5.234360758969259786e-01
8.495243572309140291e+03 6.555108128262491229e-01
8.505252087490309350e+03 9.374761786394895102e-01
8.515260602671480228e+03 1.355305327699063644e+00
8.525269117852651107e+03 1.612942248736432216e+00
8.535277633033820166e+03 1.707117408235976352e+00
8.545286148214989225e+03 1.493391333167619406e+00
8.555294663396160104e+03 9.973303504847128576e-01
8.565303178577330982e+03 8.704880271770653044e-01
8.575311693758500041e+03 5.054254702129422627e-01
8.585320208939669101e+03 3.693098019719943670e-01
8.595328724120839979e+03 3.680404341701881132e-01
8.605337239302010858e+03 4.320556798409147525e-01
8.615345754483179917e+03 6.661048968431518835e-01
8.625354269664348976e+03 1.043178390918882981e+00
8.635362784845519855e+03 1.294608501118568400e+00
8.645371300026690733e+03 1.482218907945977104e+00
8.655379815207859792e+03 1.777446350153285115e+00
8.665388330389028852e+03 1.595446184439472948e+00
8.675396845570201549e+03 1.723738503604275385e+00
8.685405360751370608e+03 1.582106222553649522e+00
8.695413875932539668e+03 1.518354461844394709e+00
8.705422391113710546e+03 1.460772226365067539e+00
8.715430906294881424e+03 1.542581821194796587e+00
8.725439421476050484e+03 1.217549092716877945e+00
8.735447936657219543e+03 9.490877454635844312e-01
8.745456451838390421e+03 1.158581489767171790e+00
8.755464967019561300e+03 1.084134559615544058e+00
8.765473482200730359e+03 8.634650758140690607e-01
8.775481997381899419e+03 1.088013919960228559e+00
8.785490512563070297e+03 6.079459772972076737e-01
8.795499027744241175e+03 8.625677355207557184e-01
8.805507542925410235e+03 8.241445024442787259e-01
8.815516058106579294e+03 7.519396801723423618e-01
8.825524573287750172e+03 7.941105311127681921e-01
8.835533088468921051e+03 8.250592426878780028e-01
8.845541603650090110e+03 1.000000000000000000e+00
8.855550118831259169e+03 5.720656226696495539e-01
8.865558634012430048e+03 6.827458778689203811e-01
8.875567149193600926e+03 5.936730466484382296e-01
8.885575664374769985e+03 4.910928825917640350e-01
8.895584179555940864e+03 5.808335404755986531e-01
8.905592694737111742e+03 6.561885823183362110e-01
8.915601209918280802e+03 7.657933548761288733e-01
8.925609725099449861e+03 8.114707100836855425e-01
8.935618240280620739e+03 8.211119396801722647e-01
8.945626755461791618e+03 7.507481978622918550e-01
8.955635270642960677e+03 8.195857154693844127e-01
8.965643785824129736e+03 8.533830474770072172e-01
8.975652301005300615e+03 7.829662772392078640e-01
8.985660816186471493e+03 8.289468887231750127e-01
8.995669331367640552e+03 7.995956582981191829e-01
9.005677846548809612e+03 7.033391333167620108e-01
9.015686361729980490e+03 6.523953931560195763e-01
9.025694876911151368e+03 5.272748363576104103e-01
9.035703392092320428e+03 5.650741569309801760e-01
9.045711907273489487e+03 4.372955505841412127e-01
9.055720422454660365e+03 4.987024608501118839e-01
9.065728937635831244e+03 4.745364156102411246e-01
9.075737452817000303e+03 4.682127765349242132e-01
9.085745967998169363e+03 8.423746789294888071e-01
9.095754483179342060e+03 7.248670146656723823e-01
9.105762998360511119e+03 9.260535255613554506e-01
9.115771513541680179e+03 9.033573618361090407e-01
9.125780028722851057e+03 7.635197613721104171e-01
9.135788543904021935e+03 8.380777197779435417e-01
9.145797059085190995e+03 8.018742232165050332e-01
9.155805574266360054e+03 6.117441378738919244e-01
9.165814089447530932e+03 5.618576518352804694e-01
9.175822604628701811e+03 5.049896428867346465e-01
9.185831119809870870e+03 6.282724335073328614e-01
9.195839634991039929e+03 1.086161239539315648e+00
9.205848150172210808e+03 -1.749241859308973274e-02
9.215856665353381686e+03 2.845935868754660425e-01
9.225865180534550746e+03 1.782566906951694174e-01
9.235873695715719805e+03 4.235396470295799132e-01
9.245882210896890683e+03 5.458795260584969888e-01
9.255890726078061562e+03 6.285500041428453422e-01
9.265899241259230621e+03 7.166194382301765975e-01
9.275907756440399680e+03 7.646565581241197007e-01
9.285916271621570559e+03 6.096246582152623494e-01
9.295924786802741437e+03 3.995012014251387855e-01
9.305933301983910496e+03 6.436937608749689899e-01
9.315941817165081375e+03 3.406297124865357295e-01
9.325950332346252253e+03 2.511309967685806388e-01
9.335958847527421312e+03 6.721418510232828325e-01
9.345967362708590372e+03 9.841892451735851921e-01
9.355975877889761250e+03 1.161226282210622296e+00
9.365984393070932128e+03 7.134940757312121518e-01
9.375992908252101188e+03 7.231850194713729252e-01
9.386001423433270247e+03 9.370237799320573213e-01
9.396009938614441126e+03 7.024144502444278348e-01
9.406018453795612004e+03 6.520407655978125439e-01
9.416026968976781063e+03 7.516960808683403883e-01
9.426035484157950123e+03 5.097307150550998145e-01
9.436043999339121001e+03 9.959466401524567081e-01
9.446052514520291879e+03 1.300125942497307063e+00
9.456061029701460939e+03 4.743392161736680879e-01
9.466069544882629998e+03 4.481879194630872809e-01
9.476078060063800876e+03 9.351014997100007831e-01
9.486086575244971755e+03 5.969707515121385200e-01
9.496095090426140814e+03 6.393056591266882416e-01
9.506103605607311692e+03 2.593421161653824414e-01
9.516112120788482571e+03 7.319164802386277646e-01
9.526120635969651630e+03 5.848537575606925776e-01
9.536129151150820690e+03 5.080851768994945061e-01
9.546137666331991568e+03 7.152423564504101217e-01
9.556146181513162446e+03 5.749523572789790871e-01
9.566154696694331506e+03 2.915477670063799653e-01
9.576163211875500565e+03 4.299643715303670399e-01
9.586171727056671443e+03 5.145248156433839259e-01
9.596180242237842322e+03 6.690910597398291859e-01
9.606188757419011381e+03 3.823763360676112333e-01
9.616197272600180440e+03 7.272234650758140351e-01
9.626205787781351319e+03 5.655779269202088066e-01
9.636214302962522197e+03 4.746474438644460725e-01
9.646222818143691256e+03 6.093611732537907999e-01
9.656231333324860316e+03 6.167006379981770925e-01
9.666239848506031194e+03 8.682376336067609834e-01
9.676248363687202072e+03 5.426729637915320703e-01
9.686256878868371132e+03 1.801275996354296249e-01
9.696265394049540191e+03 6.330400198856575011e-01
9.706273909230712889e+03 5.799486287182037403e-01
9.716282424411881948e+03 7.318220233656475004e-01
9.726290939593051007e+03 3.736100753997845803e-01
9.736299454774221886e+03 5.949026431353053868e-01
9.746307969955392764e+03 5.992526307067693736e-01
9.756316485136561823e+03 3.742033308476261366e-01
9.766325000317730883e+03 7.057022122793934482e-01
9.776333515498901761e+03 5.112552821277652759e-01
9.786342030680072639e+03 1.733035048471290307e-01
9.796350545861241699e+03 3.059723257933548157e-01
9.806359061042410758e+03 7.572342364736101006e-01
9.816367576223581636e+03 7.457038694175159854e-01
9.826376091404752515e+03 2.423133648189576550e-01
9.836384606585921574e+03 2.910580826911923213e-01
9.846393121767090634e+03 6.193702875134642349e-01
9.856401636948261512e+03 -6.510332256193552825e-01
9.866410152129432390e+03 6.138205319413372330e-01
9.876418667310601450e+03 -6.003869417515949464e-02
