3.132968909678260388e+03 5.054419877218710333e+00
3.142982558418666486e+03 4.610782920079769198e+00
3.152996207159073037e+03 4.686115100495845454e+00
3.163009855899479589e+03 4.671631149876148470e+00
3.173023504639885687e+03 4.933417318094236670e+00
3.183037153380292693e+03 4.957088119984186747e+00
3.193050802120698791e+03 5.214574059948113849e+00
3.203064450861104888e+03 4.807889746056861924e+00
3.213078099601511894e+03 4.207362870363266616e+00
3.223091748341917992e+03 4.160060359567494537e+00
3.233105397082324544e+03 4.815161041104806472e+00
3.243119045822731096e+03 4.966079506333796800e+00
3.253132694563137193e+03 4.756345646483121747e+00
3.263146343303544199e+03 5.040043432305367332e+00
3.273159992043950297e+03 4.862600377345029479e+00
3.283173640784356849e+03 4.113813359343198250e+00
3.293187289524763401e+03 4.215103281220756948e+00
3.303200938265169498e+03 4.482792490042283973e+00
3.313214587005576504e+03 4.380368871624991556e+00
3.323228235745982602e+03 4.150521671440082550e+00
3.333241884486388699e+03 4.225443375522807798e+00
3.343255533226795706e+03 4.142155772836533245e+00
3.353269181967201803e+03 4.217312034824030498e+00
3.363282830707608355e+03 4.223254168411599174e+00
3.373296479448014907e+03 4.521338172393218890e+00
3.383310128188421004e+03 4.367976395656183008e+00
3.393323776928828011e+03 4.123527965899190129e+00
3.403337425669234108e+03 4.090259836405634175e+00
3.413351074409640660e+03 3.762973373279847156e+00
3.423364723150047212e+03 4.002906563369971416e+00
3.433378371890453309e+03 3.815807541329835573e+00
3.443392020630859861e+03 4.178883631425481582e+00
3.453405669371266413e+03 4.023156729148657185e+00
3.463419318111672510e+03 3.727437850706825540e+00
3.473432966852079517e+03 3.554744593318129198e+00
3.483446615592485614e+03 3.855819210585597734e+00
3.493460264332892166e+03 3.748176678787120686e+00
3.503473913073298718e+03 3.770303307803985593e+00
3.513487561813704815e+03 4.005779897703433790e+00
3.523501210554111822e+03 4.036721994641329303e+00
3.533514859294517919e+03 3.895068566650849995e+00
3.543528508034924016e+03 3.876128015840476948e+00
3.553542156775331023e+03 3.847648776902691914e+00
3.563555805515737120e+03 3.638892241655236059e+00
3.573569454256143672e+03 3.594443518700861873e+00
3.583583102996550224e+03 3.890944256825268344e+00
3.593596751736956321e+03 3.765846707613309974e+00
3.603610400477363328e+03 3.764888929502155701e+00
3.613624049217769425e+03 3.511312287951102729e+00
3.623637697958175977e+03 3.718661475769924341e+00
3.633651346698582529e+03 3.737074271294559047e+00
3.643664995438988626e+03 3.740260349501051351e+00
3.653678644179395178e+03 3.753845161485787507e+00
3.663692292919801730e+03 3.575385688938102380e+00
3.673705941660207827e+03 3.640710065417222197e+00
3.683719590400614834e+03 3.553200420445044028e+00
3.693733239141020931e+03 3.548978378159140412e+00
3.703746887881427483e+03 3.536312251301429566e+00
3.713760536621834035e+03 3.575737525795261718e+00
3.723774185362240132e+03 3.522023765602376510e+00
3.733787834102647139e+03 3.332481432054195114e+00
3.743801482843053236e+03 3.428415615106115144e+00
3.753815131583459788e+03 3.282950621163084559e+00
3.763828780323866340e+03 3.159749081681369809e+00
3.773842429064272437e+03 3.328318029244484055e+00
3.783856077804678989e+03 3.270988168019691056e+00
3.793869726545085541e+03 3.223783389684241385e+00
3.803883375285491638e+03 3.279314973639111841e+00
3.813897024025898645e+03 3.295245364671572474e+00
3.823910672766304742e+03 3.132393766037285587e+00
3.833924321506711294e+03 3.061977528375398272e+00
3.843937970247117846e+03 3.096848470218231508e+00
3.853951618987523943e+03 3.035589764088500342e+00
3.863965267727930950e+03 3.107462215409184214e+00
3.873978916468337047e+03 3.159631802728983363e+00
3.883992565208743599e+03 2.975523393974695896e+00
3.894006213949150151e+03 3.131015738346748289e+00
3.904019862689556248e+03 3.125386348632209987e+00
3.914033511429962800e+03 3.015652342182844947e+00
3.924047160170369352e+03 3.011058916547717512e+00
3.934060808910775449e+03 3.052888409565467143e+00
3.944074457651182456e+03 2.843643212016401467e+00
3.954088106391588553e+03 2.884651752367446864e+00
3.964101755131995105e+03 2.965456950561546012e+00
3.974115403872401657e+03 2.997865034404269213e+00
3.984129052612807754e+03 3.019307536198881259e+00
3.994142701353214306e+03 3.023764136389557766e+00
4.004156350093620858e+03 2.834612732682662894e+00
4.014169998834027410e+03 2.759280552266586639e+00
4.024183647574433962e+03 2.787818430680565118e+00
4.034197296314840059e+03 2.791317252760086909e+00
4.044210945055246611e+03 2.656211899611171212e+00
4.054224593795653163e+03 2.687838123771319587e+00
4.064238242536059261e+03 2.772308289227488398e+00
4.074251891276466267e+03 2.860335916239372001e+00
4.084265540016872365e+03 2.854628340556576660e+00
4.094279188757278916e+03 2.528573306430844880e+00
4.104292837497685468e+03 2.924135666337470685e+00
4.114306486238091566e+03 2.851188157953247426e+00
4.124320134978497663e+03 2.783088179600988088e+00
4.134333783718904670e+03 2.635961733832485443e+00
4.144347432459311676e+03 2.608029796672502787e+00
4.154361081199717773e+03 2.547357485304702518e+00
4.164374729940123871e+03 2.693193862596956922e+00
4.174388378680530877e+03 2.497689848969142812e+00
4.184402027420936975e+03 2.586215911528667366e+00
4.194415676161343072e+03 2.479022949047670288e+00
4.204429324901750078e+03 2.469777458301223749e+00
4.214442973642156176e+03 2.433225518140854859e+00
4.224456622382562273e+03 2.463248929951725064e+00
4.234470271122969280e+03 2.383518788821165746e+00
4.244483919863375377e+03 2.431583612807448169e+00
4.254497568603781474e+03 2.469093331078971332e+00
4.264511217344188481e+03 2.356036420978663504e+00
4.274524866084595487e+03 2.421106693060946391e+00
4.284538514825001585e+03 2.446399853792239565e+00
4.294552163565407682e+03 2.456466297205389449e+00
4.304565812305814688e+03 2.362056740534489219e+00
4.314579461046220786e+03 2.394386638408954493e+00
4.324593109786626883e+03 2.374156019122332761e+00
4.334606758527033890e+03 2.274390723625796085e+00
4.344620407267439987e+03 2.549976715241328407e+00
4.354634056007846084e+03 2.343428933597146102e+00
4.364647704748253091e+03 2.354159957740483922e+00
4.374661353488659188e+03 2.392881558519998286e+00
4.384675002229065285e+03 2.256447043910705830e+00
4.394688650969472292e+03 2.350817507597476652e+00
4.404702299709878389e+03 2.259261738767974759e+00
4.414715948450285396e+03 2.207795825162492509e+00
4.424729597190691493e+03 2.267138975069915574e+00
4.434743245931098500e+03 2.157209503699906605e+00
4.444756894671504597e+03 2.193722350876146976e+00
4.454770543411910694e+03 2.164109415398628666e+00
4.464784192152317701e+03 2.111978921062957593e+00
4.474797840892723798e+03 2.211900588496009679e+00
4.484811489633129895e+03 2.041631096123295297e+00
4.494825138373536902e+03 2.087506712998368208e+00
4.504838787113942999e+03 2.152479252620329575e+00
4.514852435854349096e+03 2.146498026048632823e+00
4.524866084594756103e+03 2.133988271127436942e+00
4.534879733335162200e+03 1.973452931802777810e+00
4.544893382075568297e+03 1.979258239945895337e+00
4.554907030815975304e+03 2.067100175283167474e+00
4.564920679556382311e+03 2.013679612471248159e+00
4.574934328296788408e+03 2.039813272361308716e+00
4.584947977037194505e+03 2.054199490520684179e+00
4.594961625777601512e+03 2.096889029189265230e+00
4.604975274518007609e+03 2.058460625790716314e+00
4.614988923258413706e+03 2.029805468424352277e+00
4.625002571998820713e+03 1.973159734421812361e+00
4.635016220739226810e+03 1.932782545764446303e+00
4.645029869479632907e+03 1.918687570336830239e+00
4.655043518220039914e+03 1.951936153338320823e+00
4.665057166960446011e+03 2.005704643708986268e+00
4.675070815700852108e+03 1.927485446415002190e+00
4.685084464441259115e+03 1.910712601574567682e+00
4.695098113181666122e+03 1.867082876637690569e+00
4.705111761922072219e+03 1.918028853554260893e+00
4.715125410662478316e+03 1.913105092203246427e+00
4.725139059402885323e+03 1.951214887781145935e+00
4.735152708143291420e+03 1.892761103262651456e+00
4.745166356883697517e+03 1.924719617787894022e+00
4.755180005624104524e+03 1.894375643507168361e+00
4.765193654364510621e+03 1.825603265827894228e+00
4.775207303104916718e+03 1.855380391838753251e+00
4.785220951845323725e+03 1.869098119969527128e+00
4.795234600585729822e+03 1.838070018466548161e+00
4.805248249326135920e+03 1.879201701717599260e+00
4.815261898066542926e+03 1.815147847222663424e+00
4.825275546806949933e+03 1.789342568399284072e+00
4.835289195547356030e+03 1.847243187192356473e+00
4.845302844287762127e+03 1.895173140383394683e+00
4.855316493028169134e+03 1.876752526261933784e+00
4.865330141768575231e+03 2.028437213979846554e+00
4.875343790508981328e+03 1.909166474052276019e+00
4.885357439249388335e+03 1.948972905141362455e+00
4.895371087989794432e+03 1.812339016313013529e+00
4.905384736730200530e+03 1.840693157701586591e+00
4.915398385470607536e+03 1.699721902284153874e+00
4.925412034211013633e+03 1.731223028895090277e+00
4.935425682951419731e+03 1.758441519094723571e+00
4.945439331691826737e+03 1.739835213298651428e+00
4.955452980432233744e+03 1.734672984744451529e+00
4.965466629172639841e+03 1.744725745613156409e+00
4.975480277913045938e+03 1.664753227980998673e+00
4.985493926653452945e+03 1.679405278432449578e+00
4.995507575393859042e+03 1.695896653787157371e+00
5.005521224134265140e+03 1.682694953046882436e+00
5.015534872874672146e+03 1.717145645310332203e+00
5.025548521615078243e+03 1.726805521688543177e+00
5.035562170355484341e+03 1.801381252861728566e+00
5.045575819095891347e+03 1.752982183861145682e+00
5.055589467836297445e+03 1.640570307998962196e+00
5.065603116576703542e+03 1.645507751894421444e+00
5.075616765317110548e+03 1.687360700702647653e+00
5.085630414057517555e+03 1.658001869621966051e+00
5.095644062797923652e+03 1.690308311705954303e+00
5.105657711538329750e+03 1.592765452357135958e+00
5.115671360278736756e+03 1.563306934166925899e+00
5.125685009019142854e+03 1.562765496336742999e+00
5.135698657759548951e+03 1.617309982442363570e+00
5.145712306499955957e+03 1.624559776349037810e+00
5.155725955240362055e+03 1.587042239480688677e+00
5.165739603980768152e+03 1.598838547441535196e+00
5.175753252721175159e+03 1.615093410242264049e+00
5.185766901461581256e+03 1.674235231281423930e+00
5.195780550201987353e+03 1.568946097127496442e+00
5.205794198942394360e+03 1.540089610892869221e+00
5.215807847682800457e+03 1.537616979646726501e+00
5.225821496423207464e+03 1.548520012920231004e+00
5.235835145163613561e+03 1.533883599662432040e+00
5.245848793904020567e+03 1.509178788342276700e+00
5.255862442644426665e+03 1.551209610228288405e+00
5.265876091384832762e+03 1.524845301731868163e+00
5.275889740125239769e+03 1.555558704712610485e+00
5.285903388865645866e+03 1.494425096132091291e+00
5.295917037606051963e+03 1.405392779428098926e+00
5.305930686346458970e+03 1.377423703933194021e+00
5.315944335086865067e+03 1.454366515295374418e+00
5.325957983827271164e+03 1.447757846328411313e+00
5.335971632567678171e+03 1.488332454555627571e+00
5.345985281308084268e+03 1.474040059558161309e+00
5.355998930048491275e+03 1.475734740420141966e+00
5.366012578788897372e+03 1.422339588047906389e+00
5.376026227529304379e+03 1.491733544174827841e+00
5.386039876269710476e+03 1.418844675266797362e+00
5.396053525010116573e+03 1.425795407844886897e+00
5.406067173750523580e+03 1.382841991533437120e+00
5.416080822490929677e+03 1.461590898762364921e+00
5.426094471231335774e+03 1.425777816002028908e+00
5.436108119971742781e+03 1.392206715881476153e+00
5.446121768712148878e+03 1.371137552085293088e+00
5.456135417452554975e+03 1.351847119066967640e+00
5.466149066192961982e+03 1.465304732254594899e+00
5.476162714933368079e+03 1.377763812895113960e+00
5.486176363673775086e+03 1.369300181831242247e+00
5.496190012414181183e+03 1.324632538165747331e+00
5.506203661154587280e+03 1.386172713781205434e+00
5.516217309894994287e+03 1.339263087475927039e+00
5.526230958635400384e+03 1.310387054749235558e+00
5.536244607375807391e+03 1.433756694062704229e+00
5.546258256116213488e+03 1.417673840392141615e+00
5.556271904856619585e+03 1.385383035501804860e+00
5.566285553597026592e+03 1.306037960264913700e+00
5.576299202337432689e+03 1.391860742971936515e+00
5.586312851077838786e+03 1.396610540543578249e+00
5.596326499818245793e+03 1.228014227891573551e+00
5.606340148558651890e+03 1.258803862191367084e+00
5.616353797299058897e+03 1.358125452318042825e+00
5.626367446039464994e+03 1.315762340066936931e+00
5.636381094779871091e+03 1.327740430403981930e+00
5.646394743520278098e+03 1.315813160946304183e+00
5.656408392260684195e+03 1.300942189783732772e+00
5.666422041001091202e+03 1.326295944640425217e+00
5.676435689741497299e+03 1.320060613671891314e+00
5.686449338481903396e+03 1.331860830931151041e+00
5.696462987222310403e+03 1.327918303481767648e+00
5.706476635962716500e+03 1.311006678547676163e+00
5.716490284703122597e+03 1.216593212578362948e+00
5.726503933443529604e+03 1.240506390969911665e+00
5.736517582183935701e+03 1.266512998661553979e+00
5.746531230924342708e+03 1.262486421296294070e+00
5.756544879664748805e+03 1.177222668262312144e+00
5.766558528405154902e+03 1.262474693401055337e+00
5.776572177145561909e+03 1.240529846760388910e+00
5.786585825885968006e+03 1.212388762135317544e+00
5.796599474626375013e+03 1.257730759777033303e+00
5.806613123366781110e+03 1.217676088238729193e+00
5.816626772107187207e+03 1.193555717031298258e+00
5.826640420847594214e+03 1.190600287431165860e+00
5.836654069588000311e+03 1.230834786696462180e+00
5.846667718328406409e+03 1.304760597008506995e+00
5.856681367068813415e+03 1.205957966246140156e+00
5.866695015809219512e+03 1.152463126764376344e+00
5.876708664549626519e+03 1.297609512886757743e+00
5.886722313290032616e+03 1.287218597705339418e+00
5.896735962030438714e+03 1.216712446179955887e+00
5.906749610770845720e+03 1.223131514173894319e+00
5.916763259511251817e+03 1.155717617693093446e+00
5.926776908251658824e+03 1.210230829411411246e+00
5.936790556992064921e+03 1.202713248563454851e+00
5.946804205732471019e+03 1.207066252346189916e+00
5.956817854472878025e+03 1.169814547769916224e+00
5.966831503213284122e+03 1.282934006644830038e+00
5.976845151953690220e+03 1.188631955680284014e+00
5.986858800694097226e+03 1.153373993294575905e+00
5.996872449434503324e+03 1.122848236637651542e+00
6.006886098174909421e+03 1.184314135583264926e+00
6.016899746915316427e+03 1.083047669496184140e+00
6.026913395655722525e+03 1.131474103585657254e+00
6.036927044396129531e+03 1.143987767805266120e+00
6.046940693136535629e+03 1.108901814549724474e+00
6.056954341876942635e+03 1.125449874731418998e+00
6.066967990617348732e+03 1.122396712670964414e+00
6.076981639357754830e+03 1.164701185445877529e+00
6.086995288098161836e+03 1.104721797221759338e+00
6.097008936838567934e+03 1.024492243218955378e+00
6.107022585578974031e+03 1.108033950302066417e+00
6.117036234319381037e+03 1.047109489186636377e+00
6.127049883059787135e+03 1.059191175931622375e+00
6.137063531800193232e+03 1.110223157413275707e+00
6.147077180540600239e+03 1.097578531696835835e+00
6.157090829281006336e+03 1.114060133805511610e+00
6.167104478021413343e+03 1.053262724888499369e+00
6.177118126761819440e+03 1.050541853193139419e+00
6.187131775502226446e+03 1.037273694379845956e+00
6.197145424242632544e+03 1.037803404314790123e+00
6.207159072983038641e+03 1.060762713893597553e+00
6.217172721723445648e+03 1.073428840751308400e+00
6.227186370463851745e+03 1.059345593218930848e+00
6.237200019204257842e+03 1.023815934593528265e+00
6.247213667944664849e+03 1.036100904855983718e+00
6.257227316685070946e+03 1.029455097554098586e+00
6.267240965425477043e+03 1.017615787310710562e+00
6.277254614165884050e+03 1.018583338667896854e+00
6.287268262906290147e+03 9.899477277935968544e-01
6.297281911646697154e+03 1.001482112760780696e+00
6.307295560387103251e+03 1.001220189767118240e+00
6.317309209127509348e+03 1.000322028456760437e+00
6.327322857867916355e+03 9.913159822381026887e-01
6.337336506608322452e+03 1.026996148852400870e+00
6.347350155348729459e+03 9.555771761476110626e-01
6.357363804089135556e+03 9.753504075199264101e-01
6.367377452829541653e+03 9.720920072927962119e-01
6.377391101569948660e+03 1.037189644463969218e+00
6.387404750310354757e+03 1.000569291581374864e+00
6.397418399050760854e+03 9.737730056103317544e-01
6.407432047791167861e+03 9.547620874285269732e-01
6.417445696531573958e+03 9.732081119896716093e-01
6.427459345271980965e+03 9.323872179624442813e-01
6.437472994012387062e+03 9.349302165800186248e-01
6.447486642752793159e+03 9.900845532380474490e-01
6.457500291493200166e+03 9.780830071105252044e-01
6.467513940233606263e+03 9.526647488300202804e-01
6.477527588974013270e+03 9.477663979186895515e-01
6.487541237714419367e+03 9.814020014630548960e-01
6.497554886454825464e+03 1.027729142304814713e+00
6.507568535195232471e+03 9.996779715432395630e-01
6.517582183935638568e+03 9.922307580667150129e-01
6.527595832676044665e+03 1.078804126069009772e+00
6.537609481416451672e+03 1.020936736312446858e+00
6.547623130156857769e+03 1.039200978497392791e+00
6.557636778897264776e+03 1.194294574431331357e+00
6.567650427637670873e+03 1.269894541788689768e+00
6.577664076378076970e+03 1.152091743415153191e+00
6.587677725118483977e+03 1.056120422028310246e+00
6.597691373858890074e+03 1.021521176425171484e+00
6.607705022599297081e+03 1.003980154446606932e+00
6.617718671339703178e+03 9.485658494441222555e-01
6.627732320080109275e+03 9.134310299584197379e-01
6.637745968820516282e+03 9.734758989309534316e-01
6.647759617560922379e+03 8.706848064628521788e-01
6.657773266301328476e+03 8.650163237641852465e-01
6.667786915041735483e+03 8.834349832364397637e-01
6.677800563782141580e+03 9.153387675839020909e-01
6.687814212522548587e+03 9.421135524136741157e-01
6.697827861262954684e+03 9.095334594407845641e-01
6.707841510003360781e+03 8.362087037597187855e-01
6.717855158743767788e+03 8.887887674128702731e-01
6.727868807484173885e+03 8.538142291620955948e-01
6.737882456224580892e+03 8.416211274123425179e-01
6.747896104964986989e+03 8.583060130384875253e-01
6.757909753705393086e+03 9.067363564263735132e-01
6.767923402445800093e+03 8.493693568666582649e-01
6.777937051186206190e+03 8.006164963597102169e-01
6.787950699926612288e+03 8.733333561375740128e-01
6.797964348667019294e+03 8.355929892596912767e-01
6.807977997407425391e+03 8.351160548533206329e-01
6.817991646147832398e+03 8.612731705338586563e-01
6.828005294888238495e+03 8.353682046009509587e-01
6.838018943628644593e+03 8.380128449772601407e-01
6.848032592369051599e+03 8.030383067264854624e-01
6.858046241109457696e+03 8.411129186186688811e-01
6.868059889849864703e+03 8.571508153574832756e-01
6.878073538590270800e+03 8.528544964017350516e-01
6.888087187330676898e+03 7.932982897308105130e-01
6.898100836071083904e+03 8.132884871650403191e-01
6.908114484811490001e+03 8.598482312623662027e-01
6.918128133551896099e+03 8.051375999741986478e-01
6.928141782292303105e+03 8.325730562357464004e-01
6.938155431032709203e+03 7.641916083977594587e-01
6.948169079773115300e+03 7.650066971168435481e-01
6.958182728513522306e+03 8.463826528792227633e-01
6.968196377253928404e+03 7.489140702002489158e-01
6.978210025994335410e+03 7.661931691851506798e-01
6.988223674734741508e+03 7.960562997610929337e-01
6.998237323475148514e+03 7.799402170540210566e-01
7.008250972215554611e+03 7.379465335029317119e-01
7.018264620955960709e+03 7.432338596063434721e-01
7.028278269696367715e+03 7.910328513005502327e-01
7.038291918436773813e+03 8.005949952184394647e-01
7.048305567177179910e+03 8.210543084622139443e-01
7.058319215917586916e+03 8.218303041971692924e-01
7.068332864657993014e+03 7.964511389007931097e-01
7.078346513398399111e+03 8.573013233463789851e-01
7.088360162138806118e+03 8.261891719275236134e-01
7.098373810879212215e+03 7.746450723537837701e-01
7.108387459619619221e+03 7.852021327177491905e-01
7.118401108360025319e+03 7.668382034232748001e-01
7.128414757100431416e+03 7.914081439481861491e-01
7.138428405840838423e+03 7.432025852190404791e-01
7.148442054581244520e+03 7.869202693702072038e-01
7.158455703321651526e+03 7.583022503387651936e-01
7.168469352062057624e+03 6.948973393803664633e-01
7.178483000802463721e+03 7.606243735960120933e-01
7.188496649542870728e+03 7.571470526577608329e-01
7.288633136946935338e+03 7.269340398738665110e-01
7.298646785687341435e+03 7.167112245242016622e-01
7.308660434427747532e+03 7.900946196814605527e-01
7.318674083168154539e+03 6.724736036841229003e-01
7.328687731908560636e+03 6.928977332421815127e-01
7.338701380648966733e+03 7.423014919348730478e-01
7.348715029389373740e+03 7.347800017885040003e-01
7.358728678129780747e+03 7.280775096596320273e-01
7.368742326870185934e+03 7.562557326196257534e-01
7.378755975610592941e+03 7.580696470831991274e-01
7.388769624350999948e+03 7.363534943996856708e-01
7.398783273091405135e+03 7.582787945482879488e-01
7.408796921831812142e+03 7.289395099596706062e-01
7.418810570572219149e+03 6.926631753374090650e-01
7.428824219312625246e+03 7.735152851124630358e-01
7.438837868053031343e+03 7.613280473103294366e-01
7.448851516793438350e+03 6.796041639892045350e-01
7.458865165533844447e+03 6.917718552992738745e-01
7.468878814274250544e+03 7.740313125029626429e-01
7.478892463014657551e+03 7.420542288102587314e-01
7.488906111755064558e+03 7.246353724070967450e-01
7.498919760495469745e+03 9.260697917272403545e-01
7.508933409235876752e+03 6.698191900617815886e-01
7.518947057976283759e+03 6.574970814644035544e-01
7.528960706716688946e+03 6.762832149874681287e-01
7.538974355457095953e+03 7.033941994807474396e-01
7.548988004197502960e+03 7.352276164567780325e-01
7.559001652937909057e+03 6.527121002070461753e-01
7.569015301678315154e+03 7.007319672615803796e-01
7.579028950418722161e+03 6.383571564349740379e-01
7.589042599159128258e+03 6.851710049291366289e-01
7.599056247899534355e+03 7.649343750962054322e-01
7.609069896639941362e+03 6.779524854097652709e-01
7.619083545380348369e+03 6.333864835030050822e-01
7.629097194120753556e+03 6.616233459391916982e-01
7.639110842861160563e+03 6.949149312232244524e-01
7.649124491601567570e+03 6.336992273760349015e-01
7.659138140341972758e+03 7.058296923919678001e-01
7.669151789082379764e+03 7.072644049094924945e-01
7.679165437822786771e+03 7.139336680018548709e-01
7.689179086563192868e+03 6.540490802642490165e-01
7.699192735303598965e+03 6.760603849779343033e-01
7.709206384044005972e+03 6.976553494106487729e-01
7.719220032784412069e+03 6.395758802151874090e-01
7.729233681524818167e+03 6.675498423331083231e-01
7.739247330265225173e+03 6.324951634648697807e-01
7.749260979005631270e+03 6.672957379362715047e-01
7.759274627746037368e+03 6.622038767535035619e-01
7.769288276486444374e+03 6.812636611654693253e-01
7.779301925226851381e+03 6.630482852106842628e-01
7.789315573967256569e+03 5.869146986199688110e-01
7.799329222707663575e+03 6.708610180888124885e-01
7.809342871448070582e+03 6.302101785425452407e-01
7.819356520188476679e+03 6.547683911722177452e-01
7.829370168928882777e+03 6.246687480422966621e-01
7.839383817669289783e+03 6.817601420639042287e-01
7.849397466409695880e+03 6.501456457989945870e-01
7.859411115150101978e+03 8.237966812988448684e-01
7.869424763890508984e+03 6.437031220145787991e-01
7.879438412630915082e+03 6.360233052824884048e-01
7.889452061371321179e+03 6.399638780826650830e-01
7.899465710111728185e+03 6.078626741653525567e-01
7.909479358852135192e+03 6.958101605597725170e-01
7.919493007592540380e+03 5.692524883906053823e-01
7.929506656332947387e+03 5.921355666503616000e-01
7.939520305073354393e+03 6.452531588352832248e-01
7.949533953813760490e+03 6.243970518026019656e-01
7.959547602554166588e+03 7.600282055880488441e-01
7.969561251294573594e+03 7.167307710162660328e-01
7.979574900034979692e+03 6.737597628619582668e-01
7.989588548775385789e+03 7.183804949464988043e-01
7.999602197515792795e+03 6.153098876418769958e-01
8.009615846256198893e+03 5.715296547161042851e-01
8.019629494996604990e+03 8.280363154276063620e-01
8.029643143737011997e+03 5.242330078679516836e-01
8.039656792477419003e+03 6.017270303063473325e-01
8.049670441217824191e+03 6.417406542113162082e-01
8.059684089958231198e+03 6.883473098895965814e-01
8.069697738698638204e+03 6.323602926696256787e-01
8.079711387439043392e+03 5.555992636836438736e-01
8.089725036179450399e+03 6.084764340161737950e-01
8.099738684919857405e+03 6.296179198329947546e-01
8.109752333660263503e+03 5.794753037402701201e-01
8.119765982400669600e+03 5.970260989648665806e-01
8.129779631141076607e+03 6.009138962364695136e-01
8.139793279881482704e+03 6.351300305951467218e-01
8.149806928621888801e+03 6.573524374231272116e-01
8.159820577362295808e+03 6.727355266777853560e-01
8.169834226102702814e+03 7.285231696786996780e-01
8.179847874843108002e+03 5.747743723987894793e-01
8.189861523583515009e+03 6.508903671466470531e-01
8.199875172323922015e+03 6.503704304577349049e-01
8.209888821064327203e+03 7.669789381661383798e-01
8.219902469804734210e+03 6.139904994275320327e-01
8.229916118545141217e+03 6.620416408693693411e-01
8.239929767285546404e+03 6.091507879923944158e-01
8.249943416025953411e+03 6.218951008183627449e-01
8.259957064766360418e+03 5.927200067630862268e-01
8.269970713506765605e+03 5.575832326281772167e-01
8.279984362247172612e+03 5.287326103411692513e-01
8.289998010987579619e+03 6.176965143229362631e-01
8.300011659727986626e+03 7.752725147490500124e-01
8.310025308468391813e+03 6.606968422153408627e-01
8.320038957208798820e+03 5.964455681505548279e-01
8.330052605949205827e+03 6.293090852583776984e-01
8.340066254689611014e+03 5.850577818738538216e-01
8.350079903430018021e+03 5.632614885728763898e-01
8.360093552170425028e+03 5.427884927846567953e-01
8.370107200910832034e+03 7.272389651500706931e-01
8.380120849651237222e+03 6.443481562527029194e-01
8.390134498391644229e+03 5.647665684618327075e-01
8.400148147132051236e+03 6.045358612159970058e-01
8.410161795872456423e+03 6.335839030728551702e-01
8.420175444612863430e+03 6.890216638658172021e-01
8.430189093353270437e+03 5.594206028822278354e-01
8.440202742093675624e+03 6.008493928126571459e-01
8.450216390834082631e+03 6.872663888784369401e-01
8.460230039574489638e+03 5.651203599681977607e-01
8.470243688314894825e+03 6.025988038524181523e-01
8.480257337055301832e+03 5.896961644407284764e-01
8.490270985795708839e+03 7.617482968897132389e-01
8.500284634536114027e+03 5.928040566789629651e-01
8.510298283276521033e+03 6.051183466795151400e-01
8.520311932016928040e+03 5.259452805727904412e-01
8.530325580757333228e+03 5.632165316411283928e-01
8.540339229497740234e+03 5.479331294959985943e-01
8.550352878238147241e+03 5.570202936567235641e-01
8.560366526978552429e+03 6.301046274853976392e-01
8.570380175718959435e+03 5.713146433033962079e-01
8.580393824459366442e+03 6.072059120319897030e-01
8.590407473199773449e+03 5.513576749056759985e-01
8.600421121940178637e+03 5.337286937128219444e-01
8.610434770680585643e+03 6.037579108318351651e-01
8.620448419420992650e+03 5.285664651586221563e-01
8.630462068161399657e+03 6.017778511857145851e-01
8.640475716901804844e+03 5.637266950840084112e-01
8.650489365642211851e+03 5.929115623853170591e-01
8.660503014382618858e+03 5.389632442876598484e-01
8.670516663123024045e+03 5.848134507230492440e-01
8.680530311863431052e+03 6.172977658848232130e-01
8.690543960603838059e+03 5.598643082520892156e-01
8.700557609344243247e+03 6.125088753290529597e-01
8.710571258084650253e+03 5.744772657194110455e-01
8.720584906825057260e+03 5.526536073295436058e-01
8.730598555565462448e+03 5.417916216893740033e-01
8.740612204305869454e+03 5.367134430510510645e-01
8.750625853046276461e+03 5.459061582689235248e-01
8.760639501786681649e+03 5.766312891449044686e-01
8.770653150527088656e+03 5.782321468449761470e-01
8.780666799267495662e+03 5.686934587175643818e-01
8.790680448007900850e+03 5.149699252786474890e-01
8.800694096748307857e+03 5.358045311700578850e-01
8.810707745488714863e+03 5.404057754020102911e-01
8.820721394229120051e+03 1.052287354934487329e+00
8.830735042969527058e+03 7.818929116112515176e-01
8.840748691709934064e+03 5.510898879643941761e-01
8.850762340450341071e+03 5.683650776508829550e-01
8.860775989190746259e+03 6.069713541272173662e-01
8.870789637931153266e+03 6.492445525148272667e-01
8.880803286671560272e+03 1.015802850171740213e+00
8.890816935411965460e+03 4.774152500753761075e-01
8.900830584152372467e+03 5.383553483844579768e-01
8.910844232892779473e+03 5.708318449494063085e-01
8.920857881633186480e+03 6.740861892794332011e-01
8.930871530373591668e+03 6.398446444810723666e-01
8.940885179113998674e+03 6.540901278975842503e-01
8.950898827854405681e+03 5.517994256263306641e-01
8.960912476594810869e+03 7.247858803959923435e-01
8.970926125335217876e+03 5.786621696703924123e-01
8.980939774075624882e+03 7.971645858611426938e-01
8.990953422816030070e+03 4.505095037487728549e-01
9.000967071556437077e+03 6.655854198806393507e-01
9.010980720296844083e+03 5.205328569201667088e-01
9.020994369037249271e+03 6.111601673766114962e-01
9.031008017777656278e+03 4.859257927202021987e-01
9.041021666518063284e+03 5.042017628003867546e-01
9.051035315258468472e+03 5.609510932108680015e-01
9.061048963998875479e+03 5.679115990349896670e-01
9.071062612739282486e+03 5.168170687787302375e-01
9.081076261479687673e+03 5.086466350958241955e-01
9.091089910220094680e+03 5.708259810017869418e-01
9.101103558960501687e+03 5.177494364502006619e-01
9.111117207700908693e+03 5.964709785902385653e-01
9.121130856441313881e+03 4.856990534122555547e-01
9.131144505181720888e+03 4.949015418761602558e-01
9.141158153922127894e+03 6.043579881382112884e-01
9.151171802662533082e+03 5.397451039702345632e-01
9.161185451402940089e+03 6.059979388224118191e-01
9.171199100143347096e+03 5.368444045478822924e-01
9.181212748883754102e+03 5.776007951512971417e-01
9.191226397624159290e+03 5.504663548675408080e-01
9.201240046364566297e+03 5.507517336516805084e-01
9.211253695104973303e+03 7.199266224687903559e-01
9.221267343845378491e+03 5.590687660250693858e-01
9.231280992585785498e+03 5.826125157166012203e-01
9.241294641326192504e+03 4.913577628648902462e-01
9.251308290066597692e+03 5.119148085689866345e-01
9.261321938807004699e+03 5.696668740223700400e-01
9.271335587547411706e+03 5.591997275219006136e-01
9.281349236287816893e+03 6.300831263441267760e-01
9.291362885028223900e+03 5.632771257665278863e-01
9.301376533768630907e+03 5.436856767704113524e-01
9.311390182509036094e+03 5.618365493013838252e-01
9.321403831249443101e+03 4.355075710893699936e-01
9.331417479989850108e+03 6.918617691627699795e-01
9.341431128730255296e+03 4.070263775023785224e-01
9.351444777470662302e+03 6.692279086768343488e-01
9.361458426211069309e+03 3.937934023748010381e-01
9.371472074951474497e+03 7.001084341647271225e-01
9.381485723691881503e+03 5.913361151249288961e-01
9.391499372432288510e+03 7.428605216079139373e-01
9.401513021172695517e+03 4.413500175674097137e-01
9.411526669913100704e+03 5.583514097663070386e-01
9.421540318653507711e+03 1.241040010203268817e+00
9.431553967393914718e+03 7.619222606690861932e-01
9.441567616134321725e+03 6.105268610337259982e-01
9.451581264874726912e+03 5.725362990574193178e-01
9.461594913615133919e+03 4.927748835395569516e-01
9.471608562355540926e+03 5.904975706153675619e-01
9.481622211095946113e+03 4.369579208005461290e-01
9.491635859836353120e+03 7.458980464747169137e-01
9.501649508576760127e+03 7.078136613365011431e-01
9.511663157317165314e+03 4.594754796586986711e-01
9.521676806057572321e+03 4.747041516260482874e-01
9.531690454797979328e+03 6.899129839039525036e-01
9.541704103538384516e+03 4.870731718043806446e-01
9.551717752278791522e+03 7.491232176653376262e-01
9.561731401019198529e+03 6.465686377512150917e-01
9.571745049759603717e+03 7.050810617459024598e-01
9.581758698500010723e+03 4.784951937619325024e-01
9.591772347240417730e+03 7.395356633077648789e-01
9.601785995980822918e+03 4.193504407489628827e-01
9.611799644721229924e+03 4.714340235036794113e-01
9.621813293461636931e+03 9.209955223873304009e-01
9.631826942202042119e+03 6.216859533532740345e-01
9.641840590942449126e+03 7.845023683018447214e-01
9.651854239682856132e+03 7.466290852779241538e-01
9.661867888423263139e+03 4.803179041469348709e-01
9.671881537163668327e+03 9.434603057169091977e-01
9.681895185904075333e+03 6.017270303063473325e-01
9.691908834644482340e+03 1.061953095260317781e+00
9.701922483384889347e+03 3.627359811337259043e-01
9.711936132125294534e+03 4.597960421285543497e-01
9.721949780865701541e+03 3.272278236495939074e-01
9.731963429606108548e+03 8.748091162884339411e-01
9.741977078346513736e+03 5.028745559892161543e-01
9.751990727086920742e+03 1.254536862973715250e+00
9.762004375827327749e+03 1.184920076837260527e+00
9.772018024567732937e+03 4.416549428436138958e-01
9.782031673308139943e+03 4.744950041609594660e-01
9.792045322048546950e+03 8.990115827625350109e-01
9.802058970788952138e+03 9.291249084369013200e-01
9.812072619529359145e+03 1.090427447575086584e+00
9.822086268269766151e+03 7.394828877791911337e-01
9.832099917010171339e+03 6.693031626712822035e-01
9.842113565750578346e+03 1.079091459502356187e+00
9.852127214490985352e+03 1.485345750568191903e-01
9.862140863231390540e+03 6.165549991863772394e-01
9.872154511971797547e+03 1.408694181937770518e+00
9.882168160712204553e+03 -1.005545828460962902e-02
9.892181809452609741e+03 7.703213883091453162e-01
9.902195458193016748e+03 7.029504941108862814e-01
9.912209106933423755e+03 6.179115257356444513e-01
9.922222755673830761e+03 7.097741744905573524e-01
9.932236404414235949e+03 1.095553515118967258e+00
9.942250053154642956e+03 1.083370186615246339e-01
9.952263701895049962e+03 7.974362821008373903e-01
9.962277350635455150e+03 4.626400567239200012e-01
9.972290999375862157e+03 7.181576649369649790e-01
9.982304648116269163e+03 -1.765083417098196189e-02
9.992318296856676170e+03 3.165652122284808856e-01
1.000233194559708136e+04 1.032387071363753822e-01
1.001234559433748836e+04 5.153725830151734133e-01
1.002235924307789537e+04 6.878645115356065709e-01
1.003237289181830056e+04 4.733534890244003313e-01
1.004238654055870757e+04 2.757458819206187184e-01
