3.212718920461943981e+03 5.212314934934667576e-01
3.232742708821227552e+03 5.344384855090876796e-01
3.252766497180511124e+03 5.608708590228832502e-01
3.272790285539794240e+03 5.555797033609286562e-01
3.292814073899077812e+03 5.520188308301345881e-01
3.312837862258361383e+03 5.875356087253079673e-01
3.332861650617644955e+03 5.074427251207017653e-01
3.352885438976928526e+03 5.152866753152959278e-01
3.372909227336212098e+03 5.527276617940110048e-01
3.392933015695495669e+03 5.212816466277031546e-01
3.412956804054779241e+03 5.080930440946355153e-01
3.432980592414062812e+03 4.474495459469580716e-01
3.453004380773346384e+03 4.928882855652592099e-01
3.473028169132629500e+03 4.608487916438190890e-01
3.493051957491913072e+03 4.877659787885676446e-01
3.513075745851196643e+03 4.592890291690628901e-01
3.533099534210480215e+03 4.513113372831712433e-01
3.553123322569763786e+03 4.912165144240412951e-01
3.573147110929047358e+03 4.811390779847801724e-01
3.593170899288330475e+03 4.913853633093043793e-01
3.613194687647614046e+03 5.008425726551737345e-01
3.633218476006897617e+03 5.494693798397773943e-01
3.653242264366181189e+03 5.189411670299982626e-01
3.673266052725464760e+03 5.695356488478152679e-01
3.693289841084748332e+03 5.364630003611025044e-01
3.713313629444031903e+03 6.774150405906033123e-01
3.733337417803315475e+03 6.123864867395112377e-01
3.753361206162599046e+03 5.684473258348824443e-01
3.773384994521882618e+03 6.466310467962177455e-01
3.793408782881166189e+03 6.424131682069250671e-01
3.813432571240449306e+03 6.519706838212675493e-01
3.833456359599732878e+03 5.763932540690909212e-01
3.853480147959016449e+03 6.742470342779953718e-01
3.873503936318300021e+03 6.310401091332200618e-01
3.893527724677583137e+03 6.558324751574807765e-01
3.913551513036866709e+03 6.861232964652069777e-01
3.933575301396150280e+03 6.026634657821882124e-01
3.953599089755433852e+03 6.370183627342150823e-01
3.973622878114717423e+03 6.251671771141217304e-01
3.993646666474000995e+03 7.653936686683338042e-01
4.013670454833284566e+03 8.137730537240374096e-01
4.033694243192568138e+03 8.130625509890196945e-01
4.053718031551851709e+03 7.834521405357691703e-01
4.073741819911135281e+03 7.877017827767447411e-01
4.093765608270418852e+03 7.636951491888566146e-01
4.113789396629702424e+03 7.886647229540864057e-01
4.133813184988985995e+03 8.213528640783190893e-01
4.153836973348269566e+03 8.188234743416564765e-01
4.173860761707553138e+03 8.137847561220257209e-01
4.193884550066835800e+03 8.083364539727968534e-01
4.213908338426119371e+03 8.273160717390429797e-01
4.233932126785402943e+03 7.878104479009241379e-01
4.253955915144686514e+03 7.967092856856267113e-01
4.273979703503970086e+03 7.744446376268875332e-01
4.294003491863253657e+03 7.106765992162735746e-01
4.314027280222537229e+03 7.743610490698265014e-01
4.334051068581820800e+03 8.168608150218666930e-01
4.354074856941104372e+03 8.025638282221716491e-01
4.374098645300387943e+03 7.847962445333082071e-01
4.394122433659671515e+03 7.972325500528278930e-01
4.414146222018955086e+03 8.187198245309009748e-01
4.434170010378238658e+03 8.364840646774818200e-01
4.454193798737521320e+03 8.458978079736796385e-01
4.474217587096804891e+03 8.742995278918297419e-01
4.494241375456088463e+03 8.786093538938892777e-01
4.514265163815372034e+03 8.770077971406026185e-01
4.534288952174655606e+03 9.009107809177354653e-01
4.554312740533939177e+03 9.599410199141378275e-01
4.574336528893222749e+03 9.712555669979001660e-01
4.594360317252506320e+03 9.517426542376055121e-01
4.614384105611789892e+03 9.995736983589894598e-01
4.634407893971073463e+03 9.677615653127549233e-01
4.654431682330357035e+03 9.881805780315897625e-01
4.674455470689640606e+03 9.935386045391929599e-01
4.694479259048924177e+03 9.846531409236201071e-01
4.714503047408207749e+03 9.567479370344116330e-01
4.734526835767491320e+03 9.244660362974949086e-01
4.754550624126774892e+03 9.028099129341587981e-01
4.774574412486058463e+03 9.081261451632317572e-01
4.794598200845342035e+03 8.791025263805485324e-01
4.814621989204625606e+03 9.080893661981247478e-01
4.834645777563909178e+03 9.077968062484117473e-01
4.854669565923191840e+03 1.207687472415776009e+00
4.874693354282475411e+03 8.876302309719007466e-01
4.894717142641758983e+03 9.504152679514784596e-01
4.914740931001042554e+03 1.006931163151489006e+00
4.934764719360326126e+03 1.018984633079669688e+00
4.954788507719609697e+03 1.010920009094435024e+00
4.974812296078893269e+03 9.292874242687670927e-01
4.994836084438176840e+03 1.062433965039921491e+00
5.014859872797460412e+03 1.019011381417929352e+00
5.034883661156743983e+03 1.014838640649449619e+00
5.054907449516027555e+03 9.971095076968342630e-01
5.074931237875311126e+03 9.566008211739845946e-01
5.094955026234593788e+03 9.028166000187237694e-01
5.114978814593877360e+03 8.941284053978144630e-01
5.135002602953160931e+03 9.116402081020716919e-01
5.155026391312444503e+03 9.140408714608603269e-01
5.175050179671728074e+03 8.931370451110722808e-01
5.195073968031011646e+03 9.639933931604497408e-01
5.215097756390295217e+03 9.425780048414490464e-01
5.235121544749578788e+03 9.811457650693448107e-01
5.255145333108862360e+03 9.413676425352074384e-01
5.275169121468145931e+03 9.843438632624947893e-01
5.295192909827429503e+03 1.007125088603870289e+00
5.315216698186713074e+03 1.023087159460218443e+00
5.335240486545996646e+03 1.000426301641010651e+00
5.355264274905280217e+03 1.055486084177020389e+00
5.375288063264563789e+03 1.032203327493279366e+00
5.395311851623847360e+03 1.030001604900295575e+00
5.415335639983130932e+03 1.055803720693851755e+00
5.435359428342414503e+03 1.087268125342712999e+00
5.455383216701698075e+03 1.055997646146233038e+00
5.475407005060981646e+03 1.047367963515266398e+00
5.495430793420265218e+03 1.081719516925011115e+00
5.515454581779548789e+03 1.142023645531021092e+00
5.535478370138831451e+03 1.165829666581963409e+00
5.555502158498115023e+03 1.154229246633052597e+00
5.575525946857398594e+03 1.107107033475545288e+00
5.595549735216682166e+03 1.045803185727086637e+00
5.615573523575965737e+03 1.045940270960666441e+00
5.635597311935249309e+03 1.048317529523478120e+00
5.655621100294532880e+03 1.079643177167618262e+00
5.675644888653816452e+03 1.103412419253453791e+00
5.695668677013099114e+03 1.103198432547377816e+00
5.715692465372382685e+03 1.080173128619384304e+00
5.735716253731666256e+03 1.042971205413863567e+00
5.755740042090949828e+03 9.966196787524572720e-01
5.775763830450233399e+03 9.394852282301962010e-01
5.795787618809516971e+03 9.928983161921064449e-01
5.815811407168800542e+03 9.956433644059861088e-01
5.835835195528084114e+03 1.031599818111299749e+00
5.855858983887367685e+03 1.065265945353144783e+00
5.875882772246651257e+03 1.181440665498656006e+00
5.895906560605934828e+03 1.209289029169062779e+00
5.915930348965218400e+03 1.175295234783539033e+00
5.935954137324501971e+03 1.177906541306121158e+00
5.955977925683785543e+03 1.164325072554867502e+00
5.976001714043069114e+03 1.141090797234221688e+00
5.996025502402352686e+03 1.111386767597063008e+00
6.016049290761636257e+03 1.116733091706677561e+00
6.036073079120919829e+03 1.102596594936539276e+00
6.056096867480203400e+03 1.081719516925011115e+00
6.076120655839486972e+03 1.057836594401572849e+00
6.096144444198770543e+03 1.033079335571277513e+00
6.116168232558054115e+03 1.054941086784983328e+00
6.136192020917337686e+03 1.056846905885971744e+00
6.156215809276621258e+03 1.038225047143946034e+00
6.176239597635903920e+03 1.048494737264447307e+00
6.196263385995187491e+03 1.024760602372577489e+00
6.216287174354471063e+03 1.013166869508231649e+00
6.236310962713754634e+03 1.061407497559214042e+00
6.256334751073038206e+03 1.052399994650332182e+00
6.276358539432321777e+03 1.037812119672065103e+00
6.296382327791605348e+03 1.123052386620481125e+00
6.316406116150888920e+03 1.061985930374075293e+00
6.336429904510171582e+03 1.031770338767703743e+00
6.356453692869455153e+03 1.022485321849380124e+00
6.376477481228738725e+03 9.988548367682656970e-01
6.396501269588022296e+03 9.845728959088414500e-01
6.416525057947305868e+03 9.532322023244303999e-01
6.436548846306589439e+03 9.828810635139291207e-01
6.456572634665873011e+03 9.925639619638628730e-01
6.476596423025156582e+03 1.028227855719463513e+00
6.496620211384440154e+03 1.081923473004239522e+00
6.516643999743723725e+03 1.238862660657206627e+00
6.536667788103007297e+03 1.614118441641812840e+00
6.556691576462290868e+03 3.603870484546146891e+00
6.576715364821574440e+03 1.943983964371213347e+00
6.596739153180858011e+03 1.281034759465567996e+00
6.616762941540141583e+03 1.232386219256128568e+00
6.636786729899425154e+03 1.172744112022040319e+00
6.656810518258708726e+03 1.118859584598306700e+00
6.676834306617992297e+03 1.140368592101215661e+00
6.696858094977275869e+03 1.096237177515346772e+00
6.716881883336559440e+03 1.670594214334434335e+00
6.736905671695843012e+03 1.060628452207406536e+00
6.756929460055126583e+03 1.049180163432346546e+00
6.776953248414410155e+03 1.037868959890866583e+00
6.796977036773693726e+03 1.036128646132858933e+00
6.817000825132976388e+03 1.042392772599002315e+00
6.837024613492259959e+03 1.037136724131013210e+00
6.857048401851543531e+03 1.042959503015874922e+00
6.877072190210827102e+03 1.053596982787444070e+00
6.897095978570110674e+03 1.061250351071939546e+00
6.917119766929394245e+03 1.031865629722753308e+00
6.937143555288677817e+03 1.037380802717631001e+00
6.957167343647961388e+03 1.024414545746345384e+00
6.977191132007244050e+03 1.036690361236308089e+00
6.997214920366527622e+03 1.061818753259953674e+00
7.017238708725811193e+03 1.044484158296665743e+00
7.037262497085094765e+03 1.057037487796070652e+00
7.057286285444378336e+03 1.043078198766901554e+00
7.077310073803661908e+03 1.014213398242634234e+00
7.097333862162945479e+03 9.848403792914364185e-01
7.117357650522229051e+03 1.019603188401920324e+00
7.137381438881512622e+03 1.005961535889582814e+00
7.157405227240796194e+03 9.959844057187946520e-01
7.177429015600079765e+03 1.010142635513768594e+00
7.197452803959363337e+03 9.840111808053922937e-01
7.217476592318646908e+03 1.044535983202043328e+00
7.237500380677930480e+03 1.066265664495593235e+00
7.257524169037214051e+03 1.077994810822377580e+00
7.277547957396497623e+03 1.080168113305960631e+00
7.297571745755781194e+03 1.081610851800831830e+00
7.317595534115064766e+03 1.152953685252303684e+00
7.337619322474348337e+03 1.131732222385684272e+00
7.357643110833631908e+03 1.078770512631902712e+00
7.377666899192915480e+03 1.106110657875379433e+00
7.397690687552199051e+03 1.067481042115258516e+00
7.417714475911482623e+03 1.048501424349012279e+00
7.437738264270766194e+03 1.059244225702478115e+00
7.457762052630049766e+03 1.032372176378542283e+00
7.477785840989333337e+03 1.042817402468871446e+00
7.497809629348616909e+03 1.013190274304208716e+00
7.517833417707899571e+03 1.026947279025290483e+00
7.537857206067182233e+03 1.017045378555857083e+00
7.557880994426465804e+03 1.008918899038397043e+00
