2.982620104002106473e+03 5.091818714336185714e+00
3.012779932859400105e+03 5.247506263240811819e+00
3.042939761716693283e+03 5.002264652994616867e+00
3.073099590573986461e+03 5.134955691738448458e+00
3.103259419431279639e+03 4.570353303749361551e+00
3.133419248288573272e+03 4.946829830678549200e+00
3.163579077145866449e+03 5.047419764481198001e+00
3.193738906003160082e+03 4.958540117567806327e+00
3.223898734860453260e+03 5.004359425082137491e+00
3.254058563717746438e+03 4.690726060778534823e+00
3.284218392575039616e+03 4.542855588200506389e+00
3.314378221432332793e+03 4.535293971884582831e+00
3.344538050289626426e+03 4.453648952473453271e+00
3.374697879146919604e+03 4.293598146586530717e+00
3.404857708004213237e+03 4.101849862575287275e+00
3.435017536861506414e+03 3.886078119160343736e+00
3.465177365718799592e+03 3.790771098378416415e+00
3.495337194576092770e+03 3.817190772682230282e+00
3.525497023433385948e+03 3.643340017018745769e+00
3.555656852290679581e+03 3.649532367677462474e+00
3.585816681147973213e+03 3.553091104448146353e+00
3.615976510005266391e+03 3.519329509437586712e+00
3.646136338862559569e+03 3.434148923478741899e+00
3.676296167719852747e+03 3.385182348632918892e+00
3.706455996577145925e+03 3.350909833601012799e+00
3.736615825434439557e+03 3.343900010908142484e+00
3.766775654291733190e+03 3.385018854226087726e+00
3.796935483149026368e+03 3.107798759843832137e+00
3.827095312006319546e+03 3.035140823608183602e+00
3.857255140863612723e+03 3.002564563047147139e+00
3.887414969720905901e+03 3.042252830305323563e+00
3.917574798578199534e+03 2.850427908290877888e+00
3.947734627435492712e+03 2.854995533281713183e+00
3.977894456292786344e+03 2.882334863623950305e+00
4.008054285150079522e+03 2.704958759813176794e+00
4.038214114007372700e+03 2.708039607541894878e+00
4.068373942864665878e+03 2.729426719635448251e+00
4.098533771721959056e+03 2.776094154385213120e+00
4.128693600579252234e+03 2.623482344009092415e+00
4.158853429436545412e+03 2.433777740083233887e+00
4.189013258293839499e+03 2.347728590088100642e+00
4.219173087151132677e+03 2.297903669606415011e+00
4.249332916008425855e+03 2.246607299463252883e+00
4.279492744865719942e+03 2.249708583992824362e+00
4.309652573723013120e+03 2.348484751719693175e+00
4.339812402580306298e+03 2.496048672284913561e+00
4.369972231437599476e+03 2.233752551726181590e+00
4.400132060294892653e+03 2.141562143074466462e+00
4.430291889152185831e+03 2.063105264596537758e+00
4.460451718009479009e+03 2.073650653837124214e+00
4.490611546866772187e+03 2.066467118336996034e+00
4.520771375724065365e+03 2.016775037060861031e+00
4.550931204581358543e+03 2.006812096644609245e+00
4.581091033438652630e+03 2.057107063545933201e+00
4.611250862295945808e+03 2.199265450285310841e+00
4.641410691153238986e+03 2.424284846086620870e+00
4.671570520010533073e+03 2.457295388665801106e+00
4.701730348867826251e+03 2.226395303418795546e+00
4.731890177725119429e+03 1.994631763335714902e+00
4.762050006582412607e+03 1.817986275155466291e+00
4.792209835439705785e+03 1.773444267694501253e+00
4.822369664296998963e+03 1.821434985299553722e+00
4.852529493154292140e+03 2.049657849634705098e+00
4.882689322011585318e+03 1.836277211919661978e+00
4.912849150868878496e+03 1.656515111609201396e+00
4.943008979726172583e+03 1.578058233131272914e+00
4.973168808583465761e+03 1.509073811849103830e+00
5.003328637440758939e+03 1.457971591314052962e+00
5.033488466298053027e+03 1.429998720145346569e+00
5.063648295155346204e+03 1.384521729045317562e+00
5.093808124012639382e+03 1.348558068742755855e+00
5.123967952869932560e+03 1.334492440555093973e+00
5.154127781727225738e+03 1.337036822261398417e+00
5.184287610584518916e+03 1.284963853685789692e+00
5.214447439441812094e+03 1.278822595029208031e+00
5.244607268299105272e+03 1.254610095217609578e+00
5.274767097156398449e+03 1.225012498381021997e+00
5.335086754870984805e+03 1.182350676598611372e+00
5.365246583728278893e+03 1.142049305314820185e+00
5.395406412585572070e+03 1.208223666479584901e+00
5.425566241442866158e+03 1.187940141632138902e+00
5.455726070300159336e+03 1.137522553925692348e+00
5.485885899157452513e+03 1.089915026336649717e+00
5.516045728014745691e+03 1.054753510467601574e+00
5.546205556872038869e+03 1.044044626820184396e+00
5.576365385729332047e+03 1.000919400578412555e+00
5.606525214586625225e+03 1.005233098318638829e+00
5.636685043443918403e+03 9.790198357034487486e-01
5.666844872301211581e+03 9.990805994215874453e-01
5.697004701158504758e+03 9.856801891017182848e-01
5.727164530015797936e+03 9.501119808956786095e-01
5.757324358873092024e+03 9.571003449476523928e-01
5.787484187730385202e+03 9.338923138980208538e-01
5.817644016587679289e+03 8.996034494254320224e-01
5.847803845444972467e+03 9.453450970965180389e-01
5.877963674302265645e+03 9.027915903586325452e-01
5.908123503159558823e+03 8.844868587538609050e-01
5.938283332016852000e+03 8.635600855995403391e-01
5.968443160874145178e+03 8.444629170416605435e-01
5.998602989731438356e+03 8.279091083500424997e-01
6.028762818588731534e+03 8.186742289642092718e-01
6.058922647446024712e+03 8.163960365890264859e-01
6.089082476303317890e+03 8.007792552165572397e-01
6.119242305160611068e+03 7.962877573089024441e-01
6.149402134017905155e+03 7.756465884465145733e-01
6.179561962875198333e+03 7.539774485011777605e-01
6.209721791732492420e+03 7.954994077159652788e-01
6.239881620589785598e+03 7.797242411368787707e-01
6.270041449447078776e+03 7.507009184042843231e-01
6.300201278304371954e+03 7.457879114790187947e-01
6.330361107161665132e+03 7.308302169340863408e-01
6.360520936018958309e+03 7.154872886930589981e-01
6.390680764876251487e+03 7.103535643185718840e-01
6.420840593733544665e+03 7.126159181730929992e-01
6.451000422590837843e+03 7.161259387197417281e-01
6.481160251448131021e+03 7.531328977058924234e-01
6.511320080305425108e+03 7.897403172353505418e-01
6.541479909162718286e+03 9.368760868226829741e-01
6.571639738020012373e+03 1.087580121839097691e+00
6.601799566877305551e+03 8.478319236624176636e-01
6.631959395734598729e+03 7.470090103300364159e-01
6.662119224591891907e+03 7.259202755289491105e-01
6.692279053449185085e+03 7.098283385366279674e-01
6.722438882306478263e+03 6.630495232222090030e-01
6.752598711163771441e+03 6.437980568178827134e-01
6.782758540021064618e+03 6.212000642737387501e-01
6.812918368878357796e+03 5.935756405595902230e-01
6.843078197735650974e+03 5.943455970317590431e-01
6.873238026592944152e+03 5.969712150214573354e-01
6.903397855450238239e+03 5.782970882412523661e-01
6.933557684307531417e+03 5.819946164357351348e-01
6.963717513164825505e+03 5.538883951414570461e-01
6.993877342022118683e+03 5.634977789029371742e-01
7.024037170879411860e+03 5.502629066699842308e-01
7.054196999736705038e+03 5.500774427022355750e-01
7.084356828593998216e+03 5.612139664075194156e-01
7.114516657451291394e+03 5.367613341858885612e-01
7.144676486308584572e+03 5.328967351444255929e-01
7.174836315165877750e+03 5.308499895389126033e-01
7.295475630595050461e+03 4.726664175080029229e-01
7.325635459452344548e+03 4.849371836606755082e-01
7.355795288309638636e+03 4.835939749245563024e-01
7.385955117166931814e+03 4.818721744526194284e-01
7.416114946024224992e+03 4.697296492253047462e-01
7.446274774881518169e+03 4.620249753034034179e-01
7.476434603738811347e+03 4.496545797465683614e-01
7.506594432596104525e+03 4.610726203836140735e-01
7.536754261453397703e+03 4.543816117840637214e-01
7.566914090310690881e+03 4.492141666881678264e-01
7.597073919167984059e+03 4.569408101709869774e-01
7.627233748025277237e+03 4.451053478765014115e-01
7.657393576882570414e+03 4.260107339187284570e-01
7.687553405739864502e+03 4.219208191478518444e-01
7.717713234597158589e+03 4.105175951914251664e-01
7.747873063454451767e+03 3.898891993295707237e-01
7.778032892311744945e+03 4.073243450580111280e-01
7.808192721169038123e+03 3.961438822308914198e-01
7.838352550026331301e+03 3.976526290539268427e-01
7.868512378883624478e+03 3.990673665930346004e-01
7.898672207740917656e+03 3.840667547663090819e-01
7.928832036598210834e+03 3.807202286264911306e-01
7.958991865455504012e+03 3.830914084455590007e-01
7.989151694312797190e+03 3.762660278803947045e-01
8.019311523170090368e+03 3.695627572003319927e-01
8.049471352027383546e+03 3.747348005764199463e-01
8.079631180884677633e+03 3.572889255275312759e-01
8.109791009741971720e+03 3.487545174909637002e-01
8.139950838599264898e+03 3.551078079564042311e-01
8.170110667456558076e+03 3.390271112045527002e-01
8.200270496313851254e+03 3.642583855387153124e-01
8.230430325171144432e+03 3.523529272013052882e-01
8.260590154028437610e+03 3.546822115786228413e-01
8.290749982885730788e+03 3.294867016459543940e-01
8.320909811743023965e+03 3.227210987232874695e-01
8.351069640600317143e+03 3.161235884876435476e-01
8.381229469457610321e+03 3.012874929077914432e-01
