3.143200901504224930e+03 2.171905209806633597e+00
3.173305074180919291e+03 2.217512360212036793e+00
3.203409246857614562e+03 2.476401840731249582e+00
3.233513419534308923e+03 2.384384193593557910e+00
3.263617592211004194e+03 2.525745330424300494e+00
3.293721764887698555e+03 2.171854583410687045e+00
3.323825937564393826e+03 2.220712949837086114e+00
3.353930110241088187e+03 2.324467019489994346e+00
3.384034282917783457e+03 2.538340732668540323e+00
3.414138455594477819e+03 2.287997099051878980e+00
3.444242628271173089e+03 2.370584328193011459e+00
3.474346800947867450e+03 2.202340575114745569e+00
3.504450973624562721e+03 2.209012132699238684e+00
3.534555146301257082e+03 2.171867379093178840e+00
3.564659318977952353e+03 2.235914220637511107e+00
3.594763491654646714e+03 2.160474214669159565e+00
3.624867664331341985e+03 2.191665081578317853e+00
3.654971837008036800e+03 2.160239441712133779e+00
3.685076009684731616e+03 2.082849484998814837e+00
3.715180182361426432e+03 2.080574078851335162e+00
3.745284355038121248e+03 2.090279882188482485e+00
3.775388527714816064e+03 2.145849862248915052e+00
3.805492700391510880e+03 2.063403941949215170e+00
3.835596873068205696e+03 2.234365386721965052e+00
3.865701045744900512e+03 2.143220627663831923e+00
3.895805218421595328e+03 2.137431972171282446e+00
3.925909391098290143e+03 2.149756996081127802e+00
3.956013563774985414e+03 2.061889600742995210e+00
3.986117736451679775e+03 2.062138282050556271e+00
4.016221909128375046e+03 2.023242188945165054e+00
4.046326081805069407e+03 2.061326590713350004e+00
4.076430254481764678e+03 1.975223330557041468e+00
4.106534427158459039e+03 2.051768772225892157e+00
4.136638599835154309e+03 1.981063168779558570e+00
4.166742772511848671e+03 1.921487583765127738e+00
4.196846945188543941e+03 1.858106674044397666e+00
4.226951117865238302e+03 1.746609547481801306e+00
4.257055290541933573e+03 1.794656778905015626e+00
4.287159463218627934e+03 1.760916233175833678e+00
4.317263635895323205e+03 1.708053374463478491e+00
4.347367808572017566e+03 1.788627230781205002e+00
4.377471981248712837e+03 1.653926524854528735e+00
4.407576153925407198e+03 1.635195871022413483e+00
4.437680326602102468e+03 1.611453760325629148e+00
4.467784499278796829e+03 1.539150365569867063e+00
4.497888671955492100e+03 1.534417075715891920e+00
4.527992844632186461e+03 1.484375943160020528e+00
4.558097017308881732e+03 1.475408951403277324e+00
4.588201189985576093e+03 1.452491884060212790e+00
4.618305362662271364e+03 1.462993801381966996e+00
4.648409535338965725e+03 1.481346148079537794e+00
4.678513708015660995e+03 1.482989558778720074e+00
4.708617880692355357e+03 1.483812933130375322e+00
4.738722053369050627e+03 1.472729646756269606e+00
4.768826226045744988e+03 1.418801964726976506e+00
4.798930398722440259e+03 1.431033524521228673e+00
4.829034571399135530e+03 1.460412411522723497e+00
4.859138744075829891e+03 1.570505351015334838e+00
4.889242916752524252e+03 1.476397000625264022e+00
4.919347089429219523e+03 1.412833057011497306e+00
4.949451262105914793e+03 1.413406637387549125e+00
4.979555434782609154e+03 1.410568221210424023e+00
5.009659607459303515e+03 1.391477062932449105e+00
5.039763780135998786e+03 1.410999936411021283e+00
5.069867952812694057e+03 1.378116701408799161e+00
5.099972125489388418e+03 1.325868591790078765e+00
5.130076298166082779e+03 1.314247886751311434e+00
5.160180470842778050e+03 1.338383881935239161e+00
5.190284643519473320e+03 1.307965762981790458e+00
5.220388816196167681e+03 1.282797768188186582e+00
5.250492988872862952e+03 1.277762388960597351e+00
5.280597161549557313e+03 1.200891491889234386e+00
5.310701334226252584e+03 1.207786695750325823e+00
5.340805506902946945e+03 1.197769345361200832e+00
5.370909679579642216e+03 1.168417162392732633e+00
5.401013852256336577e+03 1.165126446656218340e+00
5.431118024933031847e+03 1.125462612601310530e+00
5.461222197609726209e+03 1.125030341066691753e+00
5.491326370286421479e+03 1.123271212891060467e+00
5.521430542963115840e+03 1.098098155457862157e+00
5.551534715639811111e+03 1.082966593310317194e+00
5.581638888316505472e+03 1.055887257352830400e+00
5.611743060993200743e+03 1.069375575701399628e+00
5.641847233669895104e+03 1.016015298740521100e+00
5.671951406346590375e+03 1.007235513381975256e+00
5.702055579023284736e+03 1.001376481635720017e+00
5.732159751699980006e+03 1.030335781518283644e+00
5.762263924376674368e+03 1.014600819491140227e+00
5.792368097053369638e+03 1.000000000000000000e+00
5.822472269730063999e+03 1.015708035460507919e+00
5.852576442406759270e+03 9.934871088784067439e-01
5.882680615083453631e+03 1.005716665870181936e+00
5.912784787760148902e+03 9.632523576184074399e-01
5.942888960436843263e+03 9.333085134181925424e-01
5.972993133113538534e+03 9.544200543282426175e-01
6.003097305790232895e+03 9.233300507771625698e-01
6.033201478466928165e+03 9.189211592910591087e-01
6.063305651143622526e+03 8.999251341307418217e-01
6.093409823820317797e+03 8.947185152913691430e-01
6.123513996497012158e+03 9.036706529297412471e-01
6.153618169173707429e+03 8.529571907090216509e-01
6.183722341850401790e+03 8.395425866182865127e-01
6.213826514527097061e+03 8.336125110175001129e-01
6.243930687203791422e+03 8.551812472263272680e-01
6.274034859880486692e+03 8.102452025509250255e-01
6.304139032557181054e+03 8.166198446682032541e-01
6.334243205233876324e+03 7.884809149335796352e-01
6.364347377910571595e+03 8.196819071219267894e-01
6.394451550587265956e+03 7.931748163388403494e-01
6.424555723263961227e+03 7.866737751319026195e-01
6.454659895940655588e+03 7.667832204985943756e-01
6.484764068617350858e+03 7.500057997821729661e-01
6.514868241294045220e+03 7.338884137487271531e-01
6.544972413970740490e+03 7.556893081446800498e-01
6.575076586647434851e+03 8.980601355908405248e-01
6.605180759324130122e+03 8.022847303056783730e-01
6.635284932000824483e+03 7.785235929853624448e-01
6.665389104677519754e+03 7.195786125841754366e-01
6.695493277354214115e+03 7.707523855741920116e-01
6.725597450030909386e+03 7.360723585830907245e-01
6.755701622707603747e+03 7.233387073345353135e-01
6.785805795384299017e+03 7.070213748538024534e-01
6.815909968060993378e+03 6.669669386824775836e-01
6.846014140737688649e+03 6.882015963114608281e-01
6.876118313414383010e+03 6.473657333736935193e-01
6.906222486091078281e+03 6.577363558664004461e-01
6.936326658767772642e+03 6.719842926877739320e-01
6.966430831444467913e+03 6.712501543131491610e-01
6.996535004121162274e+03 6.756301164301403706e-01
7.026639176797857544e+03 6.208992549741686462e-01
7.056743349474551906e+03 6.241361732108144933e-01
7.086847522151247176e+03 6.349400686393787963e-01
7.116951694827941537e+03 6.428070211356301522e-01
7.147055867504636808e+03 6.085543143063575355e-01
7.177160040181331169e+03 6.299695023252815940e-01
7.297576730888110433e+03 6.068505413658545899e-01
7.327680903564805703e+03 5.917909688406771673e-01
7.357785076241500974e+03 4.888972141184445008e-01
7.387889248918195335e+03 5.914355270344119342e-01
7.417993421594889696e+03 5.704701907051829002e-01
7.448097594271584967e+03 5.545660475021354507e-01
7.478201766948280238e+03 5.152848043537364697e-01
7.508305939624974599e+03 5.333006246017691909e-01
7.538410112301668960e+03 5.072242476180419679e-01
7.568514284978364230e+03 5.280815995137196905e-01
7.598618457655059501e+03 5.449850855193876242e-01
7.628722630331753862e+03 5.126834977365273271e-01
7.658826803008448223e+03 5.897133950712033501e-01
7.688930975685143494e+03 5.163384453568445887e-01
7.719035148361838765e+03 5.147557306993959525e-01
7.749139321038533126e+03 4.844131619060515481e-01
7.779243493715227487e+03 5.477921800911086381e-01
7.809347666391922758e+03 4.667462187228318404e-01
7.839451839068618028e+03 5.665029727986600205e-01
7.869556011745312389e+03 4.376354847196463616e-01
7.899660184422006751e+03 5.368311203015019295e-01
7.929764357098702021e+03 4.872534696188495218e-01
7.959868529775397292e+03 4.639484149292680271e-01
7.989972702452091653e+03 5.323232013595914358e-01
8.020076875128786014e+03 4.853838535065705950e-01
8.050181047805481285e+03 4.428148431919708972e-01
8.080285220482176555e+03 5.198938091873334111e-01
8.110389393158870917e+03 4.090547701386378909e-01
8.140493565835565278e+03 3.785129781322342790e-01
8.170597738512260548e+03 4.714719424341159426e-01
8.200701911188956728e+03 4.612439639844932437e-01
8.230806083865649271e+03 4.015058181690123740e-01
8.260910256542345451e+03 4.207681047919664685e-01
8.291014429219041631e+03 4.047349477293589182e-01
8.321118601895734173e+03 4.693192635717545746e-01
8.351222774572430353e+03 4.624735734385665986e-01
8.381326947249124714e+03 4.549342460475110927e-01
8.411431119925819075e+03 3.239590865284662224e-01
8.441535292602515256e+03 4.844922726038930483e-01
8.471639465279207798e+03 3.743431433751216453e-01
8.501743637955903978e+03 4.555392592957712705e-01
8.531847810632600158e+03 3.963188935539970204e-01
8.561951983309292700e+03 3.816639427625756475e-01
8.592056155985988880e+03 3.605804967206056588e-01
8.622160328662683241e+03 4.662836826174492355e-01
8.652264501339377603e+03 3.714891498453976038e-01
