3.534124809910243584e+03 1.665987936308843675e+00
3.564251262575302462e+03 1.799967837215006305e+00
3.594377715240360885e+03 1.946517343079392059e+00
3.624504167905419308e+03 1.909721406817317835e+00
3.654630620570478186e+03 1.814398276554053835e+00
3.684757073235536609e+03 1.711217456230849976e+00
3.714883525900595487e+03 1.640858964500842010e+00
3.745009978565653910e+03 1.680201106698802960e+00
3.775136431230712333e+03 1.650524087898698200e+00
3.805262883895771211e+03 1.704090860187547518e+00
3.835389336560829634e+03 1.750444885077377943e+00
3.865515789225888511e+03 1.977938912289979312e+00
3.895642241890946934e+03 1.969917470666001202e+00
3.925768694556005357e+03 1.825835407107766040e+00
3.955895147221064235e+03 1.550274449657315756e+00
3.986021599886123113e+03 1.595482213598877985e+00
4.016148052551181536e+03 1.713437147946862193e+00
4.046274505216239959e+03 1.586790466727151072e+00
4.076400957881298837e+03 1.541470199934842356e+00
4.106527410546357714e+03 1.592674354186954355e+00
4.136653863211415228e+03 1.683542743855527934e+00
4.166780315876474560e+03 1.597473816546650438e+00
4.196906768541533893e+03 1.493752005265877925e+00
4.227033221206591406e+03 1.464465488863424758e+00
4.257159673871650739e+03 1.626460577421753984e+00
4.287286126536708252e+03 1.577006441660771197e+00
4.317412579201767585e+03 1.428152488830354505e+00
4.347539031866826917e+03 1.377770175465181657e+00
4.377665484531884431e+03 1.448688214724313639e+00
4.407791937196943763e+03 1.451161706821817443e+00
4.437918389862001277e+03 1.524052617943954413e+00
4.468044842527060609e+03 1.631496970552436920e+00
4.498171295192119942e+03 1.576087455085752653e+00
4.528297747857177455e+03 1.466609500016447853e+00
4.558424200522236788e+03 1.416547476566583974e+00
4.588550653187294301e+03 1.408695254587290391e+00
4.618677105852353634e+03 1.424519007411895855e+00
4.648803558517412966e+03 1.406463637801783850e+00
4.678930011182470480e+03 1.359154851128450359e+00
4.709056463847529812e+03 1.455644136846163894e+00
4.739182916512587326e+03 1.447934957529737554e+00
4.769309369177646658e+03 1.257307718943330821e+00
4.799435821842705991e+03 1.214468739172000378e+00
4.829562274507763505e+03 1.223873198002021434e+00
4.859688727172822837e+03 1.288503526228506946e+00
4.889815179837880351e+03 1.209407274309842961e+00
4.919941632502939683e+03 1.268200368275231416e+00
4.950068085167999016e+03 1.229890064529459703e+00
4.980194537833056529e+03 1.292167489288015503e+00
5.010320990498115862e+03 1.422468709853780711e+00
5.040447443163173375e+03 1.404360637253608823e+00
5.070573895828232708e+03 1.271011892464609438e+00
5.100700348493292040e+03 1.252798530226459039e+00
5.130826801158349554e+03 1.293364300896727492e+00
5.160953253823408886e+03 1.260200973487051179e+00
5.191079706488467309e+03 1.252089599387760988e+00
5.221206159153525732e+03 1.178812781382557962e+00
5.251332611818585065e+03 1.209287267390976028e+00
5.281459064483642578e+03 1.175280517627128596e+00
5.311585517148701911e+03 1.136490418890170995e+00
5.341711969813761243e+03 1.153917657278796138e+00
5.371838422478818757e+03 1.127492401331175120e+00
5.401964875143878089e+03 1.078578034935276264e+00
5.432091327808935603e+03 1.103858949579962667e+00
5.462217780473994935e+03 1.057811137206330354e+00
5.492344233139054268e+03 1.028507111311594224e+00
5.522470685804111781e+03 1.033472826591369076e+00
5.552597138469171114e+03 1.024870197799964355e+00
5.582723591134228627e+03 9.795016490189694114e-01
5.612850043799287960e+03 9.684372786863435500e-01
5.642976496464346383e+03 9.537544059859659473e-01
5.673102949129404806e+03 9.318203929799034890e-01
5.703229401794464138e+03 9.080875850399247051e-01
5.733355854459521652e+03 9.006409317655957869e-01
5.763482307124580984e+03 9.224771010307302177e-01
5.793608759789639407e+03 9.451951437277725798e-01
5.823735212454697830e+03 9.691016795704158193e-01
5.853861665119757163e+03 1.162907763572175845e+00
5.883988117784814676e+03 1.287684768408315250e+00
5.914114570449874009e+03 1.020498350981030367e+00
5.944241023114933341e+03 9.425147371317664780e-01
5.974367475779990855e+03 9.231565973076507614e-01
6.004493928445050187e+03 9.037803953660809020e-01
6.034620381110107701e+03 8.757049133991272605e-01
6.064746833775167033e+03 8.733475889298241146e-01
6.094873286440226366e+03 9.207503800534190264e-01
6.124999739105283879e+03 8.675055555553938813e-01
6.155126191770343212e+03 8.160354140824773728e-01
6.185252644435400725e+03 7.983628101176128977e-01
6.215379097100460058e+03 8.373877454670120013e-01
6.245505549765519390e+03 8.614017232772498422e-01
6.275632002430576904e+03 8.367526918881110776e-01
6.305758455095636236e+03 8.535505774627646369e-01
6.335884907760694659e+03 8.483196602716396306e-01
6.366011360425753082e+03 8.474364489051054994e-01
6.396137813090812415e+03 8.143738447043573636e-01
6.426264265755869928e+03 8.088239464470142748e-01
6.456390718420929261e+03 8.047169525130061229e-01
6.486517171085987684e+03 7.995748916323852651e-01
6.516643623751046107e+03 8.404993742101640741e-01
6.546770076416105439e+03 1.038289565759064947e+00
6.576896529081162953e+03 1.143705493132018081e+00
6.607022981746222285e+03 9.270238682592779611e-01
6.637149434411280708e+03 8.386279236089354550e-01
6.667275887076339131e+03 8.922706382305919393e-01
6.697402339741398464e+03 8.295478557547084630e-01
6.727528792406455977e+03 6.851856403199513279e-01
6.757655245071515310e+03 6.949990999481083787e-01
6.787781697736573733e+03 6.970668488274355257e-01
6.817908150401632156e+03 6.853799898671811830e-01
6.848034603066691488e+03 6.661892372990227962e-01
6.878161055731749002e+03 6.674355524889059588e-01
6.908287508396808335e+03 6.626299239957149645e-01
6.938413961061866758e+03 6.493976632855410491e-01
6.968540413726925181e+03 6.525742109436013516e-01
6.998666866391984513e+03 6.495510313134582603e-01
7.028793319057042027e+03 6.634848351363504815e-01
7.058919771722101359e+03 8.373824518995777177e-01
7.089046224387159782e+03 6.673485576526646534e-01
7.119172677052218205e+03 6.844089110983451185e-01
7.149299129717277538e+03 6.231353735925037052e-01
7.179425582382335051e+03 6.842968736161646470e-01
7.209552035047394384e+03 7.305108225677344747e-01
7.239678487712452807e+03 7.881832217704300980e-01
7.269804940377511230e+03 6.483795532060387945e-01
7.299931393042570562e+03 6.696477983078675811e-01
7.330057845707628076e+03 5.719586179146944893e-01
7.360184298372687408e+03 5.248331282851567137e-01
7.390310751037745831e+03 5.074253772052179645e-01
7.540943014363038856e+03 4.871730607677400848e-01
7.571069467028097279e+03 4.032858540084710008e-01
7.601195919693156611e+03 4.365838474468323738e-01
7.631322372358214125e+03 4.916815514317630087e-01
7.661448825023273457e+03 3.992767910719971503e-01
7.691575277688332790e+03 4.703021559565823129e-01
7.721701730353390303e+03 4.500542750632457456e-01
7.751828183018449636e+03 5.137907611600254221e-01
7.781954635683507149e+03 5.182749217737255831e-01
7.812081088348566482e+03 4.573533337884250205e-01
7.842207541013625814e+03 4.608839978394100312e-01
7.872333993678683328e+03 4.428293989959847798e-01
7.902460446343742660e+03 5.303722358088837074e-01
7.932586899008800174e+03 4.567542008456851876e-01
7.962713351673859506e+03 4.724157581823936747e-01
7.992839804338918839e+03 4.013965739740710248e-01
8.022966257003976352e+03 5.384072312923363635e-01
