3.304082155424956909e+03 5.818043944908871112e-02
3.334152039305081416e+03 5.300594642880951390e-02
3.364221923185205924e+03 6.505339786408545488e-02
3.394291807065330431e+03 9.083703318533926929e-02
3.424361690945454939e+03 8.979740810367585480e-02
3.454431574825579446e+03 1.642860952228577531e-01
3.484501458705704408e+03 2.188412463501460126e-01
3.514571342585828916e+03 1.475340986360545725e-01
3.544641226465953423e+03 1.416926656267082640e-01
3.574711110346077930e+03 1.727084249963334872e-01
3.604780994226202438e+03 2.401573937042518481e-01
3.634850878106326945e+03 1.896624135034598591e-01
3.664920761986451453e+03 2.020675839633081505e-01
3.694990645866575960e+03 1.801341279682145968e-01
3.725060529746700468e+03 1.863505459781608919e-01
3.755130413626824975e+03 1.603932509366292058e-01
3.785200297506949482e+03 6.789328426862925592e-02
3.815270181387073990e+03 3.201475274322360814e-02
3.845340065267198497e+03 8.424796341479674766e-02
3.875409949147323005e+03 1.445418849912670223e-01
3.905479833027447967e+03 2.061684199298694786e-01
3.935549716907572474e+03 5.302564564084103482e-01
3.965619600787696982e+03 5.849719344559551892e-01
3.995689484667821489e+03 4.731917389971068144e-01
4.025759368547945996e+03 4.658320333853312456e-01
4.055829252428070504e+03 4.827940215724704220e-01
4.085899136308195011e+03 4.635487913816781491e-01
4.115969020188320428e+03 4.529545484847273262e-01
4.146038904068444026e+03 3.982780688772449285e-01
4.176108787948569443e+03 3.994433555991093732e-01
4.206178671828693041e+03 4.490103729184165560e-01
4.236248555708818458e+03 5.137767822620428193e-01
4.266318439588942056e+03 4.274325693638921231e-01
4.296388323469067473e+03 5.512006186419210474e-01
4.326458207349191071e+03 6.211931522739090328e-01
4.356528091229316487e+03 6.032058717651294089e-01
4.386597975109440085e+03 5.936152553897844353e-01
4.416667858989565502e+03 5.133581323413729525e-01
4.446737742869689100e+03 4.601185952561898107e-01
4.476807626749814517e+03 5.014426089623081895e-01
4.506877510629938115e+03 5.400870631841393488e-01
4.536947394510063532e+03 7.433036011892858452e-01
4.567017278390187130e+03 8.729184165966695774e-01
4.597087162270312547e+03 1.000000000000000000e+00
4.627157046150436145e+03 9.592949615348719261e-01
4.657226930030561562e+03 8.842079650147327552e-01
4.687296813910685159e+03 8.355265789368425677e-01
4.717366697790810576e+03 8.463161473541058744e-01
4.747436581670935084e+03 7.561697532098716756e-01
4.777506465551059591e+03 7.794054904470487655e-01
4.807576349431184099e+03 6.589856405743770296e-01
4.837646233311308606e+03 6.247780088796448528e-01
4.867716117191433113e+03 9.006839726410945657e-01
4.897786001071557621e+03 7.019919203231871352e-01
4.927855884951683038e+03 5.541371678466195938e-01
4.957925768831806636e+03 7.675159660280256313e-01
4.987995652711932053e+03 1.162026852259243181e+00
5.018065536592055651e+03 1.429089503086543145e+00
5.048135420472181067e+03 9.767575963628122304e-01
5.078205304352304665e+03 6.661640201058625088e-01
5.108275188232430082e+03 7.515732704025173128e-01
5.138345072112553680e+03 1.335153260536245279e+00
5.168414955992679097e+03 1.287855152460568142e+00
5.198484839872802695e+03 1.259942935615908866e+00
5.228554723752928112e+03 1.257266376011626274e+00
5.258624607633051710e+03 1.275435649240697078e+00
5.288694491513177127e+03 1.359012306174419926e+00
5.318764375393300725e+03 1.445125528312201091e+00
5.348834259273426142e+03 1.379451488607122522e+00
5.378904143153549740e+03 1.333689985733903960e+00
5.408974027033675156e+03 1.371625134994600037e+00
5.439043910913799664e+03 1.198508726317613959e+00
5.469113794793924171e+03 1.141880991427009606e+00
5.499183678674048679e+03 1.324877004919803314e+00
5.529253562554173186e+03 1.600202658560324398e+00
5.559323446434297693e+03 1.658870311854192758e+00
5.589393330314422201e+03 1.106715731370745193e+00
5.619463214194546708e+03 9.530018799248031192e-01
5.649533098074671216e+03 8.983373998373398450e-01
5.679602981954795723e+03 5.299628014879405047e-01
5.709672865834920231e+03 3.328993506926389845e-01
5.739742749715044738e+03 3.607455701771929424e-01
5.769812633595169245e+03 4.519679212831487214e-01
5.799882517475294662e+03 6.986053891177685937e-01
5.829952401355418260e+03 1.179556151087290061e+00
5.860022285235543677e+03 2.037438502459901990e+00
5.890092169115667275e+03 1.931442742290308212e+00
5.920162052995792692e+03 1.893890911030225555e+00
5.950231936875916290e+03 1.802777888884444790e+00
5.980301820756041707e+03 1.696512139514419593e+00
6.010371704636165305e+03 1.283405330453448512e+00
6.040441588516290722e+03 1.094796208151674000e+00
6.070511472396414320e+03 1.083869978534191869e+00
6.100581356276539736e+03 1.136307881018092658e+00
6.130651240156663334e+03 1.199332026718931354e+00
6.160721124036788751e+03 1.196818793914910195e+00
6.190791007916913259e+03 1.240823700385317974e+00
6.220860891797037766e+03 1.628334866605335884e+00
6.250930775677162273e+03 2.602589229764142864e+00
6.281000659557286781e+03 2.815197392104316076e+00
6.311070543437411288e+03 2.707345039531752207e+00
6.341140427317535796e+03 2.518925909630281179e+00
6.371210311197660303e+03 1.875204991800327958e+00
6.401280195077784811e+03 1.734553951175286324e+00
6.431350078957909318e+03 1.584763276135621402e+00
6.461419962838033825e+03 1.660823567057317707e+00
6.491489846718158333e+03 1.836833193338933023e+00
6.521559730598282840e+03 1.667053317867285722e+00
6.551629614478408257e+03 5.973571057157714748e+00
6.581699498358531855e+03 4.759882938015812748e+00
6.611769382238657272e+03 1.351729264162766952e+00
6.641839266118780870e+03 1.391284348626055101e+00
6.671909149998906287e+03 1.322137114515419487e+00
6.701979033879029885e+03 1.198032078716851467e+00
6.732048917759155302e+03 1.192785621908457161e+00
6.762118801639278900e+03 1.066624001706598657e+00
6.792188685519404316e+03 8.897344106235751671e-01
6.822258569399527914e+03 9.042438302467902256e-01
6.852328453279653331e+03 8.033945308854312239e-01
6.882398337159776929e+03 8.275202325240323953e-01
6.912468221039902346e+03 8.098609388957774824e-01
6.942538104920025944e+03 8.683385997893415809e-01
6.972607988800151361e+03 1.189672413103475934e+00
7.002677872680275868e+03 1.456328413530125765e+00
7.032747756560400376e+03 1.568263936109222545e+00
7.062817640440524883e+03 1.605739103769182829e+00
7.092887524320649391e+03 1.658493660253589796e+00
7.122957408200773898e+03 1.903220537845152993e+00
7.153027292080898405e+03 1.905123795048198065e+00
7.183097175961022913e+03 1.840779702145247443e+00
7.213167059841147420e+03 2.095062864152100968e+00
7.243236943721271928e+03 2.900217324640347982e+00
7.273306827601396435e+03 4.361612202178579700e+00
7.303376711481520942e+03 4.799341359678946262e+00
7.333446595361645450e+03 4.158586989853739091e+00
7.363516479241770867e+03 3.136081223417729991e+00
7.393586363121894465e+03 2.180772769089236451e+00
7.423656247002018972e+03 1.882224711011559748e+00
7.453726130882143480e+03 1.664260096262816235e+00
7.483796014762267987e+03 1.375491647000786521e+00
7.513865898642392494e+03 1.225200991960321728e+00
7.543935782522517911e+03 1.032805354452488666e+00
7.694285201923140448e+03 1.578603522525765745e+00
7.724355085803264956e+03 1.971594469554551088e+00
7.754424969683389463e+03 2.326953588523125838e+00
7.784494853563513971e+03 1.793991573670386641e+00
7.814564737443638478e+03 1.591676332946682093e+00
7.844634621323762985e+03 1.357402370571843875e+00
7.874704505203887493e+03 1.226030958761649581e+00
7.904774389084012000e+03 1.164530085463248099e+00
7.934844272964136508e+03 1.155367118648587432e+00
7.964914156844261015e+03 1.145884164633414803e+00
7.994984040724385522e+03 1.068290601709265042e+00
8.025053924604510030e+03 1.036415210058264424e+00
8.055123808484634537e+03 9.164966734663946291e-01
8.085193692364759045e+03 9.076370278522192248e-01
8.115263576244883552e+03 7.574797008119675823e-01
8.145333460125008060e+03 6.468621255149794580e-01
8.175403344005132567e+03 7.415103395864165448e-01
8.205473227885257074e+03 7.827153580523446008e-01
8.235543111765382491e+03 7.022285775235657113e-01
8.265612995645506089e+03 6.420549844672879258e-01
8.295682879525631506e+03 6.603225870965162558e-01
8.325752763405755104e+03 6.155487113848779890e-01
8.355822647285880521e+03 6.021275815634041795e-01
8.385892531166005938e+03 5.326146954121835364e-01
8.415962415046129536e+03 8.041311680866098932e-01
8.446032298926253134e+03 1.717451301947922282e+00
8.476102182806378551e+03 2.606135754569817831e+00
