3.229613303493066269e+03 -8.272374125242788478e-01
3.239615265929436646e+03 7.550031387478421951e-01
3.249617228365806568e+03 2.983789886144453396e-01
3.259619190802176490e+03 1.538011333242208512e+00
3.269621153238546867e+03 9.911113107984739212e-01
3.279623115674916335e+03 -1.452058157960016416e-01
3.289625078111286712e+03 1.555434758763603320e-01
3.299627040547657089e+03 -1.919264613318078239e-01
3.309629002984026556e+03 3.581426037769598891e-01
3.319630965420396933e+03 1.816672066662954055e-01
3.329632927856766401e+03 7.117025091420249305e-01
3.339634890293136777e+03 3.452626001319624161e-01
3.349636852729507154e+03 1.019711969260521212e+00
3.359638815165876622e+03 4.707427357393692002e-01
3.369640777602246999e+03 1.023109452862251301e+00
3.379642740038616921e+03 3.428261893069948218e-01
3.389644702474986843e+03 7.496077408946781873e-01
3.399646664911357220e+03 2.892020324236027617e-01
3.409648627347726688e+03 7.166458682434655447e-01
3.419650589784097065e+03 8.796326061900830995e-01
3.429652552220466987e+03 5.310482067793578231e-01
3.439654514656836909e+03 6.998911985123009716e-01
3.449656477093207286e+03 6.786644459181935263e-01
3.459658439529576754e+03 6.654910705998888787e-01
3.469660401965947131e+03 7.545380640675809492e-01
3.479662364402317507e+03 7.870572635856312171e-01
3.489664326838686975e+03 6.641253777888027621e-01
3.499666289275057352e+03 7.134605032459040430e-01
3.509668251711426819e+03 1.979190608056456968e-01
3.519670214147797196e+03 7.812787613083514993e-01
3.529672176584167573e+03 8.386155422018146677e-01
3.539674139020537041e+03 6.734860182283624042e-01
3.549676101456907418e+03 8.046404108722176041e-01
3.559678063893277340e+03 5.994204285234553398e-01
3.569680026329647262e+03 8.403095379121927611e-01
3.579681988766017639e+03 8.087252971263583223e-01
3.589683951202387107e+03 7.489359897940069954e-01
3.599685913638757484e+03 6.271134657344923369e-01
3.609687876075127861e+03 5.212118604168459735e-01
3.619689838511497328e+03 9.101360461564681481e-01
3.629691800947867705e+03 9.364914030371602749e-01
3.639693763384237172e+03 7.723550565058986406e-01
3.649695725820607549e+03 8.250661921419929490e-01
3.659697688256977926e+03 9.484148479647921404e-01
3.669699650693347394e+03 7.144216603976084601e-01
3.679701613129717771e+03 8.690867087528878487e-01
3.689703575566087238e+03 1.051217699162831920e+00
3.699705538002457615e+03 1.010658664547168017e+00
3.709707500438827992e+03 1.073927214800039831e+00
3.719709462875197460e+03 1.019269127377474771e+00
3.729711425311567837e+03 8.469768036409475176e-01
3.739713387747937304e+03 1.012330132148034245e+00
3.749715350184307681e+03 9.832722458753310191e-01
3.759717312620678058e+03 1.094639575560291789e+00
3.769719275057047525e+03 1.147693273460874464e+00
3.779721237493417902e+03 1.120172276756559615e+00
3.789723199929788279e+03 9.722461284557867289e-01
3.799725162366157747e+03 1.201163783574898725e+00
3.809727124802528124e+03 1.138692154649143751e+00
3.819729087238897591e+03 1.186975293329485703e+00
3.829731049675267968e+03 1.293912516685144842e+00
3.839733012111638345e+03 1.450641502683966966e+00
3.849734974548007813e+03 1.179572235919087886e+00
3.859736936984378190e+03 1.311775113779609203e+00
3.869738899420747657e+03 1.316514032396602696e+00
3.879740861857118034e+03 1.338613939077916593e+00
3.889742824293488411e+03 1.344193232117152803e+00
3.899744786729857879e+03 1.350672383912735919e+00
3.909746749166228255e+03 1.248626375944366540e+00
3.919748711602597723e+03 1.102559007615682152e+00
3.929750674038968100e+03 1.290405472221237915e+00
3.939752636475338477e+03 1.436314215658976767e+00
3.949754598911707944e+03 1.137144296338296279e+00
3.959756561348078321e+03 1.321611966391773141e+00
3.969758523784448698e+03 1.351311102223617278e+00
3.979760486220818166e+03 1.490399397225414369e+00
3.989762448657188543e+03 1.358458503559778707e+00
3.999764411093558010e+03 1.404771487344602443e+00
4.009766373529928387e+03 1.383577767540284942e+00
4.019768335966298764e+03 1.446694021022860710e+00
4.029770298402668232e+03 1.609671393350917024e+00
4.039772260839038609e+03 1.584809894818197229e+00
4.049774223275408076e+03 1.644127588412283014e+00
4.059776185711778453e+03 1.509562634050689134e+00
4.069778148148148830e+03 1.712865744279800762e+00
4.079780110584518297e+03 1.509750368296621792e+00
4.089782073020888674e+03 1.415150027084356443e+00
4.099784035457258142e+03 1.530882072518575221e+00
4.109785997893628519e+03 1.556605461083745645e+00
4.119787960329998896e+03 1.508666994041441667e+00
4.129789922766369273e+03 1.611635642000496027e+00
4.139791885202738740e+03 1.535327788212145661e+00
4.149793847639108208e+03 1.657646985367697612e+00
4.159795810075478585e+03 1.588988563820362243e+00
4.169797772511848962e+03 1.584714129259036319e+00
4.179799734948219339e+03 1.554579196851802125e+00
4.189801697384588806e+03 1.590124250539577844e+00
4.199803659820958273e+03 1.688106339426891589e+00
4.209805622257328650e+03 1.556242226958469033e+00
4.219807584693699027e+03 1.588898704507140547e+00
4.229809547130069404e+03 1.613602000023624861e+00
4.239811509566438872e+03 1.527198262551194397e+00
4.249813472002808339e+03 1.592530202010486340e+00
4.259815434439178716e+03 1.629875816960375978e+00
4.269817396875549093e+03 1.517095206997045143e+00
4.279819359311919470e+03 1.646782867836778408e+00
4.289821321748288938e+03 1.587922486428290592e+00
4.299823284184658405e+03 1.442056352336257952e+00
4.309825246621028782e+03 1.517109550737183898e+00
4.319827209057399159e+03 1.473469143239964030e+00
4.329829171493769536e+03 1.431807328132461699e+00
4.339831133930139003e+03 1.679924501301905293e+00
4.349833096366508471e+03 1.664326527650512144e+00
4.359835058802878848e+03 1.749400516037145081e+00
4.369837021239249225e+03 1.571490888350014270e+00
4.379838983675619602e+03 1.726856375286242029e+00
4.389840946111989979e+03 1.618179762501413377e+00
4.399842908548359446e+03 1.613628578130352542e+00
4.409844870984728914e+03 1.548170498132782402e+00
4.419846833421099291e+03 1.538113848796729188e+00
4.429848795857469668e+03 1.526117419544274156e+00
4.439850758293840045e+03 1.475101798367513650e+00
4.449852720730209512e+03 1.554355181380812967e+00
4.459854683166578980e+03 1.528118793168329770e+00
4.469856645602949357e+03 1.498984125698413550e+00
4.479858608039319734e+03 1.591157421704272545e+00
4.489860570475690110e+03 1.607228738780242194e+00
4.499862532912059578e+03 1.526804653446800719e+00
4.509864495348429045e+03 1.565582111162298506e+00
4.519866457784799422e+03 1.619457199123175428e+00
4.529868420221169799e+03 1.628509786649521507e+00
4.539870382657540176e+03 1.579484570354357853e+00
4.549872345093909644e+03 1.567159500702843156e+00
4.559874307530279111e+03 1.532183977873515124e+00
4.569876269966649488e+03 1.653968659771546390e+00
4.579878232403019865e+03 1.685043529032573817e+00
4.589880194839390242e+03 1.669388602295335922e+00
4.599882157275759710e+03 1.694485085041504080e+00
4.609884119712129177e+03 1.558201413111528488e+00
4.619886082148499554e+03 1.586009284618616677e+00
4.629888044584869931e+03 1.553536744443488216e+00
4.639890007021240308e+03 1.565715423570646303e+00
4.649891969457609775e+03 1.690999556187805064e+00
4.659893931893979243e+03 1.589413813528003150e+00
4.669895894330349620e+03 1.586983815198627079e+00
4.679897856766719997e+03 1.611301939104916814e+00
4.689899819203090374e+03 1.614146640274184863e+00
4.699901781639459841e+03 1.570366170373257875e+00
4.709903744075829309e+03 1.742950895471259365e+00
4.719905706512199686e+03 1.568779921463803850e+00
4.729907668948570063e+03 1.619457199123175428e+00
4.739909631384940440e+03 1.726570344232888576e+00
4.749911593821310817e+03 1.615837514111708950e+00
4.759913556257680284e+03 1.682293749673047234e+00
4.769915518694049752e+03 1.616336591893593022e+00
4.779917481130420128e+03 1.455209562043426219e+00
4.789919443566790505e+03 1.678467767928409682e+00
4.799921406003160882e+03 1.652198051613839480e+00
4.809923368439530350e+03 1.545144390838231407e+00
4.819925330875899817e+03 1.648760616477076280e+00
4.829927293312270194e+03 1.592057702335329727e+00
4.839929255748640571e+03 1.516745050987777343e+00
4.849931218185010948e+03 1.644530478760295900e+00
4.859933180621380416e+03 1.767438191136243564e+00
4.869935143057749883e+03 1.977271078126134007e+00
4.879937105494120260e+03 1.776048653966550539e+00
4.889939067930490637e+03 1.732736043118970448e+00
4.899941030366861014e+03 1.626154882018518544e+00
4.909942992803230482e+03 1.616232810714942625e+00
4.919944955239599949e+03 1.646838555298493212e+00
4.929946917675970326e+03 1.731672496975158460e+00
4.939948880112340703e+03 1.649373178555939790e+00
4.949950842548711080e+03 1.652860394908478581e+00
4.959952804985080547e+03 1.655530861822532618e+00
4.969954767421450015e+03 1.514211271479750875e+00
4.979956729857820392e+03 1.584374520117517449e+00
4.989958692294190769e+03 1.575391541918314875e+00
4.999960654730561146e+03 1.483212761541226499e+00
5.009962617166930613e+03 1.638529311011098555e+00
5.019964579603300081e+03 1.611766845035293994e+00
5.029966542039670458e+03 1.618212668728790327e+00
5.039968504476040835e+03 1.542163424137645844e+00
5.049970466912411212e+03 1.614307796413389839e+00
5.059972429348780679e+03 1.561907160563827057e+00
5.069974391785150146e+03 1.533848695479021806e+00
5.079976354221520523e+03 1.561828269993064344e+00
5.089978316657890900e+03 1.752959451090377430e+00
5.099980279094261277e+03 1.688608370331745379e+00
5.109982241530631654e+03 1.618525699763581516e+00
5.119984203967001122e+03 1.653444269507064579e+00
5.129986166403370589e+03 1.626672100412930977e+00
5.139988128839740966e+03 1.486238446961067661e+00
5.149990091276111343e+03 1.363279687745214908e+00
5.159992053712481720e+03 1.482028981105075305e+00
5.169994016148851188e+03 1.609667174603817585e+00
5.179995978585220655e+03 1.653494894472260057e+00
5.189997941021591032e+03 1.498947000723937162e+00
5.199999903457961409e+03 1.556800789074457514e+00
5.210001865894331786e+03 1.523279046495655598e+00
5.220003828330701253e+03 1.523816936750855833e+00
5.230005790767070721e+03 1.472811862441844477e+00
5.240007753203441098e+03 1.512630928816236509e+00
5.250009715639811475e+03 1.476738250367452876e+00
5.260011678076181852e+03 1.492922629865692130e+00
5.270013640512551319e+03 1.508625228445155564e+00
5.280015602948920787e+03 1.315601939273666643e+00
5.290017565385291164e+03 1.403331628959505251e+00
5.300019527821661541e+03 1.498763063350393887e+00
5.310021490258031918e+03 1.560287583552286250e+00
5.320023452694402295e+03 1.505696574208605254e+00
5.330025415130770853e+03 1.486736259118822012e+00
5.340027377567141230e+03 1.376634975438454367e+00
5.350029340003511606e+03 1.500442124696039325e+00
5.360031302439881983e+03 1.410388749107735151e+00
5.370033264876252360e+03 1.423684130592160146e+00
5.380035227312620918e+03 1.402774754342356323e+00
5.390037189748991295e+03 1.428007080745131940e+00
5.400039152185361672e+03 1.398274194936490966e+00
5.410041114621732049e+03 1.371616775763466745e+00
5.420043077058102426e+03 1.412293091548499691e+00
5.430045039494470984e+03 1.324383683236217690e+00
5.440047001930841361e+03 1.391298918481993496e+00
5.450048964367211738e+03 1.347746260924445716e+00
5.460050926803582115e+03 1.342344577138103068e+00
5.470052889239952492e+03 1.336815487189352503e+00
5.480054851676321050e+03 1.295069297139858300e+00
5.490056814112691427e+03 1.343886951077721159e+00
5.500058776549061804e+03 1.449167472447362659e+00
5.510060738985432181e+03 1.388739826491369289e+00
5.520062701421802558e+03 1.351413617778137954e+00
5.530064663858171116e+03 1.264566911860248055e+00
5.540066626294541493e+03 1.374536148756397624e+00
5.550068588730911870e+03 1.376868694027773010e+00
5.560070551167282247e+03 1.240575740854178433e+00
5.570072513603652624e+03 1.318106187551996156e+00
5.580074476040022091e+03 1.317672500350155929e+00
5.590076438476391559e+03 1.286914458996309518e+00
5.600078400912761936e+03 1.378928286361803091e+00
5.610080363349132313e+03 1.331225647282367586e+00
5.620082325785502690e+03 1.236439681197719187e+00
5.630084288221872157e+03 1.261104586115597170e+00
5.640086250658241624e+03 1.281594618903699523e+00
5.650088213094612001e+03 1.206758264103693579e+00
5.660090175530982378e+03 1.313903471691363345e+00
5.670092137967352755e+03 1.275150904583753020e+00
5.680094100403723132e+03 1.278201058736772033e+00
5.690096062840091690e+03 1.361598095151309362e+00
5.700098025276462067e+03 1.298470451051564778e+00
5.710099987712832444e+03 1.243476973234581173e+00
5.720101950149202821e+03 1.203055047899654451e+00
5.730103912585573198e+03 1.279672557725116455e+00
5.740105875021941756e+03 1.218977865077717659e+00
5.750107837458312133e+03 1.348826260181946068e+00
5.760109799894682510e+03 1.274617654950362278e+00
5.770111762331052887e+03 1.240321772278781598e+00
5.780113724767423264e+03 1.347436604887334299e+00
5.790115687203791822e+03 1.295717296694358422e+00
5.800117649640162199e+03 1.213423462646369355e+00
5.810119612076532576e+03 1.358229003717559946e+00
5.820121574512902953e+03 1.310303192916554949e+00
5.830123536949273330e+03 1.159827655743486785e+00
5.840125499385641888e+03 1.191715899445319193e+00
5.850127461822012265e+03 1.147481492356474009e+00
5.860129424258382642e+03 1.206942201477236631e+00
5.870131386694753019e+03 1.187393371167057232e+00
5.880133349131123396e+03 1.193649773115780910e+00
5.890135311567491954e+03 1.298668310290536754e+00
5.900137274003862331e+03 1.250525234013901699e+00
5.910139236440232708e+03 1.211158417328588088e+00
5.920141198876603084e+03 1.252514795146078219e+00
5.930143161312973461e+03 1.270036939349604266e+00
5.940145123749342929e+03 1.254604762459225809e+00
5.950147086185712396e+03 1.142057871085213616e+00
5.960149048622082773e+03 1.141072371762744231e+00
5.970151011058453150e+03 1.260792820704935702e+00
5.980152973494823527e+03 1.204931968484271865e+00
5.990154935931192995e+03 1.207777513402959579e+00
6.000156898367562462e+03 1.133468501990404942e+00
6.010158860803932839e+03 1.153021551047683779e+00
6.020160823240303216e+03 1.057536116693919892e+00
6.030162785676673593e+03 1.148779178964314474e+00
6.040164748113043970e+03 1.091491546474561813e+00
6.050166710549412528e+03 1.130727160125077457e+00
6.060168672985782905e+03 1.140896871883400499e+00
6.070170635422153282e+03 1.127374099930306350e+00
6.080172597858523659e+03 1.061946394911853497e+00
6.090174560294894036e+03 1.094310091411812236e+00
6.100176522731262594e+03 1.159289343613576273e+00
6.110178485167632971e+03 1.112400078974945528e+00
6.120180447604003348e+03 1.200150862396281992e+00
6.130182410040373725e+03 1.100655087049627667e+00
6.140184372476744102e+03 1.101069789889519424e+00
6.150186334913112660e+03 1.017154269456439719e+00
6.160188297349483037e+03 1.133604345647012179e+00
6.170190259785853414e+03 1.175079692132711573e+00
6.180192222222223791e+03 1.096164652636801184e+00
6.190194184658594168e+03 1.057282148118523057e+00
6.200196147094962726e+03 1.169924383176986549e+00
6.210198109531333102e+03 1.033798914263246438e+00
6.220200071967703479e+03 9.744748925485114954e-01
6.230202034404073856e+03 1.049935200044549877e+00
6.240203996840444233e+03 1.061889863700718584e+00
6.250205959276812791e+03 1.051218121037541753e+00
6.260207921713183168e+03 1.048859841408859017e+00
6.270209884149553545e+03 1.078885086391502934e+00
6.280211846585923922e+03 1.024011420992148036e+00
6.290213809022294299e+03 9.593439342010453563e-01
6.300215771458663767e+03 1.027375449929378126e+00
6.310217733895033234e+03 9.682345218387661268e-01
6.320219696331403611e+03 9.170670257664197411e-01
6.330221658767773988e+03 9.047115811357878679e-01
6.340223621204144365e+03 9.331986709259135759e-01
6.350225583640513833e+03 9.456625373570054505e-01
6.360227546076883300e+03 9.831452615876327128e-01
6.370229508513253677e+03 9.569008577556603612e-01
6.380231470949624054e+03 1.036386693734148157e+00
6.390233433385994431e+03 9.763961099776745645e-01
6.400235395822364808e+03 9.591625280757619665e-01
6.410237358258733366e+03 9.706375201867047942e-01
6.420239320695103743e+03 1.000000000000000000e+00
6.430241283131474120e+03 9.888928826361432778e-01
6.440243245567844497e+03 9.569025452545000254e-01
6.450245208004214874e+03 9.418943524476328655e-01
6.460247170440583432e+03 9.202454298312671144e-01
6.470249132876953809e+03 1.007504307340788552e+00
6.480251095313324186e+03 9.863641656246362466e-01
6.490253057749694563e+03 9.685163341450202523e-01
6.500255020186064939e+03 8.517557581679161549e-01
6.510256982622433497e+03 7.807019320174216626e-01
6.520258945058803874e+03 7.994466691304150663e-01
6.530260907495174251e+03 7.564101330930335099e-01
6.540262869931544628e+03 7.854915177870815945e-01
6.550264832367915005e+03 9.920628492067909976e-01
6.560266794804283563e+03 1.033780351776008022e+00
6.570268757240653940e+03 1.075040542159627188e+00
6.580270719677024317e+03 1.040801190699181422e+00
6.590272682113394694e+03 9.307737350930571640e-01
6.600274644549765071e+03 9.997316876844646316e-01
6.610276606986133629e+03 9.748372829243679982e-01
6.620278569422504006e+03 9.116180920125617204e-01
6.630280531858874383e+03 9.382501987029884249e-01
6.640282494295244760e+03 8.547080373882242066e-01
6.650284456731615137e+03 7.668556243492582469e-01
6.660286419167984604e+03 8.611230642278934200e-01
6.670288381604354072e+03 9.420352586007597617e-01
6.680290344040724449e+03 9.232466465179306470e-01
6.690292306477094826e+03 9.493514098209058227e-01
6.700294268913465203e+03 9.507469713614571383e-01
6.710296231349834670e+03 9.114189671494601352e-01
6.720298193786204138e+03 8.619718761443351251e-01
6.730300156222574515e+03 9.818420906085627564e-01
6.740302118658944892e+03 9.496011596492026641e-01
6.750304081095315269e+03 8.983577261290631721e-01
6.760306043531685646e+03 9.194156022767735470e-01
6.770308005968054204e+03 9.347629823504497448e-01
6.780309968404424581e+03 9.208360544252125468e-01
6.790311930840794957e+03 9.091104687365527681e-01
6.800313893277165334e+03 8.454808359194253553e-01
6.810315855713535711e+03 8.238358367378623148e-01
6.820317818149904269e+03 7.517853737725554986e-01
6.830319780586274646e+03 7.833091177249815740e-01
6.840321743022645023e+03 8.742657270673125369e-01
6.850323705459015400e+03 7.442570195732991500e-01
6.860325667895385777e+03 6.689756713292259738e-01
6.870327630331754335e+03 8.778309902411942645e-01
6.880329592768124712e+03 8.427629081005005851e-01
6.890331555204495089e+03 8.584112535922632237e-01
6.900333517640865466e+03 9.236921462116494119e-01
6.910335480077235843e+03 7.634757751104045420e-01
6.920337442513604401e+03 8.303958619153449794e-01
6.930339404949974778e+03 8.198328363649249884e-01
6.940341367386345155e+03 9.522513765771786209e-01
6.950343329822715532e+03 9.607740894678136190e-01
6.960345292259085909e+03 8.781566775172842121e-01
6.970347254695454467e+03 9.185250247640454058e-01
6.980349217131824844e+03 8.874750461109057742e-01
6.990351179568195221e+03 8.783963023525421798e-01
7.000353142004565598e+03 7.811154114206546595e-01
7.010355104440935975e+03 7.504148715897758226e-01
7.020357066877305442e+03 8.200495955909030688e-01
7.030359029313674910e+03 7.913924902926630089e-01
7.040360991750045287e+03 7.790266675441660515e-01
7.050362954186415664e+03 9.046402843098044766e-01
7.060364916622786041e+03 7.880892956886091927e-01
7.070366879059156417e+03 7.858121847541229554e-01
7.080368841495524975e+03 8.458851606414520274e-01
7.090370803931895352e+03 9.086261565695172848e-01
7.100372766368265729e+03 7.912765591223656081e-01
7.110374728804636106e+03 8.822336747143486591e-01
7.120376691241006483e+03 7.694640334934770287e-01
7.130378653677375041e+03 8.510048211841854116e-01
7.140380616113745418e+03 7.844646325555650890e-01
7.150382578550115795e+03 8.254937199730675301e-01
7.160384540986486172e+03 7.572519418892899035e-01
7.170386503422856549e+03 8.925594801153573510e-01
7.180388465859225107e+03 8.886276078185196825e-01
7.190390428295595484e+03 6.781820743748238067e-01
7.290410052659295616e+03 6.879081005006809635e-01
7.300412015095665993e+03 7.068109140674966318e-01
7.310413977532036370e+03 7.314183596498777806e-01
7.320415939968406747e+03 8.190384462860681447e-01
7.330417902404776214e+03 7.728714311508910750e-01
7.340419864841145682e+03 6.107613910390436995e-01
7.350421827277516059e+03 7.227625874757210855e-01
7.360423789713886435e+03 7.547171498819594815e-01
7.370425752150256812e+03 7.915495964346525026e-01
7.380427714586626280e+03 6.933331139584841818e-01
7.390429677022995747e+03 7.512676491284911995e-01
7.400431639459366124e+03 5.514596864964655953e-01
7.410433601895736501e+03 6.640437872198962088e-01
7.420435564332106878e+03 6.500026156232018293e-01
7.430437526768476346e+03 6.971479582107787953e-01
7.440439489204845813e+03 6.497753939044166316e-01
7.450441451641216190e+03 7.304315947032786749e-01
7.460443414077586567e+03 7.423643208745294153e-01
7.470445376513956944e+03 6.869985808134756455e-01
7.480447338950326412e+03 8.257617791637767990e-01
7.490449301386695879e+03 6.742487677039722405e-01
7.500451263823066256e+03 7.196547208623793601e-01
7.510453226259436633e+03 7.236610118580544260e-01
7.520455188695807010e+03 6.886784437210700105e-01
7.530457151132176477e+03 6.287127927599550636e-01
7.540459113568545945e+03 6.380729269498627287e-01
7.550461076004916322e+03 6.695700084206192004e-01
7.560463038441286699e+03 6.328504555403118292e-01
7.570465000877657076e+03 7.343905091690249298e-01
7.580466963314027453e+03 7.019523517827580550e-01
7.590468925750396920e+03 5.986312696910021103e-01
7.600470888186766388e+03 6.212512635147562357e-01
7.610472850623136765e+03 6.256621323572839621e-01
7.620474813059507142e+03 7.989093694998086193e-01
7.630476775495877519e+03 7.023516140082652903e-01
7.640478737932246986e+03 6.658490734787620990e-01
7.650480700368616453e+03 4.978585639722373224e-01
7.660482662804986830e+03 6.445292975111079903e-01
7.670484625241357207e+03 6.609728346436761770e-01
7.680486587677727584e+03 5.617133513220710084e-01
7.690488550114097052e+03 6.392912167372885035e-01
7.700490512550466519e+03 6.304747102986366647e-01
7.710492474986836896e+03 6.066473110549737147e-01
7.720494437423207273e+03 6.184817404188034384e-01
7.730496399859577650e+03 6.371912931809858849e-01
7.740498362295947118e+03 6.228116093170186218e-01
7.750500324732316585e+03 5.016216863850906371e-01
7.760502287168686962e+03 4.950490471537801751e-01
7.770504249605057339e+03 5.727617437263011757e-01
7.780506212041427716e+03 7.034370132620533234e-01
7.790508174477797183e+03 6.965863585968785632e-01
7.800510136914166651e+03 6.222395472103112724e-01
7.810512099350537028e+03 6.548266685566653811e-01
7.820514061786907405e+03 6.165530979947451140e-01
7.830516024223277782e+03 6.643556370054995996e-01
7.840517986659647249e+03 6.826677837908986524e-01
7.850519949096016717e+03 7.767444097382183443e-01
7.860521911532387094e+03 7.139419466649117307e-01
7.870523873968757471e+03 6.823098652869676872e-01
7.880525836405127848e+03 6.468357709254075605e-01
7.890527798841497315e+03 7.028413261715882321e-01
7.900529761277866783e+03 5.250057796835264634e-01
7.910531723714237160e+03 5.354731662371983170e-01
7.920533686150607537e+03 6.924025427232518570e-01
7.930535648586977914e+03 6.181998859250784628e-01
7.940537611023348290e+03 5.760116977419577067e-01
7.950539573459717758e+03 5.390413825340495402e-01
7.960541535896087225e+03 5.420359336002956718e-01
7.970543498332457602e+03 7.282102556054492748e-01
7.980545460768827979e+03 7.178106221301973067e-01
7.990547423205198356e+03 6.805734711682386306e-01
8.000549385641567824e+03 6.023184546560624852e-01
8.010551348077937291e+03 5.745909924686926074e-01
8.020553310514307668e+03 5.255158262078695186e-01
8.030555272950678045e+03 4.694279210183042728e-01
8.040557235387048422e+03 6.683856373598743295e-01
8.050559197823417890e+03 5.501903920566054706e-01
8.060561160259787357e+03 5.249696672083536964e-01
8.070563122696157734e+03 5.886443984319761347e-01
8.080565085132528111e+03 5.979957576279166798e-01
8.090567047568898488e+03 6.879385176672691005e-01
8.100569010005267955e+03 4.721409972780643560e-01
8.110570972441637423e+03 5.675273332624584111e-01
8.120572934878007800e+03 6.259778633902189915e-01
8.130574897314378177e+03 5.461656651361052051e-01
8.140576859750748554e+03 4.387044733906745320e-01
8.150578822187118021e+03 4.940698759519603356e-01
8.160580784623487489e+03 3.752363763999912449e-01
8.170582747059857866e+03 6.893519245080519386e-01
8.180584709496228243e+03 5.814461190057932383e-01
8.190586671932598620e+03 4.461930869922526854e-01
8.200588634368967178e+03 4.410499280281744983e-01
8.210590596805337555e+03 2.615030045916843515e-01
8.220592559241707932e+03 5.596126683912905353e-01
8.230594521678078308e+03 7.567547203561296731e-01
8.240596484114448685e+03 5.651361052189276535e-01
8.250598446550819062e+03 4.385066141517027782e-01
8.260600408987187620e+03 5.195355834442862974e-01
8.270602371423557997e+03 5.194024397858226783e-01
8.280604333859928374e+03 5.870962026213606411e-01
8.290606296296298751e+03 4.859038159411265267e-01
8.300608258732669128e+03 6.104025022232796305e-01
8.310610221169037686e+03 5.500562780863088586e-01
8.320612183605408063e+03 2.972651550052059499e-01
8.330614146041778440e+03 6.083487317602469524e-01
8.340616108478148817e+03 6.373921899178693895e-01
8.350618070914519194e+03 5.563796737389743452e-01
8.360620033350889571e+03 5.036164787636707718e-01
8.370621995787258129e+03 4.900708412012966808e-01
8.380623958223628506e+03 4.854643912432309860e-01
8.390625920659998883e+03 7.921252866638653911e-01
8.400627883096369260e+03 5.384707548013560885e-01
8.410629845532737818e+03 4.508878775145842011e-01
8.420631807969108195e+03 3.615265452005001490e-01
8.430633770405478572e+03 4.415111214611039947e-01
8.440635732841848949e+03 6.636268906315128113e-01
8.450637695278219326e+03 5.249473500361968581e-01
8.460639657714589703e+03 6.668590415344088917e-01
8.470641620150958261e+03 4.420474929673485764e-01
8.480643582587328638e+03 5.617241513146459253e-01
8.490645545023699015e+03 5.141948183660624005e-01
8.500647507460069392e+03 4.992253536575694262e-01
8.510649469896437950e+03 4.640130747410111112e-01
8.520651432332808326e+03 5.349662415857088238e-01
8.530653394769178703e+03 4.459770871407525705e-01
8.540655357205549080e+03 5.599578040915096366e-01
8.550657319641919457e+03 3.050160903014378921e-01
8.560659282078289834e+03 5.732866402404348527e-01
8.570661244514658392e+03 3.878334708644887718e-01
8.580663206951028769e+03 4.934300607668332117e-01
8.590665169387399146e+03 3.224834751676107780e-01
8.600667131823769523e+03 3.044509469399739876e-01
8.610669094260139900e+03 7.701438424011083361e-01
8.620671056696508458e+03 3.522001609873893768e-01
