3.057139202281592134e+03 1.688883555424799621e+00
3.067152204001174141e+03 2.371653842696357817e+00
3.077165205720756603e+03 1.589590798570115204e+00
3.087178207440339065e+03 1.843933378151636271e+00
3.097191209159921073e+03 1.530225902312443376e+00
3.107204210879503080e+03 1.813412199782961753e+00
3.117217212599085542e+03 1.277060125775126398e+00
3.127230214318668004e+03 1.761591574503116542e+00
3.137243216038250466e+03 1.710765382205069018e+00
3.147256217757832474e+03 1.186977917308080110e+00
3.157269219477414481e+03 9.154667447761083432e-01
3.167282221196996943e+03 1.385792253831598986e+00
3.177295222916579405e+03 1.125627596031386179e+00
3.187308224636161412e+03 1.341959781379586270e+00
3.197321226355743875e+03 1.582301157490742405e+00
3.207334228075325882e+03 1.594308333580650938e+00
3.217347229794908344e+03 1.619145071513580891e+00
3.227360231514490806e+03 1.528216390681405690e+00
3.237373233234072814e+03 1.568477162665923075e+00
3.247386234953654821e+03 1.418555207590035172e+00
3.257399236673237283e+03 1.480894800431666214e+00
3.267412238392819745e+03 1.495436232200101134e+00
3.277425240112402207e+03 1.636683566005703971e+00
3.287438241831984215e+03 1.807535926687234618e+00
3.297451243551566222e+03 1.522478615604769381e+00
3.307464245271148684e+03 1.916468489765125183e+00
3.317477246990731146e+03 1.346987001401754647e+00
3.327490248710313608e+03 1.207430891854122779e+00
3.337503250429895616e+03 1.372785483343032409e+00
3.347516252149477623e+03 1.311999476976424717e+00
3.357529253869060085e+03 1.159427994578791754e+00
3.367542255588642547e+03 1.555145222915142345e+00
3.377555257308224554e+03 1.577427059502103601e+00
3.387568259027806562e+03 1.303219906896642133e+00
3.397581260747389024e+03 1.358288783854055604e+00
3.407594262466971486e+03 1.438775918377353413e+00
3.417607264186553948e+03 1.297117391695193911e+00
3.427620265906135955e+03 1.437559544470552231e+00
3.437633267625717963e+03 1.502612322108541898e+00
3.447646269345300425e+03 1.471576722526100500e+00
3.457659271064882887e+03 1.405304130036736154e+00
3.467672272784465349e+03 1.423007789868396600e+00
3.477685274504047356e+03 1.291692742574763964e+00
3.487698276223629364e+03 1.296984915329106869e+00
3.497711277943211826e+03 1.472153080742194309e+00
3.507724279662794288e+03 1.719706676679815027e+00
3.517737281382376295e+03 1.706959697506562179e+00
3.527750283101958303e+03 1.750318179843548538e+00
3.537763284821540765e+03 1.673482747749084343e+00
3.547776286541123227e+03 1.378168841128577959e+00
3.557789288260705689e+03 1.655911564283511384e+00
3.567802289980287696e+03 1.626505251956714471e+00
3.577815291699869704e+03 1.775011258340526643e+00
3.587828293419452166e+03 1.660159410359737686e+00
3.597841295139034628e+03 1.497478432804588921e+00
3.607854296858617090e+03 1.576678654057324991e+00
3.617867298578199097e+03 1.740034056748917868e+00
3.627880300297781105e+03 1.723913231421157377e+00
3.637893302017363567e+03 1.591276861411225818e+00
3.647906303736946029e+03 1.830548103759962908e+00
3.657919305456528491e+03 1.812517554193801450e+00
3.667932307176110044e+03 1.669148878058515750e+00
3.677945308895692506e+03 1.813825113131805722e+00
3.687958310615274968e+03 1.778280155685537212e+00
3.697971312334857430e+03 1.841937630298892792e+00
3.707984314054439437e+03 1.899246562173781960e+00
3.717997315774021445e+03 1.721126066316464254e+00
3.728010317493603907e+03 1.556746982614197305e+00
3.738023319213186369e+03 1.587591609772798229e+00
3.748036320932768831e+03 1.675172251534768675e+00
3.758049322652350838e+03 1.940417463998041825e+00
3.768062324371932846e+03 2.118761621252649441e+00
3.778075326091515308e+03 2.029503519011003565e+00
3.788088327811097770e+03 1.855150857461881575e+00
3.798101329530680232e+03 1.957020021566119983e+00
3.808114331250262239e+03 1.899229357450913813e+00
3.818127332969844247e+03 1.704354902464275234e+00
3.828140334689426709e+03 1.745918071969936092e+00
3.838153336409009171e+03 1.871374911126853169e+00
3.848166338128591178e+03 1.832647079949916824e+00
3.858179339848173186e+03 2.015189189584432494e+00
3.868192341567755648e+03 1.762348582309329670e+00
3.878205343287338110e+03 1.735939332706220917e+00
3.888218345006920572e+03 1.849266842240863351e+00
3.898231346726502579e+03 1.823132868203650281e+00
3.908244348446084587e+03 1.447545165623415064e+00
3.918257350165667049e+03 1.588248830186374194e+00
3.928270351885249511e+03 1.834367552236763954e+00
3.938283353604831973e+03 1.885758059444898160e+00
3.948296355324413980e+03 1.573769335420265758e+00
3.958309357043995988e+03 1.882695618774309576e+00
3.968322358763578450e+03 1.956125375976959235e+00
3.978335360483160912e+03 2.116232526990983853e+00
3.988348362202743374e+03 1.935066795185946154e+00
3.998361363922324927e+03 2.027292712122404694e+00
4.008374365641907389e+03 1.894945381456663469e+00
4.018387367361489851e+03 2.062657019978553663e+00
4.028400369081072313e+03 2.024548558824882605e+00
4.038413370800654320e+03 1.830616922651436829e+00
4.048426372520236328e+03 1.823803852395520897e+00
4.058439374239818790e+03 1.887771012020509565e+00
4.068452375959401252e+03 1.862376841066640809e+00
4.078465377678983714e+03 1.787261021022880758e+00
4.088478379398565266e+03 1.780035037418121524e+00
4.098491381118147729e+03 1.867727509878736702e+00
4.108504382837730191e+03 1.787897595769014414e+00
4.118517384557312653e+03 1.862910187475563584e+00
4.128530386276895115e+03 1.950568250490441802e+00
4.138543387996476667e+03 1.854015345752562105e+00
4.148556389716059130e+03 1.754090315332461625e+00
4.158569391435641592e+03 1.738657678919439675e+00
4.168582393155224054e+03 1.838565504616671786e+00
4.178595394874806516e+03 1.993545648215891752e+00
4.188608396594388068e+03 1.921354631059772000e+00
4.198621398313970531e+03 1.849456094192416522e+00
4.208634400033552993e+03 1.657100410633722820e+00
4.218647401753135455e+03 1.675051818474689203e+00
4.228660403472717917e+03 1.767802479458635778e+00
4.238673405192299469e+03 1.929888173602535062e+00
4.248686406911881932e+03 1.799579602596708572e+00
4.258699408631464394e+03 1.753264488634774798e+00
4.268712410351046856e+03 1.656993741351938221e+00
4.278725412070628408e+03 1.706037524360811908e+00
4.288738413790210871e+03 1.820328498376088788e+00
4.298751415509793333e+03 1.854944400787460035e+00
4.308764417229375795e+03 1.633801774925234485e+00
4.318777418948958257e+03 1.463153290209695090e+00
4.328790420668539809e+03 1.656090493401343400e+00
4.338803422388122272e+03 1.865009163665517500e+00
4.348816424107704734e+03 1.936615220244108704e+00
4.358829425827287196e+03 1.792422437883423036e+00
4.368842427546868748e+03 1.709934394090521614e+00
4.378855429266451210e+03 1.730192955268150312e+00
4.388868430986033673e+03 1.695766304808332681e+00
4.398881432705616135e+03 1.862204793837956007e+00
4.408894434425198597e+03 1.911066206784423960e+00
4.418907436144780149e+03 1.784663107869741250e+00
4.428920437864362611e+03 1.749823544061079872e+00
4.438933439583945074e+03 1.749513859049447229e+00
4.448946441303527536e+03 1.639912892488116780e+00
4.458959443023109998e+03 1.661055776421185071e+00
4.468972444742691550e+03 1.578459342874212190e+00
4.478985446462274012e+03 1.594821034322131403e+00
4.488998448181856475e+03 1.576482520216624383e+00
4.499011449901438937e+03 1.614515280589674306e+00
4.509024451621021399e+03 1.616117040288729267e+00
4.519037453340602951e+03 1.608648470091524674e+00
4.529050455060185413e+03 1.483540886808837556e+00
4.539063456779767876e+03 1.555497919733945800e+00
4.549076458499350338e+03 1.608675997648114198e+00
4.559089460218931890e+03 1.633445637161857089e+00
4.569102461938514352e+03 1.760696928913956016e+00
4.579115463658096814e+03 1.799631216765314123e+00
4.589128465377679277e+03 1.683576758656018191e+00
4.599141467097261739e+03 1.749892362952554015e+00
4.609154468816843291e+03 1.712971027676807312e+00
4.619167470536425753e+03 1.688216872413646152e+00
4.629180472256008215e+03 1.710982161713211713e+00
4.639193473975590678e+03 1.605670332562991520e+00
4.649206475695173140e+03 1.783080273365841517e+00
4.659219477414754692e+03 1.798375271995915403e+00
4.669232479134337154e+03 1.733152167601528015e+00
4.679245480853919616e+03 1.657379127144192221e+00
4.689258482573502079e+03 1.694887143469753665e+00
4.699271484293083631e+03 1.617136420118686635e+00
4.709284486012666093e+03 1.565526552693979667e+00
4.719297487732248555e+03 1.781617871922020813e+00
4.729310489451831018e+03 1.649065805054145128e+00
4.739323491171413480e+03 1.621245768175821667e+00
4.749336492890995032e+03 1.659288851382592744e+00
4.759349494610577494e+03 1.623045382187864094e+00
4.769362496330159956e+03 1.538721594464896425e+00
4.779375498049742419e+03 1.545536385193099216e+00
4.789388499769324881e+03 1.543898495576020213e+00
4.799401501488906433e+03 1.514354545466275681e+00
4.809414503208488895e+03 1.491936791568653220e+00
4.819427504928071357e+03 1.515398872144392062e+00
4.829440506647653820e+03 1.392913288626860702e+00
4.839453508367235372e+03 1.366450704382859760e+00
4.849466510086817834e+03 1.558825313136708912e+00
4.859479511806400296e+03 1.758150629929421838e+00
4.869492513525982758e+03 1.756378543473968712e+00
4.879505515245565221e+03 1.535278929418914640e+00
4.889518516965146773e+03 1.431112934811735071e+00
4.899531518684729235e+03 1.408158393560616117e+00
4.909544520404311697e+03 1.550322739095108648e+00
4.919557522123894159e+03 1.553842825393998650e+00
4.929570523843476622e+03 1.634414263059352335e+00
4.939583525563058174e+03 1.584198838423135358e+00
4.949596527282640636e+03 1.648775045237667936e+00
4.959609529002223098e+03 1.488275626542241881e+00
4.969622530721805560e+03 1.426047864399256015e+00
4.979635532441388023e+03 1.256806726014358055e+00
4.989648534160969575e+03 1.359472468787406463e+00
4.999661535880552037e+03 1.270553299586269169e+00
5.009674537600134499e+03 1.449771456762595667e+00
5.019687539319716961e+03 1.505793475366922651e+00
5.029700541039298514e+03 1.590168877258496094e+00
5.039713542758880976e+03 1.535640228599152390e+00
5.049726544478463438e+03 1.531409587245794457e+00
5.059739546198045900e+03 1.534847090874915887e+00
5.069752547917628362e+03 1.427276281612064990e+00
5.079765549637209915e+03 1.477660312532393050e+00
5.089778551356792377e+03 1.349060170507405898e+00
5.099791553076374839e+03 1.463638463394586031e+00
5.109804554795957301e+03 1.357363169763731614e+00
5.119817556515538854e+03 1.372560101473455196e+00
5.129830558235121316e+03 1.210890761622972933e+00
5.139843559954703778e+03 1.150593369385829901e+00
5.149856561674286240e+03 1.176333355269354675e+00
5.159869563393868702e+03 1.327318562218514408e+00
5.169882565113451165e+03 1.290728417857985866e+00
5.179895566833032717e+03 1.413727562353141343e+00
5.189908568552615179e+03 1.404357870278970077e+00
5.199921570272197641e+03 1.324146011321567507e+00
5.209934571991779194e+03 1.360124527784122073e+00
5.219947573711361656e+03 1.335366931576386973e+00
5.229960575430944118e+03 1.314358244481692362e+00
5.239973577150526580e+03 1.341204494045660445e+00
5.249986578870109042e+03 1.374311542261465791e+00
5.259999580589691504e+03 1.328266542448567344e+00
5.270012582309273057e+03 1.238057019032294370e+00
5.280025584028855519e+03 1.277278625755555952e+00
5.290038585748437981e+03 1.173711355504199139e+00
5.300051587468020443e+03 1.303684434414090765e+00
5.310064589187601996e+03 1.322318869752935777e+00
5.320077590907184458e+03 1.369762613535041140e+00
5.330090592626766920e+03 1.185759822928991847e+00
5.340103594346349382e+03 1.381857533711579045e+00
5.350116596065931844e+03 1.301353194465412422e+00
5.360129597785514306e+03 1.280452897124789491e+00
5.370142599505095859e+03 1.281786263147096205e+00
5.380155601224678321e+03 1.276322043164068942e+00
5.390168602944260783e+03 1.211117863964836783e+00
5.400181604663842336e+03 1.220214000945399224e+00
5.410194606383424798e+03 1.131973558061423191e+00
5.420207608103007260e+03 1.270565342892277405e+00
5.430220609822589722e+03 1.164154131950761561e+00
5.440233611542172184e+03 1.236520637280139612e+00
5.450246613261754646e+03 1.211594434788293650e+00
5.460259614981336199e+03 1.211799170990428332e+00
5.470272616700918661e+03 1.154347439915730966e+00
5.480285618420501123e+03 1.109689140766031423e+00
5.490298620140083585e+03 1.058350247726503213e+00
5.500311621859665138e+03 1.152668258963768011e+00
5.510324623579247600e+03 1.191260172830043373e+00
5.520337625298830062e+03 1.190830054758331702e+00
5.530350627018412524e+03 1.195461566154524924e+00
5.540363628737994986e+03 1.180730882434537055e+00
5.550376630457577448e+03 1.118544411626435364e+00
5.560389632177159001e+03 1.073182439311415326e+00
5.570402633896741463e+03 1.108878798318926329e+00
5.580415635616323925e+03 8.763346026117627696e-01
5.590428637335905478e+03 4.597033131564945418e-01
5.600441639055487940e+03 9.672529606102171496e-01
5.610454640775070402e+03 1.128628099699648279e+00
5.620467642494652864e+03 1.121138883835001376e+00
5.630480644214235326e+03 1.035576356065503356e+00
5.640493645933817788e+03 1.030636880129964350e+00
5.650506647653399341e+03 1.067454987068499950e+00
5.660519649372981803e+03 1.083025261264469519e+00
5.670532651092564265e+03 1.046905666074393837e+00
5.680545652812145818e+03 1.044056563967374451e+00
5.690558654531728280e+03 1.139534173525974303e+00
5.700571656251310742e+03 9.666009016135017617e-01
5.710584657970893204e+03 1.091200945571568548e+00
5.720597659690475666e+03 1.086872237297860533e+00
5.730610661410058128e+03 1.116978781845404223e+00
5.740623663129639681e+03 1.106526912702805898e+00
5.750636664849222143e+03 1.051690299504116632e+00
5.760649666568804605e+03 1.150605412691837692e+00
5.770662668288387067e+03 1.063962428326199694e+00
5.780675670007968620e+03 1.029528895977234404e+00
5.790688671727551082e+03 1.014039483978746770e+00
5.800701673447133544e+03 9.588759810455568244e-01
5.810714675166716006e+03 1.014928968151046940e+00
5.820727676886298468e+03 9.980459736002129656e-01
5.830740678605880930e+03 1.038213840081240624e+00
5.840753680325462483e+03 9.293045033792225462e-01
5.850766682045044945e+03 9.117178356630676328e-01
5.860779683764627407e+03 9.707214327405014886e-01
5.870792685484208960e+03 9.595882565723115043e-01
5.880805687203791422e+03 1.001954026399786812e+00
5.890818688923373884e+03 1.055108877938082612e+00
5.900831690642956346e+03 9.696478580335087250e-01
5.910844692362538808e+03 9.804008098263052862e-01
5.920857694082121270e+03 9.345312981866650270e-01
5.930870695801702823e+03 9.978051074800542430e-01
5.940883697521285285e+03 1.043330524662325010e+00
5.950896699240867747e+03 9.847794117963318827e-01
5.960909700960450209e+03 9.313312197331288234e-01
5.970922702680031762e+03 9.531192807737650652e-01
5.980935704399614224e+03 9.241981416318593157e-01
5.990948706119196686e+03 9.519235525344060811e-01
6.000961707838779148e+03 9.731197711083667823e-01
6.010974709558361610e+03 9.656219528822855835e-01
6.020987711277944072e+03 9.777031092805283929e-01
6.031000712997525625e+03 9.674886653135151837e-01
6.041013714717108087e+03 9.083732375374362622e-01
6.051026716436690549e+03 9.733933262019756061e-01
6.061039718156272102e+03 9.388341993760704884e-01
6.071052719875854564e+03 9.393761481464275587e-01
6.081065721595437026e+03 9.420755691644910890e-01
6.091078723315019488e+03 9.721907160734691855e-01
6.101091725034601950e+03 9.600028903934416658e-01
6.111104726754184412e+03 9.553937451369772793e-01
6.121117728473765965e+03 9.384350498055219481e-01
6.131130730193348427e+03 9.114270758465905509e-01
6.141143731912930889e+03 9.032273049274754939e-01
6.151156733632512442e+03 9.250016021898170848e-01
6.161169735352094904e+03 8.409204010592946643e-01
6.171182737071677366e+03 9.436239942226538613e-01
6.181195738791259828e+03 9.392041009177428679e-01
6.191208740510842290e+03 8.903547312772827071e-01
6.201221742230424752e+03 8.479829397968033922e-01
6.211234743950006305e+03 9.428153722478356258e-01
6.221247745669588767e+03 8.745109019877044254e-01
6.231260747389171229e+03 9.170048470005500718e-01
6.241273749108753691e+03 9.222109961405504652e-01
6.251286750828335244e+03 9.621792878363037982e-01
6.261299752547917706e+03 9.778459084803369228e-01
6.271312754267500168e+03 8.731155989630711156e-01
6.281325755987082630e+03 8.551813958449732134e-01
6.291338757706665092e+03 8.099260928117375524e-01
6.301351759426247554e+03 7.717935450460504665e-01
6.311364761145829107e+03 7.218155455854184943e-01
6.321377762865411569e+03 8.144767420104491729e-01
6.331390764584994031e+03 7.356188947427957370e-01
6.341403766304575583e+03 7.677590375333931405e-01
6.351416768024158046e+03 8.718811600972581344e-01
6.361429769743740508e+03 7.843564336846106100e-01
6.371442771463322970e+03 9.072308439389693557e-01
6.381455773182905432e+03 8.681778434998189686e-01
6.391468774902487894e+03 8.317038310186528616e-01
6.401481776622069447e+03 8.601965725611335767e-01
6.411494778341651909e+03 8.341692678057052168e-01
6.421507780061234371e+03 8.462882745942588159e-01
6.431520781780816833e+03 8.284917092591086440e-01
6.441533783500398386e+03 8.559642107354887841e-01
6.451546785219980848e+03 8.973656558461862165e-01
6.461559786939563310e+03 8.718304061647962344e-01
6.471572788659145772e+03 7.951575587014390045e-01
6.481585790378728234e+03 8.132328405470584665e-01
6.491598792098310696e+03 8.477145461200553678e-01
6.501611793817892249e+03 7.566533889217927911e-01
6.511624795537474711e+03 6.284575578842147570e-01
6.521637797257057173e+03 6.807977657946880923e-01
6.531650798976638725e+03 8.049195184570113737e-01
6.541663800696221188e+03 8.397659641548199660e-01
6.551676802415803650e+03 1.006741240537939897e+00
6.561689804135386112e+03 1.109296873084630208e+00
6.571702805854968574e+03 1.109978180110221757e+00
6.581715807574551036e+03 1.044152910415438118e+00
6.591728809294132589e+03 9.542074794951961314e-01
6.601741811013715051e+03 8.818315115682404670e-01
6.611754812733297513e+03 8.537809314034794372e-01
6.621767814452879065e+03 8.073591481597612862e-01
6.631780816172461527e+03 8.098813605322795484e-01
6.641793817892043990e+03 7.871160712327139874e-01
6.651806819611626452e+03 7.763837651073595136e-01
6.661819821331208914e+03 7.914327362004142108e-01
6.671832823050791376e+03 7.655499511170810178e-01
6.681845824770372928e+03 7.620384671796253118e-01
6.691858826489955391e+03 7.567807038710194778e-01
6.701871828209537853e+03 7.569785581840069444e-01
6.711884829929120315e+03 8.676823474812069836e-01
6.721897831648701867e+03 8.119682934162255616e-01
6.731910833368284329e+03 7.521233853905233691e-01
6.741923835087866792e+03 7.705788916115360321e-01
6.751936836807449254e+03 7.373754969476670196e-01
6.761949838527031716e+03 7.859977642462631087e-01
6.771962840246614178e+03 7.423923941361141310e-01
6.781975841966195730e+03 7.409661226103175791e-01
6.791988843685778193e+03 7.576753494601801142e-01
6.802001845405360655e+03 7.442315790107540963e-01
6.812014847124942207e+03 7.423184138277798549e-01
6.822027848844524669e+03 7.099081568881472348e-01
6.832040850564107132e+03 7.640651835335316999e-01
6.842053852283689594e+03 7.794152372767846337e-01
6.852066854003272056e+03 7.450470828747198793e-01
6.862079855722854518e+03 5.683425357094774588e-01
6.872092857442436070e+03 7.060284918813062305e-01
6.882105859162018533e+03 6.932591465683243248e-01
6.892118860881600995e+03 5.971638874587461565e-01
6.902131862601182547e+03 5.570837650643477579e-01
6.912144864320765009e+03 6.454059303819491555e-01
6.922157866040347471e+03 6.422402613741496902e-01
6.932170867759929934e+03 6.393429860430985823e-01
6.942183869479512396e+03 6.455487295817573523e-01
6.952196871199094858e+03 6.443547218146852273e-01
6.962209872918677320e+03 5.798352905856185568e-01
6.972222874638258872e+03 6.635362673407476652e-01
6.982235876357841335e+03 6.471797373096888073e-01
6.992248878077423797e+03 7.080345625677703092e-01
7.002261879797005349e+03 7.162050854580089831e-01
7.012274881516587811e+03 6.162594093704660825e-01
7.022287883236170273e+03 6.544160437481691961e-01
7.032300884955752736e+03 6.981057170003737156e-01
7.042313886675335198e+03 6.635156216733054668e-01
7.052326888394917660e+03 6.407451709568793285e-01
7.062339890114499212e+03 6.617478363985697110e-01
7.072352891834081674e+03 7.012197718395676294e-01
7.082365893553664137e+03 6.402479544659803734e-01
7.092378895273245689e+03 6.314787072199188334e-01
7.102391896992828151e+03 6.853570173548340083e-01
7.112404898712410613e+03 6.351708407474935258e-01
7.122417900431993075e+03 7.199677583493443445e-01
7.132430902151575538e+03 5.998202966696386529e-01
7.142443903871158000e+03 6.388973837208050677e-01
7.152456905590740462e+03 6.510249928707928513e-01
7.162469907310322924e+03 6.748621364050644278e-01
7.172482909029904476e+03 6.289358491799582618e-01
7.182495910749486029e+03 6.298614632702821403e-01
7.192508912469068491e+03 7.024344252740818417e-01
7.292638929664891293e+03 6.107607799417016370e-01
7.302651931384473755e+03 6.207240349548353020e-01
7.312664933104056217e+03 4.175173326829946796e-01
7.322677934823638680e+03 5.775780309452747119e-01
7.332690936543221142e+03 6.582561378924126627e-01
7.342703938262803604e+03 5.655089178530398053e-01
7.352716939982385156e+03 5.052201279773309572e-01
7.362729941701966709e+03 6.357368761298664017e-01
7.372742943421549171e+03 5.744003186314673437e-01
7.382755945141131633e+03 5.629849850082344620e-01
7.392768946860714095e+03 6.140864528721778903e-01
7.402781948580296557e+03 6.138215001400033621e-01
7.412794950299879019e+03 4.356132601960563955e-01
7.422807952019461482e+03 5.960576237783032916e-01
7.432820953739043944e+03 5.632826267138592025e-01
7.442833955458626406e+03 5.153416664408545511e-01
7.452846957178207958e+03 5.514991120212408005e-01
7.462859958897789511e+03 4.823498898682677116e-01
7.472872960617371973e+03 5.448684118277307142e-01
7.482885962336954435e+03 5.637815636770449057e-01
7.492898964056536897e+03 5.963827930405174449e-01
7.502911965776119359e+03 4.091661602026371858e-01
7.512924967495701821e+03 5.542036944561651302e-01
7.522937969215284284e+03 5.794292591259225800e-01
7.532950970934866746e+03 5.921254843667133061e-01
7.542963972654448298e+03 6.092949375533077694e-01
7.552976974374029851e+03 5.013869157222348161e-01
7.562989976093612313e+03 5.151214459881381380e-01
7.573002977813194775e+03 5.077079309041124811e-01
7.583015979532777237e+03 5.684973782152937805e-01
7.593028981252359699e+03 6.031545719615490908e-01
7.603041982971942161e+03 5.560084698850681351e-01
7.613054984691524623e+03 6.182310706111934229e-01
7.623067986411107086e+03 5.894544511413827292e-01
7.633080988130688638e+03 6.139195670603536659e-01
7.643093989850270191e+03 5.689825514001848328e-01
7.653106991569852653e+03 6.065920755906702988e-01
7.663119993289435115e+03 5.631966030995166905e-01
7.673132995009017577e+03 5.967716197773449416e-01
7.683145996728600039e+03 5.584756271444073494e-01
7.693158998448182501e+03 6.632781964977205735e-01
7.703172000167764963e+03 6.002538556859241536e-01
7.713185001887347426e+03 5.560669659428209011e-01
7.723198003606929888e+03 5.501984349723841872e-01
7.733211005326511440e+03 5.336750191295012158e-01
7.743224007046092993e+03 5.812753258897099817e-01
7.753237008765675455e+03 5.737534210516127553e-01
7.763250010485257917e+03 5.384785777543793506e-01
7.773263012204840379e+03 5.517623442811284695e-01
7.783276013924422841e+03 6.056320520546093489e-01
7.793289015644005303e+03 6.351450336631908611e-01
7.803302017363587765e+03 6.232892591345249311e-01
7.813315019083170228e+03 6.032096270747282496e-01
7.823328020802751780e+03 5.720794015165101554e-01
7.833341022522333333e+03 5.831110698197761177e-01
7.843354024241915795e+03 5.426231954933948831e-01
7.853367025961498257e+03 3.718525572454893791e-01
7.863380027681080719e+03 2.924269541231763192e-01
7.873393029400663181e+03 5.206596462795001212e-01
7.883406031120245643e+03 5.392011761148551852e-01
7.893419032839828105e+03 5.565469777108512650e-01
7.903432034559410567e+03 6.015184028167571695e-01
7.913445036278993030e+03 3.067498859111814080e-01
7.923458037998574582e+03 5.765560704068873887e-01
7.933471039718156135e+03 5.596816782174873772e-01
7.943484041437738597e+03 4.927776723988501195e-01
7.953497043157321059e+03 5.782799836383085701e-01
7.963510044876903521e+03 2.639582991927113542e-01
7.973523046596485983e+03 4.842252046609313854e-01
7.983536048316068445e+03 5.273161535573128722e-01
7.993549050035650907e+03 1.635474073988050225e-01
8.003562051755233369e+03 5.955518049259701518e-01
8.013575053474814922e+03 5.631776779043614622e-01
8.023588055194396475e+03 4.493684361294018048e-01
8.033601056913978937e+03 5.290882400127658869e-01
8.043614058633561399e+03 5.615363473427089636e-01
8.053627060353143861e+03 4.957437666213751482e-01
8.063640062072726323e+03 5.488495846994957406e-01
8.073653063792308785e+03 5.787324678497492991e-01
8.083666065511891247e+03 5.280490747515098615e-01
8.093679067231473709e+03 4.810819017928610331e-01
8.103692068951055262e+03 4.967261562971651556e-01
8.113705070670636815e+03 5.532058205297935016e-01
8.123718072390219277e+03 5.295149171399039512e-01
8.133731074109801739e+03 5.205392132194208710e-01
8.143744075829384201e+03 5.355589362835990741e-01
8.153757077548966663e+03 5.240799451857528490e-01
8.163770079268549125e+03 5.094490488584020316e-01
8.173783080988131587e+03 2.401865336053399247e-01
8.183796082707714049e+03 3.047799451427410933e-01
8.193809084427295602e+03 4.520282862848680194e-01
8.203822086146878064e+03 3.189205068683404476e-01
8.213835087866460526e+03 3.495672797139542376e-01
8.223848089586041169e+03 5.023555416197299506e-01
8.233861091305625450e+03 5.260430040650458938e-01
8.243874093025206093e+03 5.576842098924574831e-01
8.253887094744790375e+03 5.900342503020502560e-01
8.263900096464371018e+03 5.358892669626738048e-01
8.273913098183955299e+03 5.539335803071300246e-01
8.283926099903535942e+03 5.241642483278083908e-01
8.293939101623118404e+03 5.477949351876583162e-01
8.303952103342700866e+03 1.069837841185783678e-01
8.313965105062281509e+03 1.388058115833377404e-01
8.323978106781865790e+03 3.978179249985913102e-01
8.333991108501446433e+03 4.857994368033968224e-01
8.344004110221030714e+03 5.380605029886753599e-01
8.354017111940611358e+03 5.554579187532768803e-01
8.364030113660195639e+03 7.449438545375088689e-04
8.374043115379776282e+03 3.729811870656613015e-01
8.384056117099360563e+03 5.423892112623834860e-01
8.394069118818941206e+03 4.867164485322865164e-01
8.404082120538521849e+03 3.650618531293024494e-01
8.414095122258106130e+03 5.284757518786481478e-01
8.424108123977686773e+03 2.577129847914551020e-01
8.434121125697271054e+03 4.815034175031387975e-01
8.444134127416851697e+03 4.155301871916858847e-01
8.454147129136435979e+03 -3.173841251161856059e-02
8.464160130856016622e+03 5.058136909162933570e-01
8.474173132575600903e+03 4.144445691786851627e-01
8.484186134295181546e+03 3.986523540577123215e-01
8.494199136014762189e+03 7.181784671710229884e-02
8.504212137734346470e+03 5.376751171964214704e-01
8.514225139453927113e+03 4.877900232392792801e-01
8.524238141173511394e+03 4.372511498131351204e-01
8.534251142893092037e+03 4.763815715051938904e-01
8.544264144612676319e+03 5.821166368379783185e-01
8.554277146332256962e+03 5.409887468208897099e-01
8.564290148051841243e+03 4.660742220346906772e-01
8.574303149771421886e+03 4.264517452685936405e-01
8.584316151491002529e+03 5.302220312497982757e-01
8.594329153210586810e+03 4.731849339962312384e-01
8.604342154930167453e+03 4.649765607156819969e-01
8.614355156649751734e+03 4.219165803204636966e-01
8.624368158369332377e+03 5.605952490018033529e-01
8.634381160088916658e+03 4.947820226130274501e-01
8.644394161808497302e+03 5.445656087052456185e-01
8.654407163528081583e+03 4.982074829361406998e-01
8.664420165247662226e+03 5.746016138890286395e-01
8.674433166967244688e+03 5.985247810376425059e-01
8.684446168686827150e+03 5.021009117212765771e-01
8.694459170406407793e+03 4.884782121540183764e-01
8.704472172125992074e+03 5.333412475058527669e-01
