MJD,Mag,Mag_err,band,Instr,source
51864.0,19.2,0.10857362047581294,Bessell_R,,10;14
51873.4,15.5,0.10857362047581294,;;;C,,10;14
51875.33,15.47,0.10857362047581294,Bessell_B,,10;14
51875.33,15.1,0.10857362047581294,Bessell_I,,10;14
51875.33,15.23,0.10857362047581294,Bessell_R,,10;14
51875.33,15.33,0.10857362047581294,Bessell_V,,10;14
51877.24925,15.57,0.063,Bessell_B,4SH,1
51877.2514,15.285,0.029,Bessell_V,4SH,1
51877.25302,15.123,0.045,Bessell_R,4SH,1
51877.25448,14.944,0.038,Bessell_I,4SH,1
51878.28508,15.691,0.038,Bessell_B,4SH,1
51878.28722,15.317,0.027,Bessell_V,4SH,1
51878.28886,15.162,0.038,Bessell_R,4SH,1
51878.29032,14.947,0.031,Bessell_I,4SH,1
51878.87,15.5,0.10857362047581294,Bessell_R,,10;14
51879.32566,15.679,0.03,Bessell_B,4SH,1
51879.3278,15.343,0.025,Bessell_V,4SH,1
51879.32941,15.17,0.037,Bessell_R,4SH,1
51879.33088,14.933,0.034,Bessell_I,4SH,1
51880.02,15.89,0.10857362047581294,;;;C,,10;14
51881.0,15.2,0.10857362047581294,Bessell_R,,10;14
51881.83,15.5,0.10857362047581294,Bessell_R,,10;14
51882.25804,16.0,0.025,Bessell_B,4SH,1
51882.26017,15.529,0.021,Bessell_V,4SH,1
51882.26181,15.311,0.028,Bessell_R,4SH,1
51882.26326,15.083,0.025,Bessell_I,4SH,1
51883.02,15.95,0.10857362047581294,;;;C,,10;14
51887.98,15.8,0.10857362047581294,Bessell_R,,10;14
51893.82,16.9,0.10857362047581294,Bessell_R,,10;14
51894.76,17.3,0.10857362047581294,;;;C,,10;14
51894.76,17.0,0.10857362047581294,Bessell_R,,10;14
51899.2182,18.469,0.035,Bessell_B,4SH,1
51899.22036,17.559,0.025,Bessell_V,4SH,1
51899.22198,17.104,0.03,Bessell_R,4SH,1
51901.02,17.9,0.10857362047581294,Bessell_R,,10;14
51906.21449,18.994,0.034,Bessell_B,4SH,1
51906.21665,17.982,0.025,Bessell_V,4SH,1
51906.21829,17.394,0.038,Bessell_R,4SH,1
51906.21974,16.962,0.026,Bessell_I,4SH,1
51907.17955,17.973,0.025,Bessell_V,4SH,1
51907.18118,17.379,0.026,Bessell_R,4SH,1
51907.18263,17.032,0.025,Bessell_I,4SH,1
51933.16865,20.247,0.061,Bessell_B,4SH,1
51933.17111,19.127,0.04,Bessell_V,4SH,1
51933.17291,18.315,0.039,Bessell_R,4SH,1
51933.17435,17.831,0.038,Bessell_I,4SH,1
51933.17647,20.298,0.061,Bessell_B,4SH,1
51933.17895,19.197,0.041,Bessell_V,4SH,1
51933.18075,18.334,0.04,Bessell_R,4SH,1
51933.18218,17.863,0.037,Bessell_I,4SH,1
51953.15959,20.791,0.109,Bessell_B,4SH,1
51953.16213,20.011,0.077,Bessell_V,4SH,1
51953.16399,19.131,0.054,Bessell_R,4SH,1
51953.16549,18.827,0.068,Bessell_I,4SH,1
