MJD,Mag,Mag_err,band,Instr,source
49444.45,14.41,0.0300,Bessell_B,,6;24
49444.45,13.78,0.0100,Bessell_I,,6;24
49444.45,13.87,0.0200,Bessell_R,,6;24
49444.45,14.03,0.0100,Bessell_V,,6;24
49444.52,13.75,0.0100,Bessell_I,,6;24
49444.52,13.77,0.1100,Bessell_R,,6;24
49444.52,14.13,0.0500,Bessell_V,,6;24
49445.18,14.2,0.10857362047581294,Bessell_B,,12;25
49445.18,13.61,0.10857362047581294,Bessell_R,,12;25
49445.18,13.74,0.10857362047581294,Bessell_V,,12;25
49445.37,13.43,0.0200,Bessell_I,,6;24
49445.37,13.5,0.1000,Bessell_R,,6;24
49445.37,13.78,0.0400,Bessell_V,,6;24
49445.4,13.55,0.10857362047581294,Bessell_I,,18;25
49445.4,13.43,0.10857362047581294,Bessell_R,,18;25
49445.4,13.54,0.10857362047581294,Bessell_V,,18;25
49446.4,13.97,0.10857362047581294,Bessell_B,,18;25
49446.4,13.19,0.10857362047581294,Bessell_I,,18;25
49446.4,13.2,0.10857362047581294,Bessell_R,,18;25
49446.4,13.79,0.10857362047581294,Bessell_U,,18;25
49446.4,13.38,0.10857362047581294,Bessell_V,,18;25
49446.42,13.97,0.0800,Bessell_B,,6;24
49446.42,13.09,0.0100,Bessell_I,,6;24
49446.42,13.21,0.0200,Bessell_R,,6;24
49446.42,13.39,0.0100,Bessell_V,,6;24
49447.39,13.95,0.0200,Bessell_B,,6;24
49447.39,12.9,0.0100,Bessell_I,,6;24
49447.39,13.06,0.0200,Bessell_R,,6;24
49447.39,13.88,0.0600,Bessell_U,,6;24
49447.39,13.21,0.0100,Bessell_V,,6;24
49447.47,12.86,0.0100,Bessell_I,,6;24
49447.47,12.98,0.0000,Bessell_R,,6;24
49447.47,13.2,0.0000,Bessell_V,,6;24
49447.5,13.83,0.10857362047581294,Bessell_B,,18;25
49447.5,12.97,0.10857362047581294,Bessell_I,,18;25
49447.5,13.02,0.10857362047581294,Bessell_R,,18;25
49447.5,13.86,0.10857362047581294,Bessell_U,,18;25
49447.5,13.21,0.10857362047581294,Bessell_V,,18;25
49447.6,13.0,0.10857362047581294,Bessell_I,,19;25
49447.6,13.0,0.10857362047581294,Bessell_R,,13;19;25
49447.6,13.22,0.10857362047581294,Bessell_V,,13;25
49447.6,13.3,0.10857362047581294,Bessell_V,,19;25
49449.3,13.71,0.10857362047581294,Bessell_B,,18;25
49449.3,12.72,0.10857362047581294,Bessell_I,,18;25
49449.3,12.74,0.10857362047581294,Bessell_R,,18;25
49449.3,13.7,0.10857362047581294,Bessell_U,,18;25
49449.3,12.96,0.10857362047581294,Bessell_V,,18;25
49449.36,13.68,0.2100,Bessell_B,,6;24
49449.36,12.6,0.0100,Bessell_I,,6;24
49449.36,12.72,0.0200,Bessell_R,,6;24
49449.36,12.99,0.0100,Bessell_V,,6;24
49449.86,14.05,0.10857362047581294,Bessell_B,,9;25
49449.86,14.7,0.10857362047581294,Bessell_U,,9;25
49449.88,13.56,0.10857362047581294,Bessell_B,,17;25
49449.88,13.05,0.10857362047581294,Bessell_V,,17;25
49449.9,13.83,0.10857362047581294,Bessell_B,,9;25
49449.91,14.0,0.10857362047581294,Bessell_B,,9;25
49450.4,14.03,0.10857362047581294,Bessell_B,,18;25
49450.4,12.63,0.10857362047581294,Bessell_I,,18;25
49450.4,12.65,0.10857362047581294,Bessell_R,,18;25
49450.4,12.96,0.10857362047581294,Bessell_V,,18;25
49450.8,12.71,0.10857362047581294,Bessell_R,,13;25
49450.8,12.8,0.10857362047581294,Bessell_R,,19;25
49450.8,12.95,0.10857362047581294,Bessell_V,,13;25
49450.8,13.1,0.10857362047581294,Bessell_V,,19;25
49451.4,13.82,0.10857362047581294,Bessell_B,,18;25
49451.4,12.55,0.10857362047581294,Bessell_I,,18;25
49451.4,12.57,0.10857362047581294,Bessell_R,,18;25
49451.4,12.87,0.10857362047581294,Bessell_V,,18;25
49451.7,12.68,0.10857362047581294,Bessell_R,,13;25
49451.7,12.7,0.10857362047581294,Bessell_R,,19;25
49451.7,13.0,0.10857362047581294,Bessell_V,,13;19;25
49451.76,13.88,0.10857362047581294,Bessell_B,,9;25
49452.4,13.93,0.10857362047581294,Bessell_B,,18;25
49452.4,12.55,0.10857362047581294,Bessell_I,,18;25
49452.4,12.65,0.10857362047581294,Bessell_R,,18;25
49452.4,14.3,0.10857362047581294,Bessell_U,,18;25
49452.4,12.93,0.10857362047581294,Bessell_V,,18;25
49452.45,13.81,0.0700,Bessell_B,,6;24
49452.45,12.49,0.0100,Bessell_I,,6;24
49452.45,12.62,0.0200,Bessell_R,,6;24
49452.45,12.91,0.0100,Bessell_V,,6;24
49452.6,12.48,0.10857362047581294,Bessell_I,,13;25
49452.6,12.6,0.10857362047581294,Bessell_I,,19;25
49452.6,12.67,0.10857362047581294,Bessell_R,,13;25
49452.6,12.7,0.10857362047581294,Bessell_R,,19;25
49452.6,13.0,0.10857362047581294,Bessell_V,,13;19;25
49452.76,14.18,0.10857362047581294,Bessell_B,,9;25
49453.06,12.93,0.10857362047581294,Bessell_V,,14;25
49453.4,14.03,0.10857362047581294,Bessell_B,,18;25
49453.4,12.57,0.10857362047581294,Bessell_I,,18;25
49453.4,12.71,0.10857362047581294,Bessell_R,,18;25
49453.4,13.02,0.10857362047581294,Bessell_V,,18;25
49453.44,14.06,0.0300,Bessell_B,,6;24
49453.44,12.52,0.0100,Bessell_I,,6;24
49453.44,12.76,0.0200,Bessell_R,,6;24
49453.44,13.03,0.0100,Bessell_V,,6;24
49453.45,14.02,0.0400,Bessell_B,,6;24
49453.45,12.52,0.0100,Bessell_I,,6;24
49453.45,12.7,0.0200,Bessell_R,,6;24
49453.45,13.01,0.0100,Bessell_V,,6;24
49453.5,12.56,0.10857362047581294,Bessell_I,,13;25
49453.5,12.6,0.10857362047581294,Bessell_I,,19;25
49453.5,12.7,0.10857362047581294,Bessell_R,,19;25
49453.5,12.73,0.10857362047581294,Bessell_R,,13;25
49453.5,13.06,0.10857362047581294,Bessell_V,,13;25
49453.5,13.1,0.10857362047581294,Bessell_V,,19;25
49453.81,14.2,0.10857362047581294,Bessell_B,,9;25
49454.06,12.9,0.10857362047581294,Bessell_V,,14;25
49454.3,14.18,0.10857362047581294,Bessell_B,,18;25
49454.3,12.61,0.10857362047581294,Bessell_I,,18;25
49454.3,12.76,0.10857362047581294,Bessell_R,,18;25
49454.3,14.65,0.10857362047581294,Bessell_U,,18;25
49454.3,13.1,0.10857362047581294,Bessell_V,,18;25
49454.32,14.18,0.0300,Bessell_B,,6;24
49454.32,12.54,0.0100,Bessell_I,,6;24
49454.32,12.78,0.0100,Bessell_R,,6;24
49454.32,14.59,0.0900,Bessell_U,,6;24
49454.32,13.1,0.0100,Bessell_V,,6;24
49454.35,14.23,0.0400,Bessell_B,,6;24
49454.35,12.56,0.0000,Bessell_I,,6;24
49454.35,12.74,0.0300,Bessell_R,,6;24
49454.35,13.13,0.0200,Bessell_V,,6;24
49455.05,13.12,0.10857362047581294,Bessell_V,,14;25
49455.38,14.35,0.0300,Bessell_B,,6;24
49455.38,14.56,0.0200,Bessell_B,,6;24
49455.38,12.59,0.0100,Bessell_I,,6;24
49455.38,12.65,0.0100,Bessell_I,,6;24
49455.38,12.77,0.0200,Bessell_R,,6;24
49455.38,12.95,0.0200,Bessell_R,,6;24
49455.38,14.91,0.1500,Bessell_U,,6;24
49455.38,13.14,0.0100,Bessell_V,,6;24
49455.38,13.3,0.0100,Bessell_V,,6;24
49455.4,14.38,0.10857362047581294,Bessell_B,,18;25
49455.4,12.64,0.10857362047581294,Bessell_I,,18;25
49455.4,12.84,0.10857362047581294,Bessell_R,,18;25
49455.4,13.18,0.10857362047581294,Bessell_V,,18;25
49455.6,12.66,0.10857362047581294,Bessell_I,,13;25
49455.6,12.7,0.10857362047581294,Bessell_I,,19;25
49455.6,12.85,0.10857362047581294,Bessell_R,,13;25
49455.6,12.9,0.10857362047581294,Bessell_R,,19;25
49455.6,13.26,0.10857362047581294,Bessell_V,,13;25
49455.6,13.3,0.10857362047581294,Bessell_V,,19;25
49456.05,13.1,0.10857362047581294,Bessell_V,,14;25
49456.33,12.62,0.0100,Bessell_I,,6;24
49456.33,12.92,0.0300,Bessell_R,,6;24
49456.33,13.37,0.0200,Bessell_V,,6;24
49456.34,14.56,0.0200,Bessell_B,,6;24
49456.34,12.65,0.0100,Bessell_I,,6;24
49456.34,12.95,0.0200,Bessell_R,,6;24
49456.34,13.3,0.0100,Bessell_V,,6;24
49456.6,12.73,0.10857362047581294,Bessell_I,,13;25
49456.6,12.8,0.10857362047581294,Bessell_I,,19;25
49456.6,12.93,0.10857362047581294,Bessell_R,,13;25
49456.6,13.0,0.10857362047581294,Bessell_R,,19;25
49456.6,13.35,0.10857362047581294,Bessell_V,,13;25
49456.6,13.4,0.10857362047581294,Bessell_V,,19;25
49456.96,14.62,0.10857362047581294,Bessell_B,,9;25
49456.96,15.84,0.10857362047581294,Bessell_U,,9;25
49456.96,13.2,0.10857362047581294,Bessell_V,,9;25
49457.05,13.27,0.10857362047581294,Bessell_V,,14;25
49457.32,14.75,0.0200,Bessell_B,,6;24
49457.32,12.72,0.0100,Bessell_I,,6;24
49457.32,13.04,0.0200,Bessell_R,,6;24
49457.32,13.46,0.0100,Bessell_V,,6;24
49457.97,14.75,0.10857362047581294,Bessell_B,,9;25
49457.99,14.43,0.10857362047581294,Bessell_B,,9;25
49457.99,13.24,0.10857362047581294,Bessell_V,,9;25
49458.04,13.33,0.10857362047581294,Bessell_V,,14;25
49459.7,13.0,0.10857362047581294,Bessell_I,,13;19;25
49459.7,13.27,0.10857362047581294,Bessell_R,,13;25
49459.7,13.3,0.10857362047581294,Bessell_R,,19;25
49459.7,13.78,0.10857362047581294,Bessell_V,,13;25
49459.7,13.9,0.10857362047581294,Bessell_V,,19;25
49460.35,15.28,0.0300,Bessell_B,,6;24
49460.35,13.0,0.0100,Bessell_I,,6;24
49460.35,13.41,0.0200,Bessell_R,,6;24
49460.35,13.93,0.0100,Bessell_V,,6;24
49461.01,15.03,0.10857362047581294,Bessell_B,,9;25
49461.01,14.1,0.10857362047581294,Bessell_V,,20;25
49461.32,15.4,0.0400,Bessell_B,,6;24
49461.32,13.1,0.0100,Bessell_I,,6;24
49461.32,13.53,0.0300,Bessell_R,,6;24
49461.32,15.97,0.2100,Bessell_U,,6;24
49461.32,14.08,0.0200,Bessell_V,,6;24
49461.5,13.18,0.10857362047581294,Bessell_I,,13;25
49461.5,13.3,0.10857362047581294,Bessell_I,,19;25
49461.5,13.48,0.10857362047581294,Bessell_R,,13;25
49461.5,13.5,0.10857362047581294,Bessell_R,,19;25
49461.5,14.03,0.10857362047581294,Bessell_V,,13;25
49461.5,14.1,0.10857362047581294,Bessell_V,,19;25
49463.35,13.23,0.0100,Bessell_I,,6;24
49463.35,13.69,0.0300,Bessell_R,,6;24
49463.35,14.29,0.0200,Bessell_V,,6;24
49463.6,13.37,0.10857362047581294,Bessell_I,,13;25
49463.6,13.4,0.10857362047581294,Bessell_I,,19;25
49463.6,13.73,0.10857362047581294,Bessell_R,,13;25
49463.6,13.8,0.10857362047581294,Bessell_R,,19;25
49463.6,14.28,0.10857362047581294,Bessell_V,,13;25
49463.6,14.3,0.10857362047581294,Bessell_V,,19;25
49465.03,13.98,0.10857362047581294,Bessell_V,,14;25
49466.6,13.6,0.10857362047581294,Bessell_I,,19;25
49466.6,13.64,0.10857362047581294,Bessell_I,,13;25
49466.6,14.0,0.10857362047581294,Bessell_R,,19;25
49466.6,14.05,0.10857362047581294,Bessell_R,,13;25
49466.6,14.6,0.10857362047581294,Bessell_V,,13;25
49466.6,14.7,0.10857362047581294,Bessell_V,,19;25
49467.02,13.88,0.10857362047581294,Bessell_V,,14;25
49468.5,13.79,0.10857362047581294,Bessell_I,,13;25
49468.5,13.8,0.10857362047581294,Bessell_I,,19;25
49468.5,14.26,0.10857362047581294,Bessell_R,,13;25
49468.5,14.3,0.10857362047581294,Bessell_R,,19;25
49468.5,14.77,0.10857362047581294,Bessell_V,,13;25
49468.5,14.8,0.10857362047581294,Bessell_V,,19;25
49469.31,13.81,0.0200,Bessell_I,,6;24
49469.31,14.39,0.0500,Bessell_R,,6;24
49469.31,14.95,0.0400,Bessell_V,,6;24
49469.32,16.0,0.3200,Bessell_B,,6;24
49469.32,13.76,0.0100,Bessell_I,,6;24
49469.32,14.36,0.0400,Bessell_R,,6;24
49469.32,14.9,0.0300,Bessell_V,,6;24
49469.94,16.25,0.10857362047581294,Bessell_B,,9;25
49469.94,15.03,0.10857362047581294,Bessell_V,,9;25
49470.3,15.97,0.3000,Bessell_B,,6;24
49470.3,13.96,0.0200,Bessell_I,,6;24
49470.3,14.5,0.0100,Bessell_R,,6;24
49470.3,15.11,0.0100,Bessell_V,,6;24
49470.6,13.91,0.10857362047581294,Bessell_I,,13;25
49470.6,14.0,0.10857362047581294,Bessell_I,,19;25
49470.6,14.39,0.10857362047581294,Bessell_R,,13;25
49470.6,14.4,0.10857362047581294,Bessell_R,,19;25
49470.6,14.9,0.10857362047581294,Bessell_V,,13;25
49470.6,15.0,0.10857362047581294,Bessell_V,,19;25
49471.29,13.96,0.0200,Bessell_I,,6;24
49471.29,14.58,0.0600,Bessell_R,,6;24
49471.29,15.12,0.0400,Bessell_V,,6;24
49472.6,14.0,0.10857362047581294,Bessell_I,,13;19;25
49472.6,14.49,0.10857362047581294,Bessell_R,,13;25
49472.6,14.6,0.10857362047581294,Bessell_R,,19;25
49472.6,15.01,0.10857362047581294,Bessell_V,,13;25
49472.6,15.2,0.10857362047581294,Bessell_V,,19;25
49474.29,14.09,0.0200,Bessell_I,,6;24
49474.29,14.69,0.0500,Bessell_R,,6;24
49474.29,15.27,0.0300,Bessell_V,,6;24
49474.5,14.0,0.10857362047581294,Bessell_I,,19;25
49474.5,14.07,0.10857362047581294,Bessell_I,,13;25
49474.5,14.6,0.10857362047581294,Bessell_R,,19;25
49474.5,14.64,0.10857362047581294,Bessell_R,,13;25
49474.5,15.1,0.10857362047581294,Bessell_V,,13;25
49474.5,15.2,0.10857362047581294,Bessell_V,,19;25
49475.29,14.1,0.0200,Bessell_I,,6;24
49475.29,14.81,0.1900,Bessell_R,,6;24
49475.29,15.26,0.1200,Bessell_V,,6;24
49475.31,16.28,0.1000,Bessell_B,,6;24
49475.31,14.13,0.0200,Bessell_I,,6;24
49475.31,14.8,0.0800,Bessell_R,,6;24
49475.31,15.45,0.0600,Bessell_V,,6;24
49475.99,15.12,0.10857362047581294,Bessell_B,,17;25
49475.99,14.43,0.10857362047581294,Bessell_V,,17;25
49476.28,14.16,0.0300,Bessell_I,,6;24
49476.28,14.86,0.1500,Bessell_R,,6;24
49476.28,15.26,0.1100,Bessell_V,,6;24
49478.3,14.27,0.0100,Bessell_I,,6;24
49478.3,14.9,0.0300,Bessell_R,,6;24
49478.3,15.43,0.0200,Bessell_V,,6;24
49478.31,14.3,0.0400,Bessell_I,,6;24
49478.31,14.99,0.0400,Bessell_R,,6;24
49478.31,15.46,0.0300,Bessell_V,,6;24
49478.5,14.25,0.10857362047581294,Bessell_I,,13;25
49478.5,14.4,0.10857362047581294,Bessell_I,,19;25
49478.5,14.77,0.10857362047581294,Bessell_R,,13;25
49478.5,14.8,0.10857362047581294,Bessell_R,,19;25
49478.5,15.22,0.10857362047581294,Bessell_V,,13;25
49478.5,15.3,0.10857362047581294,Bessell_V,,19;25
49480.28,14.33,0.0200,Bessell_I,,6;24
49480.28,15.03,0.0600,Bessell_R,,6;24
49480.28,15.55,0.0400,Bessell_V,,6;24
49480.33,14.32,0.0100,Bessell_I,,6;24
49480.33,15.04,0.2100,Bessell_R,,6;24
49480.33,15.71,0.1600,Bessell_V,,6;24
49481.31,16.61,0.0800,Bessell_B,,6;24
49481.31,14.37,0.0200,Bessell_I,,6;24
49481.31,15.03,0.0300,Bessell_R,,6;24
49481.31,15.56,0.0200,Bessell_V,,6;24
49481.7,14.34,0.10857362047581294,Bessell_I,,13;25
49481.7,14.4,0.10857362047581294,Bessell_I,,19;25
49481.7,14.87,0.10857362047581294,Bessell_R,,13;25
49481.7,15.1,0.10857362047581294,Bessell_R,,19;25
49481.7,15.36,0.10857362047581294,Bessell_V,,13;25
49481.7,15.7,0.10857362047581294,Bessell_V,,19;25
49484.7,14.4,0.10857362047581294,Bessell_I,,19;25
49484.7,14.53,0.10857362047581294,Bessell_I,,13;25
49484.7,15.08,0.10857362047581294,Bessell_R,,13;25
49484.7,15.2,0.10857362047581294,Bessell_R,,19;25
49484.7,15.56,0.10857362047581294,Bessell_V,,13;25
49484.7,15.7,0.10857362047581294,Bessell_V,,19;25
49485.26,14.55,0.0100,Bessell_I,,6;24
49485.26,15.27,0.1000,Bessell_R,,6;24
49485.26,15.69,0.0700,Bessell_V,,6;24
49485.27,16.56,0.1100,Bessell_B,,6;24
49485.27,14.51,0.0100,Bessell_I,,6;24
49485.27,15.18,0.0500,Bessell_R,,6;24
49485.27,15.71,0.0400,Bessell_V,,6;24
49486.25,16.76,0.0800,Bessell_B,,6;24
49486.25,15.21,0.0500,Bessell_R,,6;24
49486.25,15.7,0.0400,Bessell_V,,6;24
49488.5,14.59,0.10857362047581294,Bessell_I,,13;25
49488.5,15.12,0.10857362047581294,Bessell_R,,13;25
49488.5,15.65,0.10857362047581294,Bessell_V,,13;25
49490.2,16.58,0.1600,Bessell_B,,6;24
49490.2,14.62,0.0100,Bessell_I,,6;24
49490.2,15.41,0.0700,Bessell_R,,6;24
49490.2,15.9,0.0300,Bessell_V,,6;24
49491.5,14.65,0.10857362047581294,Bessell_I,,13;25
49491.5,15.19,0.10857362047581294,Bessell_R,,13;25
49491.5,15.65,0.10857362047581294,Bessell_V,,13;25
49493.25,14.8,0.0400,Bessell_I,,6;24
49493.25,15.46,0.1600,Bessell_R,,6;24
49493.25,16.05,0.1100,Bessell_V,,6;24
49493.32,16.88,0.0700,Bessell_B,,6;24
49493.32,14.74,0.0200,Bessell_I,,6;24
49493.32,15.45,0.0300,Bessell_R,,6;24
49493.32,15.94,0.0200,Bessell_V,,6;24
49494.27,14.81,0.0300,Bessell_I,,6;24
49494.27,15.48,0.1600,Bessell_R,,6;24
49494.27,16.0,0.1000,Bessell_V,,6;24
49494.37,16.86,0.0900,Bessell_B,,6;24
49494.37,14.74,0.0600,Bessell_I,,6;24
49494.37,15.49,0.0200,Bessell_R,,6;24
49494.37,15.89,0.0100,Bessell_V,,6;24
49495.28,14.91,0.0200,Bessell_I,,6;24
49495.28,15.5,0.2900,Bessell_R,,6;24
49495.28,16.03,0.2100,Bessell_V,,6;24
49495.6,14.66,0.10857362047581294,Bessell_I,,13;25
49495.6,15.34,0.10857362047581294,Bessell_R,,13;25
49495.6,15.86,0.10857362047581294,Bessell_V,,13;25
49495.93,16.92,0.10857362047581294,Bessell_B,,9;25
49500.5,14.9,0.10857362047581294,Bessell_I,,13;25
49500.5,15.56,0.10857362047581294,Bessell_R,,13;25
49500.5,15.87,0.10857362047581294,Bessell_V,,13;25
49501.36,17.21,0.1400,Bessell_B,,6;24
49501.36,15.0,0.0300,Bessell_I,,6;24
49501.36,15.73,0.0900,Bessell_R,,6;24
49501.36,16.18,0.0700,Bessell_V,,6;24
49502.29,17.06,0.0600,Bessell_B,,6;24
49502.29,15.04,0.0200,Bessell_I,,6;24
49502.29,15.75,0.0400,Bessell_R,,6;24
49502.29,16.24,0.0200,Bessell_V,,6;24
49502.6,14.88,0.10857362047581294,Bessell_I,,13;25
49502.6,15.47,0.10857362047581294,Bessell_R,,13;25
49502.6,15.92,0.10857362047581294,Bessell_V,,13;25
49504.21,16.93,0.1700,Bessell_B,,6;24
49504.21,15.08,0.0200,Bessell_I,,6;24
49504.21,15.74,0.0600,Bessell_R,,6;24
49504.21,16.21,0.0400,Bessell_V,,6;24
49505.44,15.05,0.0400,Bessell_I,,6;24
49505.44,15.78,0.1200,Bessell_R,,6;24
49505.44,16.26,0.0700,Bessell_V,,6;24
49511.21,17.21,0.1800,Bessell_B,,6;24
49511.21,15.3,0.0200,Bessell_I,,6;24
49511.21,15.99,0.0600,Bessell_R,,6;24
49511.21,16.48,0.0400,Bessell_V,,6;24
49514.21,15.37,0.0500,Bessell_I,,6;24
49514.21,16.04,0.0600,Bessell_R,,6;24
49514.21,16.58,0.0400,Bessell_V,,6;24
