1.760599013277046197e+03 5.422973048257533069e-02
1.790603959068072072e+03 6.207376664959549095e-02
1.820608904859097947e+03 7.611790169623972035e-02
1.850613850650123823e+03 1.020993954280769445e-01
1.880618796441149698e+03 1.483087172311042257e-01
1.910623742232175573e+03 1.378077024298604847e-01
1.940628688023201448e+03 1.325809594866723951e-01
1.970633633814227323e+03 1.398068432811339912e-01
2.000638579605253199e+03 1.533208059154060332e-01
2.030643525396279074e+03 1.419887964853783768e-01
2.060648471187304949e+03 1.163748755750197428e-01
2.090653416978330824e+03 1.092542453154068532e-01
2.120658362769357154e+03 9.123232418786310360e-02
2.150663308560382575e+03 1.004528422213463862e-01
2.180668254351408905e+03 8.360046885356174629e-02
2.210673200142434325e+03 7.349424519545738610e-02
2.240678145933460655e+03 8.308141516174298580e-02
2.270683091724486076e+03 1.252254664596233746e-01
2.300688037515512406e+03 1.786339258769898408e-01
2.330692983306537826e+03 2.085406597393223427e-01
2.360697929097564156e+03 2.314871255775372838e-01
2.390702874888589577e+03 1.984119072734860656e-01
2.420707820679615907e+03 1.405814786722235643e-01
2.450712766470641327e+03 1.628304298241516346e-01
2.480717712261667657e+03 1.682272202846636644e-01
2.510722658052693077e+03 1.779885530560068041e-01
2.540727603843719407e+03 2.075286647602286039e-01
2.570732549634744828e+03 2.383757642006908983e-01
2.600737495425771158e+03 2.578597609260277479e-01
2.630742441216796578e+03 3.900553848609112917e-01
2.660747387007822908e+03 5.377724024061906194e-01
2.690752332798848329e+03 8.290904096494585707e-01
2.720757278589874659e+03 1.077151489707043330e+00
2.750762224380900079e+03 1.281211147682821183e+00
2.780767170171926409e+03 1.589372570365226167e+00
2.810772115962951830e+03 2.399728914193453910e+00
2.840777061753978160e+03 3.971411914919201092e+00
2.870782007545003580e+03 4.928269949944596107e+00
2.900786953336029910e+03 4.880305473873947086e+00
2.930791899127055331e+03 4.905603965954894008e+00
2.960796844918081661e+03 4.641144091674489047e+00
2.990801790709107081e+03 5.092498641822125194e+00
3.020806736500133411e+03 5.368047674640714639e+00
3.050811682291158832e+03 6.479646228173435496e+00
3.080816628082185161e+03 8.068931643762786265e+00
3.110821573873210582e+03 9.307623893794438885e+00
3.140826519664236912e+03 8.806358878802935664e+00
3.170831465455262332e+03 8.229518040150681557e+00
3.200836411246288662e+03 7.489909596273577996e+00
3.230841357037314083e+03 7.045725217218868686e+00
3.260846302828340413e+03 7.107663381415809667e+00
3.290851248619365833e+03 7.721465246177096731e+00
3.320856194410392163e+03 9.103563895536471051e+00
3.350861140201417584e+03 9.995932670787603058e+00
3.380866085992443914e+03 1.113053472570708635e+01
3.410871031783469334e+03 1.244781855030705842e+01
3.440875977574495664e+03 1.580532847243060779e+01
3.470880923365521085e+03 1.892948775609916368e+01
3.500885869156547415e+03 2.301141592514480649e+01
3.530890814947572835e+03 2.344409281124418243e+01
3.560895760738599165e+03 2.102935468768544069e+01
3.590900706529624586e+03 1.735707353148269760e+01
3.620905652320650915e+03 1.304876072576108648e+01
3.650910598111676336e+03 9.287462174045684193e+00
3.680915543902702666e+03 7.753764193608782662e+00
3.710920489693728086e+03 7.911421398371156322e+00
3.740925435484754416e+03 9.824428320338292053e+00
3.770930381275779837e+03 1.344234003895188678e+01
3.800935327066806167e+03 1.878782806778723113e+01
3.830940272857832042e+03 2.525784537336968683e+01
3.860945218648857917e+03 3.111318480022834976e+01
3.890950164439883793e+03 3.460403812662021039e+01
3.920955110230909668e+03 3.556259901879417384e+01
3.950960056021935543e+03 3.268343355405914252e+01
3.980965001812961418e+03 3.050033402418770123e+01
4.010969947603987293e+03 3.038902325368323076e+01
4.040974893395013169e+03 3.296560575435047724e+01
4.070979839186039044e+03 3.453613609169337195e+01
4.100984784977064919e+03 3.354622542672103691e+01
4.130989730768091249e+03 3.244903420843029807e+01
4.160994676559116670e+03 3.182840309279504254e+01
4.190999622350142090e+03 3.034876425512542042e+01
4.221004568141168420e+03 2.779707148255856097e+01
4.251009513932194750e+03 2.426658506416185190e+01
4.281014459723220170e+03 2.019020562157449206e+01
4.311019405514245591e+03 1.899015879449164501e+01
4.341024351305271921e+03 2.045307127379544099e+01
4.371029297096298251e+03 2.148282494234848627e+01
4.401034242887323671e+03 2.329420276014155888e+01
4.431039188678349092e+03 2.569797699154324988e+01
4.461044134469375422e+03 2.719263864986575285e+01
4.491049080260401752e+03 2.830502389328614399e+01
4.521054026051427172e+03 2.823697638772313567e+01
4.551058971842452593e+03 2.770532842670518647e+01
4.581063917633478923e+03 2.727392802417050177e+01
4.611068863424505253e+03 2.513035141994494026e+01
4.641073809215530673e+03 2.220782804928438736e+01
4.671078755006556094e+03 2.181710476704828494e+01
4.701083700797582424e+03 1.995296428163127800e+01
4.731088646588608754e+03 1.721001462819964800e+01
4.761093592379634174e+03 1.745322621916382744e+01
4.791098538170659594e+03 1.632385961841159272e+01
4.821103483961685924e+03 1.457533681264074232e+01
4.851108429752712254e+03 1.328837553397852211e+01
4.881113375543737675e+03 1.342033462776323738e+01
4.911118321334763095e+03 1.449372225616832388e+01
4.941123267125789425e+03 1.519847516998610537e+01
4.971128212916815755e+03 1.650038929877591798e+01
5.001133158707841176e+03 1.709836336282895530e+01
5.031138104498866596e+03 1.811535453517521788e+01
5.061143050289892926e+03 1.972242543744631149e+01
5.091147996080919256e+03 2.016386331387617048e+01
5.121152941871944677e+03 1.988860394627169370e+01
5.151157887662970097e+03 2.050666720743178217e+01
5.181162833453996427e+03 2.097676896680022551e+01
5.211167779245022757e+03 1.938702948716379382e+01
5.241172725036048178e+03 1.772650578245246678e+01
5.271177670827073598e+03 1.741713759151902607e+01
5.301182616618099928e+03 1.744991144528192706e+01
5.331187562409126258e+03 1.706563651054353059e+01
5.361192508200151678e+03 1.648116718322389218e+01
5.391197453991177099e+03 1.547261352045138949e+01
5.421202399782203429e+03 1.440000832840659584e+01
5.451207345573229759e+03 1.480211575130420520e+01
5.481212291364255179e+03 1.554332671161914803e+01
5.511217237155280600e+03 1.563219161817547942e+01
5.541222182946306930e+03 1.614340031678357690e+01
5.571227128737333260e+03 1.602254484353011321e+01
5.601232074528358680e+03 1.575221297471106752e+01
5.631237020319384101e+03 1.542709928882404569e+01
5.661241966110410431e+03 1.487458798871713306e+01
5.691246911901436761e+03 1.376562087989381666e+01
5.721251857692462181e+03 1.252630421204378308e+01
5.751256803483487602e+03 1.241390219909172821e+01
5.781261749274513932e+03 1.288843188045563437e+01
5.811266695065540262e+03 1.327892206939168496e+01
5.841271640856565682e+03 1.365443728985780147e+01
5.871276586647592012e+03 1.375989052781669919e+01
5.901281532438617432e+03 1.381101303528555135e+01
5.931286478229643762e+03 1.392412645069076760e+01
5.961291424020670092e+03 1.265878202349165527e+01
5.991296369811695513e+03 1.011852719870758044e+01
6.021301315602720933e+03 7.925777903961029658e+00
6.051306261393747263e+03 6.266772070492814706e+00
6.081311207184773593e+03 5.800941703312488151e+00
6.111316152975799014e+03 6.403442583872407390e+00
6.141321098766824434e+03 7.574050748005650924e+00
6.171326044557850764e+03 9.342520257716543597e+00
6.201330990348877094e+03 1.114293248194162267e+01
6.231335936139902515e+03 1.230861016982027145e+01
6.261340881930927935e+03 1.300312144042896989e+01
6.291345827721954265e+03 1.311704281335871691e+01
6.321350773512980595e+03 1.289148272296402986e+01
6.351355719304006016e+03 1.344677816941304016e+01
6.381360665095031436e+03 1.354919928038398425e+01
6.411365610886057766e+03 1.323815158416725346e+01
6.441370556677084096e+03 1.322999289331280259e+01
6.471375502468109516e+03 1.319062479606329852e+01
6.501380448259134937e+03 1.316397198086673903e+01
6.531385394050161267e+03 1.280412037495226407e+01
6.561390339841187597e+03 1.247091243915049752e+01
6.591395285632213017e+03 1.233082910808305499e+01
6.621400231423238438e+03 1.200343063996754189e+01
6.651405177214264768e+03 1.166177179598079228e+01
6.681410123005291098e+03 1.094004645723864577e+01
6.711415068796316518e+03 1.060089634369657929e+01
6.741420014587341939e+03 1.025481425659448398e+01
6.771424960378368269e+03 1.005255881732457723e+01
6.801429906169394599e+03 9.809130509140739917e+00
6.831434851960420019e+03 9.779438123283323847e+00
6.861439797751445440e+03 9.623484881586636064e+00
6.891444743542471770e+03 9.814031423380090047e+00
6.921449689333498100e+03 9.478423860110757104e+00
6.951454635124523520e+03 9.326453621446292530e+00
6.981459580915548941e+03 9.225328985618684641e+00
7.011464526706575271e+03 9.426798798382769462e+00
7.041469472497601600e+03 9.488924755813233247e+00
7.071474418288627021e+03 9.629344328219527682e+00
7.101479364079652441e+03 9.654946734831286292e+00
7.131484309870678771e+03 9.497101098806282948e+00
7.161489255661705101e+03 9.440453471956073983e+00
7.191494201452730522e+03 9.205142808087533268e+00
7.221499147243755942e+03 9.159737679437311542e+00
7.251504093034782272e+03 8.984528293969614055e+00
7.281509038825808602e+03 8.420154969400813982e+00
7.311513984616834023e+03 8.331099930170903889e+00
7.341518930407859443e+03 8.047028529907459315e+00
7.371523876198885773e+03 8.048026407429201612e+00
7.401528821989912103e+03 7.487967648351363081e+00
7.431533767780937524e+03 6.718375451991781766e+00
7.461538713571962944e+03 6.464875216341047448e+00
7.491543659362989274e+03 6.283625396650730721e+00
7.521548605154015604e+03 6.214162104501574468e+00
7.551553550945041025e+03 6.187642212035425082e+00
7.701578279900169946e+03 7.771664312853231671e+00
7.731583225691196276e+03 7.860986473602177504e+00
7.761588171482222606e+03 7.652374775702195819e+00
7.791593117273248026e+03 7.007454104678902951e+00
7.821598063064273447e+03 6.362203147255087288e+00
7.851603008855299777e+03 5.036785514935798069e+00
7.881607954646326107e+03 3.897293158327762352e+00
7.911612900437351527e+03 3.155890151251924625e+00
7.941617846228376948e+03 2.741638907703953354e+00
7.971622792019403278e+03 2.581486286037571798e+00
8.001627737810429608e+03 2.545842237073814740e+00
8.031632683601455028e+03 2.471305592685599795e+00
8.061637629392480449e+03 2.471962443650199681e+00
8.091642575183506779e+03 2.597561131615652830e+00
8.121647520974533109e+03 2.709811208569938401e+00
8.151652466765558529e+03 2.808344489183636217e+00
8.181657412556583949e+03 2.996208373798113556e+00
8.211662358347610279e+03 3.448790810960195685e+00
8.241667304138634790e+03 3.983765264327960853e+00
8.271672249929662939e+03 4.194339731166648377e+00
8.301677195720687450e+03 4.476457294898870565e+00
8.331682141511711961e+03 5.084525830113882705e+00
8.361687087302740110e+03 5.764580424563069627e+00
8.391692033093764621e+03 6.334289586545121864e+00
8.421696978884790951e+03 6.612266745464677520e+00
8.451701924675817281e+03 7.018289540309280206e+00
8.481706870466841792e+03 7.059149774961284152e+00
8.511711816257869941e+03 7.168538376445828142e+00
8.541716762048894452e+03 7.307187843435780650e+00
8.571721707839918963e+03 7.226054998938371554e+00
8.601726653630947112e+03 7.396877296273397739e+00
8.631731599421971623e+03 7.297939824221066019e+00
8.661736545212997953e+03 7.203529168675614436e+00
8.691741491004024283e+03 7.103476209069674141e+00
8.721746436795048794e+03 6.730084136791865568e+00
8.751751382586076943e+03 6.502635054890759214e+00
8.781756328377101454e+03 5.955529988075129566e+00
8.811761274168125965e+03 5.388270219830907592e+00
8.841766219959154114e+03 5.072448364490544925e+00
8.871771165750178625e+03 4.942226198608656418e+00
8.901776111541204955e+03 5.034482229863234792e+00
8.931781057332231285e+03 5.057157996965893965e+00
8.961786003123255796e+03 5.151282390119131804e+00
8.991790948914283945e+03 5.150200505431770104e+00
9.021795894705308456e+03 5.095756418437224156e+00
9.051800840496332967e+03 5.261358574303544700e+00
9.081805786287361116e+03 5.390493325912487421e+00
9.111810732078385627e+03 5.329205526050903252e+00
9.141815677869411957e+03 5.400129266823633145e+00
9.171820623660438287e+03 5.396142010264037836e+00
9.201825569451462798e+03 5.325794197097632576e+00
9.231830515242490947e+03 5.327588547619998671e+00
9.261835461033515458e+03 5.284151100732598749e+00
9.291840406824539969e+03 5.365077436476040518e+00
9.321845352615568117e+03 5.201848323531203633e+00
9.351850298406592628e+03 5.080506246746250731e+00
9.381855244197618958e+03 5.020393058468763492e+00
9.411860189988645288e+03 4.961995743133607917e+00
9.441865135779669799e+03 4.766025741263012705e+00
9.471870081570697948e+03 4.501425075226555883e+00
9.501875027361722459e+03 4.412873440961257110e+00
9.531879973152748789e+03 4.267253293312177398e+00
9.561884918943775119e+03 4.248933180774902674e+00
9.591889864734799630e+03 4.102625790708141373e+00
9.621894810525827779e+03 3.937086629582217334e+00
9.651899756316852290e+03 3.817126502573165769e+00
9.681904702107876801e+03 3.705551077595536480e+00
9.711909647898904950e+03 3.578807340061229247e+00
9.741914593689929461e+03 3.508786133994172385e+00
9.771919539480955791e+03 3.503686324814854203e+00
9.801924485271982121e+03 3.520018338657916246e+00
9.831929431063006632e+03 3.465894988894943296e+00
9.861934376854034781e+03 3.480995032337282691e+00
9.891939322645059292e+03 3.529744730828652699e+00
9.921944268436083803e+03 3.431690269791351167e+00
9.951949214227111952e+03 3.424434156177849076e+00
9.981954160018136463e+03 3.475124143715757619e+00
1.001195910580916461e+04 3.492283404829989113e+00
1.004196405160018912e+04 3.487078490989278912e+00
1.007196899739121363e+04 3.457239975198957538e+00
1.010197394318224178e+04 3.446171616409627436e+00
1.013197888897326629e+04 3.466564791850394567e+00
1.016198383476429262e+04 3.404860890673531593e+00
1.019198878055531895e+04 3.300131411664811942e+00
1.022199372634634346e+04 3.308039314545339504e+00
1.025199867213737161e+04 3.222456514780682291e+00
1.028200361792839612e+04 3.094965964177833762e+00
1.031200856371942064e+04 3.031765565732910783e+00
1.034201350951044878e+04 2.919826357826692309e+00
1.037201845530147330e+04 2.840615852490307791e+00
1.040202340109249963e+04 2.647824575428582072e+00
1.043202834688352596e+04 2.476736241224002377e+00
1.046203329267455047e+04 2.349895055377576369e+00
1.049203823846557862e+04 2.336577431313322073e+00
1.052204318425660313e+04 2.380222769351084899e+00
1.055204813004762764e+04 2.437359317905201106e+00
1.058205307583865579e+04 2.547086436365736617e+00
1.061205802162968030e+04 2.612548733061882178e+00
1.064206296742070663e+04 2.712759775012646646e+00
1.067206791321173296e+04 2.762207115796125212e+00
1.070207285900275747e+04 2.833632645193066679e+00
1.073207780479378562e+04 2.866061963238740518e+00
1.076208275058481013e+04 2.865026101717556006e+00
1.079208769637583464e+04 2.836648693847549918e+00
1.082209264216686279e+04 2.838823862675634579e+00
1.085209758795788730e+04 2.774715187263084193e+00
1.088210253374891363e+04 2.817512371942640037e+00
1.091210747953993996e+04 2.856336932196763545e+00
1.094211242533096447e+04 2.829245152975293998e+00
1.097211737112199262e+04 2.823066394042500704e+00
1.100212231691301713e+04 2.738748529515710128e+00
1.103212726270404164e+04 2.660540027622619430e+00
1.106213220849506979e+04 2.621106170839928140e+00
1.109213715428609430e+04 2.593919325281667909e+00
1.112214210007712063e+04 2.582668256224024184e+00
1.115214704586814696e+04 2.545688365721090918e+00
1.118215199165917147e+04 2.538128954338245258e+00
1.121215693745019962e+04 2.452602556346556550e+00
1.124216188324122413e+04 2.412196470812182802e+00
1.127216682903224864e+04 2.398530014968056179e+00
1.130217177482327679e+04 2.370237124686954466e+00
1.133217672061430130e+04 2.369569831312654085e+00
1.136218166640532763e+04 2.342866590549085082e+00
1.139218661219635396e+04 2.340286485915076486e+00
1.142219155798737847e+04 2.304846755138688863e+00
1.145219650377840662e+04 2.308683521899822733e+00
1.148220144956943113e+04 2.287975032474883541e+00
1.151220639536045564e+04 2.281471793206429677e+00
1.154221134115148379e+04 2.250360345546780660e+00
1.157221628694250830e+04 2.236391974329707377e+00
1.160222123273353463e+04 2.219952814132114760e+00
1.163222617852456096e+04 2.189646601739477560e+00
1.166223112431558548e+04 2.180808133407887262e+00
1.169223607010661362e+04 2.109838858624627722e+00
1.172224101589763814e+04 2.132434063918840383e+00
1.175224596168866265e+04 2.102872793042700472e+00
1.178225090747969080e+04 2.021854304628719401e+00
1.181225585327071531e+04 2.025052489325320781e+00
1.184226079906174164e+04 2.002045755257755744e+00
1.187226574485276797e+04 1.999937898500351752e+00
1.190227069064379248e+04 1.959022219119037622e+00
1.193227563643482063e+04 1.924003438679134259e+00
1.196228058222584514e+04 1.901609255088576811e+00
1.199228552801686965e+04 1.878590908891283329e+00
1.202229047380789780e+04 1.844574599782685009e+00
1.205229541959892231e+04 1.818694437833458410e+00
1.208230036538994864e+04 1.791058462319867095e+00
1.211230531118097497e+04 1.764035143621467849e+00
1.214231025697199948e+04 1.748965725576216546e+00
1.217231520276302763e+04 1.740561542389425398e+00
1.220232014855405214e+04 1.724158813653784428e+00
1.223232509434507665e+04 1.717944197485236080e+00
1.226233004013610480e+04 1.726474689167372567e+00
1.229233498592712931e+04 1.697391110682875404e+00
1.232233993171815564e+04 1.702462825313894035e+00
1.235234487750918197e+04 1.681781048040858595e+00
1.238234982330020648e+04 1.682865123294818188e+00
1.241235476909123463e+04 1.658154660105572331e+00
1.244235971488225914e+04 1.646527770636873278e+00
1.247236466067328365e+04 1.626698804334518744e+00
1.250236960646431180e+04 1.609557599443987463e+00
1.253237455225533631e+04 1.600024317415992048e+00
1.256237949804636264e+04 1.583695557521370700e+00
1.259238444383738897e+04 1.551819389442938624e+00
1.262238938962841348e+04 1.536507711746148752e+00
1.265239433541944163e+04 1.501144586997751329e+00
1.268239928121046614e+04 1.479840986558034643e+00
1.271240422700149065e+04 1.466502286265646049e+00
1.274240917279251880e+04 1.473793044859603052e+00
1.277241411858354331e+04 1.484893624118784672e+00
1.280241906437456964e+04 1.492058350696674918e+00
1.283242401016559597e+04 1.464337559847262771e+00
1.286242895595662048e+04 1.440555088725018473e+00
1.289243390174764863e+04 1.397093864619602499e+00
1.292243884753867314e+04 1.393903485145730592e+00
1.295244379332969766e+04 1.380534669879539988e+00
1.298244873912072580e+04 1.356872722455414015e+00
1.301245368491175032e+04 1.343420410446888535e+00
1.304245863070277665e+04 1.324577688268910869e+00
1.307246357649380298e+04 1.313887935951065344e+00
1.310246852228482749e+04 1.289292828424179582e+00
1.313247346807585564e+04 1.288071428038978006e+00
1.316247841386688015e+04 1.291980015609807353e+00
1.319248335965790466e+04 1.287502157202991659e+00
1.322248830544893281e+04 1.284185766980690202e+00
1.325249325123995732e+04 1.285276009849340317e+00
1.328249819703098547e+04 1.291692859976845575e+00
1.331250314282200998e+04 1.282919917234438989e+00
1.334250808861303449e+04 1.283356711960388363e+00
1.337251303440406264e+04 1.258129636604035984e+00
1.340251798019508715e+04 1.256201385039963370e+00
1.343252292598611348e+04 1.254809779756925092e+00
1.346252787177713981e+04 1.286410893487771823e+00
1.349253281756816432e+04 1.258099266418591711e+00
1.352253776335919247e+04 1.255866015674226954e+00
1.355254270915021698e+04 1.226554554460712820e+00
1.358254765494124149e+04 1.210657931679566701e+00
1.361255260073226964e+04 1.226329287651030553e+00
1.364255754652329415e+04 1.203533996429184905e+00
1.367256249231432048e+04 1.212478101113087403e+00
1.370256743810534681e+04 1.205232344838738312e+00
1.373257238389637132e+04 1.174950483890312647e+00
1.376257732968739947e+04 1.154361454781648755e+00
1.379258227547842398e+04 1.140330322768184468e+00
1.382258722126944849e+04 1.171370991732344269e+00
1.385259216706047664e+04 1.107421015426087063e+00
1.388259711285150115e+04 1.101691067434072524e+00
1.391260205864252748e+04 1.094562751050496052e+00
1.394260700443355381e+04 1.127814212134490512e+00
1.397261195022457832e+04 1.100956291847996704e+00
1.400261689601560647e+04 1.076582155068146474e+00
1.403262184180663098e+04 1.058697731339703463e+00
1.406262678759765549e+04 1.042182709481411118e+00
1.409263173338868364e+04 1.041248060644071050e+00
1.412263667917970815e+04 1.035697143619192628e+00
1.415264162497073448e+04 1.026358056383418926e+00
1.418264657076176081e+04 1.034261514327841969e+00
1.421265151655278532e+04 1.014898054061205590e+00
1.424265646234381347e+04 1.018645985903150919e+00
1.427266140813483798e+04 1.052445599059723680e+00
1.430266635392586250e+04 1.019722702554754612e+00
1.433267129971689064e+04 9.974686726911429213e-01
1.436267624550791516e+04 1.000921750015581146e+00
1.439268119129894149e+04 1.003010019279432008e+00
1.442268613708996781e+04 9.899884619879855130e-01
1.445269108288099233e+04 9.681392615921141642e-01
1.448269602867202047e+04 9.990782499844187425e-01
1.451270097446304499e+04 9.503310398065615283e-01
1.454270592025406950e+04 9.601318899739648138e-01
1.457271086604509765e+04 9.794033677111568803e-01
1.460271581183612216e+04 9.470029311163465913e-01
1.463272075762714849e+04 9.377558689452911711e-01
1.466272570341817482e+04 9.140131683039857124e-01
1.469273064920919933e+04 9.249197441796777053e-01
1.472273559500022748e+04 9.015260241917029127e-01
1.475274054079125199e+04 9.258053498464055009e-01
1.478274548658227650e+04 9.001656185319466541e-01
1.481275043237330465e+04 8.723901698557894324e-01
1.484275537816432916e+04 8.782940658497292441e-01
1.487276032395535549e+04 8.690627417299543467e-01
1.490276526974638182e+04 9.000405222919021231e-01
1.493277021553740633e+04 8.497866701831995329e-01
1.496277516132843448e+04 8.404138524753566042e-01
1.499278010711945899e+04 8.327993366453919633e-01
1.502278505291048350e+04 8.413819978407605094e-01
1.505278999870151165e+04 8.070259807685054021e-01
1.508279494449253616e+04 8.237362820684993592e-01
1.511279989028356249e+04 8.109738496646257122e-01
1.514280483607458882e+04 8.101358409692035467e-01
1.517280978186561333e+04 7.967066681495879044e-01
1.520281472765664148e+04 7.942624849827886191e-01
1.523281967344766599e+04 7.788593564474759479e-01
1.526282461923869050e+04 7.792636116890206965e-01
1.529282956502971865e+04 7.739457028936437277e-01
1.532283451082074316e+04 7.601485999562502816e-01
1.535283945661176949e+04 7.640321129832149394e-01
1.538284440240279582e+04 7.590619087829565403e-01
1.541284934819382033e+04 7.497005755990212572e-01
1.544285429398484848e+04 7.456627020636849013e-01
1.547285923977587299e+04 7.317279124452223948e-01
1.550286418556689750e+04 7.350184624887322604e-01
1.553286913135792565e+04 7.221549237391988729e-01
1.556287407714895016e+04 7.204842870604815097e-01
1.559287902293997649e+04 7.007289067816826478e-01
1.562288396873100282e+04 6.987909359075623605e-01
1.565288891452202733e+04 7.186676905899542778e-01
1.568289386031305548e+04 6.685058210106959997e-01
1.571289880610407999e+04 6.472292942727093656e-01
1.574290375189510451e+04 6.598409816664781991e-01
1.577290869768613265e+04 6.501978735617082172e-01
1.580291364347715717e+04 6.443295370566081148e-01
1.583291858926818350e+04 6.462485797339178051e-01
1.586292353505920983e+04 6.608872217944532501e-01
1.589292848085023434e+04 6.540822372941474949e-01
1.592293342664126249e+04 6.394985933425469948e-01
1.595293837243228700e+04 6.227430345113026400e-01
1.598294331822331151e+04 5.942019934432513084e-01
1.601294826401433966e+04 5.515103600454603905e-01
1.604295320980536417e+04 5.774163834411156770e-01
1.607295815559639050e+04 5.728081118850391062e-01
1.610296310138741683e+04 5.678193197701600914e-01
1.613296804717844134e+04 5.868949651070919371e-01
1.616297299296946949e+04 5.982305942889142303e-01
1.619297793876049400e+04 6.092387231306404249e-01
1.622298288455151851e+04 6.133023305065843367e-01
1.625298783034254666e+04 6.409606583065216023e-01
1.628299277613357117e+04 6.570547085606927018e-01
1.631299772192459750e+04 6.634058204226459532e-01
1.634300266771562383e+04 6.729693237626273028e-01
1.637300761350664834e+04 6.881046927497997956e-01
1.640301255929767649e+04 6.723343571963626975e-01
1.643301750508869736e+04 6.573568366100079885e-01
1.646302245087972551e+04 6.633577342956924472e-01
1.649302739667075366e+04 6.669916716040371618e-01
1.652303234246177817e+04 6.805775231044428608e-01
1.655303728825280268e+04 7.035285784986934354e-01
1.658304223404383083e+04 7.043039965388196988e-01
1.661304717983485534e+04 6.981235149274406249e-01
1.664305212562587985e+04 6.522438840311065578e-01
1.667305707141690800e+04 6.528961624537799047e-01
1.670306201720793251e+04 6.542406599211606499e-01
1.673306696299895702e+04 6.587700285444650916e-01
1.676307190878998517e+04 6.561163804221745721e-01
1.679307685458101332e+04 6.561690390910542847e-01
1.682308180037203419e+04 6.461433900019796228e-01
1.685308674616306234e+04 6.426009247997945817e-01
1.688309169195409049e+04 6.297235408186617756e-01
1.691309663774511137e+04 6.324200857645103646e-01
1.694310158353613951e+04 6.278864210785589650e-01
1.697310652932716766e+04 6.225941397856054049e-01
1.700311147511819217e+04 6.200590587388415953e-01
1.703311642090921669e+04 6.191485912046176265e-01
1.706312136670024483e+04 6.082691953688401654e-01
1.709312631249126935e+04 6.086965685316578778e-01
1.712313125828229386e+04 6.294410853334473366e-01
1.715313620407332201e+04 6.161913901013420514e-01
1.718314114986435015e+04 6.008870072039972365e-01
1.721314609565537103e+04 5.854582298986245048e-01
1.724315104144639918e+04 5.694127974623285349e-01
1.727315598723742733e+04 5.646522283586561386e-01
1.730316093302844820e+04 5.514641242029141299e-01
1.733316587881947635e+04 5.484859106744151003e-01
1.736317082461050450e+04 5.380862063881450830e-01
1.739317577040152901e+04 5.329801445235882174e-01
1.742318071619255352e+04 5.251730715094408142e-01
1.745318566198358167e+04 5.165549146281431803e-01
1.748319060777460618e+04 5.031752103318775093e-01
1.751319555356563069e+04 5.001479961680397324e-01
1.754320049935665884e+04 4.965509794772939300e-01
1.757320544514768335e+04 4.761046136767259629e-01
1.760321039093870786e+04 4.760224780631502894e-01
1.763321533672973601e+04 4.659566544080361306e-01
1.766322028252076416e+04 4.619385597749849359e-01
1.769322522831178503e+04 4.660308784606977395e-01
1.772323017410281318e+04 4.626519613860105573e-01
1.775323511989384133e+04 4.543033079990760892e-01
1.778324006568486220e+04 4.612893226243833800e-01
1.781324501147589035e+04 4.530696999903136013e-01
1.784324995726691850e+04 4.403013764510284034e-01
1.787325490305794301e+04 4.369118042902713772e-01
1.790325984884896752e+04 4.495643042791856447e-01
1.793326479463999567e+04 4.476368821529508879e-01
1.796326974043102018e+04 4.443989269754102245e-01
1.799327468622204469e+04 4.640326563713367825e-01
1.802327963201307284e+04 4.552812364774382892e-01
1.805328457780409735e+04 4.691561364304868698e-01
1.808328952359512186e+04 4.753979539065867344e-01
1.811329446938615001e+04 4.921436870895989912e-01
1.814329941517717816e+04 4.808252846936380553e-01
1.817330436096819903e+04 5.026618733808482231e-01
1.820330930675922718e+04 4.841461411196816833e-01
1.823331425255025169e+04 4.753959972839950643e-01
1.826331919834127621e+04 4.747448885813493336e-01
1.829332414413230435e+04 4.810868553594503383e-01
1.832332908992333250e+04 4.625389451637058613e-01
1.835333403571435338e+04 4.672425808034885164e-01
1.838333898150538153e+04 4.809102276352800742e-01
1.841334392729640967e+04 4.735298897548444463e-01
1.844334887308743055e+04 4.528720385732830644e-01
1.847335381887845870e+04 4.671858174806937658e-01
1.850335876466948685e+04 4.429441568108803406e-01
1.853336371046051136e+04 4.581637669076782382e-01
1.856336865625153587e+04 4.321951315890900647e-01
1.859337360204256402e+04 4.567741395148683381e-01
1.862337854783358853e+04 4.168614291275620221e-01
1.865338349362461304e+04 4.095117166442132084e-01
1.868338843941564119e+04 4.551359572500081052e-01
1.871339338520666570e+04 4.177338531129604626e-01
1.874339833099769021e+04 4.332154677353626249e-01
1.877340327678871836e+04 3.861360486264098779e-01
1.880340822257974651e+04 4.183514716678336520e-01
1.883341316837076738e+04 3.620113812269952214e-01
1.886341811416179553e+04 3.609203174275619208e-01
1.889342305995282368e+04 3.514628651588117547e-01
1.892342800574384455e+04 3.534399621044739259e-01
1.895343295153487270e+04 3.540449668239220027e-01
1.898343789732590085e+04 3.305663060210689563e-01
1.901344284311692536e+04 3.285989751742555698e-01
1.904344778890794987e+04 3.280547235862781852e-01
1.907345273469897802e+04 3.551108710089431741e-01
1.910345768049000253e+04 3.249719434676011653e-01
1.913346262628102704e+04 3.271799282593692570e-01
1.916346757207205519e+04 3.220425540530548747e-01
1.919347251786307970e+04 3.210768821138184625e-01
1.922347746365410421e+04 3.248910030952174011e-01
1.925348240944513236e+04 3.182921190102505071e-01
1.928348735523616051e+04 3.151387898865623538e-01
1.931349230102718138e+04 3.136297510930421972e-01
1.934349724681820953e+04 3.154365814647206445e-01
1.937350219260923768e+04 3.163966004660780929e-01
1.940350713840025855e+04 3.200114713379726417e-01
1.943351208419128670e+04 3.204894083074387723e-01
1.946351702998231485e+04 3.178813324774243387e-01
1.949352197577333936e+04 3.100812522622783951e-01
1.952352692156436387e+04 3.051866523843141943e-01
1.955353186735539202e+04 2.964079950278816766e-01
1.958353681314641653e+04 2.904966978963127167e-01
1.961354175893744105e+04 2.858956105479694698e-01
1.964354670472846919e+04 2.819049192650198155e-01
1.967355165051949371e+04 2.836370449354435053e-01
1.970355659631051822e+04 2.805661406651923095e-01
1.973356154210154637e+04 2.866581212592818062e-01
1.976356648789257451e+04 2.865499987202199672e-01
1.979357143368359539e+04 2.831619408152078465e-01
1.982357637947462354e+04 2.817808502518359681e-01
1.985358132526565169e+04 2.828012906095290768e-01
1.988358627105667256e+04 2.810372358358788070e-01
1.991359121684770071e+04 2.818426072157667606e-01
1.994359616263872886e+04 2.802459351245411567e-01
1.997360110842975337e+04 2.798775371187522398e-01
2.000360605422077788e+04 2.681981888969600658e-01
2.003361100001180603e+04 2.663105691531195696e-01
2.006361594580283054e+04 2.669294850338416736e-01
2.009362089159385505e+04 2.724794747897526515e-01
2.012362583738488320e+04 2.606790009957188348e-01
2.015363078317590771e+04 2.654363799538613233e-01
2.018363572896693222e+04 2.689962357027114725e-01
2.021364067475796037e+04 2.680398130587479666e-01
2.024364562054898852e+04 2.614999700604841437e-01
2.027365056634000939e+04 2.584965373681896716e-01
2.030365551213103754e+04 2.622455772540156493e-01
2.033366045792206569e+04 2.644313458723137611e-01
2.036366540371308656e+04 2.634736811983572902e-01
2.039367034950411471e+04 2.509642018138380504e-01
2.042367529529514286e+04 2.592990695185560801e-01
2.045368024108616737e+04 2.559309968119067857e-01
2.048368518687719188e+04 2.583194608968815142e-01
2.051369013266822003e+04 2.571929567073750755e-01
2.054369507845924454e+04 2.508600754637432262e-01
2.057370002425026905e+04 2.545741577348529239e-01
2.060370497004129720e+04 2.628113729581380009e-01
2.063370991583232171e+04 2.593940210101070565e-01
2.066371486162334622e+04 2.607952179973718754e-01
2.069371980741437437e+04 2.615470927634876985e-01
2.072372475320540252e+04 2.595113120274218366e-01
2.075372969899642339e+04 2.614801486229252903e-01
2.078373464478745154e+04 2.631927357153603930e-01
2.081373959057847969e+04 2.625482965436357619e-01
2.084374453636950057e+04 2.605639919958397388e-01
2.087374948216052871e+04 2.611250343831226228e-01
2.090375442795155686e+04 2.601923081401550375e-01
2.093375937374258137e+04 2.582088479175426166e-01
2.096376431953360589e+04 2.590082537252897388e-01
2.099376926532463403e+04 2.583497268709052386e-01
2.102377421111565855e+04 2.526963742730628515e-01
2.105377915690668306e+04 2.506578563921323388e-01
2.108378410269771121e+04 2.492010785626824765e-01
2.111378904848873935e+04 2.489604224909640895e-01
2.114379399427976023e+04 2.492007829425300358e-01
2.117379894007078838e+04 2.493520702773747433e-01
2.120380388586181652e+04 2.481399872438840304e-01
2.123380883165283740e+04 2.458362895791652292e-01
2.126381377744386555e+04 2.465854569751080305e-01
2.129381872323489370e+04 2.462145132331862163e-01
2.132382366902591821e+04 2.440702228870674229e-01
2.135382861481694272e+04 2.439110027236718048e-01
2.138383356060797087e+04 2.433745265837325700e-01
2.141383850639899538e+04 2.418812790105852872e-01
2.144384345219001989e+04 2.399079102816657205e-01
2.147384839798104804e+04 2.341906080265316326e-01
2.150385334377207255e+04 2.317042851640463419e-01
2.153385828956309706e+04 2.335758925040905820e-01
2.156386323535412521e+04 2.335253308242058734e-01
2.159386818114515336e+04 2.295354540917481645e-01
2.162387312693617423e+04 2.323240985390441493e-01
2.165387807272720238e+04 2.296049822501897431e-01
2.168388301851823053e+04 2.279452920241672176e-01
2.171388796430925140e+04 2.261654524104351194e-01
2.174389291010027955e+04 2.286749336027035506e-01
2.177389785589130770e+04 2.257376921766263977e-01
2.180390280168233221e+04 2.236052181295501984e-01
2.183390774747335672e+04 2.206917709355984969e-01
2.186391269326438487e+04 2.211524662318576084e-01
2.189391763905540938e+04 2.183673394516992550e-01
2.192392258484643389e+04 2.176552947159056672e-01
2.195392753063746204e+04 2.135276908938688600e-01
2.198393247642848655e+04 2.149551215112076863e-01
2.201393742221951106e+04 2.071021061479027536e-01
2.204394236801053921e+04 2.107428661141539927e-01
2.207394731380156736e+04 2.055816849151320957e-01
2.210395225959258823e+04 2.025795878304327557e-01
2.213395720538361638e+04 2.053699145478047883e-01
2.216396215117464453e+04 2.024653721134087869e-01
2.219396709696566541e+04 2.010033369241257251e-01
2.222397204275669355e+04 1.982458410577833119e-01
2.225397698854772170e+04 1.952602859410381975e-01
2.228398193433874621e+04 1.949456759156464325e-01
2.231398688012977073e+04 1.911786691301962937e-01
2.234399182592079887e+04 1.919089487378385639e-01
2.237399677171182338e+04 1.917334418181311506e-01
2.240400171750284790e+04 1.899827346133777517e-01
2.243400666329387604e+04 1.890240937548892108e-01
2.246401160908490056e+04 1.868257814843676812e-01
2.249401655487592507e+04 1.879099460624017448e-01
2.252402150066695322e+04 1.862219847666935213e-01
2.255402644645798136e+04 1.852329141733773943e-01
2.258403139224900224e+04 1.845849764753882960e-01
2.261403633804003039e+04 1.821783987440949992e-01
2.264404128383105854e+04 1.821001614883568653e-01
2.267404622962207941e+04 1.799729426743502114e-01
2.270405117541310756e+04 1.800236681150388096e-01
2.273405612120413571e+04 1.778695223459964281e-01
2.276406106699516022e+04 1.775596635106805044e-01
2.279406601278618473e+04 1.778013531895505372e-01
2.282407095857721288e+04 1.724128188256697780e-01
2.285407590436823739e+04 1.730093994341553587e-01
2.288408085015926190e+04 1.738144496727266897e-01
2.291408579595029005e+04 1.728121697501532050e-01
2.294409074174131456e+04 1.714041415979270788e-01
2.297409568753233907e+04 1.702629180769458239e-01
2.300410063332336722e+04 1.697163461897864267e-01
2.303410557911439537e+04 1.665458306887469819e-01
2.306411052490541624e+04 1.681679516342461378e-01
2.309411547069644439e+04 1.663028266699186075e-01
2.312412041648747254e+04 1.673101385153745180e-01
2.315412536227849341e+04 1.649146157017240266e-01
2.318413030806952156e+04 1.627407612135981230e-01
2.321413525386054971e+04 1.654332823225518334e-01
2.324414019965157422e+04 1.645882893351829079e-01
2.327414514544259873e+04 1.646968308466910946e-01
2.330415009123362688e+04 1.641853739547607660e-01
2.333415503702465139e+04 1.648695112974590815e-01
2.336415998281567590e+04 1.629007533922119944e-01
2.339416492860670405e+04 1.660050031903050061e-01
2.342416987439772856e+04 1.656814841518302051e-01
2.345417482018875307e+04 1.542703463520797569e-01
2.348417976597978122e+04 1.665209454268503364e-01
2.351418471177080937e+04 1.604122186954926865e-01
2.354418965756183024e+04 1.620447926845113851e-01
2.357419460335285839e+04 1.558637262131185031e-01
2.360419954914388654e+04 1.550273040834064808e-01
2.363420449493490742e+04 1.588205359918758441e-01
2.366420944072593556e+04 1.532504334317808525e-01
2.369421438651696371e+04 1.569867531439974040e-01
2.372421933230798822e+04 1.544724186769962371e-01
2.375422427809901274e+04 1.672388983121652350e-01
2.378422922389004088e+04 1.506529467581618487e-01
2.381423416968106540e+04 1.572682452052617530e-01
2.384423911547208991e+04 1.491029741439661715e-01
2.387424406126311806e+04 1.484349916982311002e-01
2.390424900705414257e+04 1.536256370813668948e-01
2.393425395284516708e+04 1.529613403171006525e-01
2.396425889863619523e+04 1.533066544298355427e-01
2.399426384442722338e+04 1.484214484670749734e-01
2.402426879021824425e+04 1.470776740993477438e-01
2.405427373600927240e+04 1.474421078176249289e-01
2.408427868180030055e+04 1.400367145341977482e-01
2.411428362759132142e+04 1.425860938132263445e-01
2.414428857338234957e+04 1.481230209865743996e-01
2.417429351917337772e+04 1.387929108203217743e-01
2.420429846496440223e+04 1.425904281576196031e-01
2.423430341075542674e+04 1.397790890150241438e-01
2.426430835654645489e+04 1.374427667953532217e-01
2.429431330233747940e+04 1.375170908059080432e-01
2.432431824812850391e+04 1.366053153120169172e-01
2.435432319391953206e+04 1.310178732475852648e-01
2.438432813971055657e+04 1.303674004472817893e-01
2.441433308550158108e+04 1.310685433924179688e-01
2.444433803129260923e+04 1.263878661666318903e-01
2.447434297708363738e+04 1.291692753638661317e-01
2.450434792287465825e+04 1.269166221543888695e-01
2.453435286866568640e+04 1.273055285424075367e-01
2.456435781445671455e+04 1.246119078966278354e-01
2.459436276024773542e+04 1.302213555849245086e-01
2.462436770603876357e+04 1.222912450379811528e-01
2.465437265182979172e+04 1.295310144725524415e-01
2.468437759762081623e+04 1.151594790437053678e-01
2.471438254341184074e+04 1.127299896872165502e-01
2.474438748920286889e+04 1.235367288951695619e-01
2.477439243499389340e+04 1.249586299269232065e-01
2.480439738078491791e+04 1.217584120442370549e-01
2.483440232657594606e+04 1.199439550979785329e-01
2.486440727236697421e+04 1.189835213777021977e-01
2.489441221815799508e+04 1.209823240735495575e-01
2.492441716394902323e+04 1.189137996837651007e-01
2.495442210974005138e+04 1.179097949558418207e-01
