3.498232256233994121e+03 1.993104246616040465e+00
3.528287390744104414e+03 5.402121017783861889e-01
3.558342525254214706e+03 6.700339967110040540e-01
3.588397659764324999e+03 6.148646978731023838e-01
3.618452794274435746e+03 6.270903467408430743e-01
3.648507928784546039e+03 3.204051491668835627e-01
3.678563063294656331e+03 4.148248035092541031e-01
3.708618197804766623e+03 6.816095056154101162e-01
3.738673332314876916e+03 2.586286949715401184e-01
3.768728466824987208e+03 2.438117719466900979e-01
3.798783601335097956e+03 2.095553321339367892e-01
3.828838735845208248e+03 1.916815908636093080e-01
3.858893870355318541e+03 1.936733491667988472e-01
3.888949004865428833e+03 1.869486867954198717e-01
3.919004139375539125e+03 2.345709271606450097e-01
3.949059273885649418e+03 3.685264162640393137e-01
3.979114408395759710e+03 4.812816605169231154e-01
4.009169542905870003e+03 5.316645536705945085e-01
4.039224677415980295e+03 1.845845414742032509e-01
4.069279811926091043e+03 4.975238849526480989e-01
4.099334946436200880e+03 9.133801539556666294e-01
4.129390080946311173e+03 7.584468647982386402e-01
4.159445215456422375e+03 6.255446608094049621e-01
4.189500349966532667e+03 4.400784489511965214e-01
4.219555484476642960e+03 6.159302344575922072e-01
4.249610618986753252e+03 3.795883755605370946e-01
4.279665753496863545e+03 1.337336445230233317e-01
4.309720888006973837e+03 6.631632405625197402e-01
4.339776022517084130e+03 7.134051653138737681e-01
4.369831157027194422e+03 6.918513578700735689e-01
4.399886291537304714e+03 7.279561690658599149e-01
4.429941426047415007e+03 6.798246276812419664e-01
4.459996560557525299e+03 6.585051398976639048e-01
4.490051695067635592e+03 6.013978491738366516e-01
4.520106829577745884e+03 5.651313562356028442e-01
4.550161964087857086e+03 8.287222849036139927e-01
4.580217098597967379e+03 1.098755415420394455e+00
4.610272233108077671e+03 1.046587644332554801e+00
4.640327367618187964e+03 1.104146344643899713e+00
4.670382502128298256e+03 1.073885661138511471e+00
4.700437636638408549e+03 1.133792218553607345e+00
4.730492771148518841e+03 9.757977331038109048e-01
4.760547905658629134e+03 2.172450655057027724e-01
4.790603040168739426e+03 1.471385297360475464e-01
4.820658174678849718e+03 1.394117241930259210e+00
4.850713309188960011e+03 1.889170543238885669e+00
4.880768443699070303e+03 1.372786503036928840e+00
4.910823578209180596e+03 1.608037510352550825e+00
4.940878712719290888e+03 1.305150009539905565e+00
4.970933847229401181e+03 1.014846710220230319e+00
5.000988981739511473e+03 1.386486588653637275e+00
5.031044116249622675e+03 1.317180411639032878e+00
5.061099250759732968e+03 1.231812075020516817e+00
5.091154385269843260e+03 1.102821020405982289e+00
5.121209519779953553e+03 8.052765727556777664e-01
5.151264654290063845e+03 1.060099803463355084e+00
5.181319788800174138e+03 1.153119177168212328e+00
5.211374923310284430e+03 1.172338755944552169e+00
5.241430057820394723e+03 1.194904198212730639e+00
5.271485192330505015e+03 1.151238876642126652e+00
5.301540326840615307e+03 1.168967565686826804e+00
5.331595461350725600e+03 1.207273263422985909e+00
5.361650595860835892e+03 1.161110477941963870e+00
5.391705730370947094e+03 1.155737767042618547e+00
5.421760864881057387e+03 1.232940198845240642e+00
5.451815999391167679e+03 1.203733447746292207e+00
5.481871133901277972e+03 1.190755410336211018e+00
5.511926268411388264e+03 1.347589289677897817e+00
5.541981402921498557e+03 1.382785114772382418e+00
5.572036537431608849e+03 1.340817439728534843e+00
5.602091671941719142e+03 1.128417012638291528e+00
5.632146806451829434e+03 1.075244173796410241e+00
5.662201940961939727e+03 1.044329278273320893e+00
5.692257075472050019e+03 1.024124403567609143e+00
5.722312209982160311e+03 8.476720724247587269e-01
5.752367344492270604e+03 4.200415406036310251e-01
5.782422479002380896e+03 1.970264682121548594e-01
5.812477613512491189e+03 3.318535534841273726e-01
5.842532748022601481e+03 8.309367292666174354e-01
5.872587882532711774e+03 1.721016541061443084e+00
5.902643017042822066e+03 1.572253520549916628e+00
5.932698151552933268e+03 1.315217069449334364e+00
5.962753286063043561e+03 1.258511617524031845e+00
5.992808420573153853e+03 1.166832726456005442e+00
6.022863555083264146e+03 1.013250182453927284e+00
6.052918689593374438e+03 1.007581035411855730e+00
6.082973824103484731e+03 1.076209792052658765e+00
6.113028958613595023e+03 1.166979979474021656e+00
6.143084093123705316e+03 1.277408491876298680e+00
6.173139227633816517e+03 1.163829292137136040e+00
6.203194362143926810e+03 1.122650418746062417e+00
6.233249496654037102e+03 1.267495134365789866e+00
6.263304631164147395e+03 1.499977615469927583e+00
6.293359765674257687e+03 1.396872822304162431e+00
6.323414900184367980e+03 1.492165485088301713e+00
6.353470034694478272e+03 1.307539858233192520e+00
6.383525169204588565e+03 5.986297937200825148e-01
6.413580303714698857e+03 2.132995978928695913e-01
6.443635438224809150e+03 4.292660147896072975e-01
6.473690572734919442e+03 1.183869825319224356e+00
6.503745707245029735e+03 4.198189569336234328e+00
6.533800841755140027e+03 6.477457648398488921e+00
6.563855976265250320e+03 4.957181336207215239e+00
6.593911110775360612e+03 2.997821756906451363e+00
6.623966245285470904e+03 1.865924526520113202e+00
6.654021379795581197e+03 1.420977971880605262e+00
6.684076514305691489e+03 1.120096275604924863e+00
6.714131648815801782e+03 9.051316782338902911e-01
6.744186783325912074e+03 8.287237913283507229e-01
6.774241917836022367e+03 8.199240112287017324e-01
6.804297052346133569e+03 7.972288281300716761e-01
6.834352186856243861e+03 6.723443814994283230e-01
6.864407321366354154e+03 6.663110562772506240e-01
6.894462455876464446e+03 6.895961929634053522e-01
6.924517590386574739e+03 6.996471294205739433e-01
6.954572724896685031e+03 7.280237228001479322e-01
6.984627859406795324e+03 7.859283829674392763e-01
7.014682993916905616e+03 9.387047543564980279e-01
7.044738128427016818e+03 1.108101462790202829e+00
7.074793262937127110e+03 9.698812499502762474e-01
7.104848397447237403e+03 9.767643399512925262e-01
7.134903531957347695e+03 9.975496589383782142e-01
7.164958666467457988e+03 8.964463393384602963e-01
7.195013800977568280e+03 1.000000000000000000e+00
7.225068935487678573e+03 1.317587428772590163e+00
7.255124069997788865e+03 2.116253527328827655e+00
7.285179204507899158e+03 2.610886206605493864e+00
7.315234339018009450e+03 2.141938445696377702e+00
7.345289473528119743e+03 1.525431485943480103e+00
7.375344608038230035e+03 1.151958994742059872e+00
7.405399742548340328e+03 1.085992608444574570e+00
7.435454877058450620e+03 1.077808202849882546e+00
7.465510011568560913e+03 9.915725421891902203e-01
7.495565146078671205e+03 9.732064942535310070e-01
7.525620280588781497e+03 8.891335887570627206e-01
7.555675415098891790e+03 6.673555735290856994e-01
7.705951087649444162e+03 1.050575903823065982e+00
7.736006222159554454e+03 1.071868464264474685e+00
7.766061356669664747e+03 1.032343504007019241e+00
7.796116491179775039e+03 8.831534591584009330e-01
7.826171625689885332e+03 7.907774229676766131e-01
7.856226760199995624e+03 7.632244908508000192e-01
7.886281894710105917e+03 8.168854583831571814e-01
7.916337029220216209e+03 8.271266045012254375e-01
7.946392163730326502e+03 8.582822455275543883e-01
7.976447298240436794e+03 8.519692431378469433e-01
8.006502432750547996e+03 8.417439144795144657e-01
8.036557567260658288e+03 8.227430968204128003e-01
8.066612701770768581e+03 8.081991779722665914e-01
8.096667836280878873e+03 7.299906898243692099e-01
8.126722970790989166e+03 6.304864400824975457e-01
8.156778105301099458e+03 7.398909131942046358e-01
8.186833239811209751e+03 7.613439549458490552e-01
8.216888374321319134e+03 7.383943743698025974e-01
8.246943508831431245e+03 7.303211146752178751e-01
8.276998643341539719e+03 7.643173549215296347e-01
8.307053777851651830e+03 8.693080977061435899e-01
8.337108912361760304e+03 9.643485284984254502e-01
8.367164046871872415e+03 8.259079068892051234e-01
8.397219181381980889e+03 5.202680739309950564e-01
8.427274315892093000e+03 7.238092171444880929e-01
8.457329450402203292e+03 1.167277686662619107e+00
8.487384584912313585e+03 2.686867445780125152e+00
8.517439719422423877e+03 2.746605283624706573e+00
8.547494853932534170e+03 1.302162110226133596e+00
8.577549988442644462e+03 1.193169361825286101e+00
8.607605122952754755e+03 2.201032663572187964e+00
8.637660257462865047e+03 2.810027459769162128e+00
8.667715391972975340e+03 2.550954039969873577e+00
8.697770526483085632e+03 2.124053418009467897e+00
8.727825660993195925e+03 1.640619594377251023e+00
8.757880795503306217e+03 1.212011816583938195e+00
8.787935930013416510e+03 1.106452963370482268e+00
8.817991064523528621e+03 1.123591604676111855e+00
8.848046199033637095e+03 1.043435921328662808e+00
8.878101333543749206e+03 9.980509217695274771e-01
8.908156468053857679e+03 9.215440815890937332e-01
8.938211602563969791e+03 8.479226096887872988e-01
8.968266737074078264e+03 1.041431246610249994e+00
8.998321871584190376e+03 1.095699115008420321e+00
9.028377006094298849e+03 1.063524660102326713e+00
9.058432140604410961e+03 1.175762247386106019e+00
9.088487275114519434e+03 1.196513106907338697e+00
