3.631379788240376001e+03 8.834566043202524144e-01
3.661496071097365530e+03 7.824595714086426401e-01
3.691612353954355058e+03 6.736276545515028635e-01
3.721728636811345041e+03 6.093767437680412957e-01
3.751844919668334569e+03 6.521778992155726762e-01
3.781961202525324097e+03 6.816644131818132557e-01
3.812077485382313625e+03 7.467358003627035945e-01
3.842193768239303608e+03 8.676858990868021593e-01
3.872310051096293137e+03 9.896594555151358996e-01
3.902426333953282665e+03 1.045084116687591935e+00
3.932542616810272193e+03 1.143123115389155453e+00
3.962658899667261721e+03 1.187960421830902780e+00
3.992775182524251250e+03 1.214773873525845316e+00
4.022891465381241233e+03 1.218293266909184602e+00
4.053007748238230761e+03 1.179888452499758600e+00
4.083124031095220289e+03 1.170585449999463457e+00
4.113240313952210272e+03 1.129612266469218529e+00
4.143356596809198891e+03 1.104764913240833035e+00
4.173472879666189328e+03 1.109333585509019393e+00
4.203589162523177947e+03 1.129463375505692646e+00
4.233705445380168385e+03 1.145974846816684378e+00
4.263821728237158823e+03 1.104784698301301660e+00
4.293938011094147441e+03 1.010960252819538718e+00
4.324054293951137879e+03 1.001993261007200431e+00
4.354170576808126498e+03 1.087140113103477912e+00
4.384286859665116936e+03 1.162527900288660598e+00
4.414403142522105554e+03 1.230456384337207165e+00
4.444519425379095992e+03 1.275893278713152945e+00
4.474635708236084611e+03 1.358482492568865441e+00
4.504751991093075048e+03 1.393863210786680629e+00
4.534868273950063667e+03 1.398131753747759998e+00
4.564984556807054105e+03 1.361164206612368366e+00
4.595100839664044543e+03 1.283846537681486044e+00
4.625217122521033161e+03 1.177400900320853427e+00
4.655333405378023599e+03 1.162527229608644630e+00
4.685449688235012218e+03 1.174900605221646188e+00
4.715565971092002655e+03 1.154670213222590558e+00
4.745682253948991274e+03 1.144444355020442394e+00
4.775798536805981712e+03 1.117373026859393326e+00
4.805914819662970331e+03 1.102564412108725245e+00
4.836031102519960768e+03 1.169975131185011064e+00
4.866147385376950297e+03 1.249156619880028574e+00
4.896263668233939825e+03 1.331866556138600055e+00
4.926379951090930263e+03 1.347188241101417550e+00
4.956496233947918881e+03 1.317567658200002212e+00
4.986612516804909319e+03 1.271913463498910657e+00
5.016728799661897938e+03 1.245458490272457031e+00
5.046845082518888375e+03 1.250260894526177724e+00
5.076961365375876994e+03 1.269777347648327614e+00
5.107077648232867432e+03 1.285839128008670507e+00
5.137193931089856960e+03 1.327337789331358930e+00
5.167310213946846488e+03 1.361888205689512743e+00
5.197426496803836926e+03 1.401586091169558568e+00
5.227542779660825545e+03 1.437534204680809946e+00
5.257659062517815983e+03 1.446420379551234481e+00
5.287775345374804601e+03 1.442450289197222846e+00
5.317891628231795039e+03 1.446007911341467445e+00
5.348007911088783658e+03 1.448361662857204024e+00
5.378124193945774095e+03 1.459461752460054385e+00
5.408240476802762714e+03 1.465402300700726412e+00
5.438356759659753152e+03 1.455347465902628201e+00
5.468473042516742680e+03 1.429109793001319684e+00
5.498589325373732208e+03 1.381221227827318598e+00
5.528705608230722646e+03 1.317011664466836152e+00
5.558821891087711265e+03 1.176908956529204131e+00
5.588938173944701703e+03 1.015593310369249602e+00
5.619054456801690321e+03 9.022768915859168404e-01
5.649170739658680759e+03 9.035347519557028750e-01
5.679287022515669378e+03 9.898918461406389646e-01
5.709403305372659815e+03 1.147876895341724879e+00
5.739519588229649344e+03 1.276369796864436523e+00
5.769635871086638872e+03 1.375022132440524070e+00
5.799752153943628400e+03 1.416933597312987514e+00
5.829868436800617928e+03 1.416791413149620871e+00
5.859984719657608366e+03 1.388797564626726322e+00
5.890101002514596985e+03 1.350709311184796535e+00
5.920217285371587423e+03 1.299961972443099523e+00
5.950333568228576041e+03 1.243241557479960013e+00
5.980449851085566479e+03 1.197213123330006512e+00
6.010566133942555098e+03 1.161110082735086646e+00
6.040682416799545535e+03 1.104136486065951939e+00
6.070798699656535064e+03 1.045217917350760306e+00
6.100914982513524592e+03 9.759785892111730865e-01
6.131031265370514120e+03 8.435524847353228495e-01
6.161147548227503648e+03 7.333312542252842237e-01
6.191263831084494086e+03 6.314813846054790902e-01
6.221380113941482705e+03 6.002295737694361977e-01
6.251496396798473143e+03 6.591299670561975299e-01
6.281612679655461761e+03 7.998033566193435417e-01
6.311728962512452199e+03 9.194499887325756626e-01
6.341845245369441727e+03 1.007416714955627679e+00
6.371961528226431255e+03 1.021559009110517335e+00
6.402077811083420784e+03 1.009216820118254310e+00
6.432194093940410312e+03 1.032839176297631667e+00
6.462310376797400750e+03 1.081828998057710711e+00
6.492426659654389368e+03 1.159356925173572028e+00
6.522542942511379806e+03 1.218431091652448339e+00
6.552659225368368425e+03 1.230773615984719127e+00
6.582775508225358863e+03 1.228684447735247653e+00
6.612891791082347481e+03 1.223357236369099432e+00
6.643008073939337919e+03 1.209829620448765297e+00
6.673124356796327447e+03 1.178953189217611497e+00
6.703240639653316975e+03 1.130126007361383689e+00
6.733356922510306504e+03 1.095157757353335759e+00
6.763473205367296032e+03 1.022504667932910394e+00
6.793589488224286470e+03 1.004150167938276050e+00
6.823705771081275088e+03 9.585365493781454749e-01
6.853822053938265526e+03 9.868603724688536083e-01
6.883938336795254145e+03 1.030341563918488079e+00
6.914054619652244583e+03 1.042854105634785311e+00
6.944170902509233201e+03 1.029123609009647167e+00
6.974287185366223639e+03 1.002957028190022415e+00
7.004403468223213167e+03 9.980067389927995691e-01
7.034519751080202695e+03 9.742106766893088299e-01
7.064636033937192224e+03 9.616485046518365998e-01
7.094752316794181752e+03 9.673667224672439779e-01
7.124868599651172190e+03 9.526204809580529620e-01
7.154984882508160808e+03 9.594825435405465175e-01
7.185101165365151246e+03 9.540027524707851425e-01
7.215217448222139865e+03 9.303562518108360324e-01
7.245333731079130303e+03 8.974007125304488408e-01
7.275450013936119831e+03 9.010874405777506979e-01
7.305566296793109359e+03 8.853137172842288072e-01
7.335682579650098887e+03 8.772199508525683198e-01
7.365798862507088415e+03 8.388127890630868722e-01
7.395915145364078853e+03 8.038130170942923147e-01
7.426031428221067472e+03 7.650440234362424485e-01
7.456147711078057910e+03 7.372084553970962295e-01
7.486263993935046528e+03 7.078618452821684448e-01
7.636845408219995079e+03 7.634588712187061477e-01
7.666961691076984607e+03 7.808955456116064564e-01
7.697077973933974135e+03 8.032734550215154812e-01
7.727194256790963664e+03 8.268579177799953994e-01
7.757310539647953192e+03 8.123712294369507259e-01
7.787426822504943630e+03 8.074477674403630623e-01
7.817543105361933158e+03 8.044733015699278011e-01
7.847659388218922686e+03 7.776018360536114393e-01
7.877775671075912214e+03 7.552427056841471975e-01
7.907891953932901743e+03 7.352960113318094404e-01
7.938008236789891271e+03 7.134995814956700544e-01
7.968124519646880799e+03 7.026858722596014406e-01
7.998240802503870327e+03 6.819098820676259276e-01
8.028357085360859855e+03 6.404976713989848358e-01
8.058473368217849384e+03 6.192127021429567613e-01
8.088589651074838912e+03 5.851239148397342493e-01
8.118705933931829350e+03 5.296079741171169086e-01
8.148822216788818878e+03 5.351211315176683803e-01
8.178938499645808406e+03 5.421975098992370956e-01
8.209054782502797025e+03 5.266455469529666145e-01
8.239171065359787463e+03 5.119989349601348216e-01
8.269287348216777900e+03 5.202884058204294560e-01
8.299403631073766519e+03 5.372157658092693300e-01
8.329519913930755138e+03 5.801310709955037614e-01
8.359636196787745575e+03 6.233626018092264243e-01
8.389752479644736013e+03 6.306948110828531906e-01
8.419868762501726451e+03 6.478588540492976611e-01
8.449985045358715070e+03 6.995397123051003696e-01
8.480101328215703688e+03 7.542742437412141010e-01
8.510217611072694126e+03 7.562413482277950960e-01
8.540333893929684564e+03 7.582513762353925157e-01
8.570450176786673183e+03 7.491257685992982474e-01
8.600566459643661801e+03 7.384435126463424481e-01
8.630682742500652239e+03 7.803861641395443138e-01
8.660799025357642677e+03 7.649186062732725722e-01
8.690915308214631295e+03 7.243625857129061263e-01
8.721031591071621733e+03 6.734613259075641345e-01
8.751147873928610352e+03 6.531718469991092402e-01
8.781264156785600790e+03 6.378589479444998211e-01
8.811380439642591227e+03 6.102523500627756725e-01
8.841496722499579846e+03 5.925376788032922226e-01
8.871613005356568465e+03 5.828948427389498699e-01
8.901729288213558902e+03 5.568232972775757350e-01
8.931845571070549340e+03 5.333237090751054010e-01
8.961961853927537959e+03 5.221820708452714621e-01
8.992078136784526578e+03 5.498380307761645547e-01
9.022194419641517015e+03 5.504476789106010903e-01
9.052310702498507453e+03 5.503130734314135575e-01
9.082426985355497891e+03 5.512168818208157406e-01
9.112543268212486510e+03 5.349261648370515765e-01
9.142659551069475128e+03 5.450128234019036011e-01
