3.343202805976956370e+03 6.107955051975707539e-01
3.373213867336809017e+03 6.003951957386871596e-01
3.403224928696662118e+03 6.519212885024500137e-01
3.433235990056515220e+03 6.749438821534265998e-01
3.463247051416367867e+03 6.940204615991655279e-01
3.493258112776221424e+03 6.890038995023489710e-01
3.523269174136074071e+03 6.069885097627094606e-01
3.553280235495927172e+03 6.152815737338246382e-01
3.583291296855780274e+03 6.791475203625030321e-01
3.613302358215632921e+03 7.350154949081146860e-01
3.643313419575486478e+03 7.775831457570463456e-01
3.673324480935339125e+03 7.189789820673537779e-01
3.703335542295192226e+03 6.530548857991809175e-01
3.733346603655045328e+03 5.164098221670856415e-01
3.763357665014897975e+03 3.795242922381272810e-01
3.793368726374751532e+03 3.487884824240738979e-01
3.823379787734604179e+03 4.540899038005613564e-01
3.853390849094457280e+03 4.907909883795295025e-01
3.883401910454310382e+03 5.495481760763165635e-01
3.913412971814163484e+03 7.728797634923789683e-01
3.943424033174016586e+03 9.998074925949248515e-01
3.973435094533869233e+03 1.058250673582118440e+00
4.003446155893722789e+03 1.115127955408566462e+00
4.033457217253575436e+03 1.160453500934500504e+00
4.063468278613428538e+03 1.162742659460085370e+00
4.093479339973281640e+03 1.066486889728915921e+00
4.123490401333134287e+03 9.771929112830269881e-01
4.153501462692987843e+03 1.020473743927941879e+00
4.183512524052840490e+03 9.820709714078699193e-01
4.213523585412693137e+03 9.816988765577919773e-01
4.243534646772546694e+03 1.000192507405075037e+00
4.273545708132400250e+03 9.855820997570788888e-01
4.303556769492251988e+03 1.070419725574880188e+00
4.333567830852105544e+03 1.029970431379378715e+00
4.363578892211959101e+03 1.029486708074277335e+00
4.393589953571811748e+03 1.035777436633409820e+00
4.423601014931664395e+03 1.031991629933066923e+00
4.453612076291517951e+03 1.105961502136573626e+00
4.483623137651370598e+03 1.147448010726667578e+00
4.513634199011223245e+03 1.255523476730247667e+00
4.543645260371076802e+03 1.467136918760066022e+00
4.573656321730930358e+03 1.450125982530663604e+00
4.603667383090783005e+03 1.443920008909604702e+00
4.633678444450635652e+03 1.371620170745024403e+00
4.663689505810489209e+03 1.199213122751765725e+00
4.693700567170341856e+03 1.170079129587457967e+00
4.723711628530194503e+03 1.052945221178088531e+00
4.753722689890048059e+03 1.018561073038859899e+00
4.783733751249900706e+03 1.022995720134026509e+00
4.813744812609753353e+03 9.643091270990736819e-01
4.843755873969606910e+03 8.747014520226327194e-01
4.873766935329460466e+03 7.410648786130991095e-01
4.903777996689313113e+03 8.391700114289966095e-01
4.933789058049165760e+03 1.058966180970914328e+00
4.963800119409019317e+03 1.305217777554980252e+00
4.993811180768871964e+03 1.398360353707162940e+00
5.023822242128724611e+03 1.228815593668289408e+00
5.053833303488578167e+03 1.155286292103242740e+00
5.083844364848430814e+03 1.081702209907490442e+00
5.113855426208284371e+03 1.180788226092066129e+00
5.143866487568137018e+03 1.456193195780547844e+00
5.173877548927990574e+03 1.371736967184076450e+00
5.203888610287843221e+03 1.428162050407999484e+00
5.233899671647695868e+03 1.428785826080283261e+00
5.263910733007549425e+03 1.379331319714489412e+00
5.293921794367402072e+03 1.373212685023518231e+00
5.323932855727254719e+03 1.355946708782291177e+00
5.353943917087108275e+03 1.340701672695550739e+00
5.383954978446960922e+03 1.312016260544948354e+00
5.413966039806814479e+03 1.254098146735087349e+00
5.443977101166667126e+03 1.233852052503616736e+00
5.473988162526520682e+03 1.278291547167802689e+00
5.503999223886373329e+03 1.451645111435947655e+00
5.534010285246225976e+03 1.708774797602365503e+00
5.564021346606079533e+03 1.470180861353066026e+00
5.594032407965932180e+03 1.269843960474224653e+00
5.624043469325785736e+03 1.228624119860019848e+00
5.654054530685638383e+03 9.432661297303526204e-01
5.684065592045491030e+03 8.347224443737578659e-01
5.714076653405344587e+03 6.421044444404249152e-01
5.744087714765197234e+03 5.675263005167209274e-01
5.774098776125050790e+03 7.220717621094263627e-01
5.804109837484903437e+03 8.173680956056373903e-01
5.834120898844756084e+03 9.375064115301857681e-01
5.864131960204609641e+03 9.664696028223395130e-01
5.894143021564462288e+03 9.740171850972912937e-01
5.924154082924315844e+03 1.009938291686703460e+00
5.954165144284168491e+03 9.986989600207339945e-01
5.984176205644022048e+03 8.955821746928472882e-01
6.014187267003874695e+03 8.526003099240022642e-01
6.044198328363727342e+03 7.852100565868411763e-01
6.074209389723580898e+03 7.404697852521755497e-01
6.104220451083433545e+03 7.468501783342088585e-01
6.134231512443286192e+03 7.757629817820811402e-01
6.164242573803139749e+03 8.693019423092773756e-01
6.194253635162992396e+03 1.117767244852106545e+00
6.224264696522845952e+03 1.468203332264421901e+00
6.254275757882698599e+03 2.009514775395538244e+00
6.284286819242552156e+03 1.870372231801654905e+00
6.314297880602404803e+03 1.964382254073081979e+00
6.344308941962257450e+03 1.979199122683031220e+00
6.374320003322111006e+03 1.766520300745662464e+00
6.404331064681963653e+03 1.577037199924237409e+00
6.434342126041816300e+03 1.447717443574012330e+00
6.464353187401669857e+03 1.284124650741179430e+00
6.494364248761522504e+03 1.158576230736016344e+00
6.524375310121376060e+03 9.889402557790335502e-01
6.554386371481228707e+03 8.943692488412734454e-01
6.584397432841082264e+03 8.760461614669424746e-01
6.614408494200934911e+03 8.285415354752387884e-01
6.644419555560787558e+03 7.843573392220787310e-01
6.674430616920641114e+03 7.270635178829043532e-01
6.704441678280493761e+03 6.440700871658027182e-01
6.734452739640347318e+03 6.305033538924351699e-01
6.764463801000199965e+03 6.254906677836403750e-01
6.794474862360052612e+03 6.256066890250883139e-01
6.824485923719906168e+03 5.229209135652087559e-01
6.854496985079758815e+03 5.132281527997165638e-01
6.884508046439612372e+03 5.093246194231960677e-01
6.914519107799465019e+03 5.751790512666600241e-01
6.944530169159317666e+03 6.999150641824857244e-01
6.974541230519171222e+03 8.044923217969287554e-01
7.004552291879023869e+03 7.870912027733469873e-01
7.034563353238877426e+03 7.706177368829459917e-01
7.064574414598730073e+03 8.078254130963433699e-01
7.094585475958583629e+03 8.142282869089021435e-01
7.124596537318436276e+03 8.655874537885328568e-01
7.154607598678288923e+03 9.808962886381095148e-01
7.184618660038142480e+03 1.096472049862777132e+00
7.214629721397995127e+03 1.436787415752170283e+00
7.244640782757847774e+03 1.689707003729475687e+00
7.274651844117701330e+03 1.831162220176274946e+00
7.304662905477553977e+03 1.803986634559704427e+00
7.334673966837407534e+03 1.674251113894357879e+00
7.364685028197260181e+03 1.374057908811438411e+00
7.394696089557113737e+03 1.071992084715661431e+00
