3.457297475181529990e+03 2.081658567591286424e+00
3.477313073756584799e+03 2.102532845653997118e+00
3.497328672331639609e+03 2.193385925010627790e+00
3.517344270906694874e+03 2.119425279524067118e+00
3.537359869481749229e+03 2.118327339284280519e+00
3.557375468056804493e+03 1.976674805982567174e+00
3.577391066631859758e+03 2.035060223962639636e+00
3.597406665206914113e+03 1.963547096342422638e+00
3.617422263781969377e+03 1.952448045464276305e+00
3.637437862357024642e+03 2.016043090622188227e+00
3.657453460932078997e+03 2.001655584427383783e+00
3.677469059507134261e+03 1.936409604857763922e+00
3.697484658082189526e+03 1.991249028191435455e+00
3.717500256657243881e+03 2.056581748438086610e+00
3.737515855232299145e+03 1.875556459327833103e+00
3.757531453807353955e+03 1.910368980532351602e+00
3.777547052382408765e+03 2.027159131942227521e+00
3.797562650957464029e+03 1.919121561961727007e+00
3.817578249532518385e+03 1.855050069043790550e+00
3.837593848107573649e+03 1.834367514704333235e+00
3.857609446682628914e+03 1.860517593244886525e+00
3.877625045257683269e+03 1.842385035963399975e+00
3.897640643832738533e+03 1.827890221714535857e+00
3.917656242407793798e+03 1.776695158743487157e+00
3.937671840982848153e+03 1.760562465896158946e+00
3.957687439557903417e+03 1.731788973703982437e+00
3.977703038132958682e+03 1.782208288867558332e+00
3.997718636708013037e+03 1.767022410750550110e+00
4.017734235283068301e+03 1.735319855799437150e+00
4.037749833858123566e+03 1.749257562400974964e+00
4.057765432433177921e+03 1.736668002651939657e+00
4.077781031008233185e+03 1.815295833103067968e+00
4.097796629583287540e+03 1.802289739257525003e+00
4.117812228158342805e+03 1.759299092406363396e+00
4.137827826733398069e+03 1.691557127499316415e+00
4.157843425308452424e+03 1.677350077682088658e+00
4.177859023883507689e+03 1.638687522344666636e+00
4.197874622458562953e+03 1.641789798187531346e+00
4.217890221033617308e+03 1.611685954395150056e+00
4.237905819608672573e+03 1.636210494763456369e+00
4.257921418183726928e+03 1.549681751138672459e+00
4.277937016758782192e+03 1.541113560715523079e+00
4.297952615333837457e+03 1.509480577152791714e+00
4.317968213908892722e+03 1.595679885051612290e+00
4.337983812483947077e+03 1.504463210238476067e+00
4.357999411059002341e+03 1.541901917219347773e+00
4.378015009634056696e+03 1.625928773563730667e+00
4.398030608209111961e+03 1.633838629075224702e+00
4.418046206784167225e+03 1.525493263826329660e+00
4.438061805359222490e+03 1.549033073951882056e+00
4.458077403934276845e+03 1.607747391117647195e+00
4.478093002509332109e+03 1.578064373743937043e+00
4.498108601084386464e+03 1.573457281289642573e+00
4.518124199659441729e+03 1.546067973571456866e+00
4.538139798234496993e+03 1.532426973739394294e+00
4.558155396809551348e+03 1.532547158759940853e+00
4.578170995384606613e+03 1.522559640475095621e+00
4.598186593959661877e+03 1.544522558746241225e+00
4.618202192534716232e+03 1.575271771060412718e+00
4.638217791109771497e+03 1.584053236241006024e+00
4.658233389684826761e+03 1.609309975231512535e+00
4.678248988259881116e+03 1.593136863017155402e+00
4.698264586834936381e+03 1.580412095120005134e+00
4.718280185409990736e+03 1.524837611616025379e+00
4.738295783985046000e+03 1.495958510413978315e+00
4.758311382560101265e+03 1.462341222084927450e+00
4.778326981135155620e+03 1.468121817533742712e+00
4.798342579710210885e+03 1.460215941362586811e+00
4.818358178285266149e+03 1.511982822126706427e+00
4.838373776860320504e+03 1.489927350658934335e+00
4.858389375435375769e+03 1.461216275984869029e+00
4.878404974010431033e+03 1.482071417444605466e+00
4.898420572585485388e+03 1.474207972666492505e+00
4.918436171160540653e+03 1.441378325454239384e+00
4.938451769735595008e+03 1.440484896480814569e+00
4.958467368310650272e+03 1.440574990534535305e+00
4.978482966885705537e+03 1.451291085794756519e+00
4.998498565460760801e+03 1.437261630806997648e+00
5.018514164035815156e+03 1.416592311127541359e+00
5.038529762610870421e+03 1.394686534395182420e+00
5.058545361185924776e+03 1.393401252177682847e+00
5.078560959760980040e+03 1.370644969693522786e+00
5.098576558336035305e+03 1.355980519295866049e+00
5.118592156911089660e+03 1.332407354250176645e+00
5.138607755486144924e+03 1.286158432472561897e+00
5.158623354061200189e+03 1.263360255135629107e+00
5.178638952636254544e+03 1.237620003938205482e+00
5.198654551211309808e+03 1.240837546515805911e+00
5.218670149786365073e+03 1.224249509825751314e+00
5.238685748361419428e+03 1.212949971733270349e+00
5.258701346936474692e+03 1.195527883193037155e+00
5.278716945511529048e+03 1.192040907976368525e+00
5.298732544086584312e+03 1.185622634416304111e+00
5.318748142661639577e+03 1.159906974647935574e+00
5.338763741236693932e+03 1.143749332678038799e+00
5.358779339811749196e+03 1.122869510365868573e+00
5.378794938386804461e+03 1.110199380152910420e+00
5.398810536961858816e+03 1.085316430884045058e+00
5.418826135536914080e+03 1.092200063705214719e+00
5.438841734111969345e+03 1.084158934674254837e+00
5.458857332687023700e+03 1.064764166406891643e+00
5.478872931262078964e+03 1.068878983163187524e+00
5.498888529837134229e+03 1.063371844405467614e+00
5.518904128412188584e+03 1.069974330125001316e+00
5.538919726987243848e+03 1.074380398824690719e+00
5.558935325562298203e+03 1.073303115385310091e+00
5.578950924137353468e+03 1.059994233980561917e+00
5.598966522712408732e+03 1.073924697288450636e+00
5.618982121287463997e+03 1.095898346365002274e+00
5.638997719862518352e+03 1.100405150500439966e+00
5.659013318437573616e+03 1.089662049379947151e+00
5.679028917012627971e+03 1.101854211635448166e+00
5.699044515587683236e+03 1.074511046380508095e+00
5.719060114162738500e+03 1.081744682304669247e+00
5.739075712737792855e+03 1.073904398181557696e+00
5.759091311312848120e+03 1.067693586859341792e+00
5.779106909887903385e+03 1.056554027190787837e+00
5.799122508462957740e+03 1.053971435311396254e+00
5.819138107038013004e+03 1.084390183530753227e+00
5.839153705613068269e+03 1.098109965359171714e+00
5.859169304188122624e+03 1.092217680110756151e+00
5.879184902763177888e+03 1.079369150257923682e+00
5.899200501338232243e+03 1.032359011971823115e+00
5.919216099913287508e+03 1.061511659288343568e+00
5.939231698488342772e+03 1.063814132434950377e+00
5.959247297063397127e+03 1.055557671908843975e+00
5.979262895638452392e+03 1.039855418493362604e+00
5.999278494213507656e+03 1.022926276326466155e+00
6.019294092788562011e+03 1.023759344519482584e+00
6.039309691363617276e+03 1.019179079078702976e+00
6.059325289938672540e+03 1.008579636615582587e+00
6.079340888513726895e+03 9.923910541567653176e-01
6.099356487088782160e+03 9.981669995899045134e-01
6.119372085663836515e+03 1.001833000410095487e+00
6.139387684238891779e+03 1.003555026407617845e+00
6.159403282813947044e+03 1.011625575730066062e+00
6.179418881389002308e+03 9.978706505139429694e-01
6.199434479964056663e+03 9.964284302673812599e-01
6.219450078539111928e+03 9.725230573709991999e-01
6.239465677114166283e+03 9.882412728595216800e-01
6.259481275689221548e+03 1.007993824063795341e+00
6.279496874264276812e+03 1.002795285384875390e+00
6.299512472839331167e+03 1.003829735026010583e+00
6.319528071414386432e+03 9.827321220757884168e-01
6.339543669989441696e+03 9.896685594018935772e-01
6.359559268564496051e+03 9.902028640877321708e-01
6.379574867139551316e+03 1.025008857385628858e+00
6.399590465714606580e+03 1.009308973689674760e+00
6.419606064289660935e+03 1.006812809505490680e+00
6.439621662864716200e+03 1.043495173551998390e+00
6.459637261439770555e+03 1.039549277557468399e+00
6.479652860014825819e+03 1.067990919592465504e+00
6.499668458589881084e+03 1.089271984603440435e+00
6.519684057164936348e+03 1.127146183437037541e+00
6.539699655739990703e+03 1.159157517313707420e+00
6.559715254315045968e+03 1.154566968184413733e+00
6.579730852890100323e+03 1.190508817234531946e+00
6.599746451465155587e+03 1.126233349590503474e+00
6.619762050040210852e+03 1.146183347614246895e+00
6.639777648615265207e+03 1.127737406103217044e+00
6.659793247190320471e+03 1.122862177648841220e+00
6.679808845765375736e+03 1.120393734711955691e+00
6.699824444340430091e+03 1.142534963199597131e+00
6.719840042915485355e+03 1.107644911926020326e+00
6.739855641490540620e+03 1.116488168661076141e+00
6.759871240065594975e+03 1.052157705639342300e+00
6.779886838640650240e+03 1.108683832736074626e+00
6.799902437215704595e+03 1.072855551376503014e+00
6.819918035790759859e+03 1.073278613379633262e+00
6.839933634365815124e+03 9.921801938305380153e-01
6.859949232940869479e+03 9.917998762022748327e-01
6.879964831515924743e+03 9.417332468430418269e-01
6.899980430090980008e+03 9.688656411951327430e-01
6.919996028666034363e+03 9.025362973964026203e-01
6.940011627241089627e+03 9.044692731435304278e-01
6.960027225816144892e+03 8.590001679371045418e-01
6.980042824391199247e+03 8.868230449053801090e-01
7.000058422966254511e+03 8.339803114759346547e-01
7.020074021541308866e+03 8.818537430569453051e-01
7.040089620116364131e+03 8.504542439351722161e-01
7.060105218691419395e+03 8.239943133885216930e-01
7.080120817266474660e+03 8.281408754441434983e-01
7.100136415841529015e+03 8.158115377262031842e-01
7.120152014416584279e+03 7.776702312613757995e-01
7.140167612991638634e+03 7.989141855703217887e-01
7.160183211566693899e+03 8.192535329835449742e-01
7.180198810141749163e+03 7.901388011794585609e-01
7.200214408716803518e+03 7.918892638113065319e-01
7.220230007291858783e+03 7.600419324105913699e-01
7.240245605866914048e+03 7.876382552497336320e-01
7.260261204441968403e+03 7.602781889762794121e-01
7.280276803017023667e+03 7.870175675803768867e-01
7.300292401592078932e+03 7.339440324113246650e-01
7.320308000167133287e+03 7.469976994941678328e-01
7.340323598742188551e+03 7.563646642447238166e-01
7.360339197317242906e+03 7.341211354122122446e-01
7.380354795892298171e+03 7.518214200825950044e-01
7.400370394467353435e+03 7.585157436117279106e-01
7.420385993042408700e+03 7.337455125113143684e-01
7.440401591617463055e+03 7.535901250836332110e-01
7.460417190192518319e+03 7.197304099757859674e-01
7.480432788767572674e+03 6.871037985441516005e-01
7.500448387342627939e+03 8.673449787610533201e-01
7.520463985917683203e+03 7.581683337867098915e-01
7.540479584492737558e+03 7.828445362047538048e-01
7.560495183067792823e+03 7.083300023124885492e-01
7.580510781642848087e+03 7.263142062092374784e-01
7.600526380217902442e+03 7.238657046857314148e-01
7.620541978792957707e+03 7.067553907542306613e-01
7.640557577368012062e+03 7.338146814944934704e-01
7.660573175943067326e+03 6.845838030296282906e-01
7.680588774518122591e+03 7.180399951425220362e-01
7.700604373093177855e+03 7.123179720065478948e-01
7.720619971668232211e+03 6.877160804159403451e-01
7.740635570243287475e+03 7.186630972430950726e-01
7.760651168818341830e+03 6.626004515165222486e-01
7.780666767393397095e+03 7.120283743956544731e-01
7.800682365968452359e+03 6.953899476318811113e-01
7.820697964543507624e+03 6.683896092538174072e-01
7.840713563118561979e+03 6.833107718149672438e-01
7.860729161693616334e+03 7.092771747363217916e-01
7.880744760268671598e+03 6.617038927248536373e-01
7.900760358843726863e+03 6.844096510002273259e-01
7.920775957418782127e+03 6.779441618963765182e-01
7.940791555993836482e+03 6.464612754742613543e-01
7.960807154568891747e+03 6.835887443866709434e-01
7.980822753143946102e+03 6.672890086685233646e-01
8.000838351719001366e+03 6.269641845061835195e-01
8.020853950294056631e+03 6.421542878778204733e-01
8.040869548869111895e+03 6.703140674241542252e-01
8.060885147444166250e+03 6.337452263565034327e-01
8.080900746019221515e+03 6.406163399046995721e-01
8.100916344594275870e+03 6.711926521167674853e-01
8.120931943169331134e+03 6.625366926477350704e-01
8.140947541744386399e+03 6.374640316816297947e-01
8.160963140319440754e+03 6.739772514079264143e-01
8.180978738894496018e+03 6.661949136340069577e-01
8.200994337469550373e+03 6.175764511759977982e-01
8.221009936044605638e+03 6.241237179593800422e-01
8.241025534619660903e+03 6.491403998906173367e-01
8.261041133194714348e+03 6.062483423141231675e-01
8.281056731769771432e+03 6.284510046627137525e-01
8.301072330344824877e+03 6.515157083789169246e-01
8.321087928919881961e+03 6.002913145397583694e-01
8.341103527494935406e+03 6.336843737475137406e-01
8.361119126069990671e+03 6.358938465806021068e-01
8.381134724645045935e+03 5.835648504599669772e-01
8.401150323220099381e+03 6.287079180288082103e-01
8.421165921795156464e+03 6.196978419813788941e-01
8.441181520370209910e+03 5.911386082038080358e-01
8.461197118945265174e+03 5.821469086606362309e-01
8.481212717520320439e+03 6.089834010536578912e-01
8.501228316095373884e+03 5.656321097174775714e-01
8.521243914670430968e+03 5.633351808203307387e-01
8.541259513245484413e+03 5.487982481602481366e-01
8.561275111820539678e+03 5.660142605249974812e-01
8.581290710395594942e+03 5.735040944282260300e-01
8.601306308970648388e+03 5.977918416905739774e-01
8.621321907545705471e+03 6.087132977392518685e-01
8.641337506120758917e+03 5.813169702858632659e-01
8.661353104695816000e+03 5.645820109851255042e-01
8.681368703270869446e+03 5.972830897351082413e-01
8.701384301845924711e+03 6.024220053764911542e-01
8.721399900420979975e+03 5.880367794778353918e-01
8.741415498996033421e+03 5.894862430180461965e-01
8.761431097571090504e+03 5.976804648727979119e-01
8.781446696146143950e+03 5.799714167113336760e-01
8.801462294721199214e+03 5.666544424908416255e-01
8.821477893296254479e+03 6.195966594287383167e-01
8.841493491871307924e+03 6.102757477180495993e-01
8.861509090446365008e+03 5.952883447893623226e-01
8.881524689021418453e+03 5.921745333306863701e-01
8.901540287596473718e+03 6.028684068813794372e-01
8.921555886171528982e+03 6.258397973022398197e-01
8.941571484746582428e+03 6.083104007079469522e-01
8.961587083321639511e+03 5.868724870912882530e-01
8.981602681896692957e+03 6.044556271359891042e-01
9.001618280471750040e+03 6.296649493801081965e-01
9.021633879046803486e+03 6.126683596300662726e-01
9.041649477621856931e+03 5.988292870148849145e-01
9.061665076196914015e+03 5.939262031781425977e-01
9.081680674771967460e+03 5.971940016943941831e-01
9.101696273347024544e+03 5.940039120939574202e-01
9.121711871922077989e+03 5.917266563400548351e-01
9.141727470497133254e+03 5.925982212974651997e-01
9.161743069072188518e+03 5.998230490188556363e-01
9.181758667647241964e+03 5.635102717952046314e-01
9.201774266222299048e+03 5.885699216597550798e-01
9.221789864797352493e+03 6.151928263135085784e-01
9.241805463372407758e+03 6.321707936450023935e-01
9.261821061947463022e+03 6.027598469000223780e-01
9.281836660522516468e+03 5.762575743837073938e-01
9.301852259097573551e+03 5.703294303605603854e-01
9.321867857672626997e+03 5.814357245323559242e-01
9.341883456247682261e+03 6.059874943193799268e-01
9.361899054822737526e+03 5.526658092753147233e-01
9.381914653397790971e+03 5.343481903122645482e-01
9.401930251972848055e+03 5.389705294525732882e-01
9.421945850547901500e+03 5.815897563016207972e-01
9.441961449122958584e+03 5.810764661097020944e-01
9.461977047698012029e+03 5.943418430408669018e-01
9.481992646273067294e+03 5.850851373158570956e-01
9.502008244848122558e+03 5.888339888961202639e-01
9.522023843423176004e+03 5.681856389988945155e-01
9.542039441998233087e+03 5.652497800632009239e-01
9.562055040573286533e+03 5.712914470652051824e-01
9.582070639148341797e+03 5.658066641520812512e-01
9.602086237723397062e+03 5.658066641520812512e-01
9.622101836298450507e+03 5.347857836143821153e-01
9.642117434873507591e+03 4.962557090120344183e-01
9.662133033448561036e+03 5.436479981056551170e-01
9.682148632023616301e+03 5.117635112912216622e-01
9.702164230598671566e+03 5.252804361857781323e-01
9.722179829173725011e+03 4.830205571827629885e-01
9.742195427748782095e+03 4.972586369122894978e-01
9.762211026323835540e+03 5.241334472229480790e-01
9.782226624898892624e+03 5.243182406343765978e-01
9.802242223473946069e+03 5.465050750449933492e-01
9.822257822049001334e+03 5.226044415876656135e-01
9.842273420624056598e+03 5.159044396740052330e-01
