3.278973280823542154e+03 2.298549900197679019e+00
3.309098891273848039e+03 2.165826223864042888e+00
3.339224501724153924e+03 2.084978487036611039e+00
3.369350112174459355e+03 2.050683564332648423e+00
3.399475722624765240e+03 2.004420568658741519e+00
3.429601333075071125e+03 1.998878963034945944e+00
3.459726943525376555e+03 1.941402471779612338e+00
3.489852553975681985e+03 1.893600401704447211e+00
3.519978164425988325e+03 1.913702928330191844e+00
3.550103774876293755e+03 1.892967791440793635e+00
3.580229385326599186e+03 1.888562517515330441e+00
3.610354995776905525e+03 1.856774256463147976e+00
3.640480606227210956e+03 1.787106913841837175e+00
3.670606216677516386e+03 1.803036992573150865e+00
3.700731827127822271e+03 1.786738668019078435e+00
3.730857437578128156e+03 1.836322909442312357e+00
3.760983048028433586e+03 1.828025963200480941e+00
3.791108658478739471e+03 1.744101082334033492e+00
3.821234268929045356e+03 1.736893857928171414e+00
3.851359879379350787e+03 1.717667596714836264e+00
3.881485489829656672e+03 1.711983649595204549e+00
3.911611100279962557e+03 1.631299131016332060e+00
3.941736710730267987e+03 1.654507604901426010e+00
3.971862321180573872e+03 1.597658755912440220e+00
4.001987931630879757e+03 1.588958843686904654e+00
4.032113542081185187e+03 1.541403777972162326e+00
4.062239152531491072e+03 1.537308027024900658e+00
4.092364762981796503e+03 1.516252761320356468e+00
4.122490373432102388e+03 1.478958284647657662e+00
4.152615983882407818e+03 1.417015731275108603e+00
4.182741594332714158e+03 1.376381253267749072e+00
4.212867204783019588e+03 1.349311249971287374e+00
4.242992815233325018e+03 1.291382894241915436e+00
4.273118425683631358e+03 1.316826743633783492e+00
4.303244036133936788e+03 1.314325608181253324e+00
4.333369646584242219e+03 1.234961237201022355e+00
4.363495257034548558e+03 1.296635686179648195e+00
4.393620867484853989e+03 1.255201639707047789e+00
4.423746477935159419e+03 1.195265933965212302e+00
4.453872088385465759e+03 1.190674108949911325e+00
4.483997698835771189e+03 1.164126861774434252e+00
4.514123309286076619e+03 1.156042534653246578e+00
4.544248919736382959e+03 1.098067289960539927e+00
4.574374530186688389e+03 1.109505406004416495e+00
4.604500140636993819e+03 1.133452715983194414e+00
4.634625751087300159e+03 1.080602379162745486e+00
4.664751361537604680e+03 1.133915409574955069e+00
4.694876971987911020e+03 1.061675314191639741e+00
4.725002582438217360e+03 1.046880339114379721e+00
4.755128192888521880e+03 1.011835527918233169e+00
4.785253803338828220e+03 9.802858423771119156e-01
4.815379413789134560e+03 9.608877107850782862e-01
4.845505024239439081e+03 9.881644720817669425e-01
4.875630634689745420e+03 9.356317800778116700e-01
4.905756245140050851e+03 9.195163224807432201e-01
4.935881855590356281e+03 8.993748333592758160e-01
4.966007466040662621e+03 8.786072091167103082e-01
4.996133076490968051e+03 8.620712021746878007e-01
5.026258686941273481e+03 8.354996732146265925e-01
5.056384297391579821e+03 8.177637553727983288e-01
5.086509907841885251e+03 8.176163900594617395e-01
5.116635518292190682e+03 7.683929982832220507e-01
5.146761128742497021e+03 7.688882629584419259e-01
5.176886739192802452e+03 7.615294309044655652e-01
5.207012349643107882e+03 7.329977199962476320e-01
5.237137960093414222e+03 7.190615386105354556e-01
5.267263570543719652e+03 6.937171049849749638e-01
5.297389180994025082e+03 6.827427989367480521e-01
5.327514791444331422e+03 6.867416460264520461e-01
5.357640401894636852e+03 6.056858673343208377e-01
5.387766012344942283e+03 5.996174028052494442e-01
5.417891622795248622e+03 6.240110789689128357e-01
5.448017233245554053e+03 6.286561006295205978e-01
5.478142843695859483e+03 6.009857232316978548e-01
5.508268454146165823e+03 5.629761340479546572e-01
5.538394064596471253e+03 5.496972912720353710e-01
5.568519675046776683e+03 5.778721715872586762e-01
5.598645285497083023e+03 5.205117026060802621e-01
5.628770895947388453e+03 4.788356755905574524e-01
5.658896506397693884e+03 5.129536203680298279e-01
5.689022116848000223e+03 5.057622209872933983e-01
5.719147727298305654e+03 4.630569812265801222e-01
5.749273337748611084e+03 4.994138181830766743e-01
5.779398948198917424e+03 5.045695946228629936e-01
5.809524558649222854e+03 4.752993406769823181e-01
5.839650169099528284e+03 5.241569008538731200e-01
5.869775779549833715e+03 4.651966669650255959e-01
5.990278221351057255e+03 3.950141597691745887e-01
6.020403831801362685e+03 4.267060891207919981e-01
6.050529442251668115e+03 3.233078729053437406e-01
6.080655052701973545e+03 4.421894248809082884e-01
6.110780663152279885e+03 3.843775938074415754e-01
6.140906273602585316e+03 3.213660278910625556e-01
6.171031884052890746e+03 4.119746234697626575e-01
6.201157494503197086e+03 4.142352017943289888e-01
6.231283104953502516e+03 4.545301674240211365e-01
6.261408715403807946e+03 2.836668687636806352e-01
6.291534325854114286e+03 2.957664262016420076e-01
6.321659936304419716e+03 3.876712643807124770e-01
6.351785546754725146e+03 2.912164384220781166e-01
