2.864397872830758843e+03 1.575214436534084994e+00
2.894402819611331779e+03 1.555499451723723503e+00
2.924407766391905170e+03 1.548434160661221970e+00
2.954412713172478107e+03 1.584650623568812478e+00
2.984417659953051043e+03 1.580529203782353065e+00
3.014422606733623979e+03 1.577430502782669164e+00
3.044427553514196916e+03 1.570111375234469531e+00
3.074432500294769852e+03 1.575296591081323250e+00
3.104437447075343243e+03 1.562466789287594748e+00
3.134442393855916180e+03 1.557056175067548454e+00
3.164447340636489116e+03 1.553959580594716616e+00
3.194452287417062507e+03 1.557037216325877882e+00
3.224457234197635444e+03 1.557697612494063577e+00
3.254462180978208380e+03 1.526590530466645168e+00
3.284467127758781317e+03 1.485364746704365135e+00
3.314472074539354253e+03 1.524357612003242490e+00
3.344477021319927189e+03 1.487305911198728792e+00
3.374481968100500580e+03 1.505707476516702004e+00
3.404486914881073517e+03 1.485385811972887771e+00
3.434491861661646908e+03 1.464119370135831932e+00
3.464496808442219844e+03 1.438745200936856872e+00
3.494501755222792781e+03 1.476537345929942679e+00
3.524506702003365717e+03 1.494472315550138930e+00
3.554511648783938654e+03 1.496843211522364880e+00
3.584516595564511590e+03 1.524833687071854849e+00
3.614521542345084526e+03 1.490466754740554345e+00
3.644526489125657918e+03 1.468390353328802300e+00
3.674531435906230854e+03 1.489556735140375121e+00
3.704536382686803790e+03 1.502462371900785465e+00
3.734541329467377182e+03 1.498908661101012063e+00
3.764546276247950118e+03 1.425523585148606553e+00
3.794551223028523054e+03 1.407869836863187674e+00
3.824556169809095991e+03 1.365767737930364767e+00
3.854561116589668927e+03 1.356044009980302834e+00
3.884566063370241864e+03 1.350903031197346671e+00
3.914571010150814800e+03 1.415944154287924972e+00
3.944575956931388191e+03 1.382488294820229502e+00
3.974580903711961582e+03 1.406415280071697804e+00
4.004585850492534519e+03 1.369144500474547721e+00
4.034590797273107455e+03 1.337128452110376342e+00
4.064595744053680392e+03 1.335593847298500503e+00
4.094600690834253328e+03 1.332473027766867490e+00
4.124605637614826264e+03 1.356141963478933343e+00
4.154610584395399201e+03 1.307019863810932492e+00
4.184615531175972137e+03 1.292933518749826982e+00
4.214620477956545074e+03 1.283599498267434136e+00
4.244625424737118010e+03 1.255616395561927279e+00
4.274630371517691856e+03 1.238172246698308721e+00
4.304635318298264792e+03 1.218266621207817035e+00
4.334640265078837729e+03 1.249117760222685281e+00
4.364645211859410665e+03 1.223816266200113301e+00
4.394650158639983601e+03 1.185008775264234648e+00
4.424655105420556538e+03 1.151739343422965023e+00
4.454660052201130384e+03 1.150443829408821061e+00
4.484664998981703320e+03 1.224966429861450656e+00
4.514669945762276257e+03 1.213959827058358476e+00
4.544674892542849193e+03 1.225937538740345500e+00
4.574679839323422129e+03 1.195736263259401744e+00
4.604684786103995066e+03 1.192708130909268416e+00
4.634689732884568002e+03 1.180701981114776089e+00
4.664694679665140939e+03 1.134003440590307887e+00
4.694699626445713875e+03 1.088521419323023265e+00
4.724704573226286811e+03 1.054522075927443181e+00
4.754709520006859748e+03 1.056831882620953289e+00
4.784714466787432684e+03 1.044354502769608839e+00
4.814719413568005621e+03 1.035439891783502375e+00
4.844724360348579467e+03 1.034273191886374788e+00
4.874729307129152403e+03 1.037846809364902256e+00
4.904734253909725339e+03 1.015954939705408622e+00
4.934739200690298276e+03 1.012545315342330055e+00
4.964744147470872122e+03 1.008849940611741713e+00
4.994749094251445058e+03 9.911500593882582866e-01
5.024754041032017994e+03 9.477039963236892905e-01
5.054758987812590931e+03 9.545011265178974247e-01
5.084763934593163867e+03 9.732821826483065708e-01
5.114768881373736804e+03 9.605169459025999501e-01
5.144773828154309740e+03 9.529194408308732100e-01
5.174778774934882676e+03 9.693519301736905902e-01
5.204783721715455613e+03 9.528648817853995201e-01
5.234788668496028549e+03 9.498606585150397574e-01
5.264793615276601486e+03 9.729374495289332403e-01
5.294798562057174422e+03 9.330939686871103644e-01
5.324803508837747358e+03 8.551048676463911535e-01
5.354808455618320295e+03 9.231237770953333310e-01
5.384813402398893231e+03 9.173114482045597873e-01
5.414818349179467077e+03 8.841144808870078364e-01
5.444823295960040014e+03 8.955806225229219208e-01
5.474828242740612950e+03 8.790194243894310366e-01
5.504833189521185886e+03 8.695972457582711312e-01
5.534838136301759732e+03 8.460519631724335854e-01
5.564843083082332669e+03 8.248977992166036666e-01
5.594848029862905605e+03 8.221733227122249854e-01
5.624852976643478542e+03 7.718787301982524829e-01
5.654857923424051478e+03 8.491036886233120917e-01
5.684862870204624414e+03 8.073290492896738613e-01
5.714867816985197351e+03 8.333649838992885917e-01
5.744872763765770287e+03 7.592179771844183023e-01
5.774877710546343224e+03 7.673980422571392568e-01
5.804882657326916160e+03 7.904956878868701908e-01
5.834887604107489096e+03 7.971267184387770266e-01
5.864892550888062033e+03 7.900195074919154070e-01
5.984912338010354688e+03 7.936099771852609397e-01
6.014917284790927624e+03 7.439635629837308972e-01
6.044922231571500561e+03 6.659652985512044543e-01
6.074927178352074407e+03 6.877153989535406131e-01
6.104932125132647343e+03 6.496143317975699993e-01
6.134937071913220279e+03 6.490652655735266174e-01
6.164942018693793216e+03 7.023689263696190066e-01
6.194946965474366152e+03 6.674771528730761849e-01
6.224951912254939089e+03 6.180551891076551119e-01
6.254956859035512025e+03 6.479922007949820983e-01
6.284961805816084961e+03 6.541333585273945150e-01
6.314966752596657898e+03 6.811863243012834523e-01
6.344971699377230834e+03 6.392988804547063975e-01
6.374976646157803771e+03 6.146235515389705251e-01
6.404981592938376707e+03 6.062910792484881295e-01
6.434986539718949643e+03 6.518203920436058674e-01
6.464991486499522580e+03 6.092708668073615330e-01
6.494996433280095516e+03 6.071411681597203014e-01
6.525001380060669362e+03 6.196822704483458955e-01
6.555006326841242299e+03 6.511795865751465184e-01
6.585011273621815235e+03 6.706700156230565035e-01
6.615016220402389081e+03 5.982493076636183904e-01
6.645021167182962017e+03 5.812571141361538851e-01
6.675026113963534954e+03 5.604029196040867244e-01
6.705031060744107890e+03 6.208757232364974232e-01
6.735036007524680826e+03 5.797411520869203416e-01
6.765040954305253763e+03 5.981694702959176047e-01
6.795045901085826699e+03 6.339800054790762918e-01
6.825050847866399636e+03 5.580200164288029452e-01
6.855055794646972572e+03 6.099087231382279706e-01
6.885060741427545508e+03 5.447095052073870347e-01
6.915065688208118445e+03 5.037814790156748268e-01
6.945070634988691381e+03 5.283336814368956302e-01
6.975075581769264318e+03 5.112750269872421427e-01
7.005080528549837254e+03 5.135286947401394020e-01
7.035085475330410191e+03 5.244536696277061205e-01
7.065090422110983127e+03 5.181618952253567167e-01
7.095095368891556973e+03 4.357777365600690178e-01
7.125100315672130819e+03 5.238045433781801652e-01
7.155105262452703755e+03 4.424699617170342325e-01
7.185110209233276692e+03 4.472392438369081069e-01
