3.147441913370611928e+03 1.049719822059571372e+00
3.177558769183876393e+03 1.071600648913189957e+00
3.207675624997140403e+03 1.293197712070306871e+00
3.237792480810404413e+03 1.153249998913407293e+00
3.267909336623668878e+03 7.651134185511806463e-01
3.298026192436933343e+03 9.229159151066816946e-01
3.328143048250197353e+03 9.138942071567344172e-01
3.358259904063461363e+03 1.086420470103486968e+00
3.388376759876725828e+03 9.248395102509160415e-01
3.418493615689989838e+03 9.670139779291281323e-01
3.448610471503254303e+03 9.587360427161341070e-01
3.478727327316518313e+03 1.008569957014390894e+00
3.508844183129782778e+03 1.009405818486854400e+00
3.538961038943046788e+03 1.055141865549359403e+00
3.569077894756311252e+03 1.043294962121376734e+00
3.599194750569575262e+03 1.094184664264572282e+00
3.629311606382839273e+03 1.146705613772780463e+00
3.659428462196103737e+03 1.207447289385727318e+00
3.689545318009367747e+03 1.148039243383736530e+00
3.719662173822632212e+03 1.229848105199563557e+00
3.749779029635896222e+03 1.160519304406785412e+00
3.779895885449160687e+03 1.076608428917275484e+00
3.810012741262424697e+03 1.095765765374200784e+00
3.840129597075689162e+03 1.000000000000000000e+00
3.870246452888953172e+03 1.160376852097341427e+00
3.900363308702217182e+03 1.241221417177727382e+00
3.930480164515481647e+03 1.279941280527823189e+00
3.960597020328746112e+03 1.236057982762292617e+00
3.990713876142010122e+03 1.336148061301216439e+00
4.020830731955274132e+03 1.293095463692589986e+00
4.050947587768538597e+03 1.242077434945692005e+00
4.081064443581802607e+03 1.271971720337104372e+00
4.111181299395067072e+03 1.284309383380346503e+00
4.141298155208331082e+03 1.280015712131155947e+00
4.171415011021596001e+03 1.275309787592849409e+00
4.201531866834859102e+03 1.161329902597826091e+00
4.231648722648124021e+03 1.164346881696127545e+00
4.261765578461388031e+03 1.264260660561464134e+00
4.291882434274652041e+03 1.307426970101313923e+00
4.321999290087916961e+03 1.277459557017867731e+00
4.352116145901180062e+03 1.234502090604449709e+00
4.382233001714444981e+03 1.256362109206917710e+00
4.412349857527708991e+03 1.203378379846746782e+00
4.442466713340973001e+03 1.191243692329089665e+00
4.472583569154237921e+03 1.194938650973369709e+00
4.502700424967501931e+03 1.314226921856595842e+00
4.532817280780765941e+03 1.320251263707367340e+00
4.562934136594030861e+03 1.309174319901598160e+00
4.593050992407293961e+03 1.328397666868048610e+00
4.623167848220558881e+03 1.244755016798723801e+00
4.653284704033822891e+03 1.302319984179209689e+00
4.683401559847086901e+03 1.216489316620088079e+00
4.713518415660351820e+03 1.156583719798154553e+00
4.743635271473614921e+03 1.159066095263759477e+00
4.773752127286879841e+03 1.227969603654428754e+00
4.803868983100143851e+03 1.312038578388974086e+00
4.833985838913407861e+03 1.322224624799523518e+00
4.864102694726672780e+03 1.325906109693711032e+00
4.894219550539935881e+03 1.245303039851875404e+00
4.924336406353200800e+03 1.237052812753991038e+00
4.954453262166464810e+03 1.272169262898942499e+00
4.984570117979728821e+03 1.216009531591597526e+00
5.014686973792993740e+03 1.198273838758328713e+00
5.044803829606257750e+03 1.142934810954593372e+00
5.074920685419521760e+03 1.191116452318137009e+00
5.105037541232786680e+03 1.112300229923025796e+00
5.135154397046049780e+03 1.130720421858768976e+00
5.165271252859314700e+03 1.128395928319649633e+00
5.195388108672578710e+03 1.163552636725965650e+00
5.225504964485842720e+03 1.183373120737839734e+00
5.255621820299107640e+03 1.161123558634717945e+00
5.285738676112371650e+03 1.177945970262129549e+00
5.315855531925635660e+03 1.164560342841744367e+00
5.345972387738899670e+03 1.129610032728173508e+00
5.376089243552163680e+03 1.157727630315068534e+00
5.406206099365428599e+03 1.099662341303129010e+00
5.436322955178692609e+03 1.124105842826532031e+00
5.466439810991956620e+03 1.087150606101435546e+00
5.496556666805220630e+03 1.106534986113344443e+00
5.526673522618484640e+03 1.136544939302928992e+00
5.556790378431749559e+03 1.137948491157308117e+00
5.586907234245013569e+03 1.096428695610599968e+00
5.617024090058277579e+03 1.121049366081789955e+00
5.647140945871542499e+03 1.104990611838645220e+00
5.677257801684806509e+03 1.077125429747432417e+00
5.707374657498070519e+03 1.079594222803669901e+00
5.737491513311334529e+03 1.081928006710796808e+00
5.767608369124598539e+03 1.044557800214710674e+00
5.797725224937863459e+03 1.108819547368924185e+00
5.827842080751127469e+03 1.106941371801614338e+00
5.857958936564391479e+03 1.113951035957527091e+00
5.888075792377655489e+03 1.034973182890945198e+00
5.918192648190919499e+03 1.078771237455286691e+00
5.948309504004184419e+03 1.071314929349739486e+00
5.978426359817448429e+03 1.065194369711009781e+00
6.008543215630712439e+03 1.041197077500141344e+00
6.038660071443977358e+03 1.036010281340594696e+00
6.068776927257240459e+03 1.017988053999313358e+00
6.098893783070505378e+03 1.043887372488340848e+00
6.129010638883769388e+03 1.030375157012652032e+00
6.159127494697033399e+03 9.769568448823654494e-01
6.189244350510298318e+03 9.793733184977202466e-01
6.219361206323562328e+03 9.888235242983871576e-01
6.249478062136826338e+03 9.784789983353398002e-01
6.279594917950090348e+03 9.880958331341246348e-01
6.309711773763354358e+03 1.036331858464774713e+00
6.339828629576619278e+03 9.749061727160904800e-01
6.369945485389883288e+03 1.000572417060375363e+00
6.400062341203147298e+03 1.040419729047231900e+00
6.430179197016411308e+03 1.103708541053647130e+00
6.460296052829675318e+03 1.150741490892179586e+00
6.490412908642940238e+03 1.193545476079747036e+00
6.520529764456204248e+03 1.241655673970018636e+00
6.550646620269468258e+03 1.869208351986508809e+00
6.580763476082733177e+03 1.781336356958757250e+00
6.610880331895997188e+03 1.149799577967376196e+00
6.640997187709261198e+03 1.098198429221521444e+00
6.671114043522525208e+03 1.072519363082794053e+00
6.701230899335789218e+03 1.113309131290828757e+00
6.731347755149054137e+03 1.191362348257322568e+00
6.761464610962318147e+03 9.960772371858118701e-01
6.791581466775582157e+03 9.627742560099443736e-01
6.821698322588846167e+03 9.387664781790444612e-01
6.851815178402110178e+03 9.430431442517068774e-01
6.881932034215375097e+03 9.350069215958134450e-01
6.912048890028639107e+03 9.496375126588055826e-01
6.942165745841903117e+03 9.477020193239654722e-01
6.972282601655168037e+03 9.668682115117981368e-01
7.002399457468431137e+03 9.431011139748866068e-01
7.032516313281696057e+03 9.613413661513319219e-01
7.062633169094960067e+03 9.382392633770432200e-01
7.092750024908224077e+03 9.175674882756642559e-01
7.122866880721488997e+03 9.147266186972187185e-01
7.152983736534753007e+03 9.304863154509143142e-01
7.183100592348017017e+03 8.943696023505174342e-01
7.213217448161281027e+03 9.028054194899967078e-01
7.243334303974545037e+03 9.042041088418226735e-01
7.273451159787809956e+03 8.828173285465300557e-01
7.303568015601073057e+03 9.073985557009174308e-01
7.333684871414337977e+03 8.713705628985078944e-01
7.363801727227602896e+03 8.923606553458188761e-01
7.393918583040865997e+03 8.892701954128400255e-01
7.544502862107186957e+03 8.873953611182342494e-01
7.574619717920451876e+03 8.491753032680363633e-01
7.604736573733716796e+03 8.534479217827075637e-01
7.634853429546979896e+03 8.865822637638702819e-01
7.664970285360244816e+03 8.349848094333636173e-01
7.695087141173507916e+03 8.953195560616662441e-01
7.725203996986772836e+03 8.588841996375127241e-01
7.755320852800037756e+03 8.941864299777899650e-01
7.785437708613300856e+03 8.851896050018037698e-01
7.815554564426565776e+03 9.378392885859949679e-01
7.845671420239829786e+03 8.877462762466479251e-01
7.875788276053093796e+03 8.951436095307224727e-01
7.905905131866358715e+03 8.661673591884455625e-01
7.936021987679621816e+03 7.840396910599495284e-01
7.966138843492886735e+03 8.327328731250841498e-01
7.996255699306150746e+03 8.704935738904800990e-01
8.026372555119414756e+03 8.259660081190211001e-01
8.056489410932679675e+03 9.025087796694151177e-01
8.086606266745942776e+03 8.632839766686805083e-01
8.116723122559207695e+03 8.727539041277485587e-01
8.146839978372472615e+03 8.746673667945948916e-01
8.176956834185736625e+03 7.694371884195290168e-01
8.207073689999000635e+03 8.076567844678086416e-01
8.237190545812263736e+03 8.053200667602585794e-01
8.267307401625530474e+03 8.127171555609643550e-01
8.297424257438793575e+03 8.644718941919444788e-01
8.327541113252056675e+03 7.444594092412539776e-01
8.357657969065319776e+03 8.445016776992050334e-01
8.387774824878586514e+03 8.266878316824367579e-01
8.417891680691849615e+03 8.197290472320136745e-01
8.448008536505112716e+03 8.217788501240889110e-01
8.478125392318379454e+03 7.611152462001851138e-01
8.508242248131642555e+03 7.985897384353933814e-01
8.538359103944905655e+03 7.808218552919239386e-01
8.568475959758172394e+03 8.570472059354041772e-01
8.598592815571435494e+03 8.245206496086092685e-01
8.628709671384698595e+03 8.696733050239702223e-01
8.658826527197963514e+03 7.682077902180574069e-01
8.688943383011228434e+03 8.058504326812326868e-01
8.719060238824491535e+03 8.539161889280544315e-01
8.749177094637754635e+03 8.041646926898385894e-01
8.779293950451021374e+03 8.963299514944995661e-01
8.809410806264284474e+03 8.716911620892136003e-01
8.839527662077547575e+03 8.225074920570070169e-01
8.869644517890814313e+03 8.443126105608121934e-01
8.899761373704077414e+03 7.879922265154708505e-01
8.929878229517340515e+03 8.168805986691412002e-01
8.959995085330607253e+03 8.228842409280371362e-01
8.990111941143870354e+03 7.386764539697578957e-01
9.020228796957133454e+03 7.744549107472714633e-01
9.050345652770398374e+03 8.352337749970661918e-01
9.080462508583663293e+03 7.970237681298000254e-01
9.110579364396926394e+03 8.725585890810467760e-01
9.140696220210189495e+03 9.984900163858186906e-01
9.170813076023456233e+03 9.339506991137749292e-01
9.200929931836719334e+03 8.099219228779930280e-01
9.231046787649982434e+03 8.154901674222108099e-01
9.261163643463249173e+03 8.615534690560117115e-01
9.291280499276512273e+03 7.990071802048879235e-01
9.321397355089775374e+03 7.809062292189136167e-01
9.351514210903042112e+03 7.711173324582639710e-01
9.381631066716305213e+03 7.643544335157359537e-01
9.411747922529568314e+03 8.000901057037427266e-01
9.441864778342833233e+03 7.927147215932057733e-01
9.471981634156098153e+03 7.930644957992324384e-01
9.502098489969361253e+03 7.224670164770924385e-01
9.532215345782624354e+03 1.013155269757515908e+00
9.562332201595891092e+03 7.139041766452101090e-01
9.592449057409154193e+03 6.664932283539858338e-01
9.622565913222417294e+03 7.085793560416729919e-01
9.652682769035684032e+03 6.549493756438062864e-01
9.682799624848947133e+03 7.693007123702064742e-01
9.712916480662210233e+03 8.032666237824728217e-01
9.743033336475476972e+03 7.622538052478083914e-01
9.773150192288740072e+03 6.622740973674030585e-01
