3.302788536116403520e+03 2.343881015410445856e-01
3.322801165607699659e+03 -1.381191232662319912e-01
3.342813795098996252e+03 1.494064142916222138e-01
3.362826424590292845e+03 -3.307649256965407986e-02
3.382839054081588984e+03 1.700033678621752087e-01
3.402851683572885122e+03 1.615459477931835697e-01
3.422864313064181260e+03 1.730583407830774967e-01
3.442876942555477854e+03 1.049012300126047140e-02
3.462889572046774447e+03 3.039269025325828655e-01
3.482902201538070585e+03 2.664808564275402136e-01
3.502914831029366724e+03 2.267023181292515954e-01
3.522927460520663317e+03 4.171642105211024187e-01
3.542940090011959455e+03 2.940676098331670429e-01
3.562952719503256048e+03 2.969104817281095210e-01
3.582965348994552187e+03 9.793552525029904088e-02
3.602977978485848325e+03 -5.723198874737814995e-02
3.622990607977144919e+03 -3.361262651151387254e-02
3.643003237468441057e+03 2.433979995889227199e-01
3.663015866959737650e+03 8.026742311492582327e-02
3.683028496451033789e+03 4.726348816419319310e-02
3.703041125942329927e+03 3.539889355822067873e-02
3.723053755433626520e+03 3.105788017839763993e-01
3.743066384924922659e+03 9.990317396246319037e-02
3.763079014416219252e+03 1.202209169004772177e-01
3.783091643907515390e+03 8.238298536218140178e-02
3.803104273398811529e+03 2.889147807051213948e-02
3.823116902890108122e+03 7.005816991359947732e-02
3.843129532381404260e+03 1.947600026744788215e-01
3.863142161872700854e+03 1.739488431641065536e-01
3.883154791363996992e+03 2.557371284517492294e-01
3.903167420855293130e+03 1.037146776881607280e-01
3.923180050346589724e+03 1.964155793342034217e-01
3.943192679837885862e+03 2.201528167461994090e-01
3.963205309329182455e+03 7.919775541891502235e-02
3.983217938820478594e+03 2.753834038685840646e-01
4.003230568311774732e+03 2.332633346292999066e-01
4.023243197803071325e+03 3.145075615934940783e-01
4.043255827294367464e+03 1.590597968881944102e-01
4.063268456785664057e+03 2.419742110906673571e-01
4.083281086276960195e+03 1.734851430227058733e-01
4.103293715768256334e+03 1.563929948466755981e-01
4.123306345259552472e+03 4.145318300121094701e-01
4.143318974750849520e+03 2.898577821141755106e-01
4.163331604242145659e+03 2.205428449025177151e-01
4.183344233733441797e+03 2.024212700307317925e-01
4.203356863224738845e+03 2.582996753479918639e-02
4.223369492716034074e+03 1.321946574809876873e-01
4.243382122207331122e+03 1.914670506689911678e-01
4.263394751698627260e+03 1.811248659665145588e-01
4.283407381189923399e+03 2.367084595249828727e-01
4.303420010681220447e+03 2.350554830529670847e-01
4.323432640172515676e+03 1.753654501915472008e-01
4.343445269663812724e+03 2.648774073404537299e-01
4.363457899155108862e+03 1.504994836770121303e-01
4.383470528646405000e+03 1.973917640911601601e-01
4.403483158137702048e+03 3.090521201435303955e-01
4.423495787628997277e+03 3.215949303768786960e-01
4.443508417120294325e+03 2.788020316133297816e-01
4.463521046611590464e+03 2.751642451902718833e-01
4.483533676102886602e+03 3.551138263124138383e-01
4.503546305594183650e+03 3.455339918824616441e-01
4.523558935085478879e+03 2.838835413070772695e-01
4.543571564576775927e+03 3.623250135581216336e-01
4.563584194068072065e+03 5.634891547408851231e-01
4.583596823559368204e+03 8.130774583536601874e-01
4.603609453050665252e+03 7.809106600266952913e-01
4.623622082541960481e+03 6.566241639158332255e-01
4.643634712033257529e+03 6.544078134402465663e-01
4.663647341524553667e+03 7.350780180131099018e-01
4.683659971015849806e+03 8.134575810329928158e-01
4.703672600507146853e+03 7.957763046132283469e-01
4.723685229998442082e+03 7.245856415158352659e-01
4.743697859489739130e+03 8.184722287570855848e-01
4.763710488981035269e+03 7.241436096053410765e-01
4.783723118472331407e+03 6.107494236250580188e-01
4.803735747963628455e+03 3.065212707736425513e-01
4.823748377454923684e+03 2.988358588172365660e-01
4.843761006946220732e+03 6.608290388963318218e-01
4.863773636437516871e+03 9.150444384461278169e-01
4.883786265928813009e+03 6.834308610088232205e-01
4.903798895420110057e+03 6.313577684941446000e-01
4.923811524911405286e+03 1.025187151605801761e+00
4.943824154402702334e+03 1.001900613396662365e+00
4.963836783893998472e+03 6.367252988358589327e-01
4.983849413385294611e+03 4.981006247879609106e-01
5.003862042876591659e+03 6.898917083728520749e-01
5.023874672367886888e+03 8.278242372163630014e-01
5.043887301859183935e+03 9.262834402712120108e-01
5.063899931350480074e+03 7.410361624201061703e-01
5.083912560841776212e+03 6.111481190737388935e-01
5.103925190333073260e+03 5.834276417288030148e-01
5.123937819824368489e+03 4.491366138622198134e-01
5.143950449315665537e+03 3.268968369335615298e-01
5.163963078806961676e+03 4.427500575755849432e-01
5.183975708298257814e+03 5.336365234747423303e-01
5.203988337789554862e+03 6.795491522149883501e-01
5.224000967280850091e+03 6.589668092229896690e-01
5.244013596772147139e+03 6.642687157796725028e-01
5.264026226263443277e+03 9.630909545660535365e-01
5.284038855754739416e+03 7.721319310479746179e-01
5.304051485246036464e+03 6.177996468697454224e-01
5.324064114737331693e+03 7.870817721888876406e-01
5.344076744228628741e+03 7.611046587934634511e-01
5.364089373719924879e+03 6.277199820710868128e-01
5.384102003211221017e+03 6.522298466879800083e-01
5.404114632702518065e+03 5.706012872167343097e-01
5.424127262193813294e+03 7.754378839920063049e-01
5.444139891685110342e+03 1.044117756310408041e+00
5.464152521176406481e+03 8.591144008300789503e-01
5.484165150667702619e+03 1.030692120440694914e+00
5.504177780158999667e+03 1.180176911818967556e+00
5.524190409650295805e+03 1.314547183501437511e+00
5.544203039141591944e+03 1.442678242867437843e+00
5.564215668632888082e+03 1.326525381546591831e+00
5.584228298124184221e+03 1.327275721428271105e+00
5.604240927615481269e+03 1.243412238712090057e+00
5.624253557106777407e+03 1.083920439208849507e+00
5.644266186598073546e+03 1.113337229487614488e+00
5.664278816089369684e+03 1.294845189776557381e+00
5.684291445580665822e+03 1.193962859414041677e+00
5.704304075071962870e+03 1.327689275092430510e+00
5.724316704563259009e+03 1.294555454574720654e+00
5.744329334054555147e+03 1.301697303481527790e+00
5.764341963545851286e+03 1.030418481638960326e+00
5.784354593037147424e+03 4.259367485767067696e-01
5.804367222528444472e+03 2.131367673971130972e-01
5.824379852019740611e+03 2.546835571558404565e-01
5.844392481511036749e+03 4.355784922378206359e-01
5.864405111002332887e+03 7.880252688717910292e-01
5.884417740493629026e+03 1.635698843783198964e+00
5.904430369984926074e+03 2.287850684839915605e+00
5.924442999476222212e+03 1.960588583442499866e+00
5.944455628967518351e+03 1.735479189831037328e+00
5.964468258458814489e+03 1.566616809099171226e+00
5.984480887950110628e+03 1.553692638001867188e+00
6.004493517441407676e+03 1.536587117431906124e+00
6.024506146932703814e+03 1.320495422431448018e+00
6.044518776423999952e+03 1.125958045352226433e+00
6.064531405915296091e+03 1.061967425838932000e+00
6.084544035406592229e+03 8.384949122993832216e-01
6.104556664897889277e+03 6.864569842280042744e-01
6.124569294389185416e+03 1.016240029518321375e+00
6.144581923880481554e+03 1.367872080670204715e+00
6.164594553371777693e+03 1.510165495756741416e+00
6.184607182863073831e+03 1.314277259253572749e+00
6.204619812354370879e+03 1.040621122934398679e+00
6.224632441845667017e+03 1.050453547027490275e+00
6.244645071336963156e+03 1.318929118883058527e+00
6.264657700828259294e+03 1.521676898198936811e+00
6.284670330319555433e+03 1.587392308892394466e+00
6.304682959810852481e+03 1.656170988343729888e+00
6.324695589302148619e+03 1.637079419638103550e+00
6.344708218793444757e+03 1.523983636152019150e+00
6.364720848284740896e+03 1.421392611009442142e+00
6.384733477776037034e+03 1.050751949521689488e+00
6.404746107267334082e+03 1.051340087217724983e+00
6.424758736758630221e+03 1.157352216474294204e+00
6.444771366249926359e+03 6.381714984757949072e-01
6.464783995741222498e+03 4.014206930366973070e-01
6.484796625232518636e+03 4.714016497571920095e-01
6.504809254723815684e+03 9.777473459512602272e-01
6.524821884215111822e+03 2.089125767364920172e+00
6.544834513706407961e+03 5.226996386977268649e+00
6.564847143197704099e+03 9.628408412721604748e+00
6.584859772689000238e+03 8.175906413053438015e+00
6.604872402180297286e+03 4.539791539236833096e+00
6.624885031671593424e+03 2.967371358808569948e+00
6.644897661162889563e+03 2.130549233935173703e+00
6.664910290654185701e+03 1.801332039017673914e+00
6.684922920145481839e+03 1.649721284641310293e+00
6.704935549636778887e+03 1.514069491873794027e+00
6.724948179128075026e+03 1.498912873900801745e+00
6.744960808619371164e+03 1.350416153851868639e+00
6.764973438110667303e+03 1.475651099384127196e+00
6.784986067601963441e+03 1.318053722354432855e+00
6.804998697093260489e+03 1.195178756714056156e+00
6.825011326584556627e+03 1.307763169950745041e+00
6.845023956075852766e+03 1.250113293893025945e+00
6.865036585567148904e+03 1.256501088364283758e+00
6.885049215058445043e+03 1.143955058850915307e+00
6.905061844549742091e+03 1.034152846462630393e+00
6.925074474041038229e+03 1.070046580505526146e+00
6.945087103532334368e+03 1.189575971293928003e+00
6.965099733023630506e+03 1.124822630052721983e+00
6.985112362514926645e+03 1.130411795441994771e+00
7.005124992006223692e+03 1.366742856293816200e+00
7.025137621497519831e+03 1.301684921635295256e+00
7.045150250988815969e+03 1.249783936783245730e+00
7.065162880480112108e+03 1.460019018515812617e+00
7.085175509971408246e+03 1.422254387507212670e+00
7.105188139462705294e+03 1.344313141843954007e+00
7.125200768954001433e+03 1.290735655012047678e+00
7.145213398445297571e+03 1.367520436237206649e+00
7.165226027936593709e+03 1.386109301985800624e+00
7.185238657427889848e+03 1.265180762573145934e+00
7.205251286919186896e+03 1.352925954083161519e+00
7.225263916410483034e+03 1.447013127233375496e+00
7.245276545901779173e+03 1.302853767919627259e+00
7.265289175393075311e+03 1.542669080301225737e+00
7.285301804884371450e+03 2.564565137178474785e+00
7.305314434375668498e+03 3.134451991867603926e+00
7.325327063866964636e+03 3.188746387596361753e+00
7.345339693358260774e+03 2.276578252030003746e+00
7.365352322849556913e+03 1.946140207073996375e+00
7.385364952340853961e+03 1.631979337175007760e+00
7.405377581832150099e+03 1.439580304940108801e+00
7.425390211323446238e+03 1.455019229007199044e+00
7.445402840814742376e+03 1.449491972849087817e+00
7.465415470306038515e+03 1.468506774108073509e+00
7.485428099797335562e+03 1.378874589232251369e+00
7.505440729288631701e+03 1.338133362389399394e+00
7.525453358779927839e+03 1.288951430969968781e+00
7.545465988271223978e+03 1.105359605960125613e+00
7.565478617762520116e+03 6.609268554815671548e-01
7.585491247253817164e+03 3.284049458046590653e-01
7.605503876745113303e+03 3.262666009603359951e-01
7.625516506236409441e+03 4.253560399884106502e-01
7.645529135727705579e+03 7.248246111481191356e-01
7.665541765219001718e+03 1.184994688187966494e+00
7.685554394710298766e+03 1.651103098680838377e+00
7.705567024201594904e+03 2.197611789498708834e+00
7.725579653692891043e+03 1.861007585119001995e+00
7.745592283184187181e+03 1.360028181082024945e+00
7.765604912675483320e+03 1.470190705195670411e+00
7.785617542166780368e+03 1.771392734827905047e+00
7.805630171658076506e+03 1.469431698021628874e+00
7.825642801149372644e+03 1.234592649640802620e+00
7.845655430640668783e+03 1.190727482993534148e+00
7.865668060131964921e+03 1.089214916657793131e+00
7.885680689623261969e+03 1.109625151987162717e+00
7.905693319114558108e+03 1.211771668849998873e+00
7.925705948605854246e+03 1.231878548946676366e+00
7.945718578097150385e+03 1.219886730870666680e+00
7.965731207588446523e+03 1.181890559337521740e+00
7.985743837079743571e+03 1.232533548612366747e+00
8.005756466571039709e+03 1.325648746833343106e+00
8.025769096062335848e+03 1.367141551742497407e+00
8.045781725553631986e+03 1.360859002964214248e+00
8.065794355044928125e+03 1.373910707077711013e+00
8.085806984536225173e+03 1.238073186616710064e+00
8.105819614027521311e+03 1.111162977289217757e+00
8.125832243518817450e+03 1.042416490638086168e+00
8.145844873010113588e+03 7.987256603857688653e-01
8.165857502501409726e+03 8.125301807501913443e-01
8.185870131992706774e+03 1.114684374357691743e+00
8.205882761484002913e+03 1.389598506254070776e+00
8.225895390975299961e+03 1.326982271672564773e+00
8.245908020466595190e+03 1.101531139105089707e+00
8.265920649957890419e+03 7.845026336186936566e-01
8.285933279449189286e+03 7.585725712389524977e-01
8.305945908940484514e+03 1.000480415633814513e+00
8.325958538431779743e+03 1.098252426222769307e+00
8.345971167923076791e+03 1.000863014682393359e+00
8.365983797414373839e+03 1.240668421587006076e+00
8.385996426905669068e+03 1.000422220956522334e+00
8.406009056396966116e+03 4.183702023441311368e-01
8.426021685888263164e+03 3.142413518994990329e-01
8.446034315379558393e+03 4.928519601700770414e-01
8.466046944870853622e+03 6.881594880849495333e-01
8.486059574362152489e+03 1.200941267950581759e+00
8.506072203853447718e+03 2.233782876897208780e+00
8.526084833344742947e+03 3.936052716948518881e+00
8.546097462836039995e+03 4.110971058672617140e+00
8.566110092327337043e+03 2.456368850246522406e+00
8.586122721818632272e+03 1.458834075831379362e+00
8.606135351309929320e+03 1.343115817313287996e+00
8.626147980801226367e+03 1.799472285713578312e+00
8.646160610292521596e+03 2.735112687182560176e+00
8.666173239783816825e+03 3.718763697417394987e+00
8.686185869275115692e+03 4.122733812593327940e+00
8.706198498766410921e+03 3.749854513306770443e+00
8.726211128257706150e+03 3.057077834761785518e+00
8.746223757749003198e+03 2.096743079167048496e+00
8.766236387240300246e+03 1.465119100978909072e+00
8.786249016731595475e+03 1.177081450260885509e+00
8.806261646222892523e+03 1.736766901839199351e+00
8.826274275714189571e+03 1.924428639705609401e+00
8.846286905205484800e+03 1.609517429924941290e+00
8.866299534696780029e+03 1.535018337514270304e+00
8.886312164188078896e+03 1.301081925723780897e+00
8.906324793679374125e+03 9.842750552849435230e-01
8.926337423170669354e+03 9.803537245831652758e-01
8.946350052661966402e+03 7.715289351364602588e-01
8.966362682153263449e+03 8.384119539296266410e-01
8.986375311644558678e+03 1.147405879395865025e+00
9.006387941135855726e+03 1.267992679852507631e+00
9.026400570627152774e+03 1.263169950745015813e+00
9.046413200118448003e+03 9.247666641077517680e-01
9.066425829609743232e+03 1.030229039391605816e+00
9.086438459101042099e+03 1.170675083020279006e+00
9.106451088592337328e+03 1.367340899466837900e+00
9.126463718083632557e+03 1.266930317445773779e+00
9.146476347574931424e+03 9.526827746231586458e-01
9.166488977066226653e+03 7.721356456018444447e-01
9.186501606557521882e+03 7.658456677158218540e-01
9.206514236048818930e+03 8.127332430284016640e-01
9.226526865540115978e+03 1.095857777161437063e+00
9.246539495031411207e+03 1.399263775423025491e+00
9.266552124522708255e+03 1.279294829093376551e+00
9.286564754014005302e+03 1.107585861912698366e+00
9.306577383505300531e+03 7.869926228960147929e-01
9.326590012996595760e+03 7.691355242597512909e-01
9.346602642487894627e+03 9.586025353068344801e-01
9.366615271979189856e+03 9.720430293920268028e-01
9.386627901470485085e+03 1.019493978708177151e+00
9.406640530961782133e+03 9.667782683740407945e-01
9.426653160453079181e+03 1.154691357718966804e+00
9.446665789944374410e+03 1.016259840472293341e+00
9.466678419435671458e+03 9.198745966613589564e-01
9.486691048926968506e+03 6.447957862100902604e-01
9.506703678418263735e+03 6.480002080150166766e-01
9.526716307909558964e+03 8.317666170567361572e-01
9.546728937400857831e+03 1.080527813341191745e+00
9.566741566892153060e+03 1.010210070403177784e+00
9.586754196383448289e+03 7.889613364469549861e-01
9.606766825874745336e+03 7.039512947696606737e-01
9.626779455366042384e+03 7.612123808556846560e-01
9.646792084857337613e+03 7.672757709556558003e-01
9.666804714348634661e+03 8.895316442844161120e-01
9.686817343839931709e+03 9.900549011061942073e-01
9.706829973331226938e+03 9.214111837787909431e-01
9.726842602822522167e+03 9.237191599164968903e-01
9.746855232313821034e+03 1.033682336305802085e+00
9.766867861805116263e+03 1.025890440471797893e+00
9.786880491296411492e+03 9.232635079751472240e-01
9.806893120787708540e+03 8.633192758105775466e-01
9.826905750279005588e+03 8.732891383968481858e-01
9.846918379770300817e+03 8.329676561412718838e-01
9.866931009261597865e+03 8.002436747338523837e-01
9.886943638752894913e+03 7.826428803145979440e-01
9.906956268244190142e+03 5.477654482104518108e-01
9.926968897735485371e+03 9.995777790434776655e-01
9.946981527226784237e+03 9.913636622529513609e-01
9.966994156718079466e+03 7.746516367562534811e-01
9.987006786209374695e+03 7.928479979792828480e-01
1.000701941570067174e+04 6.689255281476511605e-01
1.002703204519196879e+04 1.062532038027126147e+00
1.004704467468326402e+04 1.482375680072904434e+00
1.006705730417456107e+04 1.748830534623356581e+00
1.008706993366585812e+04 1.265094089649519304e+00
1.010708256315715334e+04 9.355661103915883237e-01
1.012709519264844857e+04 1.273090285946356870e+00
1.014710782213974744e+04 6.062486225196066503e-01
1.016712045163104267e+04 1.090683403620947178e+00
1.018713308112233790e+04 9.068600380865591282e-01
1.020714571061363495e+04 1.046678322111253445e+00
1.022715834010493199e+04 9.679421619198794735e-01
1.024717096959622722e+04 6.244598419581147697e-01
1.026718359908752427e+04 2.490831242864961492e-01
1.028719622857882132e+04 4.910070650814601922e-01
1.030720885807011655e+04 8.276731786923284817e-01
1.032722148756141178e+04 1.044835903391883036e+00
1.034723411705271064e+04 1.207580413900355865e+00
1.036724674654400587e+04 9.761203713563323392e-01
