3.748952109948757425e+03 1.171082253459257760e+00
3.768955494682819335e+03 1.307269931913024541e+00
3.788958879416881246e+03 1.514248846914122648e+00
3.808962264150944065e+03 1.741983307709202622e+00
3.828965648885005976e+03 1.637656490226224504e+00
3.848969033619068341e+03 1.832033823852404986e+00
3.868972418353130706e+03 1.877196354052273142e+00
3.888975803087192617e+03 1.589611245332747780e+00
3.908979187821254982e+03 1.797578519657368812e+00
3.928982572555317347e+03 1.654335053810674472e+00
3.948985957289379257e+03 1.720019767186470538e+00
3.968989342023442077e+03 1.433807379749615585e+00
3.988992726757503988e+03 1.698124862727871998e+00
4.008996111491565898e+03 1.773555897210630450e+00
4.028999496225628718e+03 1.787694926422139341e+00
4.049002880959690629e+03 1.828602020645728077e+00
4.069006265693752539e+03 1.825582033823852424e+00
4.089009650427815359e+03 1.831347463211069559e+00
4.109013035161877269e+03 1.730109268614100859e+00
4.129016419895939180e+03 1.852212826707665405e+00
4.149019804630002000e+03 1.864704590379969273e+00
4.169023189364063910e+03 1.878225895014276281e+00
4.189026574098126730e+03 1.792636723039754187e+00
4.209029958832188640e+03 1.770124094003953319e+00
4.229033343566250551e+03 1.749876455084559801e+00
4.249036728300312461e+03 1.776438611904239240e+00
4.269040113034375281e+03 1.776575884032506103e+00
4.289043497768437192e+03 1.682407204041291404e+00
4.309046882502500011e+03 1.608005710520536091e+00
4.329050267236561922e+03 1.625713815066988754e+00
4.349053651970623832e+03 1.573069953876564675e+00
4.369057036704686652e+03 1.661541840544695781e+00
4.389060421438748563e+03 1.663600922468702059e+00
4.409063806172811383e+03 1.649599165385460253e+00
4.429067190906873293e+03 1.690506259609048989e+00
4.449070575640935203e+03 1.686799912145837910e+00
4.469073960374997114e+03 1.680210849989018262e+00
4.489077345109059934e+03 1.695036239841862580e+00
4.509080729843121844e+03 1.733335163628376918e+00
4.529084114577184664e+03 1.686456731825170419e+00
4.549087499311246575e+03 1.709037996925104164e+00
4.569090884045308485e+03 1.765319569514605780e+00
4.589094268779370395e+03 1.771977267735559192e+00
4.609097653513433215e+03 1.832033823852404986e+00
4.629101038247495126e+03 1.838073797496156514e+00
4.649104422981557946e+03 1.810825280035141649e+00
4.669107807715619856e+03 1.813227542279815419e+00
4.689111192449681766e+03 1.800461234350977602e+00
4.709114577183744586e+03 1.754131891060838999e+00
4.729117961917806497e+03 1.754886887766307968e+00
4.749121346651869317e+03 1.711920711618713176e+00
4.769124731385931227e+03 1.651795519437733617e+00
4.789128116119993138e+03 1.638068306611025982e+00
4.809131500854055048e+03 1.616104766088293454e+00
4.829134885588117868e+03 1.586797166703272532e+00
4.849138270322179778e+03 1.505051614320228603e+00
4.869141655056242598e+03 1.428865583132000960e+00
4.889145039790304509e+03 1.549527783878761333e+00
4.909148424524366419e+03 1.591670327256753614e+00
4.929151809258429239e+03 1.531133318690973022e+00
4.949155193992491149e+03 1.556185482099714523e+00
4.969158578726553060e+03 1.540330551284867289e+00
4.989161963460615880e+03 1.482950801669229213e+00
5.009165348194677790e+03 1.459545903799692512e+00
5.029168732928739701e+03 1.454672743246211208e+00
5.049172117662802520e+03 1.454535471117944123e+00
5.069175502396864431e+03 1.424335602899187370e+00
5.089178887130927251e+03 1.408686580276740763e+00
5.109182271864989161e+03 1.404431144300461121e+00
5.129185656599051072e+03 1.351718647045903721e+00
5.149189041333113892e+03 1.355575993850208549e+00
5.169192426067175802e+03 1.271867450032945435e+00
5.189195810801237712e+03 1.296665660004392651e+00
5.209199195535300532e+03 1.297894245552382975e+00
5.229202580269362443e+03 1.295423347243575662e+00
5.249205965003424353e+03 1.313646222271030117e+00
5.269209349737487173e+03 1.236547331429826535e+00
5.289212734471549084e+03 1.325527124972545323e+00
5.309216119205610994e+03 1.331148418625082375e+00
5.329219503939673814e+03 1.302794860531517829e+00
5.349222888673735724e+03 1.351704919833077057e+00
5.369226273407797635e+03 1.343660773116626350e+00
5.389229658141860455e+03 1.312650999341093527e+00
5.409233042875922365e+03 1.309232923347243505e+00
5.429236427609985185e+03 1.290001098177026240e+00
5.449239812344047095e+03 1.299349330112014034e+00
5.469243197078109006e+03 1.292060180101032518e+00
5.489246581812171826e+03 1.282224632110696261e+00
5.509249966546233736e+03 1.299623874368548204e+00
5.529253351280295647e+03 1.304249945091148666e+00
5.549256736014358466e+03 1.314964034702394091e+00
5.569260120748420377e+03 1.299212057983747171e+00
5.589263505482482287e+03 1.268943553700856430e+00
5.609266890216545107e+03 1.246657423676696741e+00
5.629270274950607018e+03 1.268559191741708725e+00
5.649273659684668928e+03 1.260666044366351990e+00
5.669277044418731748e+03 1.252704260926861268e+00
5.689280429152793658e+03 1.250603997364374997e+00
5.709283813886855569e+03 1.237727871732923424e+00
5.729287198620918389e+03 1.251578629475071258e+00
5.749290583354980299e+03 1.218276411157478645e+00
5.769293968089043119e+03 1.233623435097737753e+00
5.789297352823105030e+03 1.210053810674280639e+00
5.809300737557166940e+03 1.218784318032066771e+00
5.829304122291229760e+03 1.241887217219415751e+00
5.849307507025291670e+03 1.204638425214144437e+00
5.869310891759353581e+03 1.212195255875247124e+00
5.889314276493416401e+03 1.141088293432901413e+00
5.909317661227478311e+03 1.195214693608609657e+00
5.929321045961540221e+03 1.181789479464089521e+00
5.949324430695603041e+03 1.169997803645947743e+00
5.969327815429664952e+03 1.180924665056007017e+00
5.989331200163726862e+03 1.155117504941796769e+00
6.009334584897789682e+03 1.140827476389193906e+00
6.029337969631851593e+03 1.140182297386338695e+00
6.049341354365914412e+03 1.133812870634746339e+00
6.069344739099976323e+03 1.158590489786953670e+00
6.089348123834038233e+03 1.112721008126509981e+00
6.109351508568101053e+03 1.108074346584669412e+00
6.129354893302162964e+03 1.095582582912365543e+00
6.149358278036224874e+03 1.083811497913463651e+00
6.169361662770287694e+03 1.062774544256534170e+00
6.189365047504349604e+03 1.083598726114649802e+00
6.209368432238411515e+03 1.077105754447617025e+00
6.229371816972474335e+03 1.053138040852185542e+00
6.249375201706536245e+03 1.027193608609707765e+00
6.269378586440599065e+03 1.057057160114210470e+00
6.289381971174660976e+03 1.053659674939600110e+00
6.309385355908722886e+03 1.052781133318691165e+00
6.329388740642784796e+03 1.054057764111574702e+00
6.349392125376847616e+03 1.055759938502086603e+00
6.369395510110909527e+03 1.047249066549527985e+00
6.389398894844972347e+03 1.071189325719305918e+00
6.409402279579034257e+03 1.069995058203382587e+00
6.429405664313096167e+03 1.109199978036459644e+00
6.449409049047158987e+03 1.134595321765868636e+00
6.469412433781220898e+03 1.106687898089171895e+00
6.489415818515282808e+03 1.075636942675159302e+00
6.509419203249345628e+03 1.105390676477048029e+00
6.529422587983407539e+03 1.117134307050296593e+00
6.549425972717469449e+03 1.084243905117505014e+00
6.569429357451532269e+03 1.132282286404568517e+00
6.589432742185594179e+03 1.144533823852404986e+00
6.609436126919656999e+03 1.133236327696024670e+00
6.629439511653718910e+03 1.153731056446299030e+00
6.649442896387780820e+03 1.127910169119262118e+00
6.669446281121843640e+03 1.098630024159894525e+00
6.689449665855905550e+03 1.107875301998682227e+00
6.709453050589967461e+03 1.052918405446958028e+00
6.729456435324030281e+03 1.042320997144739803e+00
6.749459820058092191e+03 1.016053975400834641e+00
6.769463204792154102e+03 1.012642763013397840e+00
6.789466589526216922e+03 1.000000000000000000e+00
6.809469974260278832e+03 9.776658247309466532e-01
6.829473358994340742e+03 9.786610476608829101e-01
6.849476743728403562e+03 9.805622666373819962e-01
6.869480128462465473e+03 9.687431363935866679e-01
6.889483513196527383e+03 9.775148253898529038e-01
6.909486897930590203e+03 9.727103009005052536e-01
6.929490282664652113e+03 9.907478585547989658e-01
6.949493667398714933e+03 9.920313529540961683e-01
6.969497052132776844e+03 9.832939819898968148e-01
6.989500436866838754e+03 9.677410498572369679e-01
7.009503821600901574e+03 9.764646936086097684e-01
7.029507206334963485e+03 9.541511091587964177e-01
7.049510591069025395e+03 9.630051614320228603e-01
7.069513975803088215e+03 9.403964419064353430e-01
7.089517360537150125e+03 9.088375796178344013e-01
7.109520745271212036e+03 9.061607731166263502e-01
7.129524130005274856e+03 8.827215572150231004e-01
7.149527514739336766e+03 8.668185811552822084e-01
7.169530899473399586e+03 8.656654952778388701e-01
7.189534284207461496e+03 8.651713156160772966e-01
7.209537668941523407e+03 8.650065890621568832e-01
7.229541053675585317e+03 8.831676916318911275e-01
7.249544438409648137e+03 8.876221721941578435e-01
7.269547823143710048e+03 8.801202503843619240e-01
7.289551207877772868e+03 8.783082582912364877e-01
7.309554592611834778e+03 8.911912475291017266e-01
7.329557977345896688e+03 8.800241598945750532e-01
7.349561362079959508e+03 8.715270151548430988e-01
7.369564746814021419e+03 8.890223479024819131e-01
7.389568131548083329e+03 8.713760158137492384e-01
7.409571516282146149e+03 8.760295409620030282e-01
7.429574901016208059e+03 8.680952119481661899e-01
7.449578285750269970e+03 8.516500109817702890e-01
7.469581670484332790e+03 8.430979573907312341e-01
7.489585055218394700e+03 7.304593125411816823e-01
7.509588439952457520e+03 7.575225126290358046e-01
7.529591824686519431e+03 7.926779046782342908e-01
7.549595209420581341e+03 8.354038546013616839e-01
7.569598594154643251e+03 8.332280913683286494e-01
7.589601978888706071e+03 8.306336481440808051e-01
7.609605363622767982e+03 8.133854052273226110e-01
7.629608748356830802e+03 8.068443883153963991e-01
7.649612133090892712e+03 7.991434219196135169e-01
7.669615517824954622e+03 7.858829343290139047e-01
7.689618902559017442e+03 7.957253459257632722e-01
7.709622287293079353e+03 7.936662640017571047e-01
7.729625672027141263e+03 7.923896332088733452e-01
7.749629056761204083e+03 7.779348781023501802e-01
7.769632441495265994e+03 7.872419283988578709e-01
7.789635826229327904e+03 7.870566110256973502e-01
7.809639210963390724e+03 7.956155282231496262e-01
7.829642595697452634e+03 7.754090709422359895e-01
7.849645980431515454e+03 7.702339117065670759e-01
7.869649365165577365e+03 7.626976718647046072e-01
7.889652749899639275e+03 7.570283329672743422e-01
7.909656134633701186e+03 7.489635954315836397e-01
7.929659519367764005e+03 7.306995387656490815e-01
7.949662904101826825e+03 7.298209971447398026e-01
7.969666288835888736e+03 7.438021634087416123e-01
7.989669673569950646e+03 7.151740610586426738e-01
8.009673058304012557e+03 7.282149132440148831e-01
8.029676443038074467e+03 7.165605095541400793e-01
8.049679827772137287e+03 7.054826488029869447e-01
8.069683212506200107e+03 7.131149791346365063e-01
8.089686597240262017e+03 7.099645837909071000e-01
8.109689981974323928e+03 7.226279376235449359e-01
8.129693366708385838e+03 7.227926641774653493e-01
8.149696751442448658e+03 7.301573138589940726e-01
8.169700136176511478e+03 7.422303975400834641e-01
8.189703520910573388e+03 7.298484515703931308e-01
8.209706905644634389e+03 7.469319679332309114e-01
8.229710290378698119e+03 7.603915001098178195e-01
8.249713675112758210e+03 7.594168679991215587e-01
8.269717059846821940e+03 7.974343839226883945e-01
8.289720444580885669e+03 7.826021304634307452e-01
8.309723829314945760e+03 7.644135734680431726e-01
8.329727214049009490e+03 7.675227871732922535e-01
8.349730598783069581e+03 7.731028991873490908e-01
8.369733983517133311e+03 7.863222051394684886e-01
8.389737368251195221e+03 7.627868987480782570e-01
8.409740752985257132e+03 7.875027454425653772e-01
8.429744137719320861e+03 7.662118383483417228e-01
8.449747522453380952e+03 7.835287173292333485e-01
8.469750907187444682e+03 7.694240061497913397e-01
8.489754291921506592e+03 7.445777509334504662e-01
8.509757676655568503e+03 7.778181967933230911e-01
8.529761061389632232e+03 7.470074676037777861e-01
8.549764446123692323e+03 7.629859433340655528e-01
8.569767830857756053e+03 7.920601801010322962e-01
8.589771215591816144e+03 7.859652976059740004e-01
8.609774600325879874e+03 7.988551504502526823e-01
8.629777985059943603e+03 8.113880957610367650e-01
8.649781369794003695e+03 7.910718207775093713e-01
8.669784754528067424e+03 7.599247748737095742e-01
8.689788139262127515e+03 8.077847023940259996e-01
8.709791523996191245e+03 8.239484954974742870e-01
8.729794908730254974e+03 8.173182517021743143e-01
8.749798293464315066e+03 7.843729409180759671e-01
8.769801678198378795e+03 7.895206457280913304e-01
8.789805062932438886e+03 7.995826927300681009e-01
8.809808447666502616e+03 7.650999341093784878e-01
8.829811832400564526e+03 7.484900065890621734e-01
8.849815217134626437e+03 7.376317812431364418e-01
8.869818601868690166e+03 7.294366351855918751e-01
8.889821986602750258e+03 7.321271688996267013e-01
8.909825371336813987e+03 7.077476389193937401e-01
8.929828756070874078e+03 6.974865473314298958e-01
8.949832140804937808e+03 7.035333845815945342e-01
8.969835525539001537e+03 6.982895892817921890e-01
8.989838910273061629e+03 6.847888754667252886e-01
9.009842295007125358e+03 6.514248846914122426e-01
9.029845679741185450e+03 6.893669009444323148e-01
9.049849064475249179e+03 7.271167362178784233e-01
9.069852449209312908e+03 7.320036239841863912e-01
9.089855833943373000e+03 7.187019547551065646e-01
9.109859218677436729e+03 7.034853393367010987e-01
9.129862603411496821e+03 6.775752251262904258e-01
9.149865988145560550e+03 6.386311223369206536e-01
9.169869372879622460e+03 5.700842850867560152e-01
9.189872757613684371e+03 5.371595651218976641e-01
9.209876142347748100e+03 5.125329453107840827e-01
9.229879527081808192e+03 4.779746870195475394e-01
9.249882911815871921e+03 4.979409180759938325e-01
9.269886296549932013e+03 4.759911047660883021e-01
9.289889681283995742e+03 4.523665714913244207e-01
9.309893066018059471e+03 4.349467384142324256e-01
9.329896450752119563e+03 4.385295409620031393e-01
9.349899835486183292e+03 4.399640347023940357e-01
9.369903220220243384e+03 4.371980013178124458e-01
9.389906604954307113e+03 4.918734900065890869e-01
9.409909989688370842e+03 4.603146277179881452e-01
9.429913374422430934e+03 4.766637381945970087e-01
9.449916759156494663e+03 5.134114869316933616e-01
9.469920143890554755e+03 5.356770261366132768e-01
9.489923528624618484e+03 5.471804304853942202e-01
9.509926913358680395e+03 5.834339995607292773e-01
9.529930298092742305e+03 5.622940918075994832e-01
9.549933682826806034e+03 5.679359762793763089e-01
9.569937067560866126e+03 5.928234131341971747e-01
9.589940452294929855e+03 5.857470349220295081e-01
9.609943837028991766e+03 6.108746980013178840e-01
9.629947221763053676e+03 5.883895233911706768e-01
9.649950606497117406e+03 5.957404458598726249e-01
9.669953991231177497e+03 5.920546892159016528e-01
9.689957375965241226e+03 5.966121238743685717e-01
9.709960760699301318e+03 5.955688556995387684e-01
9.729964145433365047e+03 5.807297386338677869e-01
9.749967530167428777e+03 5.959806720843400241e-01
9.769970914901488868e+03 5.882522512629035916e-01
9.789974299635552597e+03 5.964199428947946080e-01
9.809977684369612689e+03 5.731385899406984397e-01
9.829981069103676418e+03 5.375507906874588127e-01
