4.150165644171779036e+02 0.000000000000000000e+00
4.450496932515337676e+02 0.000000000000000000e+00
4.750828220858895747e+02 0.000000000000000000e+00
5.051159509202453819e+02 1.382307190591914960e-77
5.351490797546011891e+02 2.538141775336726804e-46
5.651822085889571099e+02 1.553279426428024631e-48
5.952153374233128034e+02 2.905388171552790987e-28
6.252484662576687242e+02 8.745087748196007331e-09
6.552815950920245314e+02 6.145489319740979450e-64
6.853147239263803385e+02 2.715251412731755627e-92
7.153478527607362594e+02 1.459269344132548694e-15
7.453809815950919528e+02 4.212213737972733007e-14
7.754141104294478737e+02 4.205692342760136539e-09
8.054472392638036808e+02 1.132560564264956950e-24
8.354803680981594880e+02 9.678902891751570205e-102
8.655134969325154088e+02 9.961515263984386865e-09
8.955466257668711023e+02 6.885326146043503268e-11
9.255797546012270232e+02 7.118335922938188161e-60
9.556128834355828303e+02 7.989041375740375359e-14
9.856460122699386375e+02 1.200684459859527153e-10
1.015679141104294558e+03 3.728968780876912842e-08
1.045712269938650479e+03 3.304620599466770672e-12
1.075745398773005945e+03 2.487762823693777381e-03
1.105778527607361866e+03 2.397888053713629394e-03
1.135811656441717787e+03 2.411062932411832047e-03
1.165844785276073708e+03 1.506898499679322880e-03
1.195877914110429629e+03 2.593072449366213162e-03
1.225911042944785095e+03 1.398093821678377154e-02
1.255944171779141016e+03 2.593178368695811965e-03
1.285977300613496936e+03 4.907482507320863607e-03
1.316010429447852857e+03 9.392343166084048470e-03
1.346043558282208778e+03 9.880152528276084020e-03
1.376076687116564244e+03 2.026827370020144875e-03
1.406109815950920165e+03 3.244721862103133129e-03
1.436142944785276086e+03 1.870530030481523318e-02
1.466176073619632007e+03 1.202612759470904867e-02
1.496209202453987700e+03 3.740830142857576139e-03
1.526242331288343621e+03 8.256719438666626498e-03
1.556275460122699315e+03 8.572728163526910708e-03
1.586308588957055235e+03 3.104921544401057290e-03
1.616341717791411156e+03 7.216284879701853616e-02
1.646374846625766850e+03 6.665909390583829586e-02
1.676407975460122771e+03 5.943225280365154600e-03
1.706441104294478464e+03 7.439311500602118453e-03
1.736474233128834385e+03 2.903776201209430294e-02
1.766507361963190306e+03 3.749521203293708360e-02
1.796540490797545999e+03 6.317888472145778873e-03
1.826573619631901693e+03 2.758516448577804855e-02
1.856606748466257613e+03 1.039780806147159314e-01
1.886639877300613534e+03 1.246812328858986352e-01
1.916673006134969455e+03 1.537113011108489913e-01
1.946706134969325149e+03 1.770414532105912264e-01
1.976739263803680842e+03 1.190753135882433728e-01
2.006772392638036763e+03 4.317824210772092108e-02
2.036805521472392684e+03 1.849656376574174976e-01
2.066838650306748605e+03 3.139852657390332369e-01
2.096871779141104071e+03 2.565096279163125437e-01
2.126904907975459992e+03 2.076221097668360382e-01
2.156938036809815912e+03 8.579234162969077981e-02
2.186971165644171833e+03 2.263919066511593248e-01
2.217004294478527754e+03 2.982013387747871058e-01
2.247037423312883675e+03 3.631283990358423197e-01
2.277070552147239141e+03 1.339674960679158922e+00
2.307103680981595062e+03 2.442855304439927266e+00
2.337136809815950983e+03 1.800263273208283010e+01
2.367169938650306904e+03 5.675936673841410318e+00
2.397203067484662370e+03 5.853455151619542107e-01
2.427236196319018291e+03 2.736930105704930560e-01
2.457269325153374211e+03 8.925007770047851952e-02
2.487302453987730132e+03 1.248929947177160882e+00
2.517335582822086053e+03 1.835429462536397827e+00
2.547368711656441519e+03 2.355628929023661833e+00
2.577401840490797440e+03 3.746461106961106236e+00
2.607434969325153361e+03 1.419779209105219930e+00
2.637468098159509282e+03 8.430656023170171043e-01
2.667501226993865203e+03 1.283716107223046521e+00
2.697534355828221123e+03 8.880046067387218356e-01
2.727567484662576589e+03 2.013533249719285656e-01
2.757600613496932510e+03 7.364696551430077731e-01
2.787633742331288431e+03 1.418494098624221822e+00
2.817666871165644352e+03 1.609985187202789447e+01
2.847699999999999818e+03 3.626777059886343579e+01
2.877733128834355739e+03 1.734901937411780182e+01
2.907766257668711660e+03 1.331476387282127050e+01
2.937799386503067581e+03 7.290220476754480039e+00
2.967832515337423501e+03 1.166389887017349913e+01
2.997865644171779422e+03 5.679847099829441248e+00
3.027898773006134888e+03 4.268229444707412057e+00
3.057931901840490809e+03 3.511299938563785084e+00
3.087965030674846730e+03 7.020120253966399382e+00
3.117998159509202651e+03 4.976076332289558479e+00
3.148031288343558117e+03 3.098099677070417002e+00
3.178064417177914038e+03 7.210819403528275773e-01
3.208097546012269959e+03 8.208769202914530105e-02
3.238130674846625880e+03 1.175256420094089316e-01
3.268163803680981800e+03 1.179559270031588447e+00
3.298196932515337267e+03 2.400146040790626323e+00
3.328230061349693187e+03 2.161709796206535472e+00
3.358263190184049108e+03 5.945198950813730399e-01
3.388296319018405029e+03 7.412575093285485028e-01
3.418329447852760495e+03 3.725195650563141836e+00
3.448362576687116416e+03 2.651063346195086101e+00
3.478395705521472337e+03 2.014258813662652248e+00
3.508428834355828258e+03 2.198902165306785061e+00
3.538461963190184179e+03 1.691459076671786077e+00
3.568495092024540099e+03 9.943229523598220432e-01
3.598528220858895565e+03 2.642233766499123782e+00
3.628561349693251486e+03 9.088994723145088495e-01
3.658594478527607407e+03 1.195744385298768808e+00
3.688627607361963328e+03 4.266032678913158627e+00
3.718660736196318794e+03 8.208237887528150978e+00
3.748693865030674715e+03 1.007984841215239946e+01
3.778726993865030636e+03 6.538031352441366906e+00
3.808760122699386557e+03 5.927105009144417735e+00
3.838793251533742477e+03 2.936968508057752558e+00
3.868826380368098398e+03 2.598764931093411779e+00
3.898859509202453864e+03 3.249807496966490294e+00
3.928892638036809785e+03 7.443175382072315216e+00
3.958925766871165706e+03 8.187371047474847785e+00
3.988958895705521627e+03 7.805028557196387773e+00
4.018992024539877093e+03 4.482792082664643019e+00
4.049025153374233014e+03 4.268995970944573060e+00
4.079058282208588935e+03 3.180781692347250722e+00
4.109091411042944856e+03 4.651764525061667044e+00
4.139124539877300776e+03 1.606627751928049719e+01
4.169157668711655788e+03 2.346799779093323934e+00
4.199190797546012618e+03 3.125075030985061009e+00
4.229223926380367629e+03 6.308087432306010101e+00
4.259257055214724460e+03 4.717027052087148675e+00
4.289290184049079471e+03 4.019238161302232548e+00
4.319323312883436301e+03 2.398688289797587192e+00
4.349356441717791313e+03 2.192052887742070855e+00
4.379389570552147234e+03 4.706384160605285416e+00
4.409422699386503155e+03 4.852285602983840818e+00
4.439455828220859075e+03 9.234057453045635411e-01
4.469488957055214996e+03 1.877804657217370332e+00
4.499522085889570008e+03 3.591299476395856338e+00
4.529555214723926838e+03 1.737857599001608477e+01
4.559588343558281849e+03 2.217749117305661244e+01
4.589621472392638680e+03 1.948082854716825096e+01
4.619654601226993691e+03 9.107789131476010880e+00
4.649687730061350521e+03 3.254396505604247203e+00
4.679720858895705533e+03 3.547701759800418575e+00
4.709753987730060544e+03 1.902559657391028169e+00
4.739787116564417374e+03 6.127065260010271963e+00
4.769820245398772386e+03 3.857189067089129786e+00
4.799853374233129216e+03 1.555700074153932189e+00
4.829886503067484227e+03 1.327218112495781588e+00
4.859919631901841058e+03 1.810836266678139461e+00
4.889952760736196069e+03 5.286339557088454377e+00
4.919985889570552899e+03 6.101293935615013098e+00
4.950019018404907911e+03 3.181243915737081096e+00
4.980052147239263832e+03 1.100967958117687884e+00
5.010085276073619752e+03 2.005201970182789672e+00
5.040118404907974764e+03 1.632393337163892566e+00
5.070151533742331594e+03 1.838961360652022758e+00
5.100184662576686605e+03 3.467116007065909056e+00
5.130217791411043436e+03 2.378188925527613407e+00
5.160250920245398447e+03 2.882608871165128317e+00
5.190284049079755277e+03 3.872909721336871947e+00
5.220317177914110289e+03 4.641392622352837449e+00
5.250350306748467119e+03 5.807703818331647838e+00
5.280383435582822131e+03 7.935475034217073897e+00
5.310416564417177142e+03 5.955597118313601612e+00
5.340449693251533972e+03 8.219807654337598635e+00
5.370482822085888984e+03 5.496450068772752218e+00
5.400515950920245814e+03 4.655934992017166429e+00
5.430549079754600825e+03 5.101722562584117604e+00
5.460582208588957656e+03 8.035796274381306503e+00
5.490615337423312667e+03 8.390997338874736755e+00
5.520648466257669497e+03 1.499964315034771012e+01
5.550681595092024509e+03 1.638065331656216017e+01
5.580714723926380429e+03 1.210063910840879764e+01
5.610747852760736350e+03 1.385982135031933105e+01
5.640780981595091362e+03 6.972931290321149334e+00
5.670814110429448192e+03 6.503007814007038867e+00
5.700847239263803203e+03 2.119534645581934384e+01
5.730880368098160034e+03 2.708253130416134979e+01
5.760913496932515045e+03 4.165831553608801308e+00
5.790946625766871875e+03 5.283188094119330991e+00
5.820979754601226887e+03 1.554751913776191508e+01
5.851012883435583717e+03 2.183190576076164291e+01
5.881046012269938728e+03 1.914870156572352755e+01
5.911079141104293740e+03 1.907671961563835694e+01
5.941112269938650570e+03 2.368073773643720159e+01
5.971145398773005581e+03 2.108951551399230340e+01
6.001178527607362412e+03 1.524492566639595559e+01
6.031211656441717423e+03 9.490228189197274844e+00
6.061244785276074253e+03 5.234080113359200759e+00
6.091277914110429265e+03 1.324902293561881983e+01
6.121311042944786095e+03 1.418809644864749231e+01
6.151344171779141107e+03 1.829183478695048848e+01
6.181377300613496118e+03 1.430177186085712471e+01
6.211410429447852948e+03 8.697017541583930367e+00
6.241443558282207960e+03 1.116525683050188711e+01
6.271476687116564790e+03 1.084386974028087103e+01
6.301509815950919801e+03 1.951648217183242551e+01
6.331542944785276632e+03 1.431711347921860167e+01
6.361576073619631643e+03 1.214594022233701942e+01
6.391609202453988473e+03 1.051935513766472496e+01
6.421642331288343485e+03 1.122853491459910558e+01
6.451675460122699405e+03 1.176221651833919069e+01
6.481708588957055326e+03 9.994819194995603340e+00
6.511741717791410338e+03 9.573017562695870453e+00
6.541774846625767168e+03 4.833673980813787807e+01
6.571807975460122179e+03 2.592872591415466559e+02
6.601841104294479010e+03 1.097861781334001137e+02
6.631874233128834021e+03 3.033829141636263316e+01
6.661907361963190851e+03 1.992547560619205882e+01
6.691940490797545863e+03 1.856771453165910657e+01
6.721973619631902693e+03 1.636782250238408309e+01
6.752006748466257704e+03 1.728589666774782430e+01
6.782039877300612716e+03 9.761063782913513620e+00
6.812073006134969546e+03 6.840053471493209969e+00
6.842106134969324557e+03 3.414134244035778920e+00
6.872139263803681388e+03 3.580276728011723808e+00
6.902172392638036399e+03 3.937574200450454143e+00
6.932205521472393229e+03 1.808139349289929809e+00
6.962238650306748241e+03 1.425710199049764704e+00
6.992271779141105071e+03 2.121423528670456360e+00
7.022304907975460083e+03 2.318058944645353225e+00
7.052338036809816003e+03 2.447341009717252991e+00
7.082371165644171924e+03 3.018846455336271273e+00
7.112404294478526936e+03 5.322201233745238014e+00
7.142437423312883766e+03 6.090901260732921152e+00
7.172470552147238777e+03 5.525983852368351990e+00
7.202503680981595608e+03 7.616372844265175246e+00
7.232536809815950619e+03 9.895534604822346481e+00
7.262569938650307449e+03 3.437525309111761374e+01
7.292603067484662461e+03 6.927807601371340240e+01
7.322636196319019291e+03 7.421487916071876612e+01
7.352669325153374302e+03 4.213676938741848943e+01
7.382702453987729314e+03 1.492191926895488230e+01
7.412735582822086144e+03 4.260030652734108081e+00
7.442768711656441155e+03 3.653596372350401467e+00
7.472801840490797986e+03 3.076302022221754306e+00
7.502834969325152997e+03 2.808710299275217981e+00
7.532868098159509827e+03 1.422050712814640683e+00
7.562901226993864839e+03 4.140140417323043831e-01
7.713066871165643533e+03 3.937188631400127647e+00
7.743100000000000364e+03 2.946769974843359119e+00
7.773133128834355375e+03 1.272416480037129816e+00
7.803166257668712205e+03 1.000000000000000000e+00
7.833199386503067217e+03 1.201649459232027706e+00
7.863232515337424047e+03 1.386265703935383842e+00
7.893265644171779059e+03 4.252023956316010711e+00
7.923298773006135889e+03 7.020054942439959866e+00
7.953331901840490900e+03 8.233624977923316379e+00
7.983365030674845912e+03 4.515935399061759448e+00
8.013398159509202742e+03 2.834396945740651041e+00
8.043431288343557753e+03 6.328315183199272553e+00
8.073464417177914584e+03 7.984987033187118222e+00
8.103497546012269595e+03 4.273893669180962362e+00
8.133530674846626425e+03 2.391686227360370953e+00
8.163563803680981437e+03 3.094394035205831894e+00
8.193596932515338267e+03 5.364908465060904241e+00
8.223630061349693278e+03 4.658418788990187132e+00
8.253663190184048290e+03 3.194154807716161670e+00
8.283696319018405120e+03 2.710872034590129154e+00
8.313729447852760131e+03 2.989382727282367647e+00
8.343762576687116962e+03 2.094326385501699583e+00
8.373795705521471973e+03 2.907969512975022486e+00
8.403828834355828803e+03 6.679433430587339515e+00
8.433861963190183815e+03 1.268652488282492463e+01
8.463895092024540645e+03 9.117737162081205327e+00
8.493928220858895656e+03 7.568092151190360717e+00
8.523961349693252487e+03 1.198125154160804406e+01
8.553994478527607498e+03 1.687770021818240451e+01
8.584027607361964328e+03 1.220396329278898584e+01
8.614060736196319340e+03 8.094575917542842447e+00
8.644093865030674351e+03 1.124415596650691462e+01
8.674126993865031181e+03 2.080216272242495990e+01
8.704160122699386193e+03 2.000156783947699424e+01
8.734193251533743023e+03 1.442326137021752075e+01
8.764226380368098035e+03 1.477663264774607121e+01
8.794259509202453046e+03 1.518869178098670858e+01
8.824292638036809876e+03 9.972487302001161069e+00
8.854325766871166707e+03 6.646400612989753931e+00
8.884358895705521718e+03 5.028447677083043743e+00
8.914392024539876729e+03 3.462129303736311225e+00
8.944425153374233560e+03 2.394461485105949361e+00
8.974458282208588571e+03 2.119339868567772900e+00
9.004491411042945401e+03 3.219546292342055249e+00
9.034524539877300413e+03 3.954191224880557520e+00
9.064557668711655424e+03 4.102412051417641869e+00
9.094590797546012254e+03 4.381748864264880083e+00
9.124623926380369085e+03 3.136497153101747593e+00
9.154657055214724096e+03 2.522101021225150230e+00
9.184690184049079107e+03 3.082329845355161524e+00
9.214723312883435938e+03 5.791517447998972834e+00
9.244756441717792768e+03 5.185089948061084364e+00
9.274789570552147779e+03 2.682063337524473567e+00
9.304822699386502791e+03 2.159898122244351182e+00
9.334855828220857802e+03 1.626351748442185219e+00
9.364888957055214632e+03 1.185809817385418130e+00
9.394922085889571463e+03 1.817330475492244135e+00
9.424955214723926474e+03 1.954195366227393871e+00
9.454988343558281485e+03 1.692519459626874001e+00
9.485021472392638316e+03 1.337027018786472565e+00
9.515054601226995146e+03 1.274854023035337125e+00
9.545087730061350157e+03 1.221423970017379457e+00
9.575120858895705169e+03 8.123358586115093649e-01
9.605153987730060180e+03 9.233654101146976378e-01
9.635187116564417011e+03 1.092071513480061373e+00
9.665220245398773841e+03 1.333357071750027156e+00
9.695253374233128852e+03 1.758525769077508905e+00
9.725286503067483864e+03 2.408141790650579317e+00
9.755319631901840694e+03 5.938348428856238037e+00
9.785352760736197524e+03 1.372760886672594083e+01
9.815385889570552536e+03 8.839826119172089491e+00
9.845419018404907547e+03 3.021022236097940183e+00
9.875452147239264377e+03 1.163367643860576672e+00
9.905485276073619389e+03 1.067091267523532894e+00
9.935518404907976219e+03 1.233763321908221133e+00
9.965551533742331230e+03 1.524892040933052195e+00
9.995584662576686242e+03 2.815184766396094496e+00
1.002561779141104307e+04 4.576812809736458654e+00
1.005565092024539990e+04 4.610324046104767426e+00
1.008568404907975491e+04 3.241095119737861907e+00
1.011571717791410993e+04 1.164517955287741380e+00
1.014575030674846676e+04 6.618421618475972545e-01
1.017578343558282177e+04 7.750716088056074371e-01
1.020581656441717860e+04 8.568561224153206091e-01
1.023584969325153361e+04 6.648535343184585056e-01
1.026588282208588862e+04 7.873740349878073363e-01
1.029591595092024545e+04 2.399606194540503168e+00
1.032594907975460228e+04 7.266148481855494445e+00
1.035598220858895729e+04 1.186077230954536432e+01
1.038601533742331230e+04 1.010414607129013298e+01
1.041604846625766913e+04 8.059569724127365831e+00
1.044608159509202414e+04 4.691928514367972092e+00
1.047611472392638098e+04 3.384104809035202610e+00
1.050614785276073599e+04 3.318700397387980061e+00
1.053618098159509100e+04 2.702774031390729803e+00
1.056621411042944783e+04 4.403880838614189663e+00
1.059624723926380466e+04 8.145773175251793674e+00
1.062628036809815967e+04 6.513145769722345158e+00
1.065631349693251468e+04 7.308099843066334422e+00
1.068634662576687151e+04 7.318849341323169000e+00
1.071637975460122834e+04 8.154872636447905165e+00
1.074641288343558335e+04 8.901349785589085073e+00
1.077644601226993836e+04 8.015080306220946582e+00
1.080647914110429338e+04 1.814505609285648546e+01
1.083651226993865021e+04 2.419585822678679676e+01
1.086654539877300704e+04 1.216446927404639133e+01
1.089657852760736205e+04 3.279719654729233103e+00
1.092661165644171706e+04 2.131485797379375491e+00
1.095664478527607389e+04 6.807158665163855815e+00
1.098667791411043072e+04 2.039685120455633083e+01
1.101671104294478573e+04 2.391876374049540743e+01
1.104674417177914074e+04 6.383663653963928653e+00
1.107677730061349575e+04 1.464037592721192826e+00
1.110681042944785258e+04 6.881603033496356270e-01
1.113684355828220941e+04 4.791682918003951630e-01
1.116687668711656443e+04 4.915139247563133917e-01
1.119690981595091944e+04 6.600181426191196188e-01
1.122694294478527627e+04 7.198380509681397976e-01
1.125697607361963310e+04 1.648129721497718414e+00
1.128700920245398811e+04 5.761315710407505009e+00
1.131704233128834312e+04 7.624514843473747305e+00
1.134707546012269995e+04 2.637721352624446958e+00
1.137710858895705496e+04 8.229161758238661140e-01
1.140714171779141179e+04 5.482108708653087303e-01
1.143717484662576680e+04 5.129542101917494712e-01
1.146720797546012182e+04 4.549422447090918920e-01
1.149724110429447865e+04 4.108259372096871864e-01
1.152727423312883548e+04 3.405959595195738876e-01
1.155730736196319049e+04 4.019537228421150021e-01
1.158734049079754550e+04 8.880555243133476662e-01
1.161737361963190233e+04 1.535683777134009498e+00
1.164740674846625734e+04 1.717341437905807400e+00
1.167743987730061417e+04 1.585024062126157096e+00
1.170747300613496918e+04 1.265345049407271327e+00
1.173750613496932419e+04 1.077520889953800687e+00
1.176753926380368102e+04 1.675064222641850398e+00
1.179757239263803785e+04 2.821556870669032158e+00
1.182760552147239287e+04 3.656289439062001989e+00
1.185763865030674788e+04 4.350001632936717044e+00
1.188767177914110471e+04 5.078630920441765007e+00
1.191770490797545972e+04 5.038123664611749319e+00
1.194773803680981655e+04 4.920623981138479763e+00
1.197777116564417156e+04 6.885825336004339547e+00
1.200780429447852657e+04 8.001168846124739886e+00
1.203783742331288340e+04 7.185697836479480571e+00
1.206787055214724023e+04 5.736049893155598767e+00
1.209790368098159524e+04 5.149332927363593271e+00
1.212793680981595026e+04 4.170976952013198513e+00
1.215796993865030709e+04 1.827599568849411993e+00
1.218800306748466392e+04 1.048381981455464684e+00
1.221803619631901893e+04 2.071246357625599721e+00
1.224806932515337394e+04 4.236591737908115718e+00
1.227810245398772895e+04 4.435834492620386094e+00
1.230813558282208578e+04 2.261193581106262229e+00
1.233816871165644261e+04 7.509070674218286667e-01
1.236820184049079762e+04 4.086701115728207379e-01
1.239823496932515263e+04 5.953801752551991511e-01
1.242826809815950946e+04 8.608586292387261363e-01
1.245830122699386629e+04 9.960290717800881488e-01
1.248833435582822131e+04 7.542783583474199638e-01
1.251836748466257632e+04 5.089206029912153317e-01
1.254840061349693133e+04 3.922751472448738896e-01
1.257843374233128816e+04 2.847034268568957027e-01
1.260846687116564499e+04 2.380683150936027948e-01
1.263850000000000000e+04 3.244126949066067911e-01
1.266853312883435501e+04 4.818903319192404666e-01
1.269856625766871184e+04 5.665928705269464016e-01
1.272859938650306867e+04 7.185939629839365184e-01
1.275863251533742368e+04 1.291173009355596424e+00
1.278866564417177869e+04 2.810644895151075850e+00
1.281869877300613553e+04 4.090696172741229653e+00
1.284873190184049054e+04 3.964062703689605893e+00
1.287876503067484737e+04 3.561851060198551355e+00
1.290879815950920238e+04 3.608251203163244991e+00
1.293883128834355739e+04 2.856769530172396543e+00
1.296886441717791422e+04 1.754841413702241448e+00
1.299889754601227105e+04 1.372133560544697595e+00
1.302893067484662606e+04 1.418170762418970998e+00
1.305896380368098107e+04 1.447084887495778904e+00
1.308899693251533790e+04 1.393196236055117554e+00
1.311903006134969291e+04 1.301012757283842580e+00
1.314906319018404974e+04 1.227845872009731387e+00
1.317909631901840476e+04 1.410040347196655386e+00
1.320912944785275977e+04 1.689773729088747123e+00
1.323916257668711660e+04 1.536413062214820879e+00
1.326919570552147343e+04 1.598873671339074987e+00
1.329922883435582844e+04 1.879970626452261984e+00
1.332926196319018345e+04 1.760513031728153877e+00
1.335929509202454028e+04 1.187706393479368128e+00
1.338932822085889711e+04 1.111909636011825686e+00
1.341936134969325212e+04 1.320113611692362410e+00
1.344939447852760713e+04 1.360788377277550198e+00
1.347942760736196215e+04 1.341264561049619441e+00
1.350946073619631898e+04 1.874517092170425281e+00
1.353949386503067581e+04 2.848235169480454854e+00
1.356952699386503082e+04 3.024039142652275469e+00
1.359956012269938583e+04 2.156742413015342308e+00
1.362959325153374266e+04 1.865745086916291706e+00
1.365962638036809949e+04 2.769360140457130637e+00
1.368965950920245450e+04 3.298743163913890886e+00
1.371969263803680951e+04 3.324633255669932730e+00
1.374972576687116452e+04 3.293029957454085999e+00
1.377975889570552135e+04 2.703048124777052141e+00
1.380979202453987818e+04 1.559754597736628501e+00
1.383982515337423320e+04 9.733358030776472214e-01
1.386985828220858821e+04 7.762839611973501031e-01
1.389989141104294504e+04 6.451778361396920403e-01
1.392992453987730187e+04 4.602649969417881293e-01
1.395995766871165688e+04 4.601176555659352574e-01
1.398999079754601189e+04 6.940108989112813154e-01
1.402002392638036690e+04 8.619654970250744119e-01
1.405005705521472373e+04 9.895929706665838044e-01
1.408009018404908056e+04 9.643180164911970831e-01
1.411012331288343557e+04 8.275888615467416054e-01
1.414015644171779059e+04 6.467061460726266642e-01
1.417018957055214742e+04 5.072221075939639112e-01
1.420022269938650425e+04 5.965235674619484563e-01
1.423025582822085926e+04 1.063491355405431271e+00
1.426028895705521427e+04 1.488340247806171135e+00
1.429032208588957110e+04 1.592094695220094724e+00
1.432035521472392611e+04 1.798483733411402552e+00
1.435038834355828294e+04 2.744737298279491533e+00
1.438042147239263795e+04 4.322625076850489023e+00
1.441045460122699296e+04 7.150145548939820905e+00
1.444048773006134979e+04 9.707887169679462858e+00
1.447052085889570662e+04 7.410953730298113662e+00
1.450055398773006164e+04 2.522007029380548992e+00
1.453058711656441665e+04 8.557438209616533564e-01
1.456062024539877348e+04 5.121969076170148627e-01
1.459065337423312849e+04 6.734863874204045642e-01
1.462068650306748532e+04 1.010432897345002079e+00
1.465071963190184033e+04 9.075503658108882155e-01
1.468075276073619534e+04 5.860316703762989965e-01
1.471078588957055217e+04 6.101501443719612450e-01
1.474081901840490900e+04 7.852960649574106666e-01
1.477085214723926401e+04 6.977737077976388091e-01
1.480088527607361902e+04 3.969738411431901759e-01
1.483091840490797586e+04 2.521891421837232361e-01
1.486095153374233269e+04 2.787447372703092396e-01
1.489098466257668770e+04 4.030137421201501202e-01
1.492101779141104271e+04 7.927115660544699072e-01
1.495105092024539772e+04 1.981801081249148666e+00
1.498108404907975455e+04 4.313270942574666478e+00
1.501111717791411138e+04 8.736915249740917488e+00
1.504115030674846639e+04 1.631553858534877932e+01
1.507118343558282140e+04 1.902877801572300243e+01
1.510121656441717823e+04 1.224463644468134405e+01
1.513124969325153506e+04 5.384315230771884231e+00
1.516128282208589007e+04 2.632131018501396635e+00
1.519131595092024509e+04 1.990882196049278630e+00
1.522134907975460010e+04 1.848428630260002592e+00
1.525138220858895693e+04 2.148902221928049805e+00
1.528141533742331376e+04 3.458787806133545306e+00
1.531144846625766877e+04 4.330710797481612140e+00
1.534148159509202378e+04 3.940193834190456101e+00
1.537151472392638061e+04 2.961670152632968289e+00
1.540154785276073744e+04 1.589707020942681792e+00
1.543158098159509245e+04 7.424585709884766738e-01
1.546161411042944746e+04 5.896045208786351299e-01
1.549164723926380429e+04 7.512804194575710692e-01
1.552168036809815931e+04 9.100056604535338156e-01
1.555171349693251614e+04 9.230429859809483606e-01
1.558174662576687115e+04 8.405824918253957945e-01
1.561177975460122616e+04 6.951981022038823399e-01
1.564181288343558299e+04 5.632126004736208724e-01
1.567184601226993982e+04 5.424501499120857329e-01
1.570187914110429483e+04 6.743137522395000749e-01
1.573191226993864984e+04 7.321731250241972910e-01
1.576194539877300667e+04 5.800291284350923560e-01
1.579197852760736168e+04 4.320392878621685528e-01
1.582201165644171851e+04 4.727769756215344232e-01
1.585204478527607353e+04 7.960536220899177007e-01
1.588207791411042854e+04 1.108263915836908975e+00
1.591211104294478537e+04 1.246222939537335206e+00
1.594214417177914220e+04 1.235586200232461351e+00
1.597217730061349721e+04 1.825752408256493542e+00
1.600221042944785222e+04 8.967133749603831916e+00
1.603224355828220905e+04 3.812690042687226821e+01
1.606227668711656406e+04 7.309298569000637258e+01
1.609230981595092089e+04 5.987359841447139530e+01
1.612234294478527590e+04 2.787137713305394371e+01
1.615237607361963092e+04 9.460535214254297998e+00
1.618240920245398775e+04 2.156303835434707938e+00
1.621244233128834458e+04 1.258098953918306284e+00
1.624247546012269959e+04 9.804319479504607360e-01
1.627250858895705460e+04 7.431964108860404927e-01
1.630254171779141143e+04 7.701984765030218671e-01
1.633257484662576826e+04 1.193360428447647781e+00
1.636260797546012327e+04 3.545468178141853777e+00
1.639264110429447828e+04 2.116942175733957754e+01
1.642267423312883329e+04 8.386093835635591631e+01
1.645270736196319194e+04 1.556370705210720757e+02
1.648274049079754332e+04 1.266638048491703046e+02
1.651277361963190197e+04 5.937161540873086807e+01
1.654280674846626061e+04 1.882122185424953287e+01
1.657283987730061199e+04 3.165226040046260625e+00
1.660287300613497064e+04 1.197722768213102418e+00
1.663290613496932565e+04 8.888519313000208255e-01
1.666293926380368066e+04 9.296634964391654599e-01
1.669297239263803931e+04 9.913521315442466175e-01
1.672300552147239068e+04 8.116770736383678297e-01
1.675303865030674933e+04 4.971484436878647051e-01
1.678307177914110798e+04 3.613591133178717385e-01
1.681310490797545935e+04 3.502591849288717585e-01
1.684313803680981800e+04 3.383697190865719850e-01
1.687317116564416938e+04 2.884708448674221937e-01
1.690320429447852803e+04 2.340343551848013126e-01
1.693323742331288668e+04 1.889772480448214109e-01
1.696327055214723805e+04 1.589276019979357357e-01
1.699330368098159670e+04 1.410040533868871515e-01
1.702333680981594807e+04 1.401057913436108970e-01
1.705336993865030672e+04 1.388571947501836545e-01
1.708340306748466537e+04 1.236895380493479718e-01
1.711343619631901674e+04 1.069624723220747586e-01
1.714346932515337539e+04 9.840393506743595753e-02
1.717350245398773041e+04 9.891388137099559053e-02
1.720353558282208542e+04 9.999482735580769721e-02
1.723356871165644407e+04 9.948473608662211642e-02
1.726360184049079544e+04 9.292597895202221736e-02
1.729363496932515409e+04 7.946294066366296760e-02
1.732366809815950910e+04 6.976817853544096948e-02
1.735370122699386411e+04 6.205714939682880488e-02
1.738373435582822276e+04 5.040243374098882234e-02
1.741376748466257413e+04 4.452567191381937017e-02
1.744380061349693278e+04 4.841994135561552420e-02
1.747383374233129143e+04 6.844291057183198024e-02
1.750386687116564281e+04 8.030859738537590720e-02
1.753390000000000146e+04 6.951587763294680977e-02
1.756393312883435283e+04 5.181762296834491188e-02
1.759396625766871148e+04 3.660766464691898869e-02
1.762399938650307013e+04 3.164496920873424712e-02
1.765403251533742150e+04 3.324276212136320630e-02
1.768406564417178015e+04 3.845837061783087540e-02
1.771409877300613516e+04 4.196266831084232568e-02
1.774413190184049017e+04 3.851566972372839903e-02
1.777416503067484882e+04 3.212695392231903341e-02
1.780419815950920020e+04 2.624062902444961737e-02
1.783423128834355884e+04 2.447367541499926788e-02
1.786426441717791386e+04 2.407204569583655529e-02
1.789429754601226887e+04 2.686212042028343974e-02
1.792433067484662752e+04 3.387435152237808222e-02
1.795436380368097889e+04 4.690096280870870854e-02
1.798439693251533754e+04 6.951158173139060370e-02
1.801443006134969619e+04 8.643730926750291255e-02
1.804446319018404756e+04 9.702067282780792168e-02
1.807449631901840621e+04 1.020471566440529221e-01
1.810452944785276122e+04 1.046262665020023797e-01
1.813456257668711623e+04 1.041101701775928590e-01
1.816459570552147488e+04 8.887213450614886434e-02
1.819462883435582626e+04 7.369454277044017176e-02
1.822466196319018491e+04 6.887491307213604308e-02
1.825469509202453992e+04 7.579193874521580887e-02
1.828472822085889493e+04 8.150514599979903629e-02
1.831476134969325358e+04 7.817522963320988616e-02
1.834479447852760495e+04 6.344338167721623456e-02
1.837482760736196360e+04 5.293559133428682451e-02
1.840486073619632225e+04 4.994388370287504431e-02
1.843489386503067362e+04 5.281843788109281262e-02
1.846492699386503227e+04 5.809866839075391448e-02
1.849496012269938365e+04 5.940198471187122659e-02
1.852499325153374230e+04 5.748634562756626404e-02
1.855502638036810094e+04 5.870193042933528199e-02
1.858505950920245232e+04 6.612565662089771312e-02
1.861509263803681097e+04 7.752451251520416087e-02
1.864512576687116598e+04 1.019225954746937474e-01
1.867515889570552099e+04 1.430027391078670940e-01
1.870519202453987964e+04 1.880326975985890936e-01
1.873522515337423101e+04 1.974986612835218092e-01
1.876525828220858966e+04 1.659483807499361196e-01
1.879529141104294467e+04 1.431636688762570053e-01
1.882532453987729969e+04 1.601030603484950576e-01
1.885535766871165833e+04 2.666233237589104577e-01
1.888539079754600971e+04 5.584505708123536083e-01
1.891542392638036836e+04 8.219371493473457413e-01
1.894545705521472701e+04 9.158973216154161490e-01
1.897549018404907838e+04 7.871168079308317189e-01
1.900552331288343703e+04 5.335289832742093896e-01
1.903555644171778840e+04 2.731478069145526488e-01
1.906558957055214705e+04 1.566313802530956145e-01
1.909562269938650570e+04 9.309535657729366143e-02
1.912565582822085707e+04 5.690237462110570021e-02
1.915568895705521572e+04 5.083321958720152245e-02
1.918572208588957074e+04 7.548584654200540811e-02
1.921575521472392575e+04 1.514413121082397728e-01
1.924578834355828440e+04 2.956692206465891259e-01
1.927582147239263577e+04 5.460236618892381211e-01
1.930585460122699442e+04 1.058553491767948884e+00
1.933588773006135307e+04 1.683005837989493658e+00
1.936592085889570444e+04 3.073028241031138919e+00
1.939595398773006309e+04 5.424240768916963162e+00
1.942598711656441446e+04 8.170171675481704199e+00
1.945602024539877311e+04 9.533024174306525822e+00
1.948605337423313176e+04 8.377963667564797490e+00
1.951608650306748314e+04 6.291534159239733803e+00
1.954611963190184179e+04 4.005898281952765316e+00
1.957615276073619680e+04 1.521104916875638091e+00
1.960618588957055181e+04 6.009724529348681177e-01
1.963621901840491046e+04 4.476429760423049631e-01
1.966625214723926183e+04 6.869537586393816841e-01
1.969628527607362048e+04 1.374559791018481469e+00
1.972631840490797549e+04 2.277404005543844256e+00
1.975635153374233050e+04 2.985015286671319323e+00
1.978638466257668915e+04 3.021856721408047175e+00
1.981641779141104053e+04 2.403294990507618856e+00
1.984645092024539917e+04 1.785445567790906019e+00
1.987648404907975782e+04 1.494630132277383838e+00
1.990651717791410920e+04 1.351587168180358844e+00
1.993655030674846785e+04 1.245131338265877741e+00
1.996658343558281922e+04 1.157722295010774616e+00
1.999661656441717787e+04 1.289741526340252964e+00
2.002664969325153652e+04 1.761898488735007318e+00
2.005668282208588789e+04 2.431830513667447402e+00
2.008671595092024654e+04 2.764405353675821075e+00
2.011674907975460155e+04 2.326544334119434954e+00
2.014678220858895656e+04 1.554333682453684418e+00
2.017681533742331521e+04 8.606257564007689931e-01
2.020684846625766659e+04 4.152963888646867829e-01
2.023688159509202524e+04 2.315694870300265551e-01
2.026691472392638025e+04 1.639150561068031808e-01
2.029694785276073526e+04 1.483779521191694317e-01
2.032698098159509391e+04 1.474681802076642789e-01
2.035701411042944528e+04 1.650048230550875128e-01
2.038704723926380393e+04 2.209087068797634668e-01
2.041708036809816258e+04 3.426351029195264242e-01
2.044711349693251395e+04 4.669250485201579259e-01
2.047714662576687260e+04 4.835943789253959735e-01
2.050717975460122398e+04 3.931985547201379272e-01
2.053721288343558263e+04 3.063496634621794557e-01
2.056724601226994128e+04 2.006386209117340114e-01
2.059727914110429265e+04 1.442901383455542641e-01
2.062731226993865130e+04 1.264493243316588689e-01
2.065734539877300631e+04 1.173221751299540205e-01
2.068737852760736132e+04 1.185533911097555737e-01
2.071741165644171997e+04 1.342436974804336602e-01
2.074744478527607134e+04 1.687874339311613847e-01
2.077747791411042999e+04 2.140530601355604134e-01
2.080751104294478864e+04 2.458259723091972826e-01
2.083754417177914002e+04 2.510386993605361883e-01
2.086757730061349866e+04 2.424957592796247730e-01
2.089761042944785004e+04 2.251548756304338761e-01
2.092764355828220869e+04 2.044726076671984083e-01
2.095767668711656734e+04 1.853379308163515815e-01
2.098770981595091871e+04 1.706493297350454019e-01
2.101774294478527736e+04 1.605757729482215623e-01
2.104777607361963237e+04 1.562523022087558833e-01
2.107780920245398738e+04 1.554342229031561440e-01
2.110784233128834603e+04 1.481200916605113216e-01
2.113787546012269740e+04 1.342801883431818666e-01
2.116790858895705605e+04 1.244085008871952669e-01
2.119794171779141107e+04 1.241452646400079546e-01
2.122797484662576608e+04 1.304676784221784347e-01
2.125800797546012473e+04 1.561043104858829134e-01
2.128804110429447610e+04 2.086418837064248355e-01
2.131807423312883475e+04 2.841337800419028170e-01
2.134810736196319340e+04 3.280569700356207319e-01
2.137814049079754477e+04 2.889719023499420225e-01
2.140817361963190342e+04 2.076768298791420442e-01
2.143820674846625479e+04 1.519519505892335809e-01
2.146823987730061344e+04 1.040291337008982658e-01
2.149827300613497209e+04 1.008740281528184152e-01
2.152830613496932347e+04 1.665319808970962268e-01
2.155833926380368212e+04 2.563333011825990604e-01
2.158837239263803713e+04 2.858655209884424786e-01
2.161840552147239214e+04 2.490553569618795537e-01
2.164843865030675079e+04 1.801425660671757412e-01
2.167847177914110216e+04 1.554761238489795472e-01
2.170850490797546081e+04 1.926286904624776031e-01
2.173853803680981582e+04 2.521626928305112925e-01
2.176857116564417083e+04 3.511386051967516631e-01
2.179860429447852948e+04 4.112849922080342169e-01
2.182863742331288086e+04 4.034899553457161892e-01
2.185867055214723950e+04 3.388966482462100749e-01
2.188870368098159815e+04 2.699352720441643982e-01
2.191873680981594953e+04 2.329114009599620450e-01
2.194876993865030818e+04 2.242717516641813680e-01
2.197880306748465955e+04 2.301178282472079173e-01
2.200883619631901820e+04 2.423067495654622761e-01
2.203886932515337685e+04 2.516968181119426107e-01
2.206890245398772822e+04 2.578913193586015451e-01
2.209893558282208687e+04 2.653517276471866193e-01
2.212896871165644188e+04 2.665739050447905045e-01
2.215900184049079689e+04 2.701101459904109992e-01
2.218903496932515554e+04 2.929935946601210373e-01
2.221906809815950692e+04 3.248824262687646791e-01
2.224910122699386557e+04 3.453429983977721607e-01
2.227913435582822422e+04 3.703777607239693848e-01
2.230916748466257559e+04 3.741841997583264523e-01
2.233920061349693424e+04 3.380070477384152228e-01
2.236923374233128561e+04 2.904643713934478289e-01
2.239926687116564426e+04 2.708321597450091267e-01
2.242930000000000291e+04 2.722373908653135111e-01
2.245933312883435428e+04 2.963455018987359857e-01
2.248936625766871293e+04 3.195620616782921530e-01
2.251939938650306794e+04 3.408002589006303151e-01
2.254943251533742296e+04 3.239268266976675914e-01
2.257946564417178161e+04 2.896724235977560791e-01
2.260949877300613298e+04 2.257880362622014248e-01
2.263953190184049163e+04 1.713568051124290115e-01
2.266956503067484664e+04 1.443715929689190214e-01
2.269959815950920165e+04 1.191112724246533028e-01
2.272963128834356030e+04 1.015307683996538313e-01
2.275966441717791167e+04 9.306552183336619377e-02
2.278969754601227032e+04 8.931369398633934309e-02
2.281973067484662897e+04 9.873741069282539196e-02
2.284976380368098035e+04 1.178233877236234822e-01
2.287979693251533899e+04 1.251962248764516838e-01
2.290983006134969037e+04 1.165509924233180949e-01
2.293986319018404902e+04 9.572760614714230509e-02
2.296989631901840767e+04 8.124108031842691702e-02
2.299992944785275904e+04 6.280307093549018782e-02
2.302996257668711769e+04 4.828040827717224037e-02
2.305999570552147270e+04 4.202360540297883640e-02
2.309002883435582771e+04 3.683193941689772571e-02
2.312006196319018636e+04 3.436488903129678724e-02
2.315009509202453773e+04 3.448668813713116899e-02
2.318012822085889638e+04 3.632307148097573685e-02
2.321016134969325140e+04 4.237894312825477017e-02
2.324019447852760641e+04 4.946839931310903493e-02
2.327022760736196506e+04 5.259026180798041100e-02
2.330026073619631643e+04 5.410393885507631950e-02
2.333029386503067508e+04 5.844949673227381459e-02
2.336032699386503373e+04 6.901881603463658199e-02
2.339036012269938510e+04 8.652934238388240717e-02
2.342039325153374375e+04 1.202445716274293530e-01
2.345042638036809512e+04 1.431034967614931708e-01
2.348045950920245377e+04 1.417534056759210681e-01
2.351049263803681242e+04 1.164395934309181563e-01
2.354052576687116380e+04 8.506441958651263235e-02
2.357055889570552245e+04 6.825728969909748700e-02
2.360059202453987746e+04 5.745089532855833514e-02
2.363062515337423247e+04 5.325590162771329933e-02
2.366065828220859112e+04 6.123849993109075490e-02
2.369069141104294249e+04 7.166129539043768204e-02
2.372072453987730114e+04 8.179504242148906423e-02
2.375075766871165979e+04 7.765865009938073549e-02
2.378079079754601116e+04 6.630291924603527731e-02
2.381082392638036981e+04 5.342784862964312931e-02
2.384085705521472119e+04 3.892184780716502479e-02
2.387089018404907983e+04 2.991825534962649566e-02
2.390092331288343848e+04 2.741639098301325989e-02
2.393095644171778986e+04 2.711359289397222150e-02
2.396098957055214851e+04 2.894025854858834484e-02
2.399102269938650352e+04 3.024769922682827780e-02
2.402105582822085853e+04 2.981659247369335478e-02
2.405108895705521718e+04 2.882215258164995061e-02
2.408112208588956855e+04 2.909202855410741514e-02
2.411115521472392720e+04 3.613115649505401622e-02
2.414118834355828221e+04 5.108602214826100940e-02
2.417122147239263722e+04 8.056220865709344536e-02
2.420125460122699587e+04 1.694860018665651225e-01
2.423128773006134725e+04 2.992783321636125482e-01
2.426132085889570590e+04 3.873657181447470177e-01
2.429135398773006455e+04 4.470554744483877241e-01
2.432138711656441592e+04 4.425173768842827760e-01
2.435142024539877457e+04 3.558275827766688715e-01
2.438145337423312594e+04 2.677322559724577555e-01
2.441148650306748459e+04 1.854952394528954218e-01
2.444151963190184324e+04 1.186897040667665160e-01
2.447155276073619461e+04 5.963492736801490057e-02
2.450158588957055326e+04 3.704229281105259758e-02
2.453161901840490827e+04 3.540953609712419597e-02
2.456165214723926329e+04 3.683581166638362492e-02
2.459168527607362194e+04 3.637396661899865158e-02
2.462171840490797331e+04 3.069030336860921471e-02
2.465175153374233196e+04 2.547866259286994672e-02
2.468178466257668697e+04 2.088495943693106233e-02
2.471181779141104198e+04 1.782746538123582136e-02
2.474185092024540063e+04 1.556840087239090564e-02
2.477188404907975200e+04 1.428183236858090316e-02
2.480191717791411065e+04 1.340318453008812992e-02
2.483195030674846930e+04 1.187801963770798719e-02
2.486198343558282068e+04 8.118177125882964501e-03
