2.724933827947270402e+03 5.685398981681635266e-01
2.734950691177821682e+03 9.175378922620011091e-01
2.744967554408372962e+03 7.903432351709229753e-01
2.754984417638925152e+03 1.046813598065237105e+00
2.765001280869476432e+03 9.513867694386619611e-01
2.775018144100027712e+03 5.578658673912905153e-01
2.785035007330579901e+03 5.477025744216443837e-01
2.795051870561131182e+03 6.571624320928146634e-01
2.805068733791682462e+03 4.714927688450989973e-01
2.815085597022234197e+03 5.813762242236848454e-01
2.825102460252785932e+03 5.748836553377520975e-01
2.835119323483337212e+03 9.535389615173321953e-01
2.845136186713888947e+03 8.583112501236589420e-01
2.855153049944440681e+03 8.195693721492662842e-01
2.865169913174991962e+03 8.313173941321454485e-01
2.875186776405543696e+03 8.341336611260435907e-01
2.885203639636095431e+03 7.163478194979130409e-01
2.895220502866646711e+03 8.353748813400210249e-01
2.905237366097198446e+03 7.190506359753902066e-01
2.915254229327750181e+03 8.089684843305682271e-01
2.925271092558301461e+03 6.053067057885020974e-01
2.935287955788853196e+03 7.333862348109965179e-01
2.945304819019404931e+03 7.807696112583324410e-01
2.955321682249956211e+03 9.173078339791662650e-01
2.965338545480507946e+03 7.971113267395919522e-01
2.975355408711059681e+03 8.379711932510622852e-01
2.985372271941610961e+03 8.563402841945959576e-01
2.995389135172162696e+03 8.749154383210164809e-01
3.005405998402714431e+03 9.110194339261245000e-01
3.015422861633265711e+03 9.560586574952060213e-01
3.025439724863817446e+03 1.028688878271174056e+00
3.035456588094369181e+03 1.035323523406799007e+00
3.045473451324920461e+03 1.064228568060837876e+00
3.055490314555471741e+03 1.016155858698329029e+00
3.065507177786023931e+03 9.694727602994757110e-01
3.075524041016575211e+03 9.201899822562548126e-01
3.085540904247126491e+03 9.173974998789721225e-01
3.095557767477678681e+03 8.889090017406970912e-01
3.105574630708229961e+03 8.577357886915724094e-01
3.115591493938781241e+03 7.840864076178126751e-01
3.125608357169333431e+03 7.553175456801451970e-01
3.135625220399884711e+03 9.344106571921101390e-01
3.145642083630435991e+03 7.943434709122557669e-01
3.155658946860987726e+03 9.673795035540111442e-01
3.165675810091539461e+03 9.461577319999914248e-01
3.175692673322090741e+03 9.147679316013360706e-01
3.185709536552642476e+03 8.705590647804553051e-01
3.195726399783194211e+03 9.303538014342334073e-01
3.205743263013745491e+03 9.147216252681030779e-01
3.215760126244297226e+03 9.462269810165081507e-01
3.225776989474848961e+03 1.003404778392622987e+00
3.235793852705400241e+03 9.596722353540433348e-01
3.245810715935951976e+03 1.030592279050383420e+00
3.255827579166503710e+03 9.782875917970434987e-01
3.265844442397054991e+03 9.631664691631391939e-01
3.275861305627606725e+03 9.517243847045970817e-01
3.285878168858158460e+03 9.848708789994463642e-01
3.295895032088709740e+03 1.000404969932455757e+00
3.305911895319261475e+03 9.708472164631641865e-01
3.315928758549813210e+03 1.019219654091690686e+00
3.325945621780364490e+03 9.609088249346974253e-01
3.335962485010916225e+03 9.596962304539914390e-01
3.345979348241467960e+03 9.153983291833035496e-01
3.355996211472019240e+03 1.046114582916751745e+00
3.366013074702570975e+03 9.860723178635099062e-01
3.376029937933122710e+03 9.882353498338233289e-01
3.386046801163673990e+03 1.025030677945766744e+00
3.396063664394225725e+03 1.016037777548584708e+00
3.406080527624777460e+03 1.068107565402433679e+00
3.416097390855328740e+03 1.057510150558728101e+00
3.426114254085880475e+03 1.037590639385220115e+00
3.436131117316432210e+03 1.083187433303093750e+00
3.446147980546983490e+03 1.027715182373283742e+00
3.456164843777534770e+03 1.094402827212127116e+00
3.466181707008086960e+03 1.112843061522173160e+00
3.476198570238638240e+03 1.076662870950563677e+00
3.486215433469189520e+03 1.089805029288755778e+00
3.496232296699741255e+03 1.055786713029128743e+00
3.506249159930292990e+03 1.044975447119219858e+00
3.516266023160844270e+03 1.109474381021138711e+00
3.526282886391396005e+03 1.126630351275634156e+00
3.536299749621947740e+03 1.159382610288004267e+00
3.546316612852499020e+03 1.180787923308292742e+00
3.556333476083050755e+03 1.234245848742467233e+00
3.566350339313602490e+03 1.066956221571594865e+00
3.576367202544153770e+03 1.171649473686426024e+00
3.586384065774705505e+03 1.195282647543554289e+00
3.596400929005257240e+03 1.147201729331062792e+00
3.606417792235808520e+03 1.145218134402027133e+00
3.616434655466360255e+03 1.177710867464959676e+00
3.626451518696911990e+03 1.190683586720185705e+00
3.636468381927463270e+03 1.162471032231312762e+00
3.646485245158015005e+03 1.147048392223061652e+00
3.656502108388566739e+03 1.222644217917604026e+00
3.666518971619118020e+03 1.192235480333489805e+00
3.676535834849669754e+03 1.256326813261291697e+00
3.686552698080221489e+03 1.222550552834473780e+00
3.696569561310772770e+03 1.241879237292594862e+00
3.706586424541324504e+03 1.318998120383837236e+00
3.716603287771876239e+03 1.379449249311193171e+00
3.726620151002427519e+03 1.493397348330972374e+00
3.736637014232979254e+03 1.340558875345455814e+00
3.746653877463530989e+03 1.305479512604794223e+00
3.756670740694082269e+03 1.263018078413460588e+00
3.766687603924634004e+03 1.347281081547557546e+00
3.776704467155185284e+03 1.390260094254436529e+00
3.786721330385737019e+03 1.244518908770208876e+00
3.796738193616288754e+03 1.317984116927701121e+00
3.806755056846840034e+03 1.315150800783839946e+00
3.816771920077391769e+03 1.218735121459406878e+00
3.826788783307943504e+03 1.229671835435710792e+00
3.836805646538494784e+03 1.261658356083073418e+00
3.846822509769046519e+03 1.286572110537427038e+00
3.856839372999598254e+03 1.222177576368615126e+00
3.866856236230149534e+03 1.200704698198473253e+00
3.876873099460701269e+03 1.193099935381616961e+00
3.886889962691252549e+03 1.230889271033073218e+00
3.896906825921804284e+03 1.308554253131465561e+00
3.906923689152356019e+03 1.331083547149318758e+00
3.916940552382907299e+03 1.293561735813949509e+00
3.926957415613459034e+03 1.323979313698044669e+00
3.936974278844010769e+03 1.362073850182172974e+00
3.946991142074562049e+03 1.362363685731545315e+00
3.957008005305113784e+03 1.354303647465675109e+00
3.967024868535665519e+03 1.451187441722427085e+00
3.977041731766216799e+03 1.479824120127047449e+00
3.987058594996768534e+03 1.485260904615267830e+00
3.997075458227320269e+03 1.432567665129436563e+00
4.007092321457871549e+03 1.465275512158569660e+00
4.017109184688423284e+03 1.391000364136165679e+00
4.027126047918975019e+03 1.326238010343150808e+00
4.037142911149526299e+03 1.352529588694519003e+00
4.047159774380078034e+03 1.341867871192619299e+00
4.057176637610629768e+03 1.316322771981300432e+00
4.067193500841181049e+03 1.309870194928614451e+00
4.077210364071732783e+03 1.291839771667680381e+00
4.087227227302284518e+03 1.252592628452715795e+00
4.097244090532835799e+03 1.322979517866877730e+00
4.107260953763387079e+03 1.349275200643236916e+00
4.117277816993939268e+03 1.381202785957393875e+00
4.127294680224490548e+03 1.345286331001879443e+00
4.137311543455041829e+03 1.261453345316850827e+00
4.147328406685594018e+03 1.243087201139977616e+00
4.157345269916145298e+03 1.251144503122520124e+00
4.167362133146696578e+03 1.219924983740162450e+00
4.177378996377248768e+03 1.245674988476037415e+00
4.187395859607800048e+03 1.235305421840171336e+00
4.197412722838351328e+03 1.238675470482869523e+00
4.207429586068903518e+03 1.247190152747754688e+00
4.217446449299454798e+03 1.261791802516117666e+00
4.227463312530006078e+03 1.213122583388234199e+00
4.237480175760558268e+03 1.232870550645447150e+00
4.247497038991109548e+03 1.264994516909178301e+00
4.257513902221660828e+03 1.233223952161347947e+00
4.267530765452213018e+03 1.241547726043312982e+00
4.277547628682764298e+03 1.209104456563606877e+00
4.287564491913315578e+03 1.203417196909262632e+00
4.297581355143867768e+03 1.192414601649768313e+00
4.307598218374419048e+03 1.187527178660357619e+00
4.317615081604970328e+03 1.167806784719751745e+00
4.327631944835522518e+03 1.163251293946288900e+00
4.337648808066073798e+03 1.295029225610769830e+00
4.347665671296625078e+03 1.241311563743824786e+00
4.357682534527177268e+03 1.255982462528704602e+00
4.367699397757728548e+03 1.231997255297339278e+00
4.377716260988279828e+03 1.199568088200935634e+00
4.387733124218832018e+03 1.171944466077453395e+00
4.397749987449383298e+03 1.153792172966783491e+00
4.407766850679934578e+03 1.181811293272742258e+00
4.417783713910486767e+03 1.171114951262584247e+00
4.427800577141038048e+03 1.138973725365556744e+00
4.437817440371589328e+03 1.151785214387798462e+00
4.447834303602141517e+03 1.143686447188679178e+00
4.457851166832692797e+03 1.168097462202455361e+00
4.467868030063244078e+03 1.149958640025089407e+00
4.477884893293796267e+03 1.187381945160672414e+00
4.487901756524347547e+03 1.261555008766630959e+00
4.497918619754898828e+03 1.262989136955190217e+00
4.507935482985451017e+03 1.323101808683279090e+00
4.517952346216001388e+03 1.300095769916458810e+00
4.527969209446553577e+03 1.355008135180815421e+00
4.537986072677105767e+03 1.360853257334817767e+00
4.548002935907656138e+03 1.422221146418520599e+00
4.558019799138208327e+03 1.444127409771057025e+00
4.568036662368760517e+03 1.450456854074009927e+00
4.578053525599310888e+03 1.483459588252503902e+00
4.588070388829863077e+03 1.491559197384954905e+00
4.598087252060415267e+03 1.504686621889845588e+00
4.608104115290965638e+03 1.509104456563606922e+00
4.618120978521517827e+03 1.484541893550159086e+00
4.628137841752069107e+03 1.437828696034704423e+00
4.638154704982620387e+03 1.455390057188321373e+00
4.648171568213172577e+03 1.431863387897629236e+00
4.658188431443723857e+03 1.373323552874465392e+00
4.668205294674275137e+03 1.379812964510405138e+00
4.678222157904827327e+03 1.365721315857603813e+00
4.688239021135378607e+03 1.301367931180369419e+00
4.698255884365929887e+03 1.316117866456744556e+00
4.708272747596482077e+03 1.269526644032692220e+00
4.718289610827033357e+03 1.260803162301593172e+00
4.728306474057584637e+03 1.229936202501804576e+00
4.738323337288136827e+03 1.217612613845172609e+00
4.748340200518688107e+03 1.205340383121762393e+00
4.758357063749239387e+03 1.210395982294141914e+00
4.768373926979791577e+03 1.175224533095346802e+00
4.778390790210342857e+03 1.185745016280885800e+00
4.788407653440894137e+03 1.189536242072671168e+00
4.798424516671446327e+03 1.215397487249971986e+00
4.808441379901997607e+03 1.177332839399112041e+00
4.818458243132548887e+03 1.186712187195456902e+00
4.828475106363101077e+03 1.196592274840716508e+00
4.838491969593652357e+03 1.187627368726807298e+00
4.848508832824203637e+03 1.204043384824572627e+00
4.858525696054755826e+03 1.284390556033820241e+00
4.868542559285307107e+03 1.320251022422789244e+00
4.878559422515858387e+03 1.243606253038852971e+00
4.888576285746410576e+03 1.256728415460421466e+00
4.898593148976961857e+03 1.339891958905233826e+00
4.908610012207513137e+03 1.207803459083092390e+00
4.918626875438065326e+03 1.233956434159761084e+00
4.928643738668616606e+03 1.240735470861739742e+00
4.938660601899167887e+03 1.274624550354980013e+00
4.948677465129720076e+03 1.241776521426150692e+00
4.958694328360271356e+03 1.345845374734001787e+00
4.968711191590822636e+03 1.229384841411332641e+00
4.978728054821374826e+03 1.226432917909395126e+00
4.988744918051926106e+03 1.168372984885191812e+00
4.998761781282477386e+03 1.146248450316461609e+00
5.008778644513029576e+03 1.298481362753290291e+00
5.018795507743580856e+03 1.087328061427455639e+00
5.028812370974132136e+03 1.049704060433974462e+00
5.038829234204684326e+03 1.055472040446477244e+00
5.048846097435235606e+03 1.033977482493048772e+00
5.058862960665786886e+03 1.036820691353554924e+00
5.068879823896339076e+03 1.043696760871990259e+00
5.078896687126890356e+03 1.042959227273588363e+00
5.088913550357441636e+03 1.055663790762728427e+00
5.098930413587993826e+03 1.060516484002214099e+00
5.108947276818545106e+03 1.057977213074382750e+00
5.118964140049096386e+03 1.070617789630328165e+00
5.128981003279648576e+03 1.049282778043220565e+00
5.138997866510199856e+03 1.024424485947080132e+00
5.149014729740751136e+03 1.056184737011599761e+00
5.159031592971303326e+03 1.029405258294621595e+00
5.169048456201854606e+03 1.052756384485694419e+00
5.179065319432405886e+03 1.068963180150579673e+00
5.189082182662958076e+03 1.086533697329176817e+00
5.199099045893509356e+03 1.107848292032995285e+00
5.209115909124060636e+03 1.109089091280306860e+00
5.219132772354611916e+03 1.115780566915808736e+00
5.229149635585164106e+03 1.134810049316244962e+00
5.239166498815715386e+03 1.151499588505084049e+00
5.249183362046266666e+03 1.174105077489438820e+00
5.259200225276818855e+03 1.165334657975108268e+00
5.269217088507370136e+03 1.188665472524558009e+00
5.279233951737921416e+03 1.201505376796738300e+00
5.289250814968473605e+03 1.184350985167239356e+00
5.299267678199024886e+03 1.207823981208048014e+00
5.309284541429576166e+03 1.182955059703597156e+00
5.319301404660128355e+03 1.199218054418360824e+00
5.329318267890679635e+03 1.190791985636617367e+00
5.339335131121230916e+03 1.176747695733713295e+00
5.349351994351783105e+03 1.192950281731941065e+00
5.359368857582334385e+03 1.171207142962384262e+00
5.369385720812885666e+03 1.147415159430600351e+00
5.379402584043436946e+03 1.193971546863061395e+00
5.389419447273989135e+03 1.175359979120053522e+00
5.399436310504540415e+03 1.181902222072545028e+00
5.409453173735091696e+03 1.186508439329231557e+00
5.419470036965643885e+03 1.202602836894360427e+00
5.429486900196195165e+03 1.187244078577637474e+00
5.439503763426746445e+03 1.207306507934168938e+00
5.449520626657298635e+03 1.184292260317366674e+00
5.459537489887849915e+03 1.195329585326785793e+00
5.469554353118401195e+03 1.205453833638183481e+00
5.479571216348953385e+03 1.159432494837896011e+00
5.489588079579504665e+03 1.135698078497654251e+00
5.499604942810055945e+03 1.189835759855355724e+00
5.509621806040608135e+03 1.170893312313064483e+00
5.519638669271159415e+03 1.139538031181000610e+00
5.529655532501710695e+03 1.172906164425369768e+00
5.539672395732262885e+03 1.165088813442307636e+00
5.549689258962814165e+03 1.140374070979189414e+00
5.559706122193365445e+03 1.166504945305905760e+00
5.569722985423917635e+03 1.132417800996428081e+00
5.579739848654468915e+03 1.139793978913779648e+00
5.589756711885020195e+03 1.106689370802172778e+00
5.599773575115572385e+03 1.120970243971231017e+00
5.609790438346123665e+03 1.110420187877422693e+00
5.619807301576674945e+03 1.100349402332576165e+00
5.629824164807227135e+03 1.150674072873539400e+00
5.639841028037778415e+03 1.101733540729577188e+00
5.649857891268329695e+03 1.058173594023957165e+00
5.659874754498881885e+03 1.077731284348248941e+00
5.669891617729433165e+03 1.038493823366596569e+00
5.679908480959984445e+03 1.023809243165079819e+00
5.689925344190536634e+03 1.047883484846252378e+00
5.699942207421087915e+03 1.012405887639787005e+00
5.709959070651639195e+03 1.067166915387804949e+00
5.719975933882191384e+03 1.034901714807712869e+00
5.729992797112742664e+03 1.019830055757034781e+00
5.740009660343293945e+03 1.026740644542061931e+00
5.750026523573846134e+03 1.026423446159415942e+00
5.760043386804397414e+03 1.030670684091880007e+00
5.770060250034948695e+03 1.002878149093763938e+00
5.780077113265500884e+03 9.995950300675439104e-01
5.790093976496052164e+03 1.011644779908102976e+00
5.800110839726603444e+03 1.019869205656950051e+00
5.810127702957155634e+03 1.032161642780316413e+00
5.820144566187706914e+03 1.008679490714527560e+00
5.830161429418258194e+03 9.800360768432551106e-01
5.840178292648810384e+03 9.708920494130671708e-01
5.850195155879361664e+03 1.002824265360547251e+00
5.860212019109912944e+03 9.727805058756421319e-01
5.870228882340465134e+03 9.991233369185659186e-01
5.880245745571016414e+03 1.030367903817535957e+00
5.890262608801567694e+03 1.046872849123442029e+00
5.980414377876531944e+03 1.002251961178454165e+00
5.990431241107083224e+03 9.521095692037625513e-01
6.000448104337635414e+03 1.063611641412174569e+00
6.010464967568186694e+03 9.624817668812895022e-01
6.020481830798737974e+03 9.272639061075947930e-01
6.030498694029290164e+03 9.849317086826478995e-01
6.040515557259841444e+03 9.521931310869147236e-01
6.050532420490392724e+03 9.261961241599083738e-01
6.060549283720944914e+03 9.711572584124924523e-01
6.070566146951496194e+03 9.117112926412922480e-01
6.080583010182047474e+03 1.006215572819866066e+00
6.090599873412599663e+03 9.556951527793269285e-01
6.100616736643150944e+03 9.567825096769710935e-01
6.110633599873702224e+03 9.537504972668738867e-01
6.120650463104253504e+03 9.493013005765137402e-01
6.130667326334805693e+03 9.291506787035067605e-01
6.140684189565356974e+03 9.754734296364739876e-01
6.150701052795908254e+03 9.667961489969414401e-01
6.160717916026460443e+03 9.906031820870263571e-01
6.170734779257011724e+03 9.074913123004354487e-01
6.180751642487563004e+03 9.006497620485921507e-01
6.190768505718115193e+03 9.323881228464923066e-01
6.200785368948666473e+03 8.711854631790980630e-01
6.210802232179217754e+03 8.777626463648475763e-01
6.220819095409769943e+03 8.409733170278911318e-01
6.230835958640321223e+03 8.398335497803605110e-01
6.240852821870872503e+03 8.827256328707611122e-01
6.250869685101424693e+03 8.355382164063338557e-01
6.260886548331975973e+03 8.947962205612747244e-01
6.270903411562527253e+03 8.679219191028358926e-01
6.280920274793079443e+03 8.607555930683628009e-01
6.290937138023630723e+03 8.594779592377976840e-01
6.300954001254182003e+03 8.575747689419213060e-01
6.310970864484734193e+03 8.721231664270665540e-01
6.320987727715285473e+03 8.875196012603742135e-01
6.331004590945836753e+03 8.580553023908801258e-01
6.341021454176388943e+03 8.592186437716928804e-01
6.351038317406940223e+03 8.635190287457087388e-01
6.361055180637491503e+03 8.459602986337526609e-01
6.371072043868043693e+03 8.248231413795498179e-01
6.381088907098594973e+03 8.585440446898211508e-01
6.391105770329146253e+03 8.654929414414318511e-01
6.401122633559698443e+03 8.682502731021243259e-01
6.411139496790249723e+03 8.747100065881282527e-01
6.421156360020801003e+03 8.957726527424924035e-01
6.431173223251353193e+03 9.107857974266307943e-01
6.441190086481904473e+03 8.831428108365237950e-01
6.451206949712455753e+03 9.897698785721651404e-01
6.461223812943007943e+03 9.517753216711533071e-01
6.471240676173559223e+03 9.507626863566809305e-01
6.481257539404110503e+03 9.490702951186810177e-01
6.491274402634662692e+03 1.028131097439049180e+00
6.501291265865213973e+03 9.854905419314369253e-01
6.511308129095765253e+03 9.557856606124642829e-01
6.521324992326317442e+03 9.600197433366237654e-01
6.531341855556868722e+03 9.538677364832864880e-01
6.541358718787420003e+03 9.700922127481333979e-01
6.551375582017972192e+03 9.556008562461981715e-01
6.561392445248523472e+03 1.143911664354857916e+00
6.571409308479074753e+03 1.123644224232104083e+00
6.581426171709626942e+03 9.945061745285698196e-01
6.591443034940178222e+03 1.006181474519940000e+00
6.601459898170729502e+03 9.663062490396697735e-01
6.611476761401281692e+03 9.575604560752856154e-01
6.621493624631832972e+03 9.248145115629018420e-01
6.631510487862384252e+03 9.117422336912250902e-01
6.641527351092936442e+03 9.031269403932248307e-01
6.651544214323487722e+03 8.821632214053128918e-01
6.661561077554039002e+03 8.648280245928725574e-01
6.671577940784590282e+03 8.751141345872527344e-01
6.681594804015142472e+03 8.759606985520851374e-01
6.691611667245693752e+03 9.104225031940844648e-01
6.701628530476245032e+03 8.287955933209427695e-01
6.711645393706797222e+03 8.905339330705096534e-01
6.721662256937348502e+03 8.188184728592264872e-01
6.731679120167899782e+03 8.721244293270635772e-01
6.741695983398451972e+03 8.936545589637483467e-01
6.751712846629003252e+03 8.433568302893933444e-01
6.761729709859554532e+03 8.448114806029083379e-01
6.771746573090106722e+03 7.823768619881834585e-01
6.781763436320658002e+03 8.289850283205323356e-01
6.791780299551209282e+03 7.994925246844327704e-01
6.801797162781761472e+03 8.346594484915711432e-01
6.811814026012312752e+03 8.260861466184798996e-01
6.821830889242864941e+03 8.085990860813685455e-01
6.831847752473415312e+03 8.131653115048084191e-01
6.841864615703967502e+03 7.935501592306413166e-01
6.851881478934519691e+03 7.574156435422660927e-01
6.861898342165070062e+03 8.805938576753798985e-01
6.871915205395622252e+03 7.975819674719055730e-01
6.881932068626174441e+03 8.112153939090332999e-01
6.891948931856724812e+03 7.486027063946940618e-01
6.901965795087277002e+03 7.408459746115003686e-01
6.911982658317829191e+03 8.054986665880861096e-01
6.921999521548379562e+03 7.637330902952448319e-01
6.932016384778931751e+03 7.995297802343520610e-01
6.942033248009483032e+03 7.427533745740342308e-01
6.952050111240034312e+03 7.619612415990839605e-01
6.962066974470586501e+03 6.647625642763477227e-01
6.972083837701137782e+03 6.714024714952946393e-01
6.982100700931689062e+03 6.535549582506309241e-01
6.992117564162241251e+03 5.909826835362042008e-01
7.002134427392792531e+03 6.125208115395381903e-01
7.012151290623343812e+03 6.770935198496306207e-01
7.022168153853896001e+03 6.768693551001163655e-01
7.032185017084447281e+03 7.220883314354751281e-01
7.042201880314998562e+03 6.603289433526206009e-01
7.052218743545550751e+03 6.683654074852082294e-01
7.062235606776102031e+03 6.031644064264771732e-01
7.072252470006653311e+03 6.769217654500027104e-01
7.082269333237205501e+03 6.282796986720605714e-01
7.092286196467756781e+03 6.890485521903947363e-01
7.102303059698308061e+03 6.086552851312468926e-01
7.112319922928860251e+03 6.237210506486043915e-01
7.122336786159411531e+03 6.180651530108588476e-01
7.132353649389962811e+03 6.026059941443535628e-01
7.142370512620515001e+03 6.909116454113579664e-01
7.152387375851066281e+03 6.824509521213562024e-01
7.162404239081617561e+03 6.358474164223305580e-01
7.172421102312169751e+03 6.938694624466160699e-01
7.182437965542721031e+03 6.277511750232056542e-01
7.192454828773272311e+03 7.042199803408567549e-01
7.202471692003824501e+03 7.028933038937310585e-01
7.212488555234375781e+03 5.848249936328792087e-01
7.222505418464927061e+03 6.466066929490187354e-01
7.232522281695479251e+03 5.902049476212225532e-01
7.242539144926030531e+03 7.132701322045813530e-01
7.252556008156581811e+03 6.086171876479959941e-01
7.262572871387134001e+03 6.271837119577685637e-01
7.272589734617685281e+03 6.938110533217426434e-01
7.282606597848236561e+03 6.855844174979003336e-01
7.292623461078788750e+03 9.456180527344941744e-01
7.302640324309339121e+03 6.096605535290687827e-01
7.312657187539891311e+03 5.787047697628062704e-01
7.322674050770443500e+03 6.992452067683020411e-01
7.332690914000993871e+03 4.885688606747674578e-01
7.342707777231546061e+03 4.910015217944966315e-01
7.352724640462098250e+03 7.196980827073207188e-01
7.362741503692648621e+03 5.457548669008643882e-01
7.372758366923200811e+03 6.296135315525039911e-01
7.382775230153753000e+03 4.844288640004040802e-01
7.392792093384303371e+03 7.553865842133290487e-01
7.402808956614855560e+03 5.972786609892294374e-01
7.412825819845407750e+03 6.893524901230695390e-01
7.422842683075958121e+03 8.179937991610133352e-01
7.432859546306510310e+03 5.854734927814740919e-01
7.442876409537062500e+03 6.242857774307141172e-01
7.452893272767612871e+03 4.862000812465664956e-01
7.462910135998165060e+03 4.933760895143518010e-01
7.472926999228717250e+03 4.899042721802073785e-01
7.482943862459267621e+03 5.483215006619700516e-01
7.492960725689819810e+03 4.984546313700149445e-01
7.502977588920372000e+03 4.481598494623202922e-01
7.512994452150922370e+03 4.482480419787958636e-01
7.523011315381474560e+03 5.144258961854104584e-01
7.533028178612026750e+03 4.903718609041942122e-01
7.543045041842577120e+03 4.434481800558622289e-01
7.553061905073129310e+03 4.732540933746161027e-01
7.563078768303681500e+03 3.785016533465797028e-01
7.573095631534231870e+03 4.068577574684748566e-01
7.583112494764784060e+03 3.958435856256721785e-01
7.593129357995336250e+03 3.996754347007032138e-01
7.603146221225886620e+03 4.046895686565058492e-01
7.613163084456438810e+03 4.276038366901916410e-01
7.623179947686991000e+03 4.136622626537317937e-01
7.633196810917541370e+03 4.265387910258325865e-01
7.643213674148093560e+03 4.471829963144368092e-01
7.653230537378645749e+03 3.989530559022683165e-01
7.663247400609196120e+03 3.505404159571623990e-01
7.673264263839748310e+03 3.983783311618468992e-01
7.683281127070299590e+03 4.035828472922371457e-01
7.693297990300850870e+03 4.408428173615071555e-01
7.703314853531403060e+03 3.808498054081587703e-01
7.713331716761954340e+03 4.060787586534959637e-01
7.723348579992505620e+03 2.760459443019004366e-01
7.733365443223057810e+03 4.385885408663914298e-01
7.743382306453609090e+03 4.865011776542474409e-01
7.753399169684160370e+03 3.684207646017549909e-01
7.763416032914712559e+03 3.182507993104565780e-01
7.773432896145263840e+03 3.324624234629980357e-01
7.783449759375815120e+03 3.875473850603139980e-01
7.793466622606367309e+03 3.385169765332132208e-01
7.803483485836918589e+03 3.253782911700136560e-01
7.813500349067469870e+03 3.257981001774373775e-01
7.823517212298022059e+03 3.160832419484862488e-01
7.833534075528573339e+03 2.831495463031759585e-01
7.843550938759124620e+03 3.056537928044167907e-01
7.853567801989676809e+03 3.555652845629418413e-01
7.863584665220228089e+03 3.486972134111560040e-01
7.873601528450779369e+03 3.873315344024483298e-01
7.883618391681331559e+03 3.965792248740783177e-01
7.893635254911882839e+03 3.526505113692571802e-01
7.903652118142434119e+03 2.902299951378349840e-01
7.913668981372986309e+03 3.083046198986733044e-01
7.923685844603537589e+03 3.115793195915780855e-01
7.933702707834088869e+03 3.273929323906486499e-01
7.943719571064641059e+03 3.093008375131814369e-01
7.953736434295192339e+03 3.149584190175900855e-01
7.963753297525743619e+03 2.880668579258551243e-01
7.973770160756295809e+03 3.094159718962654071e-01
7.983787023986847089e+03 3.152162611003647696e-01
7.993803887217398369e+03 2.534404553175456654e-01
8.003820750447950559e+03 3.341787045592794492e-01
8.013837613678501839e+03 2.249462741292830581e-01
8.023854476909053119e+03 2.727840840923011489e-01
8.033871340139605309e+03 2.748935480543972520e-01
8.043888203370155679e+03 2.834566414858438743e-01
8.053905066600707869e+03 1.603916252891514627e-01
8.063921929831260059e+03 2.735186709240428615e-01
