3.005003375821241207e+03 1.037400193904258972e+00
3.015010127463722711e+03 8.856444669452800955e-01
3.025016879106205124e+03 1.113687125882247830e+00
3.035023630748686628e+03 9.954774975100179057e-01
3.045030382391169042e+03 9.422365499601272898e-01
3.055037134033650545e+03 9.561407427261087166e-01
3.065043885676132959e+03 9.121590544354772900e-01
3.075050637318614463e+03 8.782638620036994359e-01
3.085057388961096876e+03 1.011511824519954583e+00
3.095064140603578380e+03 9.647977737408633958e-01
3.105070892246060794e+03 1.022889636710775152e+00
3.115077643888542298e+03 9.604514726465945840e-01
3.125084395531024711e+03 9.876278494164674182e-01
3.135091147173506215e+03 1.026896770799209824e+00
3.145097898815988628e+03 1.097901797088789211e+00
3.155104650458470132e+03 1.111000261406765555e+00
3.165111402100952546e+03 9.126810407298214800e-01
3.175118153743434050e+03 9.076919767976679987e-01
3.185124905385916463e+03 1.032763532763532943e+00
3.195131657028398877e+03 1.141388797892863183e+00
3.205138408670880381e+03 1.174383956904282211e+00
3.215145160313362794e+03 1.082224009053277314e+00
3.225151911955844298e+03 9.241606030223915580e-01
3.235158663598326712e+03 1.189385892637925268e+00
3.245165415240808215e+03 1.040029979054369447e+00
3.255172166883290629e+03 1.110876175916826414e+00
3.265178918525772133e+03 1.152597026580766348e+00
3.275185670168254546e+03 1.159975149812548123e+00
3.285192421810736050e+03 1.128057880090400644e+00
3.295199173453218464e+03 1.112242770779356293e+00
3.305205925095699968e+03 1.102856944320359078e+00
3.315212676738182381e+03 1.236357213999490501e+00
3.325219428380663885e+03 1.318532416093392001e+00
3.335226180023146298e+03 1.370344726035783056e+00
3.345232931665627802e+03 1.324371879249928163e+00
3.355239683308110216e+03 1.467721227883829638e+00
3.365246434950591720e+03 1.362098004374427074e+00
3.375253186593074133e+03 1.236574777225183830e+00
3.385259938235555637e+03 1.284553672765055055e+00
3.395266689878038051e+03 1.436459956785160141e+00
3.405273441520519555e+03 1.448855269993481576e+00
3.415280193163001968e+03 1.402554837514187192e+00
3.425286944805483472e+03 1.335784435377931345e+00
3.435293696447965885e+03 1.400131861513975284e+00
3.445300448090447389e+03 1.401595243058657791e+00
3.455307199732929803e+03 1.440414974967820783e+00
3.465313951375411307e+03 1.339144670445483687e+00
3.475320703017893720e+03 1.487476465118741764e+00
3.485327454660375224e+03 1.462220104496527506e+00
3.495334206302857638e+03 1.422417615507046484e+00
3.505340957945339142e+03 1.439323022656356033e+00
3.515347709587821555e+03 1.452221295717230909e+00
3.525354461230303514e+03 1.481868628210091909e+00
3.535361212872785472e+03 1.532761878290333613e+00
3.545367964515267431e+03 1.563668264887777326e+00
3.555374716157749390e+03 1.616533647021451969e+00
3.565381467800231349e+03 1.527490726677718680e+00
3.575388219442713307e+03 1.560243505365456862e+00
3.585394971085195266e+03 1.506101697158607866e+00
3.595401722727677225e+03 1.431890301809001231e+00
3.605408474370159638e+03 1.482311199790874667e+00
3.615415226012641142e+03 1.454772493390379839e+00
3.625421977655123555e+03 1.534945782913262669e+00
3.635428729297605059e+03 1.472893111104493391e+00
3.645435480940087473e+03 1.485701215376012296e+00
3.655442232582568977e+03 1.523759062376948803e+00
3.665448984225051390e+03 1.404589012312589924e+00
3.675455735867532894e+03 1.378750277124261014e+00
3.685462487510015308e+03 1.465278398205227539e+00
3.695469239152496812e+03 1.468078594094854195e+00
3.705475990794979225e+03 1.462059620596206200e+00
3.715482742437460729e+03 1.433725112586901274e+00
3.725489494079943142e+03 1.428530893978048555e+00
3.735496245722424646e+03 1.556127176045875471e+00
3.745502997364907060e+03 1.436529444659526034e+00
3.755509749007388564e+03 1.392933248624305786e+00
3.765516500649870977e+03 1.464468533574224685e+00
3.775523252292352481e+03 1.430499717085083056e+00
3.785530003934834895e+03 1.489067241099761629e+00
3.795536755577316399e+03 1.375380115217513799e+00
3.805543507219798812e+03 1.404032282081062677e+00
3.815550258862280316e+03 1.433114611976400887e+00
3.825557010504762729e+03 1.546619745806737889e+00
3.835563762147244233e+03 1.468725493115737191e+00
3.845570513789726647e+03 1.481627902359609728e+00
3.855577265432208151e+03 1.498288447475439655e+00
3.865584017074690564e+03 1.575432396570608296e+00
3.875590768717172523e+03 1.558920754042705692e+00
3.885597520359654482e+03 1.593840065384781290e+00
3.895604272002136440e+03 1.585183861606625833e+00
3.905611023644618399e+03 1.652909722015413418e+00
3.915617775287100358e+03 1.580152608607893416e+00
3.925624526929582316e+03 1.586715903789074567e+00
3.935631278572064275e+03 1.561926931845631250e+00
3.945638030214546234e+03 1.568331397599690202e+00
3.955644781857028192e+03 1.559473348091234390e+00
3.965651533499510151e+03 1.588047754714421611e+00
3.975658285141992565e+03 1.555651515001108542e+00
3.985665036784474069e+03 1.566552838910562517e+00
3.995671788426956482e+03 1.544039594852603114e+00
4.005678540069437986e+03 1.537984222943572732e+00
4.015685291711920399e+03 1.536287560677804809e+00
4.025692043354401903e+03 1.521963958955829144e+00
4.035698794996884317e+03 1.556337294142172478e+00
4.045705546639365821e+03 1.542021964786192356e+00
4.055712298281848234e+03 1.556747603495570953e+00
4.065719049924329738e+03 1.517845147926449201e+00
4.075725801566812152e+03 1.544000714732422397e+00
4.085732553209293656e+03 1.524769945501653012e+00
4.095739304851775614e+03 1.538344898100995728e+00
4.105746056494257573e+03 1.533735535768056213e+00
4.115752808136739986e+03 1.562386875395005870e+00
4.125759559779222400e+03 1.520214353547686859e+00
4.135766311421702994e+03 1.428377855207123570e+00
4.145773063064185408e+03 1.469555211425130237e+00
4.155779814706667821e+03 1.406911892684250764e+00
4.165786566349150235e+03 1.315525411053866334e+00
4.175793317991630829e+03 1.352080169153340172e+00
4.185800069634113243e+03 1.372234961665856234e+00
4.195806821276595656e+03 1.339178587146066857e+00
4.205813572919078069e+03 1.387966520080341493e+00
4.215820324561559573e+03 1.270608945405693468e+00
4.225827076204041077e+03 1.235915469655307186e+00
4.235833827846523491e+03 1.256591421225567551e+00
4.245840579489005904e+03 1.270566756339114312e+00
4.255847331131487408e+03 1.352164547286498708e+00
4.265854082773968912e+03 1.309292183275923449e+00
4.275860834416451326e+03 1.273814487229121717e+00
4.285867586058933739e+03 1.295723021332777503e+00
4.295874337701415243e+03 1.352314277111025254e+00
4.305881089343896747e+03 1.284347690851756152e+00
4.315887840986379160e+03 1.322929178620235735e+00
4.325894592628861574e+03 1.346491358686480844e+00
4.335901344271343078e+03 1.445571140693092227e+00
4.345908095913824582e+03 1.394102133939532528e+00
4.355914847556306995e+03 1.348112742421685883e+00
4.365921599198789409e+03 1.386790189635718429e+00
4.375928350841270912e+03 1.298191495345967006e+00
4.385935102483752416e+03 1.378623709924523100e+00
4.395941854126234830e+03 1.388712687493175446e+00
4.405948605768717243e+03 1.364497817749850350e+00
4.415955357411199657e+03 1.294127281932160090e+00
4.425962109053680251e+03 1.416136408006326786e+00
4.435968860696162665e+03 1.436040547829165792e+00
4.445975612338645078e+03 1.365946309035739992e+00
4.455982363981127492e+03 1.344490273352062282e+00
4.465989115623608086e+03 1.337619246155831831e+00
4.475995867266090499e+03 1.350376061758175705e+00
4.486002618908572913e+03 1.324446330543891603e+00
4.496009370551055326e+03 1.317141004132874160e+00
4.506016122193535921e+03 1.264732256602175475e+00
4.516022873836018334e+03 1.327798293245447958e+00
4.526029625478500748e+03 1.303120171006350025e+00
4.536036377120983161e+03 1.235394310597562884e+00
4.546043128763463756e+03 1.284916002395677381e+00
4.556049880405946169e+03 1.297701771279007321e+00
4.566056632048428582e+03 1.368985576302649720e+00
4.576063383690910996e+03 1.345400233611615981e+00
4.586070135333392500e+03 1.350528273292501025e+00
4.596076886975874004e+03 1.388614246337823710e+00
4.606083638618356417e+03 1.343079007713154249e+00
4.616090390260838831e+03 1.311634917325974259e+00
4.626097141903320335e+03 1.244804126917947951e+00
4.636103893545801839e+03 1.282277944879571141e+00
4.646110645188284252e+03 1.282334196968343720e+00
4.656117396830766666e+03 1.424211891691566700e+00
4.666124148473248169e+03 1.222760753248558263e+00
4.676130900115729673e+03 1.221035964938404161e+00
4.686137651758212087e+03 1.254143628127368126e+00
4.696144403400694500e+03 1.288588105661276684e+00
4.706151155043176004e+03 1.321802482371588150e+00
4.716157906685657508e+03 1.254623425355132715e+00
4.726164658328139922e+03 1.268879193675941819e+00
4.736171409970622335e+03 1.204219072105251254e+00
4.746178161613104749e+03 1.134899126769045585e+00
4.756184913255585343e+03 1.185580604279791395e+00
4.766191664898067756e+03 1.205176184850981880e+00
4.776198416540550170e+03 1.197554854058919149e+00
4.786205168183032583e+03 1.191157006197656854e+00
4.796211919825513178e+03 1.232752944135057982e+00
4.806218671467995591e+03 1.077392120075046922e+00
4.816225423110478005e+03 1.154151404151404270e+00
4.826232174752960418e+03 1.137369255255434197e+00
4.836238926395441013e+03 1.121531810556200881e+00
4.846245678037923426e+03 1.138465343749896830e+00
4.856252429680405839e+03 1.259552101015515735e+00
4.866259181322888253e+03 1.236589667483976696e+00
4.876265932965368847e+03 1.153507814076919935e+00
4.886272684607851261e+03 1.142199489760465259e+00
4.896279436250333674e+03 1.114622730476389156e+00
4.906286187892816088e+03 1.154148922441605496e+00
4.916292939535296682e+03 1.132999791536376977e+00
4.926299691177779096e+03 1.226909344795523715e+00
4.936306442820261509e+03 1.109358196756570880e+00
4.946313194462743922e+03 1.212076992564797617e+00
4.956319946105225426e+03 1.445739069722809855e+00
4.966326697747706930e+03 1.200924188729066922e+00
4.976333449390189344e+03 1.250706460056053793e+00
4.986340201032671757e+03 1.165958552137414062e+00
4.996346952675153261e+03 1.253016104642121098e+00
5.006353704317634765e+03 1.862597655280582298e+00
5.016360455960117179e+03 1.287319124717498875e+00
5.026367207602599592e+03 1.115568261909725800e+00
5.036373959245081096e+03 1.143338594558106713e+00
5.046380710887562600e+03 1.146197524246304722e+00
5.056387462530045013e+03 1.133745131712611487e+00
5.066394214172527427e+03 1.115522763896747760e+00
5.076400965815009840e+03 1.151430622975338602e+00
5.086407717457490435e+03 1.203692949627909181e+00
5.096414469099972848e+03 1.200771977194741602e+00
5.106421220742455262e+03 1.136575108119823652e+00
5.116427972384937675e+03 1.116152290949038894e+00
5.126434724027418270e+03 1.175447783171360561e+00
5.136441475669900683e+03 1.149874590931501794e+00
5.146448227312383096e+03 1.125674611446969120e+00
5.156454978954865510e+03 1.158275178600381983e+00
5.166461730597346104e+03 1.068478645714418196e+00
5.176468482239828518e+03 1.104515553702545727e+00
5.186475233882310931e+03 1.162623961404449346e+00
5.196481985524793345e+03 1.069847722286746849e+00
5.206488737167273939e+03 1.080144336241897429e+00
5.216495488809756353e+03 1.040221070708875706e+00
5.226502240452238766e+03 1.131476021719924230e+00
5.236508992094721179e+03 1.082401037685590595e+00
5.246515743737201774e+03 1.022758933328039133e+00
5.256522495379684187e+03 1.075745919241854143e+00
5.266529247022166601e+03 1.039747891373907773e+00
5.276535998664649014e+03 1.073394912825807346e+00
5.286542750307129609e+03 1.053138370211541108e+00
5.296549501949612022e+03 1.121985963449378287e+00
5.306556253592094436e+03 1.072494052168849077e+00
5.316563005234576849e+03 1.051531876735128712e+00
5.326569756877057443e+03 1.040478341291349418e+00
5.336576508519539857e+03 1.094119671355443746e+00
5.346583260162022270e+03 1.048590223386971498e+00
5.356590011804504684e+03 1.030827799120482391e+00
5.366596763446985278e+03 1.074285846643570297e+00
5.376603515089467692e+03 1.030091558546843089e+00
5.386610266731950105e+03 9.679181101945329990e-01
5.396617018374432519e+03 9.870802187875359346e-01
5.406623770016914932e+03 1.069171042748278566e+00
5.416630521659395527e+03 1.005847735522532593e+00
5.426637273301877940e+03 1.098563586368464629e+00
5.436644024944360353e+03 1.042505898196955050e+00
5.446650776586842767e+03 1.069793124671173601e+00
5.456657528229323361e+03 1.004601917203543193e+00
5.466664279871805775e+03 9.594571342538823489e-01
5.476671031514288188e+03 9.866095211623667760e-01
5.486677783156770602e+03 1.004619289172134833e+00
5.496684534799251196e+03 9.877122275496260650e-01
5.506691286441733610e+03 9.947702102173646699e-01
5.516698038084216023e+03 9.443815744628752951e-01
5.526704789726698436e+03 9.253501692526083788e-01
5.536711541369179031e+03 9.197911393033345595e-01
5.546718293011661444e+03 9.049538236530108026e-01
5.556725044654143858e+03 9.346656806006401474e-01
5.566731796296626271e+03 9.299462957999544699e-01
5.576738547939106866e+03 9.447389406739001849e-01
5.586745299581589279e+03 9.717755144584414584e-01
5.596752051224071693e+03 9.112648116713157886e-01
5.606758802866554106e+03 9.533661911710692438e-01
5.616765554509034700e+03 8.598892826535105005e-01
5.626772306151517114e+03 9.650194731495547185e-01
5.636779057793999527e+03 9.630605768817152024e-01
5.646785809436481941e+03 9.482381514901840891e-01
5.656792561078962535e+03 9.170198966946935260e-01
5.666799312721444949e+03 9.992199158865825437e-01
5.676806064363927362e+03 9.580607588737670710e-01
5.686812816006409776e+03 9.512856911230895829e-01
5.696819567648890370e+03 9.378033890229013902e-01
5.706826319291372783e+03 9.103440973359675503e-01
5.716833070933855197e+03 9.334761143704235486e-01
5.726839822576337610e+03 9.176428058541880040e-01
5.736846574218818205e+03 8.889443137410618645e-01
5.746853325861300618e+03 9.339848648791738706e-01
5.756860077503783032e+03 8.023003795361519641e-01
5.766866829146265445e+03 8.683717667457506728e-01
5.776873580788747859e+03 8.862582765021791431e-01
5.786880332431228453e+03 8.825059312864191874e-01
5.796887084073710867e+03 9.432689412364210213e-01
5.806893835716193280e+03 8.467850276793366104e-01
5.816900587358675693e+03 9.526555949320179018e-01
5.826907339001156288e+03 8.956606476931681105e-01
5.836914090643638701e+03 7.897512003203061015e-01
5.846920842286121115e+03 7.725819046957259628e-01
5.856927593928603528e+03 7.284016796211918443e-01
5.866934345571084123e+03 8.078974623690071688e-01
5.876941097213566536e+03 8.000378874362615855e-01
5.886947848856048950e+03 8.464226980487145058e-01
5.896954600498531363e+03 8.191875874802705404e-01
5.906961352141011957e+03 9.141460767477028737e-01
5.916968103783494371e+03 8.088388576193455970e-01
5.926974855425976784e+03 8.546173038042956804e-01
5.936981607068459198e+03 8.761726078799250139e-01
5.946988358710939792e+03 8.487232430321861587e-01
5.956995110353422206e+03 8.747083990986430635e-01
5.967001861995904619e+03 7.721525689005364068e-01
5.977008613638387033e+03 8.106629143214509892e-01
5.987015365280867627e+03 7.186667593171658375e-01
5.997022116923350040e+03 7.711706390568180414e-01
6.007028868565832454e+03 7.917233323737388195e-01
6.017035620208314867e+03 8.491459609345788362e-01
6.027042371850795462e+03 6.952013659330733564e-01
6.037049123493277875e+03 6.838756696480274844e-01
6.047055875135760289e+03 7.114904818156850830e-01
6.057062626778242702e+03 7.805026951368415622e-01
6.067069378420723297e+03 7.331797982204487640e-01
6.077076130063205710e+03 7.682852377974330738e-01
6.087082881705688123e+03 7.832118950005129143e-01
6.097089633348170537e+03 7.060960719497305638e-01
6.107096384990652041e+03 7.133790629725589305e-01
6.117103136633133545e+03 7.253127781583067479e-01
6.127109888275615958e+03 6.726161522909490653e-01
6.137116639918098372e+03 7.518356380144998186e-01
6.147123391560580785e+03 8.162053995387330563e-01
6.157130143203061380e+03 6.669520632935268534e-01
6.167136894845543793e+03 7.306335639668974924e-01
6.177143646488026206e+03 7.834005049452205105e-01
6.187150398130508620e+03 6.946189913669589266e-01
6.197157149772989214e+03 6.071147310984710277e-01
6.207163901415471628e+03 7.710763340844642988e-01
6.217170653057954041e+03 7.650399886172244424e-01
6.227177404700436455e+03 6.167528647203444070e-01
6.237184156342917049e+03 8.209678006425975560e-01
6.247190907985399463e+03 8.269429306014672854e-01
6.257197659627881876e+03 6.455762695600094636e-01
6.267204411270364290e+03 8.042534851477941560e-01
6.277211162912844884e+03 8.763711446638279279e-01
6.287217914555327297e+03 6.374006902462188151e-01
6.297224666197809711e+03 6.278320444987112170e-01
6.307231417840292124e+03 8.159555740856554440e-01
6.317238169482772719e+03 8.483625678747630516e-01
6.327244921125255132e+03 5.890015585137536869e-01
6.337251672767737546e+03 6.741970014327739458e-01
6.347258424410219959e+03 7.785206362442135264e-01
6.357265176052700554e+03 6.855988034849823665e-01
6.367271927695182967e+03 5.687764508902721783e-01
6.377278679337665380e+03 6.416138062479527227e-01
6.387285430980147794e+03 7.494085258312901399e-01
6.397292182622628388e+03 6.587880652921304092e-01
6.407298934265110802e+03 5.955342459407501066e-01
6.417305685907593215e+03 7.348648791738223718e-01
6.427312437550075629e+03 7.045598935842839472e-01
6.437319189192556223e+03 5.713657014470023832e-01
6.447325940835038637e+03 6.614798931872103438e-01
6.457332692477521050e+03 7.292893044925565782e-01
6.547393457259859133e+03 4.997063310071441222e-01
6.557400208902341546e+03 9.012808931508119459e-01
6.567406960544822141e+03 1.554174070434233057e+00
6.577413712187304554e+03 8.126176744062922896e-01
6.587420463829786968e+03 6.386431996188094429e-01
6.597427215472269381e+03 1.000780084113417567e+00
6.607433967114749976e+03 8.002968124919344062e-01
6.617440718757232389e+03 6.324314799924557473e-01
6.627447470399714803e+03 6.365990979812119477e-01
6.637454222042197216e+03 7.020773565489013546e-01
6.647460973684677811e+03 8.088446482755426992e-01
6.657467725327160224e+03 5.582291842454444319e-01
6.667474476969642637e+03 6.095244713130892888e-01
6.677481228612125051e+03 7.950198702231222603e-01
6.687487980254605645e+03 8.675461846193553983e-01
6.697494731897088059e+03 4.843701916872649171e-01
6.707501483539570472e+03 5.745373265698469067e-01
6.717508235182052886e+03 8.457195469390591525e-01
6.727514986824533480e+03 6.138997256883436116e-01
6.737521738467015894e+03 4.120498592043307373e-01
6.747528490109498307e+03 7.501629656101200805e-01
6.757535241751980720e+03 7.615035521539588181e-01
6.767541993394461315e+03 6.513470720787795099e-01
6.777548745036943728e+03 4.177941901519137136e-01
6.787555496679426142e+03 5.789986135514592069e-01
6.797562248321908555e+03 9.014115965335478542e-01
6.807568999964389150e+03 8.571726376604426045e-01
6.817575751606871563e+03 5.333682427178362273e-01
6.827582503249353977e+03 4.507595686457475104e-01
6.837589254891836390e+03 4.724720476752997667e-01
6.847596006534317894e+03 7.629206084490638418e-01
6.857602758176799398e+03 6.269344927881513874e-01
6.867609509819281811e+03 5.075898958012780016e-01
6.877616261461764225e+03 5.704772493390380950e-01
6.887623013104246638e+03 7.698313430020747861e-01
6.897629764746727233e+03 6.683567110396380073e-01
6.907636516389209646e+03 6.644918616463333372e-01
6.917643268031692060e+03 5.149680190330596652e-01
6.927650019674174473e+03 4.322187147390400552e-01
6.937656771316655067e+03 4.770301213390645834e-01
6.947663522959137481e+03 6.250856189880580338e-01
6.957670274601619894e+03 5.902084967125618142e-01
6.967677026244102308e+03 2.998153607909705420e-01
6.977683777886582902e+03 4.859287054409005546e-01
6.987690529529065316e+03 5.135724708895441637e-01
6.997697281171547729e+03 6.262255510222991539e-01
7.007704032814030143e+03 6.361623170566260699e-01
7.017710784456510737e+03 4.949695742378669716e-01
7.027717536098993151e+03 5.543221457855604939e-01
7.037724287741475564e+03 3.775061132784710560e-01
7.047731039383957977e+03 4.699531122295350638e-01
7.057737791026438572e+03 6.630475065434414672e-01
7.067744542668920985e+03 5.849985606083168976e-01
7.077751294311403399e+03 4.644991413284096371e-01
7.087758045953885812e+03 5.196766497579505817e-01
7.097764797596367316e+03 6.892469168891934839e-01
7.107771549238848820e+03 5.710993312619329076e-01
7.117778300881331234e+03 4.767563060245987860e-01
7.127785052523813647e+03 4.600891430159723683e-01
7.137791804166295151e+03 5.314821432707612647e-01
7.147798555808776655e+03 6.240466098189676458e-01
7.157805307451259068e+03 4.582402692158790147e-01
7.167812059093741482e+03 4.573137642243333412e-01
7.177818810736222986e+03 7.546399700871246896e-01
7.187825562378704490e+03 6.158346320947947206e-01
7.197832314021186903e+03 3.236480472252830087e-01
7.207839065663669317e+03 3.296041507423621564e-01
7.217845817306150821e+03 5.561842553712473824e-01
7.227852568948632324e+03 6.593315597380638993e-01
7.237859320591114738e+03 4.476210329868867133e-01
7.247866072233597151e+03 2.177865795751974809e-01
7.257872823876078655e+03 3.946663093004556533e-01
7.267879575518560159e+03 7.057403602119050046e-01
7.277886327161042573e+03 5.036092332840300667e-01
7.287893078803524986e+03 3.678059369116280508e-01
7.297899830446006490e+03 4.560158299995699105e-01
7.307906582088487994e+03 6.501914225491461918e-01
7.317913333730970407e+03 5.352154620447303612e-01
7.327920085373452821e+03 4.595737746144251124e-01
7.337926837015934325e+03 3.778303900255119974e-01
7.347933588658415829e+03 7.427807061953405343e-01
7.357940340300898242e+03 5.228135309436122702e-01
7.367947091943380656e+03 2.897363100615133469e-01
7.377953843585862160e+03 2.977526463298821313e-01
7.387960595228344573e+03 5.986454827918242794e-01
7.397967346870826077e+03 5.752363414965041555e-01
7.407974098513308491e+03 5.672692258058112946e-01
7.417980850155790904e+03 5.235009645578752036e-01
7.427987601798272408e+03 3.728272630711655933e-01
7.437994353440753912e+03 3.617571828953943247e-01
7.448001105083236325e+03 6.506191038711364172e-01
7.458007856725718739e+03 5.435664155176350709e-01
7.468014608368200243e+03 3.240203036951004867e-01
7.478021360010681747e+03 3.640229839416831981e-01
7.488028111653164160e+03 4.609610503919447932e-01
7.498034863295646574e+03 5.173645234620843913e-01
7.508041614938128077e+03 5.859316834926592277e-01
7.518048366580609581e+03 3.581744211825512725e-01
7.528055118223091995e+03 3.746943360764499742e-01
7.538061869865574408e+03 4.340692430123325174e-01
7.548068621508055912e+03 6.945743205905807738e-01
7.558075373150537416e+03 8.646161125835923889e-01
7.568082124793019830e+03 4.414308215121223733e-01
7.578088876435502243e+03 2.499197580498394022e-01
7.588095628077983747e+03 2.749497040147446669e-01
7.598102379720465251e+03 4.898349166641849939e-01
7.608109131362947664e+03 3.234371018923865027e-01
7.618115883005430078e+03 3.661903438326202798e-01
7.628122634647911582e+03 2.927218069494492703e-01
7.638129386290393086e+03 2.653559929982694521e-01
7.648136137932875499e+03 5.944869644056637314e-01
7.658142889575357913e+03 5.858671590378907723e-01
7.668149641217839417e+03 2.969973793144525254e-01
7.678156392860320921e+03 4.670677109701500407e-01
7.688163144502803334e+03 6.795914112987283540e-01
7.698169896145285747e+03 2.463891122427708247e-01
7.708176647787767251e+03 4.370721118688599138e-01
7.718183399430248755e+03 2.826113212292074017e-01
7.728190151072731169e+03 5.726743897475605749e-01
7.738196902715213582e+03 4.984100512555797446e-01
7.748203654357695086e+03 7.389977532253955150e-01
7.758210406000177500e+03 8.448153773357025553e-01
7.768217157642659004e+03 1.892364937080384668e-01
7.778223909285141417e+03 2.833409439100496585e-01
