3.363780448309854364e+03 2.176751177126526215e+00
3.383790559187900726e+03 2.092221338964836530e+00
3.403800670065946179e+03 2.051563976410708978e+00
3.423810780943992540e+03 1.949554909893002064e+00
3.443820891822038448e+03 1.961122913620376718e+00
3.463831002700084355e+03 2.095947028147826074e+00
3.483841113578130717e+03 1.941841503183307172e+00
3.503851224456176169e+03 1.985182339289633502e+00
3.523861335334222531e+03 1.920649223667310057e+00
3.543871446212267983e+03 1.988977116331738015e+00
3.563881557090314345e+03 1.928316290959306123e+00
3.583891667968359798e+03 1.789951844919662083e+00
3.603901778846406160e+03 1.843535377407174769e+00
3.623911889724452067e+03 1.794277418928135637e+00
3.643922000602497974e+03 1.725897289101937737e+00
3.663932111480544336e+03 1.720006285310109684e+00
3.683942222358589788e+03 1.680405714239976644e+00
3.703952333236636150e+03 1.648075713553310617e+00
3.723962444114681603e+03 1.610666996940334661e+00
3.743972554992727964e+03 1.589176965602250302e+00
3.763982665870773417e+03 1.588699332586004820e+00
3.783992776748819779e+03 1.554316074427844807e+00
3.804002887626865686e+03 1.587480184633090818e+00
3.824012998504911593e+03 1.582009015965614829e+00
3.844023109382957955e+03 1.589530745993009475e+00
3.864033220261003407e+03 1.619429191052785377e+00
3.884043331139049769e+03 1.522707873361954123e+00
3.904053442017095222e+03 1.557916057408640809e+00
3.924063552895141584e+03 1.485375574661437881e+00
3.944073663773187036e+03 1.496666468670972971e+00
3.964083774651233398e+03 1.278292552539421312e+00
3.984093885529279305e+03 1.492099424169545108e+00
4.004103996407325212e+03 1.495105672829387888e+00
4.024114107285371119e+03 1.475944829131822678e+00
4.044124218163417027e+03 1.457125212055494501e+00
4.064134329041463388e+03 1.422624841550786501e+00
4.084144439919508841e+03 1.411435557246242256e+00
4.104154550797555203e+03 1.363326900579621803e+00
4.124164661675600655e+03 1.378150711794519312e+00
4.144174772553647017e+03 1.451499016972443767e+00
4.164184883431693379e+03 1.413693045169557960e+00
4.184194994309738831e+03 1.304853295722576911e+00
4.204205105187784284e+03 1.285791955392833863e+00
4.224215216065830646e+03 1.275681368478832844e+00
4.244225326943877008e+03 1.273137671461111342e+00
4.264235437821922460e+03 1.233026187247476591e+00
4.284245548699968822e+03 1.284226272849019024e+00
4.304255659578015184e+03 1.257836985511349370e+00
4.324265770456060636e+03 1.341206400400372534e+00
4.344275881334106089e+03 1.288705440963792581e+00
4.364285992212152451e+03 1.374978483765827653e+00
4.384296103090198812e+03 1.381936979234464458e+00
4.404306213968244265e+03 1.374615435491528537e+00
4.424316324846290627e+03 1.354508256631065555e+00
4.444326435724336079e+03 1.306532383459523938e+00
4.464336546602382441e+03 1.297673045076879195e+00
4.484346657480427893e+03 1.359227294422545640e+00
4.504356768358474255e+03 1.427123640727967047e+00
4.524366879236520617e+03 1.320684694385221292e+00
4.544376990114566070e+03 1.376795157446597084e+00
4.564387100992611522e+03 1.327355127182744621e+00
4.584397211870657884e+03 1.267116496032292705e+00
4.604407322748704246e+03 1.313368121598002203e+00
4.624417433626749698e+03 1.348059494757116061e+00
4.644427544504796060e+03 1.289359585034727251e+00
4.664437655382841513e+03 1.316141914887970055e+00
4.684447766260887875e+03 1.325643433346434863e+00
4.704457877138933327e+03 1.310126552949735457e+00
4.724467988016979689e+03 1.348449672654140619e+00
4.744478098895026051e+03 1.284758670631635624e+00
4.764488209773071503e+03 1.276692663079995738e+00
4.784498320651117865e+03 1.296992276904139318e+00
4.804508431529163317e+03 1.354238813980518152e+00
4.824518542407209679e+03 1.323721864074692389e+00
4.844528653285255132e+03 1.347027052530785252e+00
4.864538764163301494e+03 1.283571033482757029e+00
4.884548875041347856e+03 1.369306539039484960e+00
4.904558985919393308e+03 1.449122394618898468e+00
4.924569096797438760e+03 1.445492922917749112e+00
4.944579207675485122e+03 1.405645573384997515e+00
4.964589318553531484e+03 1.283350289347536810e+00
4.984599429431576937e+03 1.261253969918977536e+00
5.004609540309623299e+03 1.224579353935838499e+00
5.024619651187668751e+03 1.168392978482923450e+00
5.044629762065715113e+03 1.247683682079578249e+00
5.064639872943760565e+03 1.160457816596167424e+00
5.084649983821806927e+03 1.165342665249523124e+00
5.104660094699853289e+03 1.152167610516351637e+00
5.124670205577898741e+03 1.109866715196675013e+00
5.144680316455944194e+03 1.085390487528588244e+00
5.164690427333990556e+03 1.034266567079045185e+00
5.184700538212036918e+03 1.091416802420097198e+00
5.204710649090082370e+03 1.154862711049718493e+00
5.224720759968128732e+03 1.131922171684172307e+00
5.244730870846175094e+03 1.095883248258375131e+00
5.264740981724220546e+03 1.110873123095607928e+00
5.284751092602265999e+03 1.112072724239601795e+00
5.304761203480312361e+03 1.138463275379572481e+00
5.324771314358358723e+03 1.118654016848169785e+00
5.344781425236404175e+03 1.171689480404534800e+00
5.364791536114450537e+03 1.140415681427456196e+00
5.384801646992495989e+03 1.142393026507410703e+00
5.404811757870542351e+03 1.033367245361740183e+00
5.424821868748587804e+03 1.036035637539815202e+00
5.444831979626634165e+03 1.043006181257053688e+00
5.464842090504680527e+03 1.035092166995466023e+00
5.484852201382725980e+03 1.022819214344661720e+00
5.504862312260772342e+03 1.034953654263289557e+00
5.524872423138817794e+03 1.035153503533801977e+00
5.544882534016864156e+03 1.039508060741708650e+00
5.564892644894909608e+03 1.008217748081232212e+00
5.584902755772955970e+03 9.892471487566923960e-01
5.604912866651001423e+03 9.757264019674872779e-01
5.624922977529047785e+03 9.676027650309273476e-01
5.644933088407093237e+03 1.002823418593649318e+00
5.664943199285139599e+03 9.969622405361217021e-01
5.684953310163185961e+03 1.003327928472159902e+00
5.704963421041231413e+03 9.888240277463582473e-01
5.724973531919277775e+03 1.015786070286786247e+00
5.744983642797323228e+03 1.046727742019193830e+00
5.764993753675369589e+03 1.013213558576604667e+00
5.785003864553415042e+03 9.976853039591977446e-01
5.805013975431461404e+03 1.013439273667541718e+00
5.825024086309507766e+03 1.036625748960838367e+00
5.845034197187553218e+03 1.029114634872770884e+00
5.865044308065599580e+03 1.012486113972218993e+00
5.885054418943645032e+03 1.014393444404704914e+00
5.905064529821691394e+03 1.055736124819855570e+00
5.925074640699736847e+03 1.028698169887888092e+00
5.945084751577783209e+03 1.053143139512399795e+00
5.965094862455828661e+03 1.015621775987672004e+00
5.985104973333875023e+03 1.003634948177786645e+00
6.005115084211920475e+03 9.686854223353466020e-01
6.025125195089966837e+03 9.671680170394251208e-01
6.045135305968013199e+03 9.936328797546876146e-01
6.065145416846058652e+03 9.863939886822290504e-01
6.085155527724105013e+03 9.785896724603576624e-01
6.105165638602150466e+03 1.004108958294102738e+00
6.125175749480196828e+03 9.881722427730519343e-01
6.145185860358242280e+03 9.887271362366242267e-01
6.165195971236288642e+03 9.461138289881703134e-01
6.185206082114335004e+03 9.609180933941474656e-01
6.205216192992380456e+03 9.630714440078710359e-01
6.225226303870426818e+03 9.281397799046166019e-01
6.245236414748472271e+03 9.333854862416163245e-01
6.265246525626518633e+03 9.237289413675773275e-01
6.285256636504564085e+03 9.240876927140533326e-01
6.305266747382610447e+03 9.474783984591723662e-01
6.325276858260655899e+03 9.712463913178466246e-01
6.345286969138702261e+03 9.723025087739473049e-01
6.365297080016747714e+03 9.921432781093855180e-01
6.385307190894794076e+03 9.683239748772952682e-01
6.405317301772840437e+03 9.929396420659124534e-01
6.425327412650885890e+03 9.947938928017612259e-01
6.445337523528932252e+03 1.042013253915996751e+00
6.465347634406977704e+03 1.059814836112223935e+00
6.485357745285024066e+03 1.112443102567245878e+00
6.505367856163069519e+03 1.113667137222390080e+00
6.525377967041115880e+03 1.160065700868948335e+00
6.545388077919162242e+03 1.152433346013483018e+00
6.565398188797207695e+03 1.131875495252526731e+00
6.585408299675254057e+03 1.204989997004788371e+00
6.605418410553299509e+03 1.196141190307984381e+00
6.625428521431345871e+03 1.221875575293339233e+00
6.645438632309391323e+03 1.253931162373741026e+00
6.665448743187437685e+03 1.224471762233290351e+00
6.685458854065483138e+03 1.101760434478380457e+00
6.705468964943529500e+03 1.033386202396253228e+00
6.725479075821574952e+03 1.043499485421829798e+00
6.745489186699621314e+03 1.009201070524802235e+00
6.765499297577667676e+03 1.011981435586734923e+00
6.785509408455713128e+03 1.004408732199870924e+00
6.805519519333759490e+03 9.877762513854432269e-01
6.825529630211804943e+03 9.927043220774888210e-01
6.845539741089851304e+03 1.002314696040802255e+00
6.865549851967896757e+03 9.870398759114646925e-01
6.885559962845943119e+03 9.849702732635463587e-01
6.905570073723988571e+03 9.499689315267701994e-01
6.925580184602034933e+03 9.486516282618210338e-01
6.945590295480081295e+03 9.292014580908412036e-01
6.965600406358126747e+03 9.367341410715105399e-01
6.985610517236173109e+03 8.982494231795665751e-01
7.005620628114218562e+03 8.820696363493133463e-01
7.025630738992264924e+03 8.790102237393467854e-01
7.045640849870310376e+03 8.715312102297213537e-01
7.065650960748356738e+03 8.472470805113682113e-01
7.085661071626402190e+03 8.617894850806032681e-01
7.105671182504448552e+03 8.443633364212235204e-01
7.125681293382494914e+03 8.338613078078969121e-01
7.145691404260540367e+03 8.347461379254853542e-01
7.165701515138586728e+03 8.473821388505886620e-01
7.185711626016632181e+03 8.318398981543851933e-01
7.205721736894678543e+03 8.304247765913482793e-01
7.225731847772723995e+03 8.310836388575395528e-01
7.245741958650770357e+03 8.359575345576207850e-01
7.265752069528815809e+03 8.314647173779977640e-01
7.285762180406862171e+03 8.036714299375387061e-01
7.305772291284908533e+03 8.177725147433071440e-01
7.325782402162953986e+03 8.275396001919294031e-01
7.345792513041000348e+03 8.548271982050638096e-01
7.365802623919045800e+03 8.294622647589993125e-01
7.385812734797092162e+03 8.385934048898195936e-01
7.405822845675137614e+03 8.461776510043648170e-01
7.425832956553183976e+03 8.429675931601334771e-01
7.445843067431229429e+03 8.407773395192243981e-01
7.465853178309275791e+03 8.333682564035810314e-01
7.485863289187322152e+03 8.319521237987032025e-01
7.505873400065367605e+03 8.182664086824903427e-01
7.525883510943413057e+03 8.367985528621120217e-01
7.545893621821459419e+03 8.310545714046194687e-01
7.565903732699505781e+03 8.269793145052066752e-01
7.585913843577551233e+03 8.030810657560549792e-01
7.605923954455597595e+03 7.972951260621733427e-01
7.625934065333643957e+03 7.954559567004481080e-01
7.645944176211689410e+03 7.968642537310602902e-01
7.665954287089734862e+03 7.839255300281532390e-01
7.685964397967781224e+03 7.891729214348873755e-01
7.705974508845827586e+03 7.736561252916750453e-01
7.725984619723873038e+03 7.786592658403928002e-01
7.745994730601918491e+03 7.965235326307436026e-01
7.766004841479965762e+03 7.874563408963476396e-01
7.786014952358011215e+03 7.911113414039747660e-01
7.806025063236056667e+03 8.252669466410029742e-01
7.826035174114103029e+03 8.392488127630550743e-01
7.846045284992149391e+03 8.251223676577826849e-01
7.866055395870194843e+03 8.065008305287453272e-01
7.886065506748240296e+03 8.228781917853693617e-01
7.906075617626286657e+03 7.925594903338081254e-01
7.926085728504333019e+03 7.759693890232028934e-01
7.946095839382378472e+03 7.861015448298057651e-01
7.966105950260424834e+03 7.792352226756463773e-01
7.986116061138471196e+03 8.038081733464937928e-01
8.006126172016516648e+03 7.538346500046971821e-01
8.026136282894562100e+03 7.829697584747422612e-01
8.046146393772608462e+03 8.027513818624991693e-01
8.066156504650654824e+03 8.064100895235423172e-01
8.086166615528700277e+03 7.945366669067891463e-01
8.106176726406745729e+03 7.959637524649411100e-01
8.126186837284793000e+03 7.899792273028479750e-01
8.146196948162838453e+03 8.082538085735504474e-01
8.166207059040883905e+03 7.905759104958359762e-01
8.186217169918930267e+03 7.800807906684208426e-01
8.206227280796976629e+03 7.816098229455104018e-01
8.226237391675022081e+03 7.845865828849993839e-01
8.246247502553067534e+03 8.275980721117167649e-01
8.266257613431112986e+03 7.777704758089284409e-01
8.286267724309160258e+03 7.853491611933495209e-01
8.306277835187205710e+03 7.846180094355478252e-01
8.326287946065251163e+03 8.066748982323197481e-01
8.346298056943298434e+03 7.953830774344308185e-01
8.366308167821343886e+03 7.508160160823055262e-01
8.386318278699389339e+03 7.515169208383726263e-01
8.406328389577436610e+03 7.909789791763295330e-01
8.426338500455482063e+03 7.738331418672849127e-01
8.446348611333527515e+03 7.716318510196147340e-01
8.466358722211572967e+03 7.298901460913332917e-01
8.486368833089620239e+03 7.399188386162375286e-01
8.506378943967665691e+03 6.962725836205323482e-01
8.526389054845711144e+03 7.603186298360974371e-01
8.546399165723756596e+03 6.588420453544945321e-01
8.566409276601803867e+03 7.444658307878249115e-01
8.586419387479849320e+03 6.879447162321502551e-01
8.606429498357894772e+03 7.344052904449384078e-01
8.626439609235942044e+03 7.311539483922118166e-01
8.646449720113987496e+03 6.913345710170533120e-01
8.666459830992032948e+03 6.747331797392270847e-01
8.686469941870080220e+03 6.688287796430095744e-01
8.706480052748125672e+03 7.299625198364302348e-01
8.726490163626171125e+03 7.158991805927148455e-01
8.746500274504216577e+03 6.878952594354426076e-01
8.766510385382262029e+03 7.300485426463766414e-01
8.786520496260309301e+03 7.269238335841979870e-01
8.806530607138354753e+03 7.242182013649908212e-01
8.826540718016400206e+03 7.334750476980053113e-01
8.846550828894447477e+03 7.383281327868652655e-01
8.866560939772492929e+03 7.688952135172925084e-01
8.886571050650538382e+03 7.283080341176069172e-01
8.906581161528585653e+03 7.258445464192477825e-01
8.926591272406631106e+03 6.652739565310985537e-01
8.946601383284676558e+03 7.344680592925487694e-01
8.966611494162722011e+03 7.934877109970598363e-01
8.986621605040767463e+03 8.025177469438102840e-01
9.006631715918814734e+03 6.406840709094195896e-01
9.026641826796860187e+03 6.408583913734540172e-01
9.046651937674905639e+03 7.151447748725771048e-01
9.066662048552952911e+03 6.980900155826823550e-01
9.086672159430998363e+03 6.405354477588363071e-01
9.106682270309043815e+03 6.880682318436895928e-01
9.126692381187091087e+03 7.171739358468676162e-01
9.146702492065136539e+03 6.698027499495532444e-01
9.166712602943181992e+03 7.005138198887937984e-01
9.186722713821227444e+03 6.784857457844820638e-01
