5000.0 0.000460362
5002.5 0.000788354
5005.0 0.000668032
5007.5 0.000949047
5010.0 0.000355661
5012.5 0.000890117
5015.0 0.000910108
5017.5 0.00108737
5020.0 0.00105407
5022.5 0.000748508
5025.0 0.001117
5027.5 0.00061082
5030.0 0.000855903
5032.5 0.000598197
5035.0 0.000881627
5037.5 0.00117808
5040.0 0.000754995
5042.5 0.00146755
5045.0 0.00101521
5047.5 0.00103476
5050.0 0.000936882
5052.5 0.000833286
5055.0 0.000857915
5057.5 0.000936271
5060.0 0.00116181
5062.5 0.000755672
5065.0 0.000864966
5067.5 0.000534584
5070.0 0.0011315
5072.5 0.000844995
5075.0 0.000980085
5077.5 0.00091104
5080.0 0.00146547
5082.5 0.000791175
5085.0 0.000699565
5087.5 0.00102979
5090.0 0.00134326
5092.5 0.00112331
5095.0 0.00131429
5097.5 0.00106654
5100.0 0.00136375
5102.5 0.000978004
5105.0 0.00104305
5107.5 0.000825075
5110.0 0.0011619
5112.5 0.00106174
5115.0 0.00113094
5117.5 0.00120676
5120.0 0.00109228
5122.5 0.001285
5125.0 0.00126534
5127.5 0.000885521
5130.0 0.00104458
5132.5 0.00143686
5135.0 0.00127123
5137.5 0.00107751
5140.0 0.0013107
5142.5 0.00100304
5145.0 0.0012293
5147.5 0.00078497
5150.0 0.000942427
5152.5 0.0010107
5155.0 0.000653976
5157.5 0.00107157
5160.0 0.000845955
5162.5 0.000776205
5165.0 0.000751594
5167.5 0.00132196
5170.0 0.00104694
5172.5 0.000936467
5175.0 0.00109711
5177.5 0.000974949
5180.0 0.000804654
5182.5 0.000769067
5185.0 0.00114643
5187.5 0.00115474
5190.0 0.000270371
5192.5 0.00115551
5195.0 0.00139316
5197.5 0.00254005
5200.0 0.00100925
5202.5 0.000744053
5205.0 0.000169628
5207.5 0.00154414
5210.0 0.000904771
5212.5 0.000741816
5215.0 0.000816043
5217.5 0.000590346
5220.0 0.000362098
5222.5 0.00127188
5225.0 0.000453497
5227.5 0.000804789
5230.0 0.00118434
5232.5 0.00126338
5235.0 0.00104913
5237.5 0.000871606
5240.0 0.00070814
5242.5 0.00104046
5245.0 0.00140516
5247.5 0.00125039
5250.0 0.00102986
5252.5 0.000945025
5255.0 0.00118448
5257.5 0.000495345
5260.0 0.000893952
5262.5 0.000884059
5265.0 0.00107117
5267.5 0.00118822
5270.0 0.00109812
5272.5 0.00117445
5275.0 0.00135042
5277.5 0.000902354
5280.0 0.000613026
5282.5 0.000892173
5285.0 0.00116864
5287.5 0.00122524
5290.0 0.000984508
5292.5 0.0013528
5295.0 0.000859065
5297.5 0.00106276
5300.0 0.00104545
5302.5 0.00123773
5305.0 0.00119429
5307.5 0.00137121
5310.0 0.00123286
5312.5 0.00154164
5315.0 0.00113291
5317.5 0.00129896
5320.0 0.00132554
5322.5 0.00167614
5325.0 0.00104368
5327.5 0.00109256
5330.0 0.0012196
5332.5 0.00143851
5335.0 0.00134214
5337.5 0.00104064
5340.0 0.00104234
5342.5 0.00160028
5345.0 0.00125358
5347.5 0.00114554
5350.0 0.0012281
5352.5 0.00149674
5355.0 0.00135891
5357.5 0.00153291
5360.0 0.00120113
5362.5 0.00112401
5365.0 0.00142156
5367.5 0.00164073
5370.0 0.00111326
5372.5 0.00146559
5375.0 0.00139935
5377.5 0.00145772
5380.0 0.00161148
5382.5 0.00134352
5385.0 0.00130831
5387.5 0.00124731
5390.0 0.00153735
5392.5 0.00148572
5395.0 0.00159362
5397.5 0.00157995
5400.0 0.00106937
5402.5 0.00168304
5405.0 0.00117577
5407.5 0.00194795
5410.0 0.00146719
5412.5 0.00110184
5415.0 0.00138958
5417.5 0.00130707
5420.0 0.00146836
5422.5 0.00142267
5425.0 0.00130406
5427.5 0.00127112
5430.0 0.00143558
5432.5 0.00163957
5435.0 0.00169934
5437.5 0.0014973
5440.0 0.00161809
5442.5 0.00128173
5445.0 0.00184261
5447.5 0.00143479
5450.0 0.00153959
5452.5 0.00142086
5455.0 0.00143497
5457.5 0.00131983
5460.0 0.00135844
5462.5 0.00118484
5465.0 0.00116488
5467.5 0.00117646
5470.0 0.00150717
5472.5 0.00108628
5475.0 0.00146499
5477.5 0.00135661
5480.0 0.00121992
5482.5 0.0014114
5485.0 0.00132488
5487.5 0.00127604
5490.0 0.0010429
5492.5 0.00131633
5495.0 0.00150898
5497.5 0.00164957
5500.0 0.00129297
5502.5 0.00138191
5505.0 0.00129745
5507.5 0.00171947
5510.0 0.00179932
5512.5 0.00146495
5515.0 0.001335
5517.5 0.00138706
5520.0 0.00151999
5522.5 0.00128635
5525.0 0.00142905
5527.5 0.00167239
5530.0 0.00165508
5532.5 0.00164422
5535.0 0.00186687
5537.5 0.00199778
5540.0 0.00130324
5542.5 0.00153898
5545.0 0.00176593
5547.5 0.00168535
5550.0 0.00155553
5552.5 0.00185391
5555.0 0.00190304
5557.5 0.0017919
5560.0 0.00120682
5562.5 0.00228928
5565.0 0.00129998
5567.5 0.00179438
5570.0 0.00183453
5572.5 0.00187467
5575.0 0.00191482
5577.5 0.00195496
5580.0 0.00199511
5582.5 0.00203526
5585.0 0.0020754
5587.5 0.00211555
5590.0 0.00239822
5592.5 0.00230016
5595.0 0.0023694
5597.5 0.00213309
5600.0 0.00233625
5602.5 0.0017662
5605.0 0.00175556
5607.5 0.00168977
5610.0 0.00185764
5612.5 0.0014674
5615.0 0.00157223
5617.5 0.00143493
5620.0 0.00170277
5622.5 0.00191651
5625.0 0.00180389
5627.5 0.00168545
5630.0 0.00179162
5632.5 0.00201285
5635.0 0.0017789
5637.5 0.00155022
5640.0 0.00173231
5642.5 0.00186006
5645.0 0.00197164
5647.5 0.00183829
5650.0 0.00176106
5652.5 0.00172545
5655.0 0.00188499
5657.5 0.00154153
5660.0 0.00165174
5662.5 0.00174598
5665.0 0.00192644
5667.5 0.00178408
5670.0 0.00200445
5672.5 0.00190308
5675.0 0.00183524
5677.5 0.0017101
5680.0 0.00158054
5682.5 0.00169976
5685.0 0.0016233
5687.5 0.00190271
5690.0 0.00161067
5692.5 0.0018213
5695.0 0.00169058
5697.5 0.00160536
5700.0 0.00175589
5702.5 0.00144261
5705.0 0.00139362
5707.5 0.0013038
5710.0 0.00154833
5712.5 0.00136711
5715.0 0.0012569
5717.5 0.00155647
5720.0 0.0010955
5722.5 0.00138113
5725.0 0.00128022
5727.5 0.0012341
5730.0 0.000971581
5732.5 0.00140603
5735.0 0.000813382
5737.5 0.00153775
5740.0 0.00102239
5742.5 0.000987464
5745.0 0.000931478
5747.5 0.000866863
5750.0 0.00137367
5752.5 0.00126623
5755.0 0.00104719
5757.5 0.00120398
5760.0 0.000907372
5762.5 0.00141051
5765.0 0.00120126
5767.5 0.00166826
5770.0 0.00113848
5772.5 0.00146687
5775.0 0.00141968
5777.5 0.00124621
5780.0 0.00104008
5782.5 0.0013214
5785.0 0.00125791
5787.5 0.00168014
5790.0 0.00104583
5792.5 0.00126704
5795.0 0.00108756
5797.5 0.00108654
5800.0 0.00121912
5802.5 0.00126541
5805.0 0.001547
5807.5 0.00134171
5810.0 0.0012852
5812.5 0.00131216
5815.0 0.00112811
5817.5 0.00143842
5820.0 0.00122186
5822.5 0.00148038
5825.0 0.00107957
5827.5 0.00131479
5830.0 0.00115856
5832.5 0.00133999
5835.0 0.0012587
5837.5 0.00150959
5840.0 0.00148021
5842.5 0.00128658
5845.0 0.00135381
5847.5 0.00104013
5850.0 0.00110586
5852.5 0.00111646
5855.0 0.00147747
5857.5 0.00116934
5860.0 0.0016258
5862.5 0.00129111
5865.0 0.000969788
5867.5 0.000917675
5870.0 0.00171299
5872.5 0.00132892
5875.0 0.00127508
5877.5 0.00169448
5880.0 0.00173552
5882.5 0.00102412
5885.0 0.000901693
5887.5 0.00116912
5890.0 0.000936715
5892.5 0.00109597
5895.0 0.00125524
5897.5 0.00137937
5900.0 0.00237733
5902.5 0.000507555
5905.0 0.00136392
5907.5 0.00125138
5910.0 0.00134089
5912.5 0.0012886
5915.0 0.00111488
5917.5 0.00103399
5920.0 0.00104717
5922.5 0.000664064
5925.0 0.00115699
5927.5 0.00180168
5930.0 0.00128434
5932.5 0.0012218
5935.0 0.00122948
5937.5 0.00157723
5940.0 0.000885441
5942.5 0.0010985
5945.0 0.00129216
5947.5 0.00140186
5950.0 0.00138681
5952.5 0.00103163
5955.0 0.00131112
5957.5 0.00158372
5960.0 0.00164259
5962.5 0.00168546
5965.0 0.00164863
5967.5 0.00184221
5970.0 0.0015715
5972.5 0.00167438
5975.0 0.00207092
5977.5 0.00235878
5980.0 0.0018049
5982.5 0.00181728
5985.0 0.00199201
5987.5 0.00215177
5990.0 0.00231271
5992.5 0.00225014
5995.0 0.00200623
5997.5 0.00232541
6000.0 0.00250413
6002.5 0.00237361
6005.0 0.00226201
6007.5 0.00268558
6010.0 0.00234287
6012.5 0.00284916
6015.0 0.00277645
6017.5 0.00275833
6020.0 0.00278778
6022.5 0.00295654
6025.0 0.00279802
6027.5 0.00286161
6030.0 0.00304495
6032.5 0.0026859
6035.0 0.00266183
6037.5 0.00243182
6040.0 0.00266718
6042.5 0.00220516
6045.0 0.00232122
6047.5 0.00242334
6050.0 0.00188952
6052.5 0.00177084
6055.0 0.00206919
6057.5 0.00183491
6060.0 0.00180729
6062.5 0.00178235
6065.0 0.00193167
6067.5 0.00167856
6070.0 0.00188495
6072.5 0.00183383
6075.0 0.00141613
6077.5 0.00149595
6080.0 0.00202613
6082.5 0.00191597
6085.0 0.00172448
6087.5 0.00175268
6090.0 0.00182561
6092.5 0.00140769
6095.0 0.00188811
6097.5 0.00176031
6100.0 0.00188544
6102.5 0.00184243
6105.0 0.00184383
6107.5 0.00190437
6110.0 0.00169015
6112.5 0.00158872
6115.0 0.00164975
6117.5 0.00160636
6120.0 0.00130755
6122.5 0.00150593
6125.0 0.00155564
6127.5 0.00142639
6130.0 0.00171048
6132.5 0.00156173
6135.0 0.00190638
6137.5 0.00152052
6140.0 0.00147624
6142.5 0.00115007
6145.0 0.00148374
6147.5 0.00154633
6150.0 0.00129501
6152.5 0.00138739
6155.0 0.00156003
6157.5 0.00136409
6160.0 0.00142117
6162.5 0.00156818
6165.0 0.00135752
6167.5 0.00165781
6170.0 0.00126829
6172.5 0.00139667
6175.0 0.00145169
6177.5 0.00127133
6180.0 0.00160335
6182.5 0.00146513
6185.0 0.00148233
6187.5 0.00139053
6190.0 0.00170461
6192.5 0.00146569
6195.0 0.00159787
6197.5 0.0015882
6200.0 0.0013946
6202.5 0.00159812
6205.0 0.00137095
6207.5 0.0017099
6210.0 0.00140856
6212.5 0.00110927
6215.0 0.00136105
6217.5 0.00168827
6220.0 0.00161674
6222.5 0.00178372
6225.0 0.00176317
6227.5 0.00152754
6230.0 0.00151102
6232.5 0.00130835
6235.0 0.00148401
6237.5 0.00158062
6240.0 0.00178448
6242.5 0.00147683
6245.0 0.00130011
6247.5 0.00157876
6250.0 0.00156246
6252.5 0.00156351
6255.0 0.00107928
6257.5 0.00164417
6260.0 0.00141496
6262.5 0.00143678
6265.0 0.00132967
6267.5 0.0015446
6270.0 0.00148858
6272.5 0.00174247
6275.0 0.00171162
6277.5 0.00184511
6280.0 0.00180721
6282.5 0.00201174
6285.0 0.00190822
6287.5 0.00228558
6290.0 0.00198548
6292.5 0.00235591
6295.0 0.00196739
6297.5 0.0021944
6300.0 0.00322289
6302.5 0.00188352
6305.0 0.00266864
6307.5 0.00170801
6310.0 0.00270499
6312.5 0.00215731
6315.0 0.00254136
6317.5 0.00230235
6320.0 0.00246411
6322.5 0.00261814
6325.0 0.00269779
6327.5 0.00290529
6330.0 0.00291521
6332.5 0.00266216
6335.0 0.00262086
6337.5 0.0026568
6340.0 0.00278499
6342.5 0.00306902
6345.0 0.00306801
6347.5 0.00303986
6350.0 0.00320565
6352.5 0.00335389
6355.0 0.00379844
6357.5 0.00311472
6360.0 0.00338623
6362.5 0.00392393
6365.0 0.00395043
6367.5 0.00421084
6370.0 0.00362963
6372.5 0.00381206
6375.0 0.00387345
6377.5 0.00401914
6380.0 0.00378062
6382.5 0.00352442
6385.0 0.00391453
6387.5 0.00366118
6390.0 0.00402769
6392.5 0.0039273
6395.0 0.00389877
6397.5 0.00398667
6400.0 0.00397261
6402.5 0.00377507
6405.0 0.00369692
6407.5 0.00362893
6410.0 0.003859
6412.5 0.00401235
6415.0 0.00374122
6417.5 0.00381223
6420.0 0.00394102
6422.5 0.00359666
6425.0 0.00360041
6427.5 0.00329073
6430.0 0.00355019
6432.5 0.00329288
6435.0 0.00317551
6437.5 0.00314757
6440.0 0.00323402
6442.5 0.00303624
6445.0 0.0028127
6447.5 0.00302173
6450.0 0.00269139
6452.5 0.00273119
6455.0 0.00300991
6457.5 0.00290337
6460.0 0.00303327
6462.5 0.00270654
6465.0 0.00266472
6467.5 0.00291117
6470.0 0.00276471
6472.5 0.00270105
6475.0 0.00283245
6477.5 0.00271194
6480.0 0.00259295
6482.5 0.00278239
6485.0 0.00305495
6487.5 0.00289354
6490.0 0.00296411
6492.5 0.00278807
6495.0 0.00255045
6497.5 0.0028051
6500.0 0.00219535
6502.5 0.00262245
6505.0 0.00284065
6507.5 0.0027546
6510.0 0.00254944
6512.5 0.00227864
6515.0 0.00210174
6517.5 0.00205887
6520.0 0.00199287
6522.5 0.00214712
6525.0 0.00167512
6527.5 0.00195287
6530.0 0.00221086
6532.5 0.00224026
6535.0 0.00179202
6537.5 0.00188491
6540.0 0.00210806
6542.5 0.00237012
6545.0 0.00208033
6547.5 0.00223724
6550.0 0.00235325
6552.5 0.00245187
6555.0 0.0021853
6557.5 0.00219702
6560.0 0.00221287
6562.5 0.00219881
6565.0 0.00199137
6567.5 0.0023222
6570.0 0.00193222
6572.5 0.00216045
6575.0 0.00236312
6577.5 0.00230042
6580.0 0.00212397
6582.5 0.00222595
6585.0 0.00211483
6587.5 0.00238414
6590.0 0.00229755
6592.5 0.00240647
6595.0 0.0023217
6597.5 0.00242597
6600.0 0.00217297
6602.5 0.00248276
6605.0 0.00238443
6607.5 0.00242916
6610.0 0.00258218
6612.5 0.00272472
6615.0 0.00266619
6617.5 0.00254309
6620.0 0.00264909
6622.5 0.00275371
6625.0 0.00255772
6627.5 0.0024326
6630.0 0.00269984
6632.5 0.00268891
6635.0 0.0023278
6637.5 0.00249722
6640.0 0.00253105
6642.5 0.002439
6645.0 0.00283988
6647.5 0.00278665
6650.0 0.00251419
6652.5 0.00275775
6655.0 0.00269285
6657.5 0.0029778
6660.0 0.00251188
6662.5 0.00264313
6665.0 0.0028714
6667.5 0.00323143
6670.0 0.00323135
6672.5 0.00273082
6675.0 0.00328904
6677.5 0.00345329
6680.0 0.00314165
6682.5 0.00290599
6685.0 0.00344099
6687.5 0.00287594
6690.0 0.00313527
6692.5 0.00294596
6695.0 0.00265498
6697.5 0.00316163
6700.0 0.00293205
6702.5 0.00296962
6705.0 0.00245218
6707.5 0.00317606
6710.0 0.00299291
6712.5 0.00299747
6715.0 0.00290378
6717.5 0.00258524
6720.0 0.00282985
6722.5 0.00289679
6725.0 0.0026532
6727.5 0.00283541
6730.0 0.00268607
6732.5 0.00282313
6735.0 0.00285624
6737.5 0.00287437
6740.0 0.00286737
6742.5 0.00307788
6745.0 0.00279185
6747.5 0.00245072
6750.0 0.00282389
6752.5 0.00285221
6755.0 0.00282316
6757.5 0.00272852
6760.0 0.00237263
6762.5 0.00250119
6765.0 0.00258811
6767.5 0.00248811
6770.0 0.00255229
6772.5 0.00236471
6775.0 0.00262074
6777.5 0.00241022
6780.0 0.0026237
6782.5 0.00250792
6785.0 0.0025255
6787.5 0.0022089
6790.0 0.00269723
6792.5 0.00253216
6795.0 0.00227834
6797.5 0.0023913
6800.0 0.00265775
6802.5 0.00254327
6805.0 0.00249324
6807.5 0.00267342
6810.0 0.00244033
6812.5 0.00244676
6815.0 0.00228727
6817.5 0.00235166
6820.0 0.00254606
6822.5 0.00275329
6825.0 0.00260253
6827.5 0.0028655
6830.0 0.00240357
6832.5 0.00229637
6835.0 0.00248205
6837.5 0.00235654
6840.0 0.00229197
6842.5 0.00219629
6845.0 0.00212311
6847.5 0.00208893
6850.0 0.00220485
6852.5 0.00213844
6855.0 0.00193068
6857.5 0.00213715
6860.0 0.00176251
6862.5 0.00190334
6865.0 0.00147643
6867.5 0.00259053
6870.0 0.00169269
6872.5 0.00178902
6875.0 0.00198585
6877.5 0.00188129
6880.0 0.00182708
6882.5 0.00205034
6885.0 0.00209061
6887.5 0.00201885
6890.0 0.001744
6892.5 0.00191226
6895.0 0.0018098
6897.5 0.00180804
6900.0 0.00190476
6902.5 0.00148552
6905.0 0.00187287
6907.5 0.00191691
6910.0 0.00176126
6912.5 0.0020306
6915.0 0.00171559
6917.5 0.00189838
6920.0 0.00166077
6922.5 0.00147529
6925.0 0.00166547
6927.5 0.00199031
6930.0 0.00158998
6932.5 0.00176299
6935.0 0.00140472
6937.5 0.00178883
6940.0 0.00134224
6942.5 0.00151154
6945.0 0.00151508
6947.5 0.00162351
6950.0 0.00154923
6952.5 0.00197786
6955.0 0.00151849
6957.5 0.00153306
6960.0 0.00154762
6962.5 0.00156219
6965.0 0.00157676
6967.5 0.00159133
6970.0 0.00160589
6972.5 0.00162046
6975.0 0.00163503
6977.5 0.0014295
6980.0 0.00122374
6982.5 0.00133166
6985.0 0.00167745
6987.5 0.00127383
6990.0 0.00183599
6992.5 0.00136228
6995.0 0.00142362
6997.5 0.00141511
7000.0 0.00140203
7002.5 0.00167916
7005.0 0.00176425
7007.5 0.00126972
7010.0 0.00152489
7012.5 0.00148455
7015.0 0.00137705
7017.5 0.00133079
7020.0 0.00152639
7022.5 0.00132065
7025.0 0.00126886
7027.5 0.00171618
7030.0 0.00144133
7032.5 0.0014691
7035.0 0.00145935
7037.5 0.00112429
7040.0 0.00138463
7042.5 0.000985989
7045.0 0.00124315
7047.5 0.00122565
7050.0 0.0011756
7052.5 0.00121223
7055.0 0.00104523
7057.5 0.00124413
7060.0 0.000931322
7062.5 0.00111607
7065.0 0.00108746
7067.5 0.00131886
7070.0 0.00107817
7072.5 0.00124372
7075.0 0.00140482
7077.5 0.00141266
7080.0 0.00108119
7082.5 0.00155393
7085.0 0.00122422
7087.5 0.00144414
7090.0 0.00139734
7092.5 0.00158644
7095.0 0.00155626
7097.5 0.00102548
7100.0 0.00143781
7102.5 0.00202254
7105.0 0.00166991
7107.5 0.00144767
7110.0 0.00139343
7112.5 0.00135071
7115.0 0.00164932
7117.5 0.00163426
7120.0 0.00132542
7122.5 0.00138529
7125.0 0.00142084
7127.5 0.00150137
7130.0 0.00189267
7132.5 0.0015638
7135.0 0.00173657
7137.5 0.00165344
7140.0 0.00149674
7142.5 0.00178546
7145.0 0.00150965
7147.5 0.00174855
7150.0 0.00140797
7152.5 0.00175469
7155.0 0.00160326
7157.5 0.00165564
7160.0 0.00180459
7162.5 0.00156806
7165.0 0.00145447
7167.5 0.00131614
7170.0 0.00179148
7172.5 0.00174436
7175.0 0.00167273
7177.5 0.00186618
7180.0 0.00205943
7182.5 0.00173044
7185.0 0.00191979
7187.5 0.00191095
7190.0 0.00195686
7192.5 0.00184784
7195.0 0.00168905
7197.5 0.00197066
7200.0 0.00195643
7202.5 0.00201695
7205.0 0.00204606
7207.5 0.00203146
7210.0 0.00221963
7212.5 0.00212303
7215.0 0.00225387
7217.5 0.0024088
7220.0 0.00214096
7222.5 0.00224414
7225.0 0.00231582
7227.5 0.00231251
7230.0 0.00258505
7232.5 0.00215043
7235.0 0.00204959
7237.5 0.00208264
7240.0 0.00150153
7242.5 0.0029314
7245.0 0.0019842
7247.5 0.00276119
7250.0 0.00209691
7252.5 0.00217065
7255.0 0.00184639
7257.5 0.00203803
7260.0 0.00222861
7262.5 0.00204541
7265.0 0.00182491
7267.5 0.00180225
7270.0 0.00242967
7272.5 0.00231613
7275.0 0.00214005
7277.5 0.00141116
7280.0 0.00272634
7282.5 0.00209274
7285.0 0.00231407
7287.5 0.00256342
7290.0 0.00211272
7292.5 0.00251254
7295.0 0.00237571
7297.5 0.00271904
7300.0 0.0025403
7302.5 0.0022833
7305.0 0.00258326
7307.5 0.00275635
7310.0 0.0027709
7312.5 0.00263685
7315.0 0.00252348
7317.5 0.0024204
7320.0 0.00281666
7322.5 0.00312272
7325.0 0.0027517
7327.5 0.00274073
7330.0 0.00279209
7332.5 0.00342471
7335.0 0.00310551
7337.5 0.00371316
7340.0 0.00374629
7342.5 0.00398281
7345.0 0.00433068
7347.5 0.00438881
7350.0 0.00459883
7352.5 0.00472793
7355.0 0.00521951
7357.5 0.00546154
7360.0 0.00568346
7362.5 0.00608104
7365.0 0.00616628
7367.5 0.00650176
7370.0 0.00690426
7372.5 0.00763796
7375.0 0.00873536
7377.5 0.00861389
7380.0 0.00936667
7382.5 0.00925754
7385.0 0.00968077
7387.5 0.0105003
7390.0 0.0105019
7392.5 0.0109757
7395.0 0.0115118
7397.5 0.0115514
7400.0 0.0120049
7402.5 0.0129777
7405.0 0.0133185
7407.5 0.0133605
7410.0 0.0136907
7412.5 0.0143972
7415.0 0.0148449
7417.5 0.0152744
7420.0 0.0154109
7422.5 0.0165286
7425.0 0.0162515
7427.5 0.0170249
7430.0 0.0165619
7432.5 0.0172933
7435.0 0.0169917
7437.5 0.0167994
7440.0 0.0166384
7442.5 0.0167435
7445.0 0.0167443
7447.5 0.0164061
7450.0 0.016378
7452.5 0.0163914
7455.0 0.0161844
7457.5 0.0158804
7460.0 0.0153973
7462.5 0.0154891
7465.0 0.0148697
7467.5 0.0140036
7470.0 0.0137738
7472.5 0.0132199
7475.0 0.012415
7477.5 0.0126811
7480.0 0.0124001
7482.5 0.0124449
7485.0 0.0112281
7487.5 0.0117961
7490.0 0.0116401
7492.5 0.0121118
7495.0 0.0112303
7497.5 0.0108681
7500.0 0.0108313
7502.5 0.0102369
7505.0 0.0100179
7507.5 0.00912976
7510.0 0.0088616
7512.5 0.00859344
7515.0 0.00832528
7517.5 0.00805712
7520.0 0.00778896
7522.5 0.00752079
7525.0 0.00725263
7527.5 0.00698447
7530.0 0.00529975
7532.5 0.00601464
7535.0 0.00559507
7537.5 0.00527601
7540.0 0.00510507
7542.5 0.00481698
7545.0 0.00458118
7547.5 0.00410808
7550.0 0.00397317
7552.5 0.00349192
7555.0 0.00331511
7557.5 0.00332022
7560.0 0.00314157
7562.5 0.00263398
7565.0 0.00291849
7567.5 0.00243761
7570.0 0.00222464
7572.5 0.00253757
7575.0 0.00234467
7577.5 0.00267515
7580.0 0.00267702
7582.5 0.00249437
7585.0 0.00211439
7587.5 0.00281671
7590.0 0.00223845
7592.5 0.00285933
7595.0 0.00289966
7597.5 0.00206622
7600.0 0.00309355
7602.5 0.00247556
7605.0 0.00176883
7607.5 0.00134931
7610.0 0.0019059
7612.5 0.00159021
7615.0 0.00196497
7617.5 0.00172769
7620.0 0.00284257
7622.5 0.00261313
7625.0 0.00168795
7627.5 0.00195215
7630.0 0.00234742
7632.5 0.00176678
7635.0 0.00179307
7637.5 0.00134149
7640.0 0.00189894
7642.5 0.00186319
7645.0 0.00195831
7647.5 0.00194687
7650.0 0.00190721
7652.5 0.00189165
7655.0 0.00205076
7657.5 0.00169413
7660.0 0.00182911
7662.5 0.00180686
7665.0 0.00177388
7667.5 0.00170254
7670.0 0.00184133
7672.5 0.00155231
7675.0 0.00186237
7677.5 0.00184408
7680.0 0.00185342
7682.5 0.0018395
7685.0 0.00198759
7687.5 0.00203112
7690.0 0.00173526
7692.5 0.00170789
7695.0 0.00219919
7697.5 0.00191244
7700.0 0.00182127
7702.5 0.00176094
7705.0 0.00179353
7707.5 0.00175389
7710.0 0.00151484
7712.5 0.00167481
7715.0 0.00285934
7717.5 0.00237555
7720.0 0.00254765
7722.5 0.00206923
7725.0 0.00151229
7727.5 0.00133694
7730.0 0.00189485
7732.5 0.00158308
7735.0 0.00178751
7737.5 0.00185251
7740.0 0.00204496
7742.5 0.00225463
7745.0 0.00209626
7747.5 0.00155071
7750.0 0.00281284
7752.5 0.00367958
7755.0 0.00196932
7757.5 0.00195658
7760.0 0.00194384
7762.5 0.00193109
7765.0 0.00191835
7767.5 0.00190561
7770.0 0.00219441
7772.5 0.00245169
7775.0 0.00307593
7777.5 0.00232712
7780.0 0.0026241
7782.5 0.00207781
7785.0 0.00255108
7787.5 0.00425351
7790.0 0.00432581
7792.5 0.00227625
7795.0 0.00354687
7797.5 0.00258681
7800.0 0.00238132
7802.5 0.00216082
7805.0 0.00268677
7807.5 0.00238784
7810.0 0.00314869
7812.5 0.00172701
7815.0 0.00257332
7817.5 0.00233924
7820.0 0.00348455
7822.5 0.00282883
7825.0 0.00286258
7827.5 0.0021845
7830.0 0.00235369
7832.5 0.00236917
7835.0 0.00260597
7837.5 0.0023195
7840.0 0.00271535
7842.5 0.00314232
7845.0 0.00290261
7847.5 0.00217618
7850.0 0.0017156
7852.5 0.00300264
7855.0 0.00392777
7857.5 0.00250734
7860.0 0.00194483
7862.5 0.0029816
7865.0 0.00274468
7867.5 0.00169467
7870.0 0.001775
7872.5 0.00167175
7875.0 0.00166154
7877.5 0.00165133
7880.0 0.00164112
7882.5 0.00163091
7885.0 0.0016207
7887.5 0.00161049
7890.0 0.00160028
7892.5 0.00132622
7895.0 0.00204338
7897.5 0.00199768
7900.0 0.00218906
7902.5 0.00232831
7905.0 0.00276211
7907.5 0.00224893
7910.0 0.00259989
7912.5 0.00437099
7915.0 0.00385665
7917.5 0.00371631
7920.0 0.00155826
7922.5 0.0023784
7925.0 0.00276005
7927.5 0.002231
7930.0 0.00264141
7932.5 0.00269337
7935.0 0.00294846
7937.5 0.00230149
7940.0 0.00247863
7942.5 0.00229482
7945.0 0.00255359
7947.5 0.00261103
7950.0 0.00235645
7952.5 0.00309442
7955.0 0.00274874
7957.5 0.00206047
7960.0 0.00241251
7962.5 0.00190684
7965.0 0.00346317
7967.5 0.00443598
7970.0 0.00312343
7972.5 0.00248639
7975.0 0.00219508
7977.5 0.00222829
7980.0 0.00239715
7982.5 0.00294324
7985.0 0.0023048
7987.5 0.00246953
7990.0 0.00203483
7992.5 0.00212744
7995.0 0.00304858
7997.5 0.00225027
8000.0 0.00237029
8002.5 0.0023386
8005.0 0.00194105
8007.5 0.00175522
8010.0 0.00196942
8012.5 0.00227742
8015.0 0.00217889
8017.5 0.00211808
8020.0 0.00169681
8022.5 0.00200543
8025.0 0.00288766
8027.5 0.00208629
8030.0 0.00195587
8032.5 0.00175975
8035.0 0.0018539
8037.5 0.00198823
8040.0 0.00164733
8042.5 0.00192279
8045.0 0.00169044
8047.5 0.00207851
8050.0 0.0017252
8052.5 0.00142275
8055.0 0.0016613
8057.5 0.00190603
8060.0 0.0015719
8062.5 0.00159333
8065.0 0.00221647
8067.5 0.00210108
8070.0 0.00198794
8072.5 0.00205676
8075.0 0.00180263
8077.5 0.00205839
8080.0 0.00202091
8082.5 0.00175748
8085.0 0.00133803
8087.5 0.00202375
8090.0 0.00209597
8092.5 0.00174273
8095.0 0.00170432
8097.5 0.00208088
8100.0 0.00174932
8102.5 0.00201389
8105.0 0.00177495
8107.5 0.00156188
8110.0 0.00182616
8112.5 0.00228119
8115.0 0.00194467
8117.5 0.00202068
8120.0 0.00218496
8122.5 0.00241482
8125.0 0.00245825
8127.5 0.00210674
8130.0 0.00246129
8132.5 0.00229467
8135.0 0.00208979
8137.5 0.00205491
8140.0 0.00232323
8142.5 0.00255319
8145.0 0.00259157
8147.5 0.00201397
8150.0 0.00272046
8152.5 0.00277591
8155.0 0.00227825
8157.5 0.00242285
8160.0 0.00255303
8162.5 0.0021562
8165.0 0.00240854
8167.5 0.00201228
8170.0 0.00192364
8172.5 0.00229936
8175.0 0.00257371
8177.5 0.00202042
8180.0 0.00181153
8182.5 0.00219089
8185.0 0.00183326
8187.5 0.0018705
8190.0 0.00191568
8192.5 0.0021548
8195.0 0.0018019
8197.5 0.00183424
8200.0 0.00208444
8202.5 0.00186155
8205.0 0.00182382
8207.5 0.00196629
8210.0 0.0020429
8212.5 0.00201107
8215.0 0.00181199
8217.5 0.00166908
8220.0 0.00183655
8222.5 0.00155962
8225.0 0.00208562
8227.5 0.00210697
8230.0 0.00169398
8232.5 0.00167462
8235.0 0.00143211
8237.5 0.00173358
8240.0 0.00162719
8242.5 0.00151498
8245.0 0.00161063
8247.5 0.00126569
8250.0 0.00179518
8252.5 0.00163424
8255.0 0.00138889
8257.5 0.00147027
8260.0 0.00146888
8262.5 0.00143531
8265.0 0.00137257
8267.5 0.00121157
8270.0 0.00124125
8272.5 0.00128126
8275.0 0.00136754
8277.5 0.00105308
8280.0 0.000630699
8282.5 0.00113332
8285.0 0.00188252
8287.5 0.000719835
8290.0 0.000917577
8292.5 0.00129271
8295.0 0.00101346
8297.5 -0.000615398
8300.0 0.000474693
8302.5 0.000949696
8305.0 0.00132223
8307.5 0.00101225
8310.0 0.00111577
8312.5 0.000626617
8315.0 0.000938572
8317.5 0.000650522
8320.0 0.000888037
8322.5 0.000666347
8325.0 0.00107684
8327.5 0.0009699
8330.0 0.001005
8332.5 0.000686273
8335.0 0.000865098
8337.5 0.00116476
8340.0 0.000764524
8342.5 0.000488014
8345.0 0.00281339
8347.5 0.00277666
8350.0 0.000600082
8352.5 0.00106101
8355.0 0.00111732
8357.5 0.000582279
8360.0 0.00097886
8362.5 0.000282251
8365.0 0.000724761
8367.5 0.00123105
8370.0 0.00080663
8372.5 0.00065459
8375.0 0.000748735
8377.5 0.000468425
8380.0 0.000532391
8382.5 0.0017835
8385.0 0.000799678
8387.5 0.000983254
8390.0 0.00108729
8392.5 0.000874762
8395.0 0.00080552
8397.5 -0.000407787
8400.0 0.00213714
8402.5 0.00256277
8405.0 -0.000160747
8407.5 0.000680829
8410.0 0.000232651
8412.5 -0.000152303
8415.0 0.000566046
8417.5 0.00103758
8420.0 0.000758188
8422.5 3.01446e-05
8425.0 0.000525571
8427.5 0.000621252
8430.0 -0.00118046
8432.5 0.00282191
8435.0 -4.94813e-05
8437.5 0.000580093
8440.0 0.000559158
8442.5 0.000500047
8445.0 0.000893284
8447.5 0.000126991
8450.0 1.74534e-05
8452.5 4.19356e-05
8455.0 0.00206532
8457.5 0.000263961
8460.0 0.000588043
8462.5 0.00061884
8465.0 0.00225585
8467.5 0.00281665
8470.0 5.63442e-06
8472.5 0.000173325
8475.0 0.00074483
8477.5 0.000336906
8480.0 0.000845684
8482.5 0.000825501
8485.0 0.000946963
8487.5 0.0010334
8490.0 0.000843858
8492.5 5.3191e-05
8495.0 0.000799713
8497.5 0.00189794
8500.0 0.00102512
8502.5 0.000913801
8505.0 0.000774268
8507.5 0.00144666
8510.0 0.000739994
8512.5 0.00072895
8515.0 0.000708778
8517.5 0.000733031
8520.0 0.000764753
8522.5 0.00124236
8525.0 0.000988678
8527.5 0.000958397
8530.0 0.00103338
8532.5 0.000964192
8535.0 0.00115884
8537.5 0.000806418
8540.0 0.000879561
8542.5 0.000970256
8545.0 0.00123973
8547.5 0.00107128
8550.0 0.000397542
8552.5 0.00122684
8555.0 0.000839703
8557.5 0.00150822
8560.0 0.00128222
8562.5 0.00118566
8565.0 0.00126067
8567.5 0.00131366
8570.0 0.00122633
8572.5 0.00138726
8575.0 0.00166887
8577.5 0.00165277
8580.0 0.00139263
8582.5 0.00156304
8585.0 0.00145752
8587.5 0.0019857
8590.0 0.0018559
8592.5 0.00195982
8595.0 0.00223206
8597.5 0.00217311
8600.0 0.00230053
8602.5 0.00260632
8605.0 0.00283387
8607.5 0.00319559
8610.0 0.00313725
8612.5 0.00312669
8615.0 0.00359297
8617.5 0.00367959
8620.0 0.00379726
8622.5 0.00415846
8625.0 0.00418039
8627.5 0.00489798
8630.0 0.00424478
8632.5 0.00448182
8635.0 0.00454052
8637.5 0.00467319
8640.0 0.00568218
8642.5 0.00524223
8645.0 0.00558368
8647.5 0.00618068
8650.0 0.00646319
8652.5 0.00623332
8655.0 0.00662508
8657.5 0.00685653
8660.0 0.00697311
8662.5 0.00863568
8665.0 0.0071479
8667.5 0.00861891
8670.0 0.00787316
8672.5 0.00834646
8675.0 0.00781945
8677.5 0.00848525
8680.0 0.00808052
8682.5 0.00865852
8685.0 0.00848738
8687.5 0.00894695
8690.0 0.0088128
8692.5 0.0093143
8695.0 0.00966737
8697.5 0.00973479
8700.0 0.00976965
8702.5 0.0106388
8705.0 0.0104941
8707.5 0.0106082
8710.0 0.0108502
8712.5 0.0109848
8715.0 0.0111575
8717.5 0.0117166
8720.0 0.0116396
8722.5 0.0122374
8725.0 0.0125074
8727.5 0.012854
8730.0 0.0129296
8732.5 0.0131619
8735.0 0.0132841
8737.5 0.0134641
8740.0 0.0142346
8742.5 0.0141489
8745.0 0.014304
8747.5 0.0153597
8750.0 0.0153635
8752.5 0.0159702
8755.0 0.0160929
8757.5 0.0167978
8760.0 0.0165157
8762.5 0.0155675
8765.0 0.01858
8767.5 0.015005
8770.0 0.0189224
8772.5 0.0182308
8775.0 0.0186461
8777.5 0.0172013
8780.0 0.0189459
8782.5 0.0193876
8785.0 0.0196483
8787.5 0.0196399
8790.0 0.0194295
8792.5 0.0203024
8795.0 0.0206125
8797.5 0.0208873
8800.0 0.0212763
8802.5 0.021864
8805.0 0.0216688
8807.5 0.0223457
8810.0 0.0224524
8812.5 0.0224571
8815.0 0.0215808
8817.5 0.0219993
8820.0 0.0220733
8822.5 0.0215879
8825.0 0.0230075
8827.5 0.0170597
8830.0 0.0213821
8832.5 0.0207417
8835.0 0.0200014
8837.5 0.0193062
8840.0 0.0205172
8842.5 0.0194457
8845.0 0.0189984
8847.5 0.0183028
8850.0 0.0178284
8852.5 0.0185133
8855.0 0.0176904
8857.5 0.0170052
8860.0 0.0168181
8862.5 0.0167285
8865.0 0.0158131
8867.5 0.014751
8870.0 0.0152736
8872.5 0.014304
8875.0 0.0140484
8877.5 0.0145508
8880.0 0.0137098
8882.5 0.0143882
8885.0 0.0120032
8887.5 0.0143998
8890.0 0.0117923
8892.5 0.0125516
8895.0 0.0121653
8897.5 0.0123583
8900.0 0.012185
8902.5 0.0115325
8905.0 0.0112545
8907.5 0.0108507
8910.0 0.011788
8912.5 0.0114004
8915.0 0.0111438
8917.5 0.0096934
8920.0 0.0101541
8922.5 0.0107372
8925.0 0.0108638
8927.5 0.0110137
8930.0 0.00936714
8932.5 0.00951784
8935.0 0.0086313
8937.5 0.00935335
8940.0 0.00927024
8942.5 0.00808482
8945.0 0.00797285
8947.5 0.00883488
8950.0 0.00843213
8952.5 0.00749732
8955.0 0.00779125
8957.5 0.00650182
8960.0 0.00833419
8962.5 0.00682773
8965.0 0.00651324
8967.5 0.00667952
8970.0 0.00654111
8972.5 0.00626317
8975.0 0.0060415
8977.5 0.00563706
8980.0 0.00550333
8982.5 0.005383
8985.0 0.00558089
8987.5 0.00591079
8990.0 0.0044701
8992.5 0.00472396
8995.0 0.00473177
8997.5 0.00445841
9000.0 0.00537703
