2.497955293323913793e+03 3.898508116544197044e-01
2.518020469343720833e+03 7.963197470061367245e-01
2.538085645363528329e+03 7.529904408568660612e-01
2.558150821383335824e+03 6.974803289741633439e-01
2.578215997403142865e+03 6.594987353729365731e-01
2.598281173422950815e+03 6.130566327037009211e-01
2.618346349442757855e+03 6.124474212902275561e-01
2.638411525462564896e+03 8.150427303623438702e-01
2.658476701482372846e+03 8.012293749422447764e-01
2.678541877502179887e+03 7.823318422484693002e-01
2.698607053521987837e+03 8.059439183246002170e-01
2.718672229541794877e+03 8.182855832514777106e-01
2.738737405561601918e+03 8.019703539929016189e-01
2.758802581581409868e+03 8.521532885437452798e-01
2.778867757601216908e+03 8.048452842587301426e-01
2.798932933621024858e+03 7.970744162009165690e-01
2.818998109640831899e+03 8.812653800212882915e-01
2.839063285660638940e+03 8.744784910723147897e-01
2.859128461680446890e+03 8.942675944021000189e-01
2.879193637700253930e+03 8.541195354934099093e-01
2.899258813720061880e+03 8.657287777097073533e-01
2.919323989739868921e+03 8.808495418935522459e-01
2.939389165759675961e+03 8.774920340473884028e-01
2.959454341779483912e+03 9.612945400282700836e-01
2.979519517799290952e+03 9.628175685619531077e-01
2.999584693819098902e+03 1.000593810001334738e+00
3.019649869838905943e+03 9.863321023612077187e-01
3.039715045858712983e+03 1.005164606870398769e+00
3.059780221878520933e+03 9.839739750360222414e-01
3.079845397898327974e+03 1.012697608674075322e+00
3.099910573918135924e+03 1.000000000000000000e+00
3.119975749937942965e+03 9.973834712044932216e-01
3.140040925957750005e+03 1.025458534264719557e+00
3.160106101977557955e+03 1.058085570245840712e+00
3.180171277997364996e+03 1.005717346439364723e+00
3.200236454017172491e+03 1.030977373614300863e+00
3.220301630036979986e+03 1.082010808368784938e+00
3.240366806056787027e+03 1.127367967116273739e+00
3.260431982076594977e+03 1.104236757352463183e+00
3.280497158096402018e+03 1.111745801403924316e+00
3.300562334116209058e+03 1.133412165746574773e+00
3.320627510136017008e+03 1.084423696270462312e+00
3.340692686155824049e+03 1.122562726529103605e+00
3.360757862175631999e+03 1.125660121636930633e+00
3.380823038195439040e+03 1.142122519944828829e+00
3.400888214215246080e+03 1.154679804641643326e+00
3.420953390235054030e+03 1.168703646027633658e+00
3.441018566254861071e+03 1.138181469705422444e+00
3.461083742274669021e+03 1.139957765905380560e+00
3.481148918294476061e+03 1.154128776340692886e+00
3.501214094314283102e+03 1.171768527043168584e+00
3.521279270334091052e+03 1.163111222153391244e+00
3.541344446353898093e+03 1.121537676987894416e+00
3.561409622373706043e+03 1.144771562832627820e+00
3.581474798393513083e+03 1.133485750271236325e+00
3.601539974413320124e+03 1.127616100978503066e+00
3.621605150433128074e+03 1.150800360050790561e+00
3.641670326452935115e+03 1.148811866616926025e+00
3.661735502472743065e+03 1.145912978598882415e+00
3.681800678492550105e+03 1.180448078417145386e+00
3.701865854512357146e+03 1.151727867315123222e+00
3.721931030532165096e+03 1.191691109278153027e+00
3.741996206551972136e+03 1.197119251422919417e+00
3.762061382571779632e+03 1.233928626433614673e+00
3.782126558591587127e+03 1.245738087007711048e+00
3.802191734611394168e+03 1.222345053237547940e+00
3.822256910631202118e+03 1.227335110770378712e+00
3.842322086651009158e+03 1.240684712558311364e+00
3.862387262670816654e+03 1.230783315821357249e+00
3.882452438690624149e+03 1.198844209582416553e+00
3.902517614710431189e+03 1.262790872780913176e+00
3.922582790730239140e+03 1.232903576892405928e+00
3.942647966750046180e+03 1.259530907211625861e+00
3.962713142769853675e+03 1.248719115890492670e+00
3.982778318789661171e+03 1.346266526570858435e+00
4.002843494809468211e+03 1.343802300628720081e+00
4.022908670829276161e+03 1.270844100061263582e+00
4.042973846849083202e+03 1.320174823140450648e+00
4.063039022868890697e+03 1.309777158679038322e+00
4.083104198888698193e+03 1.296386486458736220e+00
4.103169374908505233e+03 1.322082886977592908e+00
4.123234550928313183e+03 1.375830392804460400e+00
4.143299726948120224e+03 1.348152343923800567e+00
4.163364902967927264e+03 1.335192911243373137e+00
4.183430078987735214e+03 1.294014668989427852e+00
4.203495255007542255e+03 1.273758389491445486e+00
4.223560431027350205e+03 1.268284043110263992e+00
4.243625607047157246e+03 1.285179392226051709e+00
4.263690783066964286e+03 1.270327297120620536e+00
4.283755959086772236e+03 1.262263802232178156e+00
4.303821135106579277e+03 1.255514561179542854e+00
4.323886311126387227e+03 1.260725372286356949e+00
4.343951487146194268e+03 1.352764211225233826e+00
4.364016663166001308e+03 1.333045269884078676e+00
4.384081839185809258e+03 1.269457972968810466e+00
4.404147015205616299e+03 1.225839462524941803e+00
4.424212191225424249e+03 1.232985717757143718e+00
4.444277367245231289e+03 1.246503023810583199e+00
4.464342543265038330e+03 1.225854863937080097e+00
4.484407719284846280e+03 1.278673151231599636e+00
4.504472895304653321e+03 1.228984773137199227e+00
4.524538071324461271e+03 1.200528097309544462e+00
4.544603247344268311e+03 1.195639004589621024e+00
4.564668423364075352e+03 1.204765196915610570e+00
4.584733599383883302e+03 1.171123379001372422e+00
4.604798775403690343e+03 1.154549748272474918e+00
4.624863951423497383e+03 1.128985115390802152e+00
4.644929127443305333e+03 1.137447335726826880e+00
4.664994303463112374e+03 1.110256998230548797e+00
4.685059479482920324e+03 1.102344094927459439e+00
4.705124655502727364e+03 1.069138650357141840e+00
4.725189831522534405e+03 1.054805069460368783e+00
4.745255007542342355e+03 1.007616853936429857e+00
4.765320183562149396e+03 1.035912670570639627e+00
4.785385359581957346e+03 1.040183995537013129e+00
4.805450535601764386e+03 1.044795862838446165e+00
4.825515711621571427e+03 1.048945687775728164e+00
4.845580887641379377e+03 1.125160431376441394e+00
4.865646063661186417e+03 1.279686221896701115e+00
4.885711239680994368e+03 1.122826261803471226e+00
4.905776415700801408e+03 1.110691660306454054e+00
4.925841591720608449e+03 1.089167331209079270e+00
4.945906767740416399e+03 1.082479695804997810e+00
4.965971943760223439e+03 1.083989034194557499e+00
4.986037119780031389e+03 1.066327037007882339e+00
5.006102295799838430e+03 1.059271478980494896e+00
5.026167471819645471e+03 1.087058193380131099e+00
5.046232647839453421e+03 1.052248435045399999e+00
5.066297823859260461e+03 1.051089906598991819e+00
5.086362999879068411e+03 1.004873691307785366e+00
5.106428175898875452e+03 1.009126192325989768e+00
5.126493351918682492e+03 1.008183283649518591e+00
5.146558527938490442e+03 1.014254862568065851e+00
5.166623703958297483e+03 1.015514355827381143e+00
5.186688879978105433e+03 1.017561032373768271e+00
5.206754055997912474e+03 1.027481253058891708e+00
5.226819232017719514e+03 1.026813858532895640e+00
5.246884408037527464e+03 1.046024553273484647e+00
5.266949584057334505e+03 1.056572809320250217e+00
5.287014760077142455e+03 1.053550710005099589e+00
5.307079936096949496e+03 1.039229107984434242e+00
5.327145112116756536e+03 1.060346155294149995e+00
5.347210288136564486e+03 1.050145286654505350e+00
5.367275464156371527e+03 1.034649754775293529e+00
5.387340640176179477e+03 1.034281832151987990e+00
5.407405816195986517e+03 9.993291829379734592e-01
5.427470992215793558e+03 1.013426608848624788e+00
5.447536168235601508e+03 1.005101289953830079e+00
5.467601344255408549e+03 1.006509663530482657e+00
5.487666520275216499e+03 1.018909511569883186e+00
5.507731696295023539e+03 1.011398756250406539e+00
5.527796872314830580e+03 9.981552530794268741e-01
5.547862048334638530e+03 1.010457558841950876e+00
5.567927224354445570e+03 9.935296956338709462e-01
5.587992400374253521e+03 9.610635188461945644e-01
5.608057576394060561e+03 9.742471276366361232e-01
5.628122752413867602e+03 9.532019535835665192e-01
5.648187928433675552e+03 9.505837135200441157e-01
5.668253104453482592e+03 9.431944582296589719e-01
5.688318280473289633e+03 9.194335018361906586e-01
5.708383456493097583e+03 9.073057454112348763e-01
5.728448632512904624e+03 9.044119911972372527e-01
5.748513808532712574e+03 8.874173885365578274e-01
5.768578984552519614e+03 8.961123413226733669e-01
5.788644160572326655e+03 8.975874543519257731e-01
5.808709336592134605e+03 8.899740229515266110e-01
5.828774512611941645e+03 9.213860586417325083e-01
5.848839688631749596e+03 9.142124231212844787e-01
5.868904864651556636e+03 9.327368993877084291e-01
5.888970040671363677e+03 9.836214538248552186e-01
5.909035216691171627e+03 9.478011917270460218e-01
5.929100392710978667e+03 9.559211584599957012e-01
5.949165568730786617e+03 9.292339337602376625e-01
5.969230744750593658e+03 9.079235131647848123e-01
5.989295920770400699e+03 8.990420321649936763e-01
6.009361096790208649e+03 9.033167796673978733e-01
6.029426272810015689e+03 9.039431037610249353e-01
6.049491448829822730e+03 8.960319117259507582e-01
6.069556624849630680e+03 8.875012406693111311e-01
6.089621800869437720e+03 8.822442253260820433e-01
6.109686976889245670e+03 8.980648981282149945e-01
6.129752152909052711e+03 9.061540620368880861e-01
6.149817328928859752e+03 8.994801167769295169e-01
6.169882504948667702e+03 8.935711083198427662e-01
6.189947680968474742e+03 8.729451949305395697e-01
6.210012856988282692e+03 9.182304804213826666e-01
6.230078033008089733e+03 8.899740229515266110e-01
6.250143209027896773e+03 8.835345214096741451e-01
6.270208385047704724e+03 8.754316673568780516e-01
6.290273561067511764e+03 8.448590086282133926e-01
6.310338737087319714e+03 8.756986251672764787e-01
6.330403913107126755e+03 8.978321656781241833e-01
6.350469089126933795e+03 9.051598153199557073e-01
6.370534265146741745e+03 8.969405950421143192e-01
6.390599441166548786e+03 8.731813499166612980e-01
6.410664617186356736e+03 8.798142247442509722e-01
6.430729793206163777e+03 8.733473429141526134e-01
6.450794969225970817e+03 8.814176828746564940e-01
6.470860145245778767e+03 8.904497554598006515e-01
6.490925321265585808e+03 9.146505077332203193e-01
6.510990497285393758e+03 9.516207419373609033e-01
6.531055673305200798e+03 1.018935180590113676e+00
6.551120849325007839e+03 1.238184549987849881e+00
6.571186025344815789e+03 1.512369045215123498e+00
6.591251201364622830e+03 1.104875060322197733e+00
6.611316377384430780e+03 9.672531752578025221e-01
6.631381553404237820e+03 9.612295118436859909e-01
6.651446729424044861e+03 8.792443724951314321e-01
6.671511905443851902e+03 8.978082079259089854e-01
6.691577081463659852e+03 8.746256601216370052e-01
6.711642257483467802e+03 9.098675136302497579e-01
6.731707433503274842e+03 8.618185302945776671e-01
6.751772609523081883e+03 8.602475862564643583e-01
6.771837785542888923e+03 8.696424476608678455e-01
6.791902961562696873e+03 8.296073324411922245e-01
6.811968137582504824e+03 8.237599296326592047e-01
6.832033313602311864e+03 8.011010298410916608e-01
6.852098489622118905e+03 8.153285121209113973e-01
6.872163665641925945e+03 8.107166448194783603e-01
6.892228841661733895e+03 7.963214582741520164e-01
6.912294017681541845e+03 7.990389518825659065e-01
6.932359193701348886e+03 8.111718421115678979e-01
6.952424369721155927e+03 8.134238708198001655e-01
6.972489545740962967e+03 8.350645661422201327e-01
6.992554721760770917e+03 8.018197624075488195e-01
7.012619897780578867e+03 8.092877360266410580e-01
7.032685073800385908e+03 7.931795701979252877e-01
7.052750249820192948e+03 8.909939386886897017e-01
7.072815425839999989e+03 8.542427467905169269e-01
7.092880601859807939e+03 7.986214024868146799e-01
7.112945777879615889e+03 8.298606001074676497e-01
7.133010953899422930e+03 8.459071602876299112e-01
7.153076129919229970e+03 8.279200221780335101e-01
7.173141305939037011e+03 8.534298944832141576e-01
7.193206481958844961e+03 8.076791440921894383e-01
7.213271657978652911e+03 8.111564406994296039e-01
7.233336833998459952e+03 7.847669766343464692e-01
7.253402010018266992e+03 8.269052402449167394e-01
7.273467186038074033e+03 8.036850445443064483e-01
7.293532362057881983e+03 7.958405919618319890e-01
7.313597538077689933e+03 7.905253935060801984e-01
7.333662714097496973e+03 8.215643727689343478e-01
7.353727890117304014e+03 8.076517638039434344e-01
7.373793066137111055e+03 7.944989578377785744e-01
7.393858242156919005e+03 8.099072150482063970e-01
7.413923418176726955e+03 7.933934786998469990e-01
7.433988594196533995e+03 7.928184926466812499e-01
7.454053770216341036e+03 8.036200163597223556e-01
7.474118946236148076e+03 8.226544504947276293e-01
7.494184122255956026e+03 9.404427392609375769e-01
7.514249298275763977e+03 8.170945407127774285e-01
7.534314474295571017e+03 7.615570485418285962e-01
7.554379650315378058e+03 6.949801664037018600e-01
