3.596049752566693314e+03 2.250592110295804582e-01
3.616120171137653415e+03 1.835868497084316431e-01
3.636190589708613061e+03 1.040843106217967107e-01
3.656261008279573161e+03 1.880276033728956186e-01
3.676331426850532807e+03 2.428624597659214124e-01
3.696401845421492908e+03 1.959207278322731005e-01
3.716472263992453009e+03 8.936393378956469791e-02
3.736542682563413109e+03 1.872881274898053616e-01
3.756613101134372755e+03 1.367407748480372887e-01
3.776683519705332856e+03 1.441211906345068461e-01
3.796753938276292502e+03 2.243566225146078619e-01
3.816824356847252602e+03 2.528154292909975953e-01
3.836894775418212703e+03 3.255300306573379876e-01
3.856965193989172803e+03 4.456849870250614298e-01
3.877035612560132449e+03 4.024200761431772633e-01
3.897106031131092550e+03 3.396204168456482542e-01
3.917176449702052196e+03 2.816320030833867061e-01
3.937246868273012296e+03 2.776442689607690473e-01
3.957317286843972397e+03 3.574072630234844117e-01
3.977387705414932498e+03 3.794491388289014111e-01
3.997458123985892598e+03 3.278650047368824594e-01
4.017528542556852244e+03 2.777674352577039762e-01
4.037598961127811890e+03 2.875564159747680537e-01
4.057669379698771991e+03 2.418325188445537288e-01
4.077739798269732091e+03 3.073711847501808814e-01
4.097810216840692192e+03 4.063919225858081408e-01
4.117880635411652293e+03 4.279931359338129959e-01
4.137951053982611484e+03 4.015466950683463376e-01
4.158021472553571584e+03 3.998342458942114597e-01
4.178091891124531685e+03 3.812235573103922026e-01
4.198162309695491786e+03 3.730021977957314605e-01
4.218232728266451886e+03 3.686476495060106440e-01
4.238303146837411987e+03 3.723515016799749389e-01
4.258373565408372087e+03 3.385095296658290898e-01
4.278443983979331279e+03 3.161059517014527809e-01
4.298514402550291379e+03 3.048106571026755196e-01
4.318584821121251480e+03 3.640555215572278125e-01
4.338655239692211580e+03 3.814173722954167234e-01
4.358725658263171681e+03 4.186372416045378020e-01
4.378796076834131782e+03 4.500801003866000127e-01
4.398866495405090973e+03 4.735524190463858973e-01
4.418936913976051073e+03 4.433313669877546048e-01
4.439007332547011174e+03 4.654662519197611537e-01
4.459077751117971275e+03 4.999907321866744470e-01
4.479148169688931375e+03 4.814758110072198671e-01
4.499218588259891476e+03 4.802427872875023040e-01
4.519289006830850667e+03 5.280794148626303253e-01
4.539359425401810768e+03 5.518877653095447533e-01
4.559429843972770868e+03 7.047153677997917143e-01
4.579500262543730969e+03 7.939706254450024092e-01
4.599570681114691070e+03 7.913822575804827508e-01
4.619641099685651170e+03 8.300856757854103707e-01
4.639711518256610361e+03 8.143245088058932435e-01
4.659781936827570462e+03 7.584142182967230639e-01
4.679852355398530563e+03 7.239019847831336119e-01
4.699922773969490663e+03 7.112724560587964096e-01
4.719993192540450764e+03 7.195848755170853872e-01
4.740063611111410864e+03 5.876086761443541917e-01
4.760134029682370056e+03 4.264105464773482734e-01
4.780204448253330156e+03 3.808861647728943312e-01
4.800274866824290257e+03 3.941597329692896334e-01
4.820345285395250357e+03 4.940671651671441622e-01
4.840415703966210458e+03 8.629128590174347524e-01
4.860486122537170559e+03 9.811705248230290222e-01
4.880556541108129750e+03 8.549042914388936820e-01
4.900626959679089850e+03 7.831401558169501786e-01
4.920697378250049951e+03 8.959231918937529127e-01
4.940767796821010052e+03 8.654589332893969367e-01
4.960838215391970152e+03 8.083298517738295441e-01
4.980908633962930253e+03 7.933586555492133652e-01
5.000979052533889444e+03 8.466853592086753810e-01
5.021049471104849545e+03 9.524266960098385360e-01
5.041119889675809645e+03 8.901183043726421662e-01
5.061190308246769746e+03 7.886967983382663361e-01
5.081260726817729847e+03 7.390647158164797004e-01
5.101331145388689947e+03 6.895251643198012648e-01
5.121401563959649138e+03 6.767689019259397476e-01
5.141471982530609239e+03 7.380121570173531209e-01
5.161542401101569340e+03 9.204990791029932229e-01
5.181612819672529440e+03 9.680554656561317639e-01
5.201683238243489541e+03 9.509489946629161583e-01
5.221753656814449641e+03 9.360454681863917825e-01
5.241824075385408833e+03 9.634296499414510828e-01
5.261894493956368933e+03 9.835922927099085555e-01
5.281964912527329034e+03 9.895862142012322726e-01
5.302035331098289134e+03 1.011934884049357164e+00
5.322105749669249235e+03 1.082247797791023869e+00
5.342176168240209336e+03 1.042637825623886183e+00
5.362246586811169436e+03 1.034932300830277763e+00
5.382317005382128627e+03 1.032160047780726453e+00
5.402387423953088728e+03 9.901408119192902646e-01
5.422457842524048829e+03 1.057356731374636816e+00
5.442528261095008929e+03 1.072118298488316634e+00
5.462598679665969030e+03 1.072143306873480695e+00
5.482669098236928221e+03 1.074576107871462627e+00
5.502739516807888322e+03 1.076699981758589608e+00
5.522809935378848422e+03 1.051198416527894697e+00
5.542880353949808523e+03 1.078251237179525202e+00
5.562950772520768624e+03 1.202487378120899120e+00
5.583021191091728724e+03 1.133303151644962758e+00
5.603091609662688825e+03 1.048730309574387176e+00
5.623162028233648016e+03 1.031330725596228959e+00
5.643232446804608117e+03 1.015695703853645160e+00
5.663302865375568217e+03 1.000492444525517444e+00
5.683373283946528318e+03 9.762501250419255427e-01
5.703443702517488418e+03 9.955396809518486378e-01
5.723514121088447610e+03 8.950140635389510768e-01
5.743584539659407710e+03 7.396993403670640843e-01
5.763654958230367811e+03 5.718667435551918476e-01
5.783725376801327911e+03 4.305841517449965905e-01
5.803795795372288012e+03 3.954939303178123811e-01
5.823866213943248113e+03 4.725335847901941944e-01
5.843936632514208213e+03 5.969898730750898830e-01
5.864007051085168314e+03 8.697416192488071074e-01
5.884077469656127505e+03 1.238485109713256316e+00
5.904147888227087606e+03 1.286630296628869408e+00
5.924218306798047706e+03 1.288648988190157940e+00
5.944288725369007807e+03 1.225928325968118848e+00
5.964359143939966998e+03 1.148796949565442427e+00
5.984429562510927099e+03 1.165817362292062898e+00
6.004499981081887199e+03 1.096900872645533598e+00
6.024570399652847300e+03 1.017046892193264940e+00
6.044640818223807400e+03 9.210408048580993601e-01
6.064711236794767501e+03 9.681930117745357611e-01
6.084781655365727602e+03 9.605974503215780613e-01
6.104852073936687702e+03 9.911028992073815935e-01
6.124922492507646894e+03 1.109474206057325052e+00
6.144992911078606994e+03 1.154974756241798461e+00
6.165063329649567095e+03 1.229573298105835377e+00
6.185133748220527195e+03 1.216839616812695590e+00
6.205204166791486387e+03 1.203333985512789361e+00
6.225274585362446487e+03 1.243582407042361559e+00
6.245345003933406588e+03 1.387710511759825849e+00
6.265415422504366688e+03 1.482239633288807701e+00
6.285485841075326789e+03 1.629851258951530601e+00
6.305556259646286890e+03 1.520717976027255114e+00
6.325626678217246990e+03 1.537129728791417627e+00
6.345697096788207091e+03 1.618800862642179261e+00
6.365767515359166282e+03 1.563807423665581453e+00
6.385837933930126383e+03 1.793332911623307213e+00
6.405908352501086483e+03 2.367473947146985225e+00
6.425978771072046584e+03 2.191027285619294940e+00
6.446049189643005775e+03 2.276987725296128584e+00
6.466119608213965876e+03 2.909279876193782588e+00
6.486190026784925976e+03 3.841694347516519947e+00
6.506260445355886077e+03 4.694087870638978366e+00
6.526330863926846177e+03 6.356056516008308677e+00
6.546401282497806278e+03 8.041416827995268690e+00
6.566471701068766379e+03 7.604380586431925160e+00
6.586542119639726479e+03 6.468780341055529348e+00
6.606612538210685670e+03 5.448546718605647321e+00
6.626682956781645771e+03 4.574809642056453463e+00
6.646753375352605872e+03 3.619644527871107798e+00
6.666823793923565972e+03 3.003771852915388951e+00
6.686894212494525163e+03 2.538792418634483017e+00
6.706964631065485264e+03 2.087421223586731767e+00
6.727035049636445365e+03 1.696669618636837296e+00
6.747105468207405465e+03 1.492537203650636135e+00
6.767175886778365566e+03 1.349428926169362386e+00
6.787246305349325667e+03 1.214969136710543962e+00
6.807316723920285767e+03 1.187011233178182579e+00
6.827387142491245868e+03 1.105017196942503777e+00
6.847457561062205968e+03 1.071098839022496030e+00
6.867527979633165160e+03 1.025869335600759991e+00
6.887598398204125260e+03 9.785273591733697485e-01
6.907668816775085361e+03 9.990147431785948440e-01
6.927739235346045461e+03 1.022297917537057010e+00
6.947809653917004653e+03 9.843326144648499865e-01
6.967880072487964753e+03 1.021033523004772015e+00
6.987950491058924854e+03 1.044705798414762521e+00
7.008020909629884954e+03 1.112610551773241863e+00
7.028091328200845055e+03 1.118470604849861161e+00
7.048161746771805156e+03 1.214232492659303331e+00
7.068232165342765256e+03 1.238682970172351849e+00
7.088302583913725357e+03 1.223103849526016917e+00
7.108373002484684548e+03 1.227317394655855320e+00
7.128443421055644649e+03 1.254762258521974871e+00
7.148513839626604749e+03 1.335269031381109306e+00
7.168584258197564850e+03 1.323806732257286622e+00
7.188654676768524041e+03 1.381293286572556678e+00
7.208725095339484142e+03 1.447656346539722305e+00
7.228795513910444242e+03 1.474815820598671223e+00
7.248865932481404343e+03 1.594422100351293725e+00
7.268936351052364444e+03 1.828555751045938926e+00
7.289006769623324544e+03 2.105309942157076453e+00
7.309077188194284645e+03 2.163654872516079131e+00
7.329147606765244745e+03 2.086726137587308294e+00
7.349218025336203937e+03 1.900607115326903518e+00
7.369288443907164037e+03 1.772426637166579333e+00
7.389358862478124138e+03 1.597274527341519867e+00
7.409429281049084238e+03 1.460071906462754976e+00
7.429499699620043430e+03 1.389539433810159430e+00
7.449570118191003530e+03 1.323360994568766991e+00
7.469640536761963631e+03 1.117338607650800064e+00
7.489710955332923731e+03 1.000000000000000000e+00
7.509781373903883832e+03 9.245261646552079826e-01
7.529851792474843933e+03 9.150774083074915133e-01
7.549922211045804033e+03 8.342830390189650558e-01
7.569992629616764134e+03 7.246326709543784439e-01
7.590063048187723325e+03 7.275925972237748951e-01
7.610133466758683426e+03 7.806624868338207790e-01
7.630203885329643526e+03 8.729029733498875343e-01
7.650274303900603627e+03 1.094534638084533773e+00
7.670344722471562818e+03 1.203115529912970549e+00
7.690415141042522919e+03 1.338103805393573431e+00
7.710485559613483019e+03 1.305067360820981293e+00
7.730555978184443120e+03 1.232431609421982710e+00
7.750626396755403221e+03 1.328353845112772991e+00
7.770696815326363321e+03 1.449650765256585316e+00
7.790767233897323422e+03 1.357504060184885786e+00
7.810837652468282613e+03 1.252730327227364437e+00
7.830908071039242714e+03 1.184736573439329366e+00
7.850978489610202814e+03 1.112560535002913076e+00
7.871048908181162915e+03 1.048674040707765931e+00
7.891119326752123015e+03 1.050183738076884365e+00
7.911189745323083116e+03 1.065644804434427551e+00
7.931260163894043217e+03 1.034061420593964220e+00
7.951330582465002408e+03 1.052958933289396715e+00
7.971401001035962508e+03 1.087702935690201711e+00
7.991471419606922609e+03 1.101453502056571665e+00
8.011541838177882710e+03 1.124439150185650327e+00
