3480.583984375	1.11629229050403E-15
3483.42456579208	1.10616493432597E-15
3486.26514720917	8.19376530540823E-16
3489.10572862625	4.49309482540266E-16
3491.94631004333	1.04309111187551E-15
3494.78689146042	4.58818777191276E-16
3497.6274728775	7.57058396326448E-16
3500.46805429459	1.60943540473108E-15
3503.30863571167	2.1003685351631E-15
3506.14921712875	8.54301583653169E-16
3508.98979854584	1.43970660138107E-15
3511.83037996292	1.00709935858528E-15
3514.67096138	6.02016840651644E-16
3517.51154279709	9.66312401325439E-16
3520.35212421417	1.66355526227953E-15
3523.19270563126	1.29717762389959E-15
3526.03328704834	8.01811420072868E-16
3528.87386846542	6.92570519645962E-16
3531.71444988251	1.05054627283891E-15
3534.55503129959	1.29156032391407E-15
3537.39561271668	1.22177721828988E-15
3540.23619413376	1.05081718112712E-15
3543.07677555084	6.90049618911454E-16
3545.91735696793	1.73108723018026E-15
3548.75793838501	8.91256116109818E-16
3551.59851980209	1.46306307230606E-15
3554.43910121918	2.01181483304031E-15
3557.27968263626	1.79315845251363E-15
3560.12026405334	1.26538954776795E-15
3562.96084547043	1.15662666393828E-15
3565.80142688751	1.33305624578615E-15
3568.6420083046	2.00141621550286E-15
3571.48258972168	1.45335137532971E-15
3574.32317113876	1.2948202342516E-15
3577.16375255585	1.70967036898925E-15
3580.00433397293	1.81835300402835E-15
3582.84491539001	1.17148372884057E-15
3585.6854968071	1.40101752445399E-15
3588.52607822418	1.14022874407032E-15
3591.36665964127	1.09279349990232E-15
3594.20724105835	1.64503691694017E-15
3597.04782247543	1.71849467141045E-15
3599.88840389252	1.3781664441491E-15
3602.7289853096	1.69966954201051E-15
3605.56956672668	1.96494892249775E-15
3608.41014814377	1.15670353413145E-15
3611.25072956085	1.45399302913242E-15
3614.09131097794	1.32943773870523E-15
3616.93189239502	1.74561918802065E-15
3619.7724738121	1.20291084787535E-15
3622.61305522919	1.2747573751056E-15
3625.45363664627	9.88793366166333E-16
3628.29421806335	1.74198647505564E-15
3631.13479948044	1.89016976921327E-15
3633.97538089752	1.51858180126993E-15
3636.81596231461	1.56385094640684E-15
3639.65654373169	1.56566702063714E-15
3642.49712514877	1.79386047103532E-15
3645.33770656586	1.54355571367401E-15
3648.17828798294	1.02153596092022E-15
3651.01886940002	2.27870872174057E-15
3653.85945081711	1.32106180528942E-15
3656.70003223419	1.43846854392133E-15
3659.54061365128	1.52818203044996E-15
3662.38119506836	2.09985485526282E-15
3665.22177648544	2.10971976569569E-15
3668.06235790253	1.89122678939306E-15
3670.90293931961	2.14601819972423E-15
3673.74352073669	1.81326029002652E-15
3676.58410215378	1.86898105045355E-15
3679.42468357086	1.99878041402183E-15
3682.26526498795	2.11544859541923E-15
3685.10584640503	2.10299351922321E-15
3687.94642782211	2.15762034011006E-15
3690.7870092392	2.35892699664688E-15
3693.62759065628	2.05908261968707E-15
3696.46817207336	1.86239199622732E-15
3699.30875349045	1.78552188801934E-15
3702.14933490753	1.65933241374923E-15
3704.98991632462	2.11710607044144E-15
3707.8304977417	2.39609925310382E-15
3710.67107915878	2.64553031405501E-15
3713.51166057587	2.1312740831097E-15
3716.35224199295	1.73485208144307E-15
3719.19282341003	2.25570180460056E-15
3722.03340482712	2.29103238732778E-15
3724.8739862442	2.59333663211778E-15
3727.71456766129	1.69213136175246E-15
3730.55514907837	1.58941885101314E-15
3733.39573049545	2.06477987334931E-15
3736.23631191254	1.66375742805431E-15
3739.07689332962	1.84376139744016E-15
3741.9174747467	1.50422497487385E-15
3744.75805616379	1.5939682539437E-15
3747.59863758087	1.33012138664207E-15
3750.43921899796	1.01904612872693E-15
3753.27980041504	1.61952935848436E-15
3756.12038183212	1.63257324306752E-15
3758.96096324921	1.19465019168766E-15
3761.80154466629	1.63695573635291E-15
3764.64212608337	1.55791302367919E-15
3767.48270750046	1.30098681168955E-15
3770.32328891754	1.48876879271934E-15
3773.16387033463	1.14096354443919E-15
3776.00445175171	9.87323060274024E-16
3778.84503316879	9.81376323572432E-16
3781.68561458588	1.36577856678605E-15
3784.52619600296	1.001182611427E-15
3787.36677742004	9.53551469737452E-16
3790.20735883713	1.09041594454603E-15
3793.04794025421	1.03856214244741E-15
3795.8885216713	9.53622851703291E-16
3798.72910308838	1.14324001888484E-15
3801.56968450546	8.66656122519512E-16
3804.41026592255	9.02478378731012E-16
3807.25084733963	9.38222819035598E-16
3810.09142875671	1.19682359763667E-15
3812.9320101738	1.13082347252556E-15
3815.77259159088	8.86839227796406E-16
3818.61317300797	1.02795835672178E-15
3821.45375442505	1.18333176640601E-15
3824.29433584213	5.55988662432412E-16
3827.13491725922	1.39895676989505E-15
3829.9754986763	1.18205384543115E-15
3832.81608009338	1.06186714178455E-15
3835.65666151047	1.20751768545437E-15
3838.49724292755	6.93855713120506E-16
3841.33782434464	1.45517464173848E-15
3844.17840576172	1.00668025866179E-15
3847.0189871788	1.28009214322115E-15
3849.85956859589	1.4833104489073E-15
3852.70015001297	1.30161320705596E-15
3855.54073143005	1.31998042305601E-15
3858.38131284714	1.48494369312771E-15
3861.22189426422	1.76247303424647E-15
3864.0624756813	2.06681141525297E-15
3866.90305709839	1.84664996985649E-15
3869.74363851547	1.86553217125535E-15
3872.58421993256	1.93399725108018E-15
3875.42480134964	2.02559854337945E-15
3878.26538276672	2.04701317551777E-15
3881.10596418381	1.98329970498106E-15
3883.94654560089	2.26936838055792E-15
3886.78712701797	2.39490748394653E-15
3889.62770843506	2.4340322851407E-15
3892.46828985214	2.79053798465969E-15
3895.30887126923	2.81568034476888E-15
3898.14945268631	3.19178569498465E-15
3900.99003410339	2.96666232442627E-15
3903.83061552048	3.50598147490054E-15
3906.67119693756	3.3485848957223E-15
3909.51177835465	3.32357122047237E-15
3912.35235977173	3.59548721278261E-15
3915.19294118881	3.74402760018644E-15
3918.0335226059	4.06628467712871E-15
3920.87410402298	4.03184960287715E-15
3923.71468544006	4.23655960436925E-15
3926.55526685715	3.96367224781421E-15
3929.39584827423	4.05672743428565E-15
3932.23642969131	4.36511502777838E-15
3935.0770111084	4.48274240991242E-15
3937.91759252548	4.14785352902086E-15
3940.75817394257	4.46387648572714E-15
3943.59875535965	4.46077144934007E-15
3946.43933677673	4.55509249583256E-15
3949.27991819382	4.31147237746072E-15
3952.1204996109	4.34339528512736E-15
3954.96108102798	4.75633597672981E-15
3957.80166244507	4.77287692667875E-15
3960.64224386215	4.83264427059433E-15
3963.48282527924	5.01931830163005E-15
3966.32340669632	5.01257121712964E-15
3969.1639881134	4.82727027272925E-15
3972.00456953049	4.66581714683194E-15
3974.84515094757	4.89748769595205E-15
3977.68573236465	4.96568244736371E-15
3980.52631378174	5.46474904372142E-15
3983.36689519882	5.02303908013961E-15
3986.20747661591	5.20685686409945E-15
3989.04805803299	5.44288404041141E-15
3991.88863945007	5.93713162337435E-15
3994.72922086716	5.4087515213587E-15
3997.56980228424	6.14269907038156E-15
4000.41038370132	5.36352767647988E-15
4003.25096511841	5.51609585198415E-15
4006.09154653549	5.41813478014063E-15
4008.93212795258	4.76863693703864E-15
4011.77270936966	5.32430011743974E-15
4014.61329078674	4.92803651626389E-15
4017.45387220383	5.01080895097171E-15
4020.29445362091	4.72830745653398E-15
4023.13503503799	4.96216137350627E-15
4025.97561645508	4.95555993611151E-15
4028.81619787216	4.74087441758305E-15
4031.65677928925	4.10665791191724E-15
4034.49736070633	4.49688934843644E-15
4037.33794212341	4.4665384491141E-15
4040.1785235405	4.56094729840886E-15
4043.01910495758	4.26465778242525E-15
4045.85968637466	4.04776236842772E-15
4048.70026779175	4.17295385941517E-15
4051.54084920883	3.70030135672228E-15
4054.38143062592	3.8148764359212E-15
4057.222012043	3.74809709053221E-15
4060.06259346008	3.57250719320486E-15
4062.90317487717	3.53055263811574E-15
4065.74375629425	3.51499334550693E-15
4068.58433771133	3.48220633149222E-15
4071.42491912842	3.48872590619547E-15
4074.2655005455	3.32874195488269E-15
4077.10608196258	3.45878905199262E-15
4079.94666337967	3.34142418509652E-15
4082.78724479675	3.20218222677451E-15
4085.62782621384	3.1215559277974E-15
4088.46840763092	3.27284927373094E-15
4091.308989048	2.93691326636868E-15
4094.14957046509	3.15691199277944E-15
4096.99015188217	2.89774545589909E-15
4099.83073329926	3.15627598013072E-15
4102.67131471634	3.07418270155277E-15
4105.51189613342	2.62243669418639E-15
4108.35247755051	2.86534737727312E-15
4111.19305896759	2.55982068321921E-15
4114.03364038467	2.67556500343075E-15
4116.87422180176	2.66162727051741E-15
4119.71480321884	2.67278244256694E-15
4122.55538463593	2.56439816880556E-15
4125.39596605301	2.40337349952895E-15
4128.23654747009	2.79739462684822E-15
4131.07712888718	2.54521823288611E-15
4133.91771030426	2.774339983697E-15
4136.75829172134	2.49240019957498E-15
4139.59887313843	2.45752297068242E-15
4142.43945455551	2.53020424581109E-15
4145.28003597259	2.23908647330739E-15
4148.12061738968	2.12926125712825E-15
4150.96119880676	2.18304116322818E-15
4153.80178022385	2.40931696834309E-15
4156.64236164093	2.34787659254934E-15
4159.48294305801	2.13366412959432E-15
4162.3235244751	2.23669277340854E-15
4165.16410589218	2.43331696304509E-15
4168.00468730927	2.10551682284227E-15
4170.84526872635	2.17413369459626E-15
4173.68585014343	2.36915057194217E-15
4176.52643156052	2.6656401743427E-15
4179.3670129776	2.58287187657814E-15
4182.20759439468	2.64038138261967E-15
4185.04817581177	2.52153285063789E-15
4187.88875722885	2.43058496305608E-15
4190.72933864594	2.47767609227753E-15
4193.56992006302	2.53587652096549E-15
4196.4105014801	2.42355292737507E-15
4199.25108289719	2.37004074051204E-15
4202.09166431427	2.60145166534813E-15
4204.93224573135	2.50535110905976E-15
4207.77282714844	2.29564150611755E-15
4210.61340856552	2.55197492213253E-15
4213.45398998261	2.45500850509583E-15
4216.29457139969	2.60521543181214E-15
4219.13515281677	2.60110916629762E-15
4221.97573423386	2.72923111809827E-15
4224.81631565094	2.8044543512834E-15
4227.65689706802	2.82167838791923E-15
4230.49747848511	2.586773650298E-15
4233.33805990219	2.85081114225095E-15
4236.17864131927	2.37438901319296E-15
4239.01922273636	2.77944415568225E-15
4241.85980415344	2.72096359187552E-15
4244.70038557053	2.69157241747863E-15
4247.54096698761	2.90876117606468E-15
4250.38154840469	2.6930434268529E-15
4253.22212982178	2.904573449437E-15
4256.06271123886	2.84158458080439E-15
4258.90329265595	2.37197584893979E-15
4261.74387407303	2.81233316391771E-15
4264.58445549011	2.72794133487706E-15
4267.4250369072	2.87043517004599E-15
4270.26561832428	2.99788933805034E-15
4273.10619974136	2.76172076581143E-15
4275.94678115845	2.7976367782104E-15
4278.78736257553	2.69139517149913E-15
4281.62794399262	2.87087322122101E-15
4284.4685254097	2.7223386993817E-15
4287.30910682678	2.98933493560759E-15
4290.14968824387	2.84095788893758E-15
4292.99026966095	2.871246582294E-15
4295.83085107803	2.82971616124437E-15
4298.67143249512	2.95551074357717E-15
4301.5120139122	2.8427825256916E-15
4304.35259532928	3.22086886244897E-15
4307.19317674637	2.92913281247712E-15
4310.03375816345	3.19116554794775E-15
4312.87433958054	3.23846955713079E-15
4315.71492099762	3.35415096738622E-15
4318.5555024147	3.07705583723879E-15
4321.39608383179	3.09101259279816E-15
4324.23666524887	3.25397818480057E-15
4327.07724666596	3.15738841180014E-15
4329.91782808304	3.10535608586861E-15
4332.75840950012	3.29112367882642E-15
4335.59899091721	3.28827981616124E-15
4338.43957233429	3.34752601412322E-15
4341.28015375137	2.91500686505197E-15
4344.12073516846	3.31257886695068E-15
4346.96131658554	3.13494169643568E-15
4349.80189800262	3.10189484498824E-15
4352.64247941971	2.75991491363064E-15
4355.48306083679	2.92882578810038E-15
4358.32364225388	2.76619419355066E-15
4361.16422367096	2.81628330014757E-15
4364.00480508804	2.85174221698448E-15
4366.84538650513	2.85196838676918E-15
4369.68596792221	3.04733849177123E-15
4372.52654933929	2.97748419223921E-15
4375.36713075638	3.06225223873917E-15
4378.20771217346	2.82802916903604E-15
4381.04829359055	2.54416090471928E-15
4383.88887500763	2.47160590905531E-15
4386.72945642471	2.29201005934928E-15
4389.5700378418	2.19872039465478E-15
4392.41061925888	1.93161249701057E-15
4395.25120067596	2.24567562721915E-15
4398.09178209305	1.93460314782208E-15
4400.93236351013	1.99224330036282E-15
4403.77294492722	1.91696325708224E-15
4406.6135263443	1.84978881644167E-15
4409.45410776138	1.9004659398061E-15
4412.29468917847	2.12439175314806E-15
4415.13527059555	2.07444234620831E-15
4417.97585201263	2.18360199135153E-15
4420.81643342972	2.26243556665163E-15
4423.6570148468	1.94794902497692E-15
4426.49759626389	2.02337735080433E-15
4429.33817768097	1.80256176070769E-15
4432.17875909805	1.96962994232982E-15
4435.01934051514	2.13587489791803E-15
4437.85992193222	2.1780125370109E-15
4440.7005033493	1.90235757432403E-15
4443.54108476639	1.98793874526747E-15
4446.38166618347	2.0963754571603E-15
4449.22224760055	1.9834228758871E-15
4452.06282901764	2.12623099239377E-15
4454.90341043472	2.16533909658598E-15
4457.74399185181	2.01475688405793E-15
4460.58457326889	2.28659168627963E-15
4463.42515468597	2.37404230687561E-15
4466.26573610306	2.11532652010604E-15
4469.10631752014	2.32595502488689E-15
4471.94689893723	2.40643159412761E-15
4474.78748035431	2.43294842509519E-15
4477.62806177139	2.38358490134685E-15
4480.46864318848	2.59362426244686E-15
4483.30922460556	2.72299233646894E-15
4486.14980602264	2.8457582352629E-15
4488.99038743973	2.92478178675671E-15
4491.83096885681	2.91616425488646E-15
4494.6715502739	2.91471386400179E-15
4497.51213169098	3.17772644680749E-15
4500.35271310806	3.14656968577173E-15
4503.19329452515	3.20619371165981E-15
4506.03387594223	3.21316556318674E-15
4508.87445735931	3.32816862695095E-15
4511.7150387764	3.26195502651096E-15
4514.55562019348	3.39349829632417E-15
4517.39620161056	3.56409109647285E-15
4520.23678302765	3.77946115974042E-15
4523.07736444473	3.59224739790467E-15
4525.91794586182	3.67034261807926E-15
4528.7585272789	3.93228373447521E-15
4531.59910869598	3.88383477649248E-15
4534.43969011307	3.855248371296E-15
4537.28027153015	3.93731790962259E-15
4540.12085294724	3.95053584970136E-15
4542.96143436432	4.1660966601052E-15
4545.8020157814	4.29026791279341E-15
4548.64259719849	4.17033183087516E-15
4551.48317861557	4.41569898524096E-15
4554.32376003265	4.47186326337121E-15
4557.16434144974	4.658213967105E-15
4560.00492286682	4.78749988497978E-15
4562.8455042839	4.93358012713346E-15
4565.68608570099	4.94770897007326E-15
4568.52666711807	4.89189841450647E-15
4571.36724853516	4.95714650215784E-15
4574.20782995224	5.01233684395518E-15
4577.04841136932	5.1057130956721E-15
4579.88899278641	5.29512031026088E-15
4582.72957420349	5.17747956469643E-15
4585.57015562057	5.06838856681473E-15
4588.41073703766	5.02255659888134E-15
4591.25131845474	5.21980519646238E-15
4594.09189987183	5.14813416910132E-15
4596.93248128891	5.15789858786673E-15
4599.77306270599	5.15466887915101E-15
4602.61364412308	5.05445432534745E-15
4605.45422554016	5.21164360261573E-15
4608.29480695724	5.16541743927475E-15
4611.13538837433	5.27642951795132E-15
4613.97596979141	5.37423289481982E-15
4616.8165512085	5.35628777036342E-15
4619.65713262558	5.21070711261056E-15
4622.49771404266	5.15087299545162E-15
4625.33829545975	5.42874928471341E-15
4628.17887687683	5.28869232585558E-15
4631.01945829392	5.32717619876651E-15
4633.860039711	5.57210150483386E-15
4636.70062112808	5.92028027903738E-15
4639.54120254517	5.69714963729383E-15
4642.38178396225	5.15756127390025E-15
4645.22236537933	5.15020177559769E-15
4648.06294679642	5.22441246523708E-15
4650.9035282135	5.22030033996982E-15
4653.74410963059	5.095343173278E-15
4656.58469104767	5.0217074777042E-15
4659.42527246475	4.99811125041843E-15
4662.26585388184	5.08107288612194E-15
4665.10643529892	5.05992667376667E-15
4667.947016716	4.80502972878443E-15
4670.78759813309	4.89281152711849E-15
4673.62817955017	4.74959218434928E-15
4676.46876096726	4.70941268571126E-15
4679.30934238434	4.69844668590415E-15
4682.14992380142	4.62183263669403E-15
4684.99050521851	4.83229466561495E-15
4687.83108663559	4.66438081958573E-15
4690.67166805267	4.66742606575387E-15
4693.51224946976	4.47877476525669E-15
4696.35283088684	4.50601670931935E-15
4699.19341230392	4.31364608885193E-15
4702.03399372101	4.35644848992304E-15
4704.87457513809	4.27812588361603E-15
4707.71515655518	4.21084808503719E-15
4710.55573797226	4.14788946927143E-15
4713.39631938934	4.04521329347409E-15
4716.23690080643	3.95053488322405E-15
4719.07748222351	3.94156153517565E-15
4721.91806364059	3.9912978622691E-15
4724.75864505768	3.6705917698864E-15
4727.59922647476	3.72994073107635E-15
4730.43980789185	3.7776193197752E-15
4733.28038930893	3.54359484181688E-15
4736.12097072601	3.43685818963061E-15
4738.9615521431	3.43779645901727E-15
4741.80213356018	3.25003655665208E-15
4744.64271497726	3.33910476128632E-15
4747.48329639435	3.09603591946837E-15
4750.32387781143	3.06733583442627E-15
4753.16445922852	2.95527096082289E-15
4756.0050406456	2.77909351340402E-15
4758.84562206268	2.64488263123492E-15
4761.68620347977	2.57248144560483E-15
4764.52678489685	2.59174297805097E-15
4767.36736631393	2.37936914060683E-15
4770.20794773102	2.39730108110974E-15
4773.0485291481	2.44574655652595E-15
4775.88911056519	2.14902029360067E-15
4778.72969198227	2.18930099657933E-15
4781.57027339935	2.37644578694655E-15
4784.41085481644	2.24540102546636E-15
4787.25143623352	2.11679749587993E-15
4790.0920176506	2.14100051696381E-15
4792.93259906769	2.1882323715131E-15
4795.77318048477	2.11055841851264E-15
4798.61376190185	2.14258380769602E-15
4801.45434331894	2.19837133735978E-15
4804.29492473602	2.17563341519338E-15
4807.13550615311	2.17071340118705E-15
4809.97608757019	2.18848419546549E-15
4812.81666898727	2.37426111071402E-15
4815.65725040436	2.14539697264398E-15
4818.49783182144	2.18460861423062E-15
4821.33841323853	2.40843124863844E-15
4824.17899465561	2.12681193505522E-15
4827.01957607269	2.37025380319242E-15
4829.86015748978	2.40065657526648E-15
4832.70073890686	2.45237365364088E-15
4835.54132032394	2.20961086642473E-15
4838.38190174103	2.37375459034289E-15
4841.22248315811	2.35780724827496E-15
4844.0630645752	2.50150438779758E-15
4846.90364599228	2.32982501010387E-15
4849.74422740936	2.32766767993663E-15
4852.58480882645	2.28518136827632E-15
4855.42539024353	2.10825188946949E-15
4858.26597166061	2.06937341717819E-15
4861.1065530777	2.02840396980395E-15
4863.94713449478	2.01980317955134E-15
4866.78771591187	1.96178173352689E-15
4869.62829732895	1.93553655365711E-15
4872.46887874603	2.10943016008682E-15
4875.30946016312	2.20095034892098E-15
4878.1500415802	2.19652211025059E-15
4880.99062299728	2.17667658670859E-15
4883.83120441437	2.1563832278912E-15
4886.67178583145	2.59689651697415E-15
4889.51236724854	2.76082613531328E-15
4892.35294866562	3.06904543077866E-15
4895.1935300827	3.33352884855415E-15
4898.03411149979	3.37944861407773E-15
4900.87469291687	3.3745398751651E-15
4903.71527433395	3.37798999052493E-15
4906.55585575104	3.13146352929882E-15
4909.39643716812	2.81590394840911E-15
4912.2370185852	2.674737129985E-15
4915.07760000229	2.68248059414614E-15
4917.91818141937	2.73120896181459E-15
4920.75876283646	2.88198707255639E-15
4923.59934425354	2.97041157838951E-15
4926.43992567062	2.9564053225898E-15
4929.28050708771	3.09075538075106E-15
4932.12108850479	3.00753790852158E-15
4934.96166992187	3.14208388804725E-15
4937.80225133896	3.37625544493875E-15
4940.64283275604	3.30718562460901E-15
4943.48341417313	3.41637750181044E-15
4946.32399559021	3.32122914218491E-15
4949.16457700729	3.38022492677388E-15
4952.00515842438	3.38320570127174E-15
4954.84573984146	3.46271695064276E-15
4957.68632125854	3.37780660498635E-15
4960.52690267563	3.30968122502439E-15
4963.36748409271	3.30478915013698E-15
4966.2080655098	3.38519665087163E-15
4969.04864692688	3.17028603191291E-15
4971.88922834396	3.0445255090285E-15
4974.72980976105	3.16627681213601E-15
4977.57039117813	3.2132177315249E-15
4980.41097259522	3.08695853096508E-15
4983.2515540123	3.02458025427997E-15
4986.09213542938	2.94137720874779E-15
4988.93271684647	2.84752977891817E-15
4991.77329826355	2.79405230788284E-15
4994.61387968063	2.73876546099043E-15
4997.45446109772	2.58904919113371E-15
5000.2950425148	2.64242633809937E-15
5003.13562393189	2.49627791280759E-15
5005.97620534897	2.35387779809625E-15
5008.81678676605	2.54849450862698E-15
5011.65736818314	2.45070211009411E-15
5014.49794960022	2.31542719617958E-15
5017.3385310173	2.20336705498228E-15
5020.17911243439	2.27740937394793E-15
5023.01969385147	2.38133248404141E-15
5025.86027526855	2.38341865708926E-15
5028.70085668564	2.36388822772773E-15
5031.54143810272	2.19867138857392E-15
5034.38201951981	2.18874986412038E-15
5037.22260093689	2.28858290150396E-15
5040.06318235397	2.41602360840759E-15
5042.90376377106	2.51253972103042E-15
5045.74434518814	2.62359022061608E-15
5048.58492660522	2.32136393807438E-15
5051.42550802231	2.44694584210097E-15
5054.26608943939	2.4066948305273E-15
5057.10667085648	2.39768586409339E-15
5059.94725227356	2.34125630530344E-15
5062.78783369064	2.46635365657368E-15
5065.62841510773	2.31189064882589E-15
5068.46899652481	2.50416937390349E-15
5071.3095779419	2.44265215709615E-15
5074.15015935898	2.59807316477743E-15
5076.99074077606	2.58869793581083E-15
5079.83132219315	2.65288620923335E-15
5082.67190361023	2.65561850230322E-15
5085.51248502731	2.61274146051181E-15
5088.3530664444	2.81590622499552E-15
5091.19364786148	2.82867232997898E-15
5094.03422927857	2.88273967064576E-15
5096.87481069565	2.73635166526235E-15
5099.71539211273	2.90485118742256E-15
5102.55597352982	2.87910130831577E-15
5105.3965549469	2.77669613280755E-15
5108.23713636399	2.89153074024334E-15
5111.07771778107	2.88626743527237E-15
5113.91829919815	2.91416627408486E-15
5116.75888061524	2.9790387711132E-15
5119.59946203232	2.92393374254559E-15
5122.4400434494	2.98999709835381E-15
5125.28062486649	2.90993864822227E-15
5128.12120628357	2.77931594494473E-15
5130.96178770065	2.87985793999235E-15
5133.80236911774	2.77441689058569E-15
5136.64295053482	2.84194607897905E-15
5139.4835319519	2.9205125395311E-15
5142.32411336899	2.8658786538946E-15
5145.16469478607	2.93723488489906E-15
5148.00527620316	2.86522511754531E-15
5150.84585762024	2.87143617392968E-15
5153.68643903732	2.95939350314777E-15
5156.52702045441	2.81679201239204E-15
5159.36760187149	2.92848277696709E-15
5162.20818328858	3.01380252786332E-15
5165.04876470566	2.98837631743308E-15
5167.88934612274	3.010541349392E-15
5170.72992753983	3.01187789607777E-15
5173.57050895691	3.02371736284627E-15
5176.41109037399	3.01277747753278E-15
5179.25167179108	3.01207216059904E-15
5182.09225320816	3.13346739661338E-15
5184.93283462525	3.11437158287921E-15
5187.77341604233	3.05144609985234E-15
5190.61399745941	3.13216532193618E-15
5193.4545788765	3.25604570993915E-15
5196.29516029358	3.40201673695909E-15
5199.13574171066	3.35324548252114E-15
5201.97632312775	3.3611330369645E-15
5204.81690454483	3.51407960641591E-15
5207.65748596191	3.45891806276354E-15
5210.498067379	3.68807387052969E-15
5213.33864879608	3.60541720503469E-15
5216.17923021317	3.61392730086605E-15
5219.01981163025	3.69177129695472E-15
5221.86039304733	3.75941810712115E-15
5224.70097446442	4.01089854667006E-15
5227.5415558815	3.93495648754245E-15
5230.38213729858	3.9420636655831E-15
5233.22271871567	4.22359054603677E-15
5236.06330013275	4.01549866527979E-15
5238.90388154984	4.16300929653396E-15
5241.74446296692	4.26548736580522E-15
5244.585044384	4.23606195247165E-15
5247.42562580109	4.08018917325547E-15
5250.26620721817	4.29938136685947E-15
5253.10678863525	4.34569693866676E-15
5255.94737005234	4.31108314653235E-15
5258.78795146942	4.34563912984128E-15
5261.6285328865	4.3007396436351E-15
5264.46911430359	4.38893936323436E-15
5267.30969572067	4.49919110755429E-15
5270.15027713776	4.38327093716935E-15
5272.99085855484	4.42901075947545E-15
5275.83143997192	4.50100213362181E-15
5278.67202138901	4.59328117659357E-15
5281.51260280609	4.57369058031317E-15
5284.35318422318	4.65753406637753E-15
5287.19376564026	4.48926376283984E-15
5290.03434705734	4.58663207850115E-15
5292.87492847443	4.60561013642514E-15
5295.71550989151	4.64570101884719E-15
5298.55609130859	4.60742564768487E-15
5301.39667272568	4.65594967382745E-15
5304.23725414276	4.83590104355333E-15
5307.07783555985	4.86385989228865E-15
5309.91841697693	4.78611962987111E-15
5312.75899839401	4.88238253758402E-15
5315.5995798111	4.74626108213811E-15
5318.44016122818	4.7781538307668E-15
5321.28074264527	4.72924428006325E-15
5324.12132406235	4.75533004444023E-15
5326.96190547943	4.69224815583503E-15
5329.80248689652	4.71469401677085E-15
5332.6430683136	4.61377939045953E-15
5335.48364973068	4.55783803686862E-15
5338.32423114777	4.73863451059309E-15
5341.16481256485	4.6567455739385E-15
5344.00539398193	4.6119972811171E-15
5346.84597539902	4.57512434378954E-15
5349.6865568161	4.53726591038612E-15
5352.52713823318	4.53594170556177E-15
5355.36771965027	4.44097227642844E-15
5358.20830106735	4.47423925453574E-15
5361.04888248444	4.49518417439205E-15
5363.88946390152	4.365245610562E-15
5366.7300453186	4.39587537877297E-15
5369.57062673569	4.56265474515176E-15
5372.41120815277	4.44071911186079E-15
5375.25178956986	4.53319440851539E-15
5378.09237098694	4.44972400869868E-15
5380.93295240402	4.49168225907548E-15
5383.77353382111	4.3706148969615E-15
5386.61411523819	4.49443211972097E-15
5389.45469665527	4.53890649619464E-15
5392.29527807236	4.36760805112016E-15
5395.13585948944	4.45324888526967E-15
5397.97644090653	4.50370770130438E-15
5400.81702232361	4.53306481027109E-15
5403.65760374069	4.42117178325832E-15
5406.49818515778	4.43896407422659E-15
5409.33876657486	4.44631256270942E-15
5412.17934799194	4.32405199098096E-15
5415.01992940903	4.63813826220357E-15
5417.86051082611	4.4302760165699E-15
5420.70109224319	4.44824939629304E-15
5423.54167366028	4.43744040338541E-15
5426.38225507736	4.52165689717955E-15
5429.22283649445	4.48592441700042E-15
5432.06341791153	4.52681698823067E-15
5434.90399932861	4.34967649955656E-15
5437.7445807457	4.53175816591412E-15
5440.58516216278	4.48071072072792E-15
5443.42574357986	4.44391454810171E-15
5446.26632499695	4.49837516226631E-15
5449.10690641403	4.39680728913706E-15
5451.94748783112	4.43119170062163E-15
5454.7880692482	4.47801779585752E-15
5457.62865066528	4.44888656369941E-15
5460.46923208237	4.58699146702096E-15
5463.30981349945	4.41700539418261E-15
5466.15039491653	4.36506655458324E-15
5468.99097633362	4.39476253245179E-15
5471.8315577507	4.52190016337679E-15
5474.67213916778	4.37403299307805E-15
5477.51272058487	4.29065740706357E-15
5480.35330200195	4.41031115280481E-15
5483.19388341904	4.36814049462819E-15
5486.03446483612	4.34487932971651E-15
5488.8750462532	4.1879846505192E-15
5491.71562767029	4.26595545813314E-15
5494.55620908737	4.22543367374838E-15
5497.39679050446	4.16024053034784E-15
5500.23737192154	4.19608517483993E-15
5503.07795333862	4.09190904791784E-15
5505.91853475571	4.15684668973599E-15
5508.75911617279	4.14510341374973E-15
5511.59969758987	4.06684327107741E-15
5514.44027900696	4.22562321633773E-15
5517.28086042404	4.11829195775505E-15
5520.12144184113	4.16260511172048E-15
5522.96202325821	4.02186063234144E-15
5525.80260467529	4.09226632057317E-15
5528.64318609238	4.1192671117512E-15
5531.48376750946	4.08478398233563E-15
5534.32434892655	3.92502193028837E-15
5537.16493034363	4.12497053353547E-15
5540.00551176071	4.06614635040536E-15
5542.8460931778	3.96174500582635E-15
5545.68667459488	4.06047706153644E-15
5548.52725601196	3.9947814792723E-15
5551.36783742905	3.9854639894603E-15
5554.20841884613	4.00359459550582E-15
5557.04900026322	3.96694481993655E-15
5559.8895816803	4.12406188175072E-15
5562.73016309738	3.95557396458526E-15
5565.57074451447	3.9347090186898E-15
5568.41132593155	4.03266913049296E-15
5571.25190734863	3.88445558225409E-15
5574.09248876572	3.87481087655337E-15
5576.9330701828	3.7874407577153E-15
5579.77365159988	4.02230254585735E-15
5582.61423301697	4.01393527802313E-15
5585.45481443405	4.0215825090814E-15
5588.29539585114	4.12146557975164E-15
5591.13597726822	3.94963329696129E-15
5593.9765586853	4.11410686133729E-15
5596.81714010239	3.94020244627861E-15
5599.65772151947	3.92333804437822E-15
5602.49830293655	3.86418665145248E-15
5605.33888435364	4.00719286223713E-15
5608.17946577072	4.00023046320306E-15
5611.02004718781	4.04771132114345E-15
5613.86062860489	4.13115642615222E-15
5616.70121002197	3.97572703082274E-15
5619.54179143906	4.01372274747654E-15
5622.38237285614	4.05803365303102E-15
5625.22295427323	3.99407885377047E-15
5628.06353569031	4.03932409056768E-15
5630.90411710739	4.12598206739043E-15
5633.74469852448	3.91251309519634E-15
5636.58527994156	3.92364299903817E-15
5639.42586135864	3.93316463656469E-15
5642.26644277573	3.85663984184412E-15
5645.10702419281	3.87744334382063E-15
5647.94760560989	3.78884140630569E-15
5650.78818702698	3.81403975385648E-15
5653.62876844406	3.77017248894163E-15
5656.46934986115	3.59434140578349E-15
5659.30993127823	3.7451404647054E-15
5662.15051269531	3.72641812411619E-15
5664.9910941124	3.6522481354088E-15
5667.83167552948	3.56899790394401E-15
5670.67225694656	3.53701249057416E-15
5673.51283836365	3.54571517644935E-15
5676.35341978073	3.58375830898177E-15
5679.19400119782	3.50512837878393E-15
5682.0345826149	3.48603307767947E-15
5684.87516403198	3.47599062242831E-15
5687.71574544907	3.47517710339021E-15
5690.55632686615	3.47791293881356E-15
5693.39690828323	3.47073579465643E-15
5696.23748970032	3.34390342445482E-15
5699.0780711174	3.21561804190013E-15
5701.91865253449	3.2817431586572E-15
5704.75923395157	3.27741540353837E-15
5707.59981536865	3.18930122762892E-15
5710.44039678574	3.17827495734911E-15
5713.28097820282	3.10867462371535E-15
5716.1215596199	3.1027312564304E-15
5718.96214103699	3.19137978387278E-15
5721.80272245407	3.19151106590689E-15
5724.64330387116	3.15383501460985E-15
5727.48388528824	3.05091384533933E-15
5730.32446670532	3.09459876097132E-15
5733.16504812241	3.13315518425597E-15
5736.00562953949	3.01247050562005E-15
5738.84621095657	3.09827509795301E-15
5741.68679237366	3.09797603153888E-15
5744.52737379074	2.93222050587424E-15
5747.36795520783	2.96880191346074E-15
5750.20853662491	3.08228538739904E-15
5753.04911804199	3.06729596394439E-15
5755.88969945908	3.11112522582718E-15
5758.73028087616	3.07550219480927E-15
5761.57086229324	3.07186354905886E-15
5764.41144371033	3.04878741158431E-15
5767.25202512741	3.16846342406511E-15
5770.0926065445	3.19387418780491E-15
5772.93318796158	3.09306103499519E-15
5775.77376937866	3.1730105892022E-15
5778.61435079575	3.16492773926095E-15
5781.45493221283	3.20727782962395E-15
5784.29551362991	3.15246712789106E-15
5787.136095047	3.20161479640627E-15
5789.97667646408	3.30022168169098E-15
5792.81725788116	3.34358866312435E-15
5795.65783929825	3.40243549776609E-15
5798.49842071533	3.40065860046194E-15
5801.33900213242	3.36344722963987E-15
5804.1795835495	3.46025663521308E-15
5807.02016496658	3.53395431926764E-15
5809.86074638367	3.4607244197036E-15
5812.70132780075	3.41907498275513E-15
5815.54190921783	3.36699639854532E-15
5818.38249063492	3.38573279307377E-15
5821.223072052	3.31785070613358E-15
5824.06365346909	3.42840511009678E-15
5826.90423488617	3.45328397482751E-15
5829.74481630325	3.29221367986314E-15
5832.58539772034	3.56699036284542E-15
5835.42597913742	3.53692451679728E-15
5838.26656055451	3.39827926897406E-15
5841.10714197159	3.3727096897988E-15
5843.94772338867	3.44622854805793E-15
5846.78830480576	3.37906913589463E-15
5849.62888622284	3.42764597706103E-15
5852.46946763992	3.57707859976975E-15
5855.31004905701	3.58227592259659E-15
5858.15063047409	3.5289929216781E-15
5860.99121189117	3.493801934395E-15
5863.83179330826	3.5951822253946E-15
5866.67237472534	3.60539125910883E-15
5869.51295614243	3.52485249450499E-15
5872.35353755951	3.67611176141929E-15
5875.19411897659	3.63925425504755E-15
5878.03470039368	3.65294007526425E-15
5880.87528181076	3.67173692718537E-15
5883.71586322784	3.74841396937273E-15
5886.55644464493	3.6634570753083E-15
5889.39702606201	3.63010003261022E-15
5892.2376074791	3.73946958094447E-15
5895.07818889618	3.66266451793372E-15
5897.91877031326	3.80869130197579E-15
5900.75935173035	3.79071954106986E-15
5903.59993314743	3.75827676670124E-15
5906.44051456451	3.83745788385091E-15
5909.2810959816	3.88981761293747E-15
5912.12167739868	3.88145372440846E-15
5914.96225881577	3.77527276529031E-15
5917.80284023285	4.01227670094815E-15
5920.64342164993	3.86001803887982E-15
5923.48400306702	3.71067911153317E-15
5926.3245844841	3.66284784470598E-15
5929.16516590118	3.77089581330693E-15
5932.00574731827	3.3787270231893E-15
5934.84632873535	3.32696786466782E-15
5937.68691015244	3.14762181356689E-15
5940.52749156952	3.22772958935014E-15
5943.3680729866	3.22405445470976E-15
5946.20865440369	3.25955766834356E-15
5949.04923582077	3.40709183844504E-15
5951.88981723785	3.5972512143622E-15
5954.73039865494	3.67276006572318E-15
5957.57098007202	3.606074332719E-15
5960.41156148911	3.66740784995673E-15
5963.25214290619	3.55425743628272E-15
5966.09272432327	3.51359077203664E-15
5968.93330574036	3.47499936575555E-15
5971.77388715744	3.39454882831522E-15
5974.61446857452	3.55620467677823E-15
5977.45504999161	3.67888839223709E-15
5980.29563140869	3.53782231954745E-15
5983.13621282578	3.51121122679218E-15
5985.97679424286	3.48015903981603E-15
5988.81737565994	3.45173195747154E-15
5991.65795707703	3.45669180754236E-15
5994.49853849411	3.55997687084722E-15
5997.33911991119	3.54407900166828E-15
6000.17970132828	3.43702761794864E-15
6003.02028274536	3.63233267230876E-15
6005.86086416245	3.60483250265336E-15
6008.70144557953	3.62664895781039E-15
6011.54202699661	3.49679204716677E-15
6014.3826084137	3.40775269788189E-15
6017.22318983078	3.55621145655762E-15
6020.06377124786	3.61607663358643E-15
6022.90435266495	3.59090051964933E-15
6025.74493408203	3.48942241555001E-15
6028.58551549912	3.4249227271997E-15
6031.4260969162	3.62878003327967E-15
6034.26667833328	3.56343066140358E-15
6037.10725975037	3.49721902566774E-15
6039.94784116745	3.49035786104166E-15
6042.78842258453	3.48676142935857E-15
6045.62900400162	3.4826670951843E-15
6048.4695854187	3.4585869875889E-15
6051.31016683579	3.56089083114072E-15
6054.15074825287	3.40331717752753E-15
6056.99132966995	3.4054797201485E-15
6059.83191108704	3.46198524504487E-15
6062.67249250412	3.42756410897669E-15
6065.51307392121	3.41732890852902E-15
6068.35365533829	3.46036908496048E-15
6071.19423675537	3.47274406189711E-15
6074.03481817246	3.33113246805827E-15
6076.87539958954	3.4268288265614E-15
6079.71598100662	3.38170025767854E-15
6082.55656242371	3.36903571333177E-15
6085.39714384079	3.43174629572405E-15
6088.23772525787	3.52101352540783E-15
6091.07830667496	3.51152479828208E-15
6093.91888809204	3.52124862393558E-15
6096.75946950913	3.49178275861171E-15
6099.60005092621	3.44708439504074E-15
6102.44063234329	3.47315586951515E-15
6105.28121376038	3.47688387756868E-15
6108.12179517746	3.5851212659127E-15
6110.96237659454	3.53806413389306E-15
6113.80295801163	3.58271526856753E-15
6116.64353942871	3.54611157458515E-15
6119.4841208458	3.50846576025435E-15
6122.32470226288	3.67318071699898E-15
6125.16528367996	3.67469117034685E-15
6128.00586509705	3.60183614952917E-15
6130.84644651413	3.68370683563969E-15
6133.68702793121	3.63207787864992E-15
6136.5276093483	3.67584605323608E-15
6139.36819076538	3.6790264272029E-15
6142.20877218246	3.75108279548183E-15
6145.04935359955	3.6955312070391E-15
6147.88993501663	3.5403662768437E-15
6150.73051643372	3.43963038070413E-15
6153.5710978508	3.37831224595006E-15
6156.41167926788	3.48272154445172E-15
6159.25226068497	3.33619814833694E-15
6162.09284210205	3.30871132892847E-15
6164.93342351913	3.30455113966111E-15
6167.77400493622	3.25823729854846E-15
6170.6145863533	3.15446527546236E-15
6173.45516777039	3.18830846458523E-15
6176.29574918747	3.2507389434117E-15
6179.13633060455	3.1096159275674E-15
6181.97691202164	2.93124115633553E-15
6184.81749343872	3.02281831663418E-15
6187.65807485581	2.94601143689795E-15
6190.49865627289	2.875794503325E-15
6193.33923768997	2.85182873125099E-15
6196.17981910706	2.85546966446658E-15
6199.02040052414	2.74236904218352E-15
6201.86098194122	2.77414848866583E-15
6204.70156335831	2.70526727824029E-15
6207.54214477539	2.63063799958173E-15
6210.38272619247	2.60671499418516E-15
6213.22330760956	2.66521388319598E-15
6216.06388902664	2.62060648848402E-15
6218.90447044373	2.56840969204749E-15
6221.74505186081	2.69097157949821E-15
6224.58563327789	2.5245089440061E-15
6227.42621469498	2.50419617982556E-15
6230.26679611206	2.5607644485645E-15
6233.10737752915	2.53742221942271E-15
6235.94795894623	2.52771135694063E-15
6238.78854036331	2.55138092917711E-15
6241.6291217804	2.5629913235363E-15
6244.46970319748	2.62831552144463E-15
6247.31028461456	2.57631440317925E-15
6250.15086603165	2.41418564399072E-15
6252.99144744873	2.57273371432538E-15
6255.83202886581	2.546181123302E-15
6258.6726102829	2.48438311752905E-15
6261.51319169998	2.60434060522576E-15
6264.35377311707	2.64931771664342E-15
6267.19435453415	2.66480658901109E-15
6270.03493595123	2.66212998425423E-15
6272.87551736832	2.59929724423551E-15
6275.7160987854	2.79406479771035E-15
6278.55668020249	2.69229650233266E-15
6281.39726161957	2.82901338916268E-15
6284.23784303665	2.77435399173132E-15
6287.07842445374	2.76208688176185E-15
6289.91900587082	2.881677254262E-15
6292.7595872879	2.85641756126185E-15
6295.60016870499	2.88524693587795E-15
6298.44075012207	2.9388164425857E-15
6301.28133153915	2.92598349146641E-15
6304.12191295624	3.10877140548254E-15
6306.96249437332	3.08436487337547E-15
6309.80307579041	3.08363801148544E-15
6312.64365720749	3.09725959442797E-15
6315.48423862457	3.07704742742285E-15
6318.32482004166	3.01998520147451E-15
6321.16540145874	3.1375109785405E-15
6324.00598287582	3.22089040255495E-15
6326.84656429291	3.23425990645731E-15
6329.68714570999	3.15992945389084E-15
6332.52772712708	3.17847862117733E-15
6335.36830854416	3.24093903602436E-15
6338.20888996124	3.24110738003217E-15
6341.04947137833	3.34816520132321E-15
6343.89005279541	3.28291935708553E-15
6346.73063421249	3.27369087317378E-15
6349.57121562958	3.36056483748138E-15
6352.41179704666	3.4296556690235E-15
6355.25237846374	3.36705731490235E-15
6358.09295988083	3.38523130621855E-15
6360.93354129791	3.58289313651303E-15
6363.774122715	3.51735185129438E-15
6366.61470413208	3.49220777366179E-15
6369.45528554916	3.53339230556956E-15
6372.29586696625	3.66906296827226E-15
6375.13644838333	3.64923303243073E-15
6377.97702980042	3.61557890743107E-15
6380.8176112175	3.69400606675213E-15
6383.65819263458	3.72911555428429E-15
6386.49877405167	3.7551637832076E-15
6389.33935546875	3.80032171930561E-15
6392.17993688583	3.79344934635761E-15
6395.02051830292	3.82006655601777E-15
6397.86109972	3.8176718313409E-15
6400.70168113708	3.69320258367557E-15
6403.54226255417	3.70570392577414E-15
6406.38284397125	3.78691794203018E-15
6409.22342538834	3.71012562516065E-15
6412.06400680542	3.8965765557966E-15
6414.9045882225	3.64070935814772E-15
6417.74516963959	3.79832818213966E-15
6420.58575105667	3.77344382343118E-15
6423.42633247375	3.68300807146711E-15
6426.26691389084	3.65439635332599E-15
6429.10749530792	3.622687484674E-15
6431.94807672501	3.67339309968997E-15
6434.78865814209	3.64722375450856E-15
6437.62923955917	3.62786910653208E-15
6440.46982097626	3.54164098767036E-15
6443.31040239334	3.56454515871528E-15
6446.15098381042	3.66217707085441E-15
6448.99156522751	3.55158642717978E-15
6451.83214664459	3.51255838253457E-15
6454.67272806168	3.57294530923345E-15
6457.51330947876	3.49897168428315E-15
6460.35389089584	3.39012548851461E-15
6463.19447231293	3.58045391730023E-15
6466.03505373001	3.54438547353553E-15
6468.87563514709	3.54977535035874E-15
6471.71621656418	3.57067768320154E-15
6474.55679798126	3.6029580853012E-15
6477.39737939835	3.66362448560297E-15
6480.23796081543	3.56469406673183E-15
6483.07854223251	3.64414326282838E-15
6485.9191236496	3.69976796832814E-15
6488.75970506668	3.59291249254499E-15
6491.60028648376	3.52807384693648E-15
6494.44086790085	3.56709692811897E-15
6497.28144931793	3.61113289896855E-15
6500.12203073502	3.58110497985496E-15
6502.9626121521	3.57628566344139E-15
6505.80319356918	3.61804132058533E-15
6508.64377498627	3.58666956788533E-15
6511.48435640335	3.5104178030613E-15
6514.32493782043	3.55759680234707E-15
6517.16551923752	3.46583354857459E-15
6520.0061006546	3.52381749307055E-15
6522.84668207169	3.52656916694445E-15
6525.68726348877	3.45213527736374E-15
6528.52784490585	3.65013688982212E-15
6531.36842632294	3.52093652901527E-15
6534.20900774002	3.48962814026922E-15
6537.04958915711	3.51775519881931E-15
6539.89017057419	3.43387022486066E-15
6542.73075199127	3.43266689530234E-15
6545.57133340835	3.4138586420056E-15
6548.41191482544	3.49586181655067E-15
6551.25249624252	3.49629093889316E-15
6554.09307765961	3.40910544208008E-15
6556.93365907669	3.42133130835985E-15
6559.77424049377	3.447544489926E-15
6562.61482191086	3.56334229400732E-15
6565.45540332794	3.43250160729237E-15
6568.29598474503	3.30480426100523E-15
6571.13656616211	3.41663111125058E-15
6573.97714757919	3.42545213942047E-15
6576.81772899628	3.40260678028246E-15
6579.65831041336	3.50357806020656E-15
6582.49889183044	3.38798890097697E-15
6585.33947324753	3.43992359918778E-15
6588.18005466461	3.46587940943506E-15
6591.0206360817	3.46252825468785E-15
6593.86121749878	3.67881209041036E-15
6596.70179891586	3.73959754229424E-15
6599.54238033295	3.87683772101163E-15
6602.38296175003	4.68495524642737E-15
6605.22354316711	5.71125752366808E-15
6608.0641245842	6.2663238329296E-15
6610.90470600128	6.69258430919157E-15
6613.74528741837	7.10759139102583E-15
6616.58586883545	7.07187952769558E-15
6619.42645025253	6.17379077039829E-15
6622.26703166962	4.99667846282702E-15
6625.1076130867	4.40384038125644E-15
6627.94819450378	4.09013869072E-15
6630.78877592087	4.22181009067471E-15
6633.62935733795	4.17074385801958E-15
6636.46993875503	4.23327726830962E-15
6639.31052017212	4.01866624244517E-15
6642.1511015892	3.69212696487357E-15
6644.99168300629	3.50063592583401E-15
6647.83226442337	3.36723070815612E-15
6650.67284584045	3.20234561555803E-15
6653.51342725754	3.158218024934E-15
6656.35400867462	3.30522451920583E-15
6659.1945900917	3.45200352257818E-15
6662.03517150879	3.30083086595633E-15
6664.87575292587	3.29045354320376E-15
6667.71633434296	3.26619468488258E-15
6670.55691576004	3.23964813507898E-15
6673.39749717712	3.23108773358259E-15
6676.23807859421	3.31908500812388E-15
6679.07866001129	3.21818181472892E-15
6681.91924142838	3.19883234670699E-15
6684.75982284546	3.34312470116345E-15
6687.60040426254	3.32953607903364E-15
6690.44098567963	3.27746150360261E-15
6693.28156709671	3.15025936956999E-15
6696.1221485138	3.2017778754781E-15
6698.96272993088	3.29308209142765E-15
6701.80331134796	3.15787591629021E-15
6704.64389276504	3.14588836769986E-15
6707.48447418213	3.20808062374374E-15
6710.32505559921	3.22929288263351E-15
6713.1656370163	3.24928719447428E-15
6716.00621843338	3.16778829086762E-15
6718.84679985046	3.14379601686959E-15
6721.68738126755	3.10739893425819E-15
6724.52796268463	3.19320115459999E-15
6727.36854410171	3.20653061436904E-15
6730.2091255188	3.12565191208199E-15
6733.04970693588	3.19056257614361E-15
6735.89028835297	3.119360335566E-15
6738.73086977005	3.11577902016519E-15
6741.57145118713	3.16688182875935E-15
6744.41203260422	3.22900259078574E-15
6747.2526140213	3.06463218238151E-15
6750.09319543839	3.16829542457245E-15
6752.93377685547	3.17246312257626E-15
6755.77435827255	3.11467825623717E-15
6758.61493968963	3.25978094102522E-15
6761.45552110672	3.27374155126013E-15
6764.2961025238	3.1715952535223E-15
6767.13668394089	3.28381664861595E-15
6769.97726535797	3.24682715542517E-15
6772.81784677505	3.3049165762145E-15
6775.65842819214	3.28764126306284E-15
6778.49900960922	3.34518088257859E-15
6781.33959102631	3.17227216302493E-15
6784.18017244339	3.1234517694584E-15
6787.02075386047	3.1871265467377E-15
6789.86133527756	3.10533017644462E-15
6792.70191669464	3.07443893104271E-15
6795.54249811172	2.93072712278629E-15
6798.38307952881	2.87396893623924E-15
6801.22366094589	2.90110367165547E-15
6804.06424236298	2.86487134937139E-15
6806.90482378006	2.91268249546953E-15
6809.74540519714	2.88847670625575E-15
6812.58598661423	2.82037135446536E-15
6815.42656803131	2.93147794996381E-15
6818.26714944839	2.7893034982523E-15
6821.10773086548	2.89171501797817E-15
6823.94831228256	2.95301061134539E-15
6826.78889369965	2.90591153446671E-15
6829.62947511673	2.86611402271384E-15
6832.47005653381	2.80664813160102E-15
6835.3106379509	2.83868033456049E-15
6838.15121936798	2.76708945621709E-15
6840.99180078506	2.78031977537722E-15
6843.83238220215	2.89653580152512E-15
6846.67296361923	2.81436087800215E-15
6849.51354503631	2.89074025078298E-15
6852.3541264534	2.82903429452847E-15
6855.19470787048	3.0435002192219E-15
6858.03528928757	2.82098672556946E-15
6860.87587070465	2.65946186366369E-15
6863.71645212173	2.78140897373188E-15
6866.55703353882	2.76468927030678E-15
6869.3976149559	2.79467256000437E-15
6872.23819637299	2.84417900254746E-15
6875.07877779007	2.64754756587641E-15
6877.91935920715	2.74419600553156E-15
6880.75994062424	2.79125963856136E-15
6883.60052204132	2.6521997688406E-15
6886.4411034584	2.75342997733375E-15
6889.28168487549	2.7446705784489E-15
6892.12226629257	2.65438890188514E-15
6894.96284770966	2.61005350626035E-15
6897.80342912674	2.66870833476348E-15
6900.64401054382	2.63564997189104E-15
6903.48459196091	2.61731405751926E-15
6906.32517337799	2.67091074104933E-15
6909.16575479508	2.70336262736893E-15
6912.00633621216	2.63099706800518E-15
6914.84691762924	2.64179858499838E-15
6917.68749904633	2.69893599793888E-15
6920.52808046341	2.66937197202742E-15
6923.36866188049	2.7455554915072E-15
6926.20924329758	2.68582797690004E-15
6929.04982471466	2.69503277234395E-15
6931.89040613174	2.63144431737256E-15
6934.73098754883	2.67732439375793E-15
6937.57156896591	2.65474248227739E-15
6940.41215038299	2.69242450041467E-15
6943.25273180008	2.77350475172369E-15
6946.09331321716	2.793668362263E-15
6948.93389463425	2.82330057935404E-15
6951.77447605133	2.76919804542046E-15
6954.61505746841	2.69413777284281E-15
6957.4556388855	2.69154734589454E-15
6960.29622030258	2.70915007415431E-15
6963.13680171967	2.77082607425252E-15
6965.97738313675	2.75051126169493E-15
6968.81796455383	2.77024651513863E-15
6971.65854597092	2.78011540282313E-15
6974.499127388	2.7369955792756E-15
6977.33970880508	2.73293602525691E-15
6980.18029022217	2.74948872666398E-15
6983.02087163925	2.68456707111862E-15
6985.86145305634	2.70510392722103E-15
6988.70203447342	2.6273452651194E-15
6991.5426158905	2.7081146421846E-15
6994.38319730759	2.73011168378386E-15
6997.22377872467	2.76958284189173E-15
7000.06436014175	2.76690042046144E-15
7002.90494155884	2.67957525511401E-15
7005.74552297592	2.66644283846059E-15
7008.58610439301	2.66127484334167E-15
7011.42668581009	2.73546929994427E-15
7014.26726722717	2.75852868095947E-15
7017.10784864426	2.60553907740551E-15
7019.94843006134	2.70295222893546E-15
7022.78901147842	2.79511294399641E-15
7025.62959289551	2.77485019164611E-15
7028.47017431259	2.77192309132476E-15
7031.31075572968	2.68874568897623E-15
7034.15133714676	2.69602893860956E-15
7036.99191856384	2.7856313011804E-15
7039.83249998093	2.76179422769666E-15
7042.67308139801	2.78980667004692E-15
7045.51366281509	2.76045862446738E-15
7048.35424423218	2.8056903791253E-15
7051.19482564926	2.85744531340482E-15
7054.03540706634	2.77992874395996E-15
7056.87598848343	2.80518219555872E-15
7059.71656990051	2.82750019160785E-15
7062.5571513176	2.88075026843507E-15
7065.39773273468	2.80995545456233E-15
7068.23831415176	2.85094599729321E-15
7071.07889556885	2.80815406483922E-15
7073.91947698593	2.69912004517447E-15
7076.76005840301	2.77472669941404E-15
7079.6006398201	2.7285216853405E-15
7082.44122123718	2.69424471309301E-15
7085.28180265427	2.64361127392576E-15
7088.12238407135	2.70151975057319E-15
7090.96296548843	2.71150475271542E-15
7093.80354690552	2.66432314065396E-15
7096.6441283226	2.55750544176925E-15
7099.48470973968	2.67278148536512E-15
7102.32529115677	2.79243734696113E-15
7105.16587257385	2.61082342767352E-15
7108.00645399094	2.6154526801178E-15
7110.84703540802	2.57361701952111E-15
7113.6876168251	2.68757153700555E-15
7116.52819824219	2.68228884336231E-15
7119.36877965927	2.79148558548128E-15
7122.20936107636	2.7137563003469E-15
7125.04994249344	2.67704211176548E-15
7127.89052391052	2.81851018047799E-15
7130.73110532761	2.83818013211117E-15
7133.57168674469	2.81756604946469E-15
7136.41226816177	2.87630269725494E-15
7139.25284957886	2.82285505426535E-15
7142.09343099594	2.82496752941965E-15
7144.93401241303	2.94534244424643E-15
7147.77459383011	3.02015451411416E-15
7150.61517524719	2.89310692660553E-15
7153.45575666427	2.83162151979591E-15
7156.29633808136	2.90625309059953E-15
7159.13691949844	2.81499744152933E-15
7161.97750091553	2.97213899002202E-15
7164.81808233261	2.94982517071273E-15
7167.65866374969	2.87974363127604E-15
7170.49924516678	2.95819693748537E-15
7173.33982658386	2.90674632528192E-15
7176.18040800095	2.86739551470434E-15
7179.02098941803	3.04974295173403E-15
7181.86157083511	3.03485204446209E-15
7184.7021522522	2.95526636255845E-15
7187.54273366928	2.8744276941289E-15
7190.38331508636	2.98952090979078E-15
7193.22389650345	2.99034270012639E-15
7196.06447792053	3.03772443192818E-15
7198.90505933762	3.09459371389861E-15
7201.7456407547	2.99274996065306E-15
7204.58622217178	2.98444103179763E-15
7207.42680358887	3.03073269132201E-15
7210.26738500595	2.96299563895412E-15
7213.10796642303	3.0449843227145E-15
7215.94854784012	3.07230997567201E-15
7218.7891292572	3.01759589332697E-15
7221.62971067429	3.06817930726905E-15
7224.47029209137	3.03176237741775E-15
7227.31087350845	3.01955321706031E-15
7230.15145492554	2.96963853655069E-15
7232.99203634262	3.0104886363479E-15
7235.8326177597	3.07191531046862E-15
7238.67319917679	3.03617732979051E-15
7241.51378059387	3.07722314043726E-15
7244.35436201096	3.07127234176752E-15
7247.19494342804	3.11625890748233E-15
7250.03552484512	3.02902912806055E-15
7252.87610626221	3.04551343790034E-15
7255.71668767929	3.02310908639356E-15
7258.55726909637	2.99702625010614E-15
7261.39785051346	3.04244383293451E-15
7264.23843193054	2.89834998898972E-15
7267.07901334762	2.91461173043223E-15
7269.91959476471	3.00259639779315E-15
7272.76017618179	2.99662009333349E-15
7275.60075759888	3.01908156561317E-15
7278.44133901596	2.91088625316847E-15
7281.28192043304	3.09180422219844E-15
7284.12250185013	2.9535287921753E-15
7286.96308326721	2.93918267063351E-15
7289.8036646843	2.97807115703369E-15
7292.64424610138	3.05730518919247E-15
7295.48482751846	3.10874469519647E-15
7298.32540893555	3.07419147694123E-15
7301.16599035263	3.00180241731095E-15
7304.00657176971	2.92919015352383E-15
7306.8471531868	3.00989515230191E-15
7309.68773460388	3.26905195235328E-15
7312.52831602096	3.12304884364771E-15
7315.36889743805	2.87939152546585E-15
7318.20947885513	3.00140452157384E-15
7321.05006027222	3.01712035588399E-15
7323.8906416893	3.06680085329074E-15
7326.73122310638	3.13489081423379E-15
7329.57180452347	3.08436699650562E-15
7332.41238594055	3.01458437085705E-15
7335.25296735764	3.00752977731311E-15
7338.09354877472	3.04698523312209E-15
7340.9341301918	2.88298059247956E-15
7343.77471160889	3.07847096136965E-15
7346.61529302597	3.06496791706426E-15
7349.45587444305	3.05347329877062E-15
7352.29645586014	3.08958108609533E-15
7355.13703727722	3.05984129950466E-15
7357.97761869431	3.03322450128911E-15
7360.81820011139	3.15095391561876E-15
7363.65878152847	3.18397095287276E-15
7366.49936294556	3.06621350396155E-15
7369.33994436264	3.09365015656533E-15
7372.18052577972	3.2865461725406E-15
7375.02110719681	3.17043601411884E-15
7377.86168861389	3.22577006379078E-15
7380.70227003097	3.20662073901741E-15
7383.54285144806	3.28611556788969E-15
7386.38343286514	3.06692907888037E-15
7389.22401428223	3.18029234175378E-15
7392.06459569931	3.18002875685562E-15
7394.90517711639	3.1402612436824E-15
7397.74575853348	3.20405240479096E-15
7400.58633995056	3.23088251835251E-15
7403.42692136764	3.18551330532978E-15
7406.26750278473	3.11305685711352E-15
7409.10808420181	3.07576330811258E-15
7411.9486656189	3.09575419282145E-15
7414.78924703598	3.09428629057892E-15
7417.62982845306	3.1609873045067E-15
7420.47040987015	3.1880885941788E-15
7423.31099128723	3.0574379649905E-15
7426.15157270431	3.1262020197517E-15
7428.9921541214	3.18431533241363E-15
7431.83273553848	3.07189168843965E-15
7434.67331695557	3.30110073014949E-15
7437.51389837265	3.20829905428071E-15
7440.35447978973	3.1524033104666E-15
7443.19506120682	3.19009881859117E-15
7446.0356426239	3.16459906610145E-15
7448.87622404099	3.10126382402242E-15
7451.71680545807	3.07847345027568E-15
7454.55738687515	3.20487205486416E-15
7457.39796829224	3.1356283991286E-15
7460.23854970932	3.06666116258749E-15
7463.0791311264	3.09483762607213E-15
7465.91971254349	3.0150337814352E-15
7468.76029396057	3.0161576046094E-15
7471.60087537766	2.86709296775309E-15
7474.44145679474	2.84827607441654E-15
7477.28203821182	2.96105145262258E-15
7480.12261962891	2.88198167799519E-15
7482.96320104599	2.93994733585918E-15
7485.80378246307	2.8479195376817E-15
7488.64436388016	2.77513345474618E-15
7491.48494529724	2.94181500644235E-15
7494.32552671433	2.74945036552018E-15
7497.16610813141	2.67593225543392E-15
7500.00668954849	2.7039600882374E-15
7502.84727096558	2.61542389658982E-15
7505.68785238266	2.62006094887217E-15
7508.52843379974	2.53799072369447E-15
7511.36901521683	2.51592181628846E-15
7514.20959663391	2.55113508821513E-15
7517.05017805099	2.48238647225833E-15
7519.89075946808	2.49173710496546E-15
7522.73134088516	2.41005926195002E-15
7525.57192230225	2.36812007097815E-15
7528.41250371933	2.29340777842644E-15
7531.25308513641	2.29273147751107E-15
7534.0936665535	2.19240222701587E-15
7536.93424797058	2.18702454564864E-15
7539.77482938766	2.15413840944325E-15
7542.61541080475	2.10950244280716E-15
7545.45599222183	2.1413550983724E-15
7548.29657363892	2.00547629967963E-15
7551.137155056	2.01118032405049E-15
7553.97773647308	2.19458069220466E-15
7556.81831789017	2.06912434320854E-15
7559.65889930725	1.9627621484292E-15
7562.49948072433	1.93905107557804E-15
7565.34006214142	1.99763682953282E-15
7568.1806435585	2.0141923539339E-15
7571.02122497559	1.96842581449615E-15
7573.86180639267	1.89066240731503E-15
7576.70238780975	1.92034513766659E-15
7579.54296922684	1.83392140617269E-15
7582.38355064392	1.85917118333531E-15
7585.224132061	1.82949137720995E-15
7588.06471347809	1.82485403068475E-15
7590.90529489517	1.94539348303237E-15
7593.74587631226	1.97188005665681E-15
7596.58645772934	2.05237146443825E-15
7599.42703914642	2.10767562827738E-15
7602.26762056351	1.94335855731508E-15
7605.10820198059	1.97364252385915E-15
7607.94878339767	2.01940611003824E-15
7610.78936481476	2.04192277878813E-15
7613.62994623184	2.03264067484165E-15
7616.47052764892	1.96138352247457E-15
7619.31110906601	2.05967429159603E-15
7622.15169048309	2.22605225810613E-15
7624.99227190018	2.17221222307438E-15
7627.83285331726	2.22125104204501E-15
7630.67343473434	2.28193226263338E-15
7633.51401615143	2.12303803129939E-15
7636.35459756851	2.21109261759526E-15
7639.19517898559	2.31143716409742E-15
7642.03576040268	2.36561577703279E-15
7644.87634181976	2.47579683262175E-15
7647.71692323685	2.40654140522391E-15
7650.55750465393	2.5781050597473E-15
7653.39808607101	2.50111376850511E-15
7656.2386674881	2.45668412580599E-15
7659.07924890518	2.54073243877136E-15
7661.91983032227	2.69472247967772E-15
7664.76041173935	2.68019428601628E-15
7667.60099315643	2.67120067873293E-15
7670.44157457352	2.61809664750556E-15
7673.2821559906	2.70347475023476E-15
7676.12273740768	2.73382870985629E-15
7678.96331882477	2.64463912944973E-15
7681.80390024185	2.65606264559789E-15
7684.64448165894	2.6893248704972E-15
7687.48506307602	2.83909692934169E-15
7690.3256444931	2.78130416239867E-15
7693.16622591019	2.68423911474963E-15
7696.00680732727	2.64823183666977E-15
7698.84738874435	2.8429823258644E-15
7701.68797016144	2.80796580274267E-15
7704.52855157852	2.80345093713309E-15
7707.36913299561	2.73872137146713E-15
7710.20971441269	2.64509013948752E-15
7713.05029582977	2.76650427176834E-15
7715.89087724686	2.85775063425154E-15
7718.73145866394	2.8701117599626E-15
7721.57204008102	2.84263392345618E-15
7724.41262149811	2.7308415306308E-15
7727.25320291519	2.88316413669501E-15
7730.09378433227	2.93372569793972E-15
7732.93436574936	3.03804042623859E-15
7735.77494716644	2.94975969137059E-15
7738.61552858353	2.98702060706024E-15
7741.45611000061	3.01235698384192E-15
7744.29669141769	3.09258658344643E-15
7747.13727283478	3.056387680717E-15
7749.97785425186	3.07512512738509E-15
7752.81843566895	3.14862390549258E-15
7755.65901708603	3.18397270548937E-15
7758.49959850311	3.23019656124924E-15
7761.3401799202	3.29165609760865E-15
7764.18076133728	3.3365553618691E-15
7767.02134275436	3.3666072477856E-15
7769.86192417145	3.2203704558206E-15
7772.70250558853	3.40473428394644E-15
7775.54308700561	3.54209562115592E-15
7778.3836684227	3.44144665802282E-15
7781.22424983978	3.51515813277349E-15
7784.06483125687	3.50412930639471E-15
7786.90541267395	3.60279760849543E-15
7789.74599409103	3.59625552433219E-15
7792.58657550812	3.53834572243082E-15
7795.4271569252	3.4288169377581E-15
7798.26773834228	3.43015147405914E-15
7801.10831975937	3.55138005754068E-15
7803.94890117645	3.566647840455E-15
7806.78948259354	3.65320384894991E-15
7809.63006401062	3.6035342507253E-15
7812.4706454277	3.47097754851149E-15
7815.31122684479	3.5518718356494E-15
7818.15180826187	3.54452752231715E-15
7820.99238967896	3.76192418368658E-15
7823.83297109604	3.66206905717205E-15
7826.67355251312	3.59241555763857E-15
7829.51413393021	3.73346399891856E-15
7832.35471534729	3.72110726877423E-15
7835.19529676437	3.6765599597802E-15
7838.03587818146	3.81107009620728E-15
7840.87645959854	3.66526380933246E-15
7843.71704101562	3.68960602314669E-15
7846.55762243271	3.75427235233374E-15
7849.39820384979	3.89767611933283E-15
7852.23878526687	3.64761691858467E-15
7855.07936668396	3.59584785808924E-15
7857.91994810104	3.71774992538288E-15
7860.76052951813	3.75350486054124E-15
7863.60111093521	3.7936727576551E-15
7866.44169235229	3.81710152213175E-15
7869.28227376938	3.68904844616625E-15
7872.12285518646	3.53887442990258E-15
7874.96343660355	3.55486106260888E-15
7877.80401802063	3.75597324599882E-15
7880.64459943771	3.79844493981566E-15
7883.4851808548	3.74682920066779E-15
7886.32576227188	3.69534358996437E-15
7889.16634368897	3.77504834373559E-15
7892.00692510605	3.84958136164423E-15
7894.84750652313	3.66120915190954E-15
7897.68808794022	3.65226728600729E-15
7900.5286693573	3.66631234801424E-15
7903.36925077438	3.61490470401968E-15
7906.20983219147	3.72549260865235E-15
7909.05041360855	3.60973538155632E-15
7911.89099502563	3.54759952130743E-15
7914.73157644272	3.59424979576117E-15
7917.5721578598	3.6019573914774E-15
7920.41273927689	3.58909057420842E-15
7923.25332069397	3.50952723705106E-15
7926.09390211105	3.61732851224817E-15
7928.93448352814	3.64113517692725E-15
7931.77506494522	3.62485961109375E-15
7934.6156463623	3.6840341921612E-15
7937.45622777939	3.70927069765014E-15
7940.29680919647	3.74476042355377E-15
7943.13739061356	3.74415189538874E-15
7945.97797203064	3.60626098597956E-15
7948.81855344772	3.53032390398347E-15
7951.65913486481	3.45461843335037E-15
7954.49971628189	3.44112503559474E-15
7957.34029769897	3.53426806685408E-15
7960.18087911606	3.50197914901795E-15
7963.02146053314	3.50445083816238E-15
7965.86204195023	3.50322765726658E-15
7968.70262336731	3.51475521971302E-15
7971.54320478439	3.27098673365052E-15
7974.38378620148	3.30822401937717E-15
7977.22436761856	3.5115827475367E-15
7980.06494903564	3.44301848954104E-15
7982.90553045273	3.49260006418787E-15
7985.74611186981	3.43378112037084E-15
7988.5866932869	3.24486641828463E-15
7991.42727470398	3.3158586701277E-15
7994.26785612106	3.32492308450783E-15
7997.10843753815	3.35583397823107E-15
7999.94901895523	3.30828827188042E-15
8002.78960037231	3.27952621640649E-15
8005.6301817894	3.33923080441569E-15
8008.47076320648	3.25398458790383E-15
8011.31134462356	3.09316936573064E-15
8014.15192604065	3.20975691258466E-15
8016.99250745773	3.21480847866376E-15
8019.83308887482	3.03320998142694E-15
8022.6736702919	3.18739590208412E-15
8025.51425170898	3.07249819420005E-15
8028.35483312607	3.21181926322885E-15
8031.19541454315	3.05160171252126E-15
8034.03599596024	2.89199082919644E-15
8036.87657737732	3.02449472079582E-15
8039.7171587944	2.97002032617566E-15
8042.55774021149	2.7837451548768E-15
8045.39832162857	2.79272982847457E-15
8048.23890304565	2.78916200677312E-15
8051.07948446274	2.6483761711219E-15
8053.92006587982	2.54386783774068E-15
8056.7606472969	2.70316849702997E-15
8059.60122871399	2.58899054076436E-15
8062.44181013107	2.63227752004019E-15
8065.28239154816	2.43114789157215E-15
8068.12297296524	2.28998454144241E-15
8070.96355438232	2.20977355640579E-15
8073.80413579941	2.08115270330696E-15
8076.64471721649	2.09521409499009E-15
8079.48529863358	2.05457491076121E-15
8082.32588005066	2.00840877778751E-15
8085.16646146774	1.79273852086894E-15
8088.00704288483	1.80412559893665E-15
8090.84762430191	1.78223325091744E-15
8093.68820571899	1.70296335817864E-15
8096.52878713608	1.43218985098393E-15
8099.36936855316	1.3627463346116E-15
8102.20994997025	1.42011651224054E-15
8105.05053138733	1.41697742811735E-15
8107.89111280441	1.3070264553102E-15
8110.7316942215	1.35249007185729E-15
8113.57227563858	1.21207454814993E-15
8116.41285705566	1.07094686744853E-15
8119.25343847275	1.25775693778554E-15
8122.09401988983	1.04029693142029E-15
8124.93460130692	1.13207871704904E-15
8127.775182724	9.8887203683668E-16
8130.61576414108	9.38151192902946E-16
8133.45634555817	9.45809668275439E-16
8136.29692697525	9.42984025938569E-16
8139.13750839234	9.2566385007362E-16
8141.97808980942	8.62074283411753E-16
8144.8186712265	7.52020213585896E-16
8147.65925264358	7.77834177922937E-16
8150.49983406067	7.63815788607351E-16
8153.34041547775	6.86061892748962E-16
8156.18099689484	7.70258915441939E-16
8159.02157831192	8.05647331316673E-16
8161.862159729	6.63672944115016E-16
8164.70274114609	6.50027660360641E-16
8167.54332256317	6.92300459761515E-16
8170.38390398026	6.39156451907012E-16
8173.22448539734	6.36020241343838E-16
8176.06506681442	6.13193067331534E-16
8178.90564823151	7.03079175331936E-16
8181.74622964859	5.71891225941093E-16
8184.58681106567	6.51957768845668E-16
8187.42739248276	5.78623020119938E-16
8190.26797389984	6.20871908822549E-16
8193.10855531693	6.15131666979494E-16
8195.94913673401	6.02617033865175E-16
8198.78971815109	5.99004894654207E-16
8201.63029956818	6.56358113653895E-16
8204.47088098526	6.96474413181079E-16
8207.31146240234	6.44184952583671E-16
8210.15204381943	6.21627652134218E-16
8212.99262523651	5.06705330928103E-16
8215.8332066536	5.07814998144545E-16
8218.67378807068	5.70624149103623E-16
8221.51436948776	5.40798805699162E-16
8224.35495090485	5.24758626839084E-16
8227.19553232193	5.44188630991585E-16
8230.03611373901	6.58156275036175E-16
8232.8766951561	6.9935752996542E-16
8235.71727657318	5.95518020109351E-16
8238.55785799027	5.38692256506428E-16
8241.39843940735	5.89662875619641E-16
8244.23902082443	6.79569612662392E-16
8247.07960224152	6.03158083274037E-16
8249.9201836586	5.06266429481353E-16
8252.76076507568	5.93291536489056E-16
8255.60134649277	6.47672277921775E-16
8258.44192790985	6.88704358051757E-16
8261.28250932694	6.01026413826185E-16
8264.12309074402	5.51086610133813E-16
8266.9636721611	6.07265691790024E-16
8269.80425357819	5.81803512435775E-16
8272.64483499527	6.28542476073317E-16
8275.48541641236	7.17291072190507E-16
8278.32599782944	6.05928123047138E-16
8281.16657924652	7.6716659550738E-16
8284.00716066361	5.99851451939794E-16
8286.84774208069	6.65608295270814E-16
8289.68832349777	5.98263199949709E-16
8292.52890491486	6.5741427965104E-16
8295.36948633194	7.69445109559218E-16
8298.21006774902	6.71808343523561E-16
8301.05064916611	6.83833258372394E-16
8303.89123058319	6.5923271247623E-16
8306.73181200027	8.72578662118392E-16
8309.57239341736	7.42556015957975E-16
8312.41297483444	5.43023993415633E-16
8315.25355625153	6.87387554687433E-16
8318.09413766861	7.54561810494741E-16
8320.93471908569	7.66976123030979E-16
8323.77530050278	7.20488252137349E-16
8326.61588191986	7.78127137936496E-16
8329.45646333694	8.07468928900857E-16
8332.29704475403	7.03511500819874E-16
8335.13762617111	6.99198851859293E-16
8337.9782075882	7.42135651278665E-16
8340.81878900528	5.61136969142348E-16
8343.65937042236	8.16925239338582E-16
8346.49995183945	8.67171386379214E-16
8349.34053325653	8.01132740485973E-16
8352.18111467362	8.46501654341581E-16
8355.0216960907	9.7473776443805E-16
8357.86227750778	9.69326451242576E-16
8360.70285892487	1.06084558608336E-15
8363.54344034195	8.93450446729581E-16
8366.38402175903	1.01906767136349E-15
8369.22460317612	1.20253587605488E-15
8372.0651845932	1.0200627012766E-15
8374.90576601028	1.01249286683085E-15
8377.74634742737	1.05699375456978E-15
8380.58692884445	1.13743755091405E-15
8383.42751026154	1.22121058036663E-15
8386.26809167862	1.22541233780783E-15
8389.1086730957	1.19476278137944E-15
8391.94925451279	1.10893274938919E-15
8394.78983592987	1.2922349728158E-15
8397.63041734696	1.2818073980041E-15
8400.47099876404	1.29261890286171E-15
8403.31158018112	1.37387666131929E-15
8406.15216159821	1.3537600522159E-15
8408.99274301529	1.4314686376278E-15
8411.83332443237	1.50401247882005E-15
8414.67390584946	1.49289102399107E-15
8417.51448726654	1.6371714621294E-15
8420.35506868362	1.58685570100644E-15
8423.19565010071	1.54278186851322E-15
8426.03623151779	1.68962778933049E-15
8428.87681293488	1.65875372363042E-15
8431.71739435196	1.73760319870549E-15
8434.55797576904	1.91890193003094E-15
8437.39855718613	1.84359045999788E-15
8440.23913860321	1.66191531564271E-15
8443.07972002029	1.68980719170863E-15
8445.92030143738	1.79946266960012E-15
8448.76088285446	1.81721769558308E-15
8451.60146427155	1.85397147882825E-15
8454.44204568863	1.80241856002669E-15
8457.28262710571	2.03730273105264E-15
8460.1232085228	1.94270002823487E-15
8462.96378993988	1.89911232342373E-15
8465.80437135696	1.89544768287909E-15
8468.64495277405	1.93150181295748E-15
8471.48553419113	2.09787687266267E-15
8474.32611560822	2.17161537851522E-15
8477.1666970253	2.2061904125213E-15
8480.00727844238	2.11685006445542E-15
8482.84785985947	2.18947550507136E-15
8485.68844127655	2.26944203042867E-15
8488.52902269364	2.24202748805161E-15
8491.36960411072	2.28490120948949E-15
8494.2101855278	2.34779956992382E-15
8497.05076694489	2.33270964713713E-15
8499.89134836197	2.22779295269527E-15
8502.73192977905	2.35323090540097E-15
8505.57251119614	2.45256156155262E-15
8508.41309261322	2.57430724925505E-15
8511.2536740303	2.53712632390461E-15
8514.09425544739	2.53205094389896E-15
8516.93483686447	2.69645515165279E-15
8519.77541828155	2.67952668830473E-15
8522.61599969864	2.61901392496828E-15
8525.45658111572	2.81031462895144E-15
8528.29716253281	2.93347143534934E-15
8531.13774394989	2.86792190149016E-15
8533.97832536697	2.84812084254458E-15
8536.81890678406	2.84059794329052E-15
8539.65948820114	2.75632648713652E-15
8542.50006961822	2.97609048070406E-15
8545.34065103531	3.04802873956952E-15
8548.18123245239	2.9856533078246E-15
8551.02181386948	3.01576035482861E-15
8553.86239528656	2.99592556890948E-15
8556.70297670364	2.92413353181162E-15
8559.54355812073	2.94146403603508E-15
8562.38413953781	3.06370908235742E-15
8565.2247209549	3.13011165259502E-15
8568.06530237198	3.15741517301953E-15
8570.90588378906	3.26205748465769E-15
8573.74646520615	3.39112392750577E-15
8576.58704662323	3.41211116188749E-15
8579.42762804031	3.45999734357366E-15
8582.2682094574	3.1857055195087E-15
8585.10879087448	3.10990175518063E-15
8587.94937229157	3.26461873953386E-15
8590.78995370865	3.3000361364855E-15
8593.63053512573	3.28520518788501E-15
8596.47111654282	3.24031130653683E-15
8599.3116979599	3.25785776393545E-15
8602.15227937699	3.33354595723096E-15
8604.99286079407	3.40222518849447E-15
8607.83344221115	3.40903662561703E-15
8610.67402362824	3.44957688840189E-15
8613.51460504532	3.35405668660176E-15
8616.3551864624	3.5286297368356E-15
8619.19576787949	3.49447780063096E-15
8622.03634929657	3.38068107756602E-15
8624.87693071365	3.41367293351401E-15
8627.71751213074	3.47689221184128E-15
8630.55809354782	3.44133397747302E-15
8633.39867496491	3.57903556694179E-15
8636.23925638199	3.48618102024274E-15
8639.07983779907	3.48421792484323E-15
8641.92041921616	3.46471099259693E-15
8644.76100063324	3.48785867672171E-15
8647.60158205032	3.56135582107607E-15
8650.44216346741	3.50756372952731E-15
8653.28274488449	3.66808738795396E-15
8656.12332630157	3.69088429603081E-15
8658.96390771866	3.50614534911499E-15
8661.80448913574	3.45093253024583E-15
8664.64507055283	3.49759282222411E-15
8667.48565196991	3.46133170048597E-15
8670.32623338699	3.65924760356223E-15
8673.16681480408	3.65462454333388E-15
8676.00739622116	3.55099314259192E-15
8678.84797763825	3.48177031729107E-15
8681.68855905533	3.38399801253724E-15
8684.52914047241	3.42068986046968E-15
8687.3697218895	3.55694007175618E-15
8690.21030330658	3.63821119797749E-15
8693.05088472366	3.64606367703239E-15
8695.89146614075	3.67102690474029E-15
8698.73204755783	3.71150639002424E-15
8701.57262897492	3.57783024601393E-15
8704.413210392	3.46834413523221E-15
8707.25379180908	3.55106672957384E-15
8710.09437322617	3.62790896172471E-15
8712.93495464325	3.54908750357301E-15
8715.77553606033	3.61517663437067E-15
8718.61611747742	3.6787776233788E-15
8721.4566988945	3.64246508368465E-15
8724.29728031159	3.4541217848705E-15
8727.13786172867	3.4237288399793E-15
8729.97844314575	3.52074025787799E-15
8732.81902456284	3.6131022314803E-15
8735.65960597992	3.62347067182945E-15
8738.500187397	3.51975830574459E-15
8741.34076881409	3.60650116685266E-15
8744.18135023117	3.56893234394069E-15
8747.02193164825	3.47296675348351E-15
8749.86251306534	3.45520709236492E-15
8752.70309448242	3.46565323195199E-15
8755.54367589951	3.49727978684664E-15
8758.38425731659	3.45064075072368E-15
8761.22483873367	3.35646342313553E-15
8764.06542015076	3.25306235031123E-15
8766.90600156784	3.16764755105284E-15
8769.74658298492	3.23117228912604E-15
8772.58716440201	3.38478567923074E-15
8775.42774581909	3.291120704514E-15
8778.26832723618	3.09802115596175E-15
8781.10890865326	3.23507143255111E-15
8783.94949007034	3.26188039567676E-15
8786.79007148743	2.99880456819122E-15
8789.63065290451	2.8179596459958E-15
8792.47123432159	3.00848736073718E-15
8795.31181573868	2.94252326400755E-15
8798.15239715576	2.802456624734E-15
8800.99297857285	2.90833408066069E-15
8803.83355998993	2.91029203423182E-15
8806.67414140701	2.9024535770111E-15
8809.5147228241	3.06185291431401E-15
8812.35530424118	2.87671550975993E-15
8815.19588565827	2.91581002792005E-15
8818.03646707535	2.7795148978098E-15
8820.87704849243	2.8413480443615E-15
8823.71762990952	2.68815945910275E-15
8826.5582113266	2.63439340881937E-15
8829.39879274368	2.67128715528726E-15
8832.23937416077	2.5739960974601E-15
8835.07995557785	2.60763816934226E-15
8837.92053699493	2.51478404659921E-15
8840.76111841202	2.60991415955041E-15
8843.6016998291	2.43787196488527E-15
8846.44228124619	2.61868797732056E-15
8849.28286266327	2.52814282096076E-15
8852.12344408035	2.50061545359725E-15
8854.96402549744	2.52917994378002E-15
8857.80460691452	2.40696329864368E-15
8860.6451883316	2.5037034322532E-15
8863.48576974869	2.54598697158643E-15
8866.32635116577	2.54787189632347E-15
8869.16693258285	2.53197530778602E-15
8872.00751399994	2.54584225753937E-15
8874.84809541702	2.49034179990416E-15
8877.68867683411	2.56319968062357E-15
8880.52925825119	2.42520742850964E-15
8883.36983966827	2.37430311904822E-15
8886.21042108536	2.51153082210774E-15
8889.05100250244	2.75478708870337E-15
8891.89158391953	2.81921081639793E-15
8894.73216533661	2.62514453843887E-15
8897.57274675369	2.42020611395324E-15
8900.41332817078	2.36882330253056E-15
8903.25390958786	2.40497917065327E-15
8906.09449100494	2.52590809979951E-15
8908.93507242203	2.42811284235035E-15
8911.77565383911	2.37414928505073E-15
8914.6162352562	2.4313033231093E-15
8917.45681667328	2.55458584162249E-15
8920.29739809036	2.53671146974913E-15
8923.13797950745	2.31355240517304E-15
8925.97856092453	2.34946253851387E-15
8928.81914234161	2.46121164924481E-15
8931.6597237587	2.49848575113778E-15
8934.50030517578	2.66372761486956E-15
8937.34088659287	2.56849335424229E-15
8940.18146800995	2.64413625683663E-15
8943.02204942703	2.50324071212403E-15
8945.86263084412	2.44258494277773E-15
8948.7032122612	2.48906831670103E-15
8951.54379367828	2.63597100690233E-15
8954.38437509537	2.54706712857859E-15
8957.22495651245	2.42883358283483E-15
8960.06553792953	2.52186041219041E-15
8962.90611934662	2.56538048117479E-15
8965.7467007637	2.39138365534711E-15
8968.58728218079	2.35376933965669E-15
8971.42786359787	2.34166498646308E-15
8974.26844501495	2.30189400720736E-15
8977.10902643204	2.25337461045303E-15
8979.94960784912	2.30824580069111E-15
8982.7901892662	2.23385821774234E-15
8985.63077068329	2.25096367985929E-15
8988.47135210037	2.29150299863016E-15
8991.31193351746	2.2851940033447E-15
8994.15251493454	2.27285766959287E-15
8996.99309635162	2.34637507416566E-15
8999.83367776871	2.26029973344892E-15
9002.67425918579	2.13171895255018E-15
9005.51484060287	2.2323324113356E-15
9008.35542201996	2.33994026276472E-15
9011.19600343704	2.27846620964108E-15
9014.03658485413	2.17952319173886E-15
9016.87716627121	2.094594136628E-15
9019.71774768829	2.16126191620909E-15
9022.55832910538	2.24155259834227E-15
9025.39891052246	2.24208717506135E-15
9028.23949193955	2.27556671747522E-15
9031.08007335663	2.27329747274606E-15
9033.92065477371	2.16183095656716E-15
9036.7612361908	2.15745227155436E-15
9039.60181760788	2.18167031983118E-15
9042.44239902496	2.09774671707279E-15
9045.28298044205	2.03874134077841E-15
9048.12356185913	2.27642563647791E-15
9050.96414327622	2.17734047968747E-15
9053.8047246933	2.14184422326177E-15
9056.64530611038	2.02349708768457E-15
9059.48588752747	2.05769582005473E-15
9062.32646894455	2.03846966768363E-15
9065.16705036163	1.92099233453812E-15
9068.00763177872	1.94891419692185E-15
9070.8482131958	2.0753696941369E-15
9073.68879461288	1.97911802687029E-15
9076.52937602997	2.05969117267278E-15
9079.36995744705	2.03210097353884E-15
9082.21053886414	1.71457044713051E-15
9085.05112028122	1.77542169342695E-15
9087.8917016983	1.8877374228903E-15
9090.73228311539	1.68726895690672E-15
9093.57286453247	1.59991298301215E-15
9096.41344594956	1.62602377141065E-15
9099.25402736664	1.52848496318107E-15
9102.09460878372	1.46037126906059E-15
9104.93519020081	1.55672255678512E-15
9107.77577161789	1.38002832609401E-15
9110.61635303497	1.17721429034361E-15
9113.45693445206	1.19239022761976E-15
9116.29751586914	1.20787203430668E-15
9119.13809728623	1.22365189905765E-15
9121.97867870331	1.23976492040566E-15
9124.81926012039	1.2562013281181E-15
9127.65984153748	1.27297093877987E-15
9130.50042295456	1.29007435131502E-15
9133.34100437165	1.3075298017353E-15
