3.201080724687535621e+03 3.360892820590407615e-01
3.211085311317509422e+03 2.523972897365383883e+00
3.221089897947483223e+03 1.347946684703446252e+00
3.231094484577456569e+03 1.405430019965053512e-01
3.241099071207429915e+03 1.146152796442482469e+00
3.251103657837404171e+03 1.150529978729652791e+00
3.261108244467377517e+03 -6.196405103696649430e-01
3.271112831097350863e+03 8.894090284761591025e-02
3.281117417727325119e+03 7.956198511372367665e-01
3.291122004357298465e+03 -1.297893138013996306e-01
3.301126590987271811e+03 -1.194921815900251844e-01
3.311131177617245612e+03 -2.913264746105628245e-01
3.321135764247219413e+03 4.612410965650021732e-01
3.331140350877192759e+03 1.331835212658971423e+00
3.341144937507166560e+03 4.260684863641352460e-01
3.351149524137140361e+03 7.003862481421820885e-01
3.361154110767113707e+03 -2.185839644722906983e-01
3.371158697397087508e+03 1.242406990438726933e+00
3.381163284027061309e+03 9.666586569125662498e-01
3.391167870657034655e+03 9.083595133629397411e-01
3.401172457287008001e+03 1.019782609340559976e+00
3.411177043916982257e+03 9.856432574186639872e-01
3.421181630546955603e+03 7.872802138307687381e-01
3.431186217176928949e+03 2.750251417281489585e-01
3.441190803806903205e+03 1.058898391819371287e+00
3.451195390436876551e+03 1.422898700343232514e+00
3.461199977066849897e+03 3.386900788812449714e-01
3.471204563696823698e+03 6.203836375556605054e-01
3.481209150326797499e+03 1.255294595789242740e+00
3.491213736956770845e+03 -3.878352601241804448e-02
3.501218323586744646e+03 6.801378864335531071e-01
3.511222910216718446e+03 2.650997214385518164e-01
3.521227496846691793e+03 1.188996081153641970e+00
3.531232083476665139e+03 5.304251992797153203e-01
3.541236670106639394e+03 4.106169290602778577e-01
3.551241256736612740e+03 6.439337978990711253e-01
3.561245843366586087e+03 6.154600120442969002e-01
3.571250429996560342e+03 5.050734716944190739e-01
3.581255016626533688e+03 4.871786086167154695e-01
3.591259603256507035e+03 6.695857770499779038e-01
3.601264189886481290e+03 3.730173633669446320e-01
3.611268776516454636e+03 6.077842201911067832e-01
3.621273363146427982e+03 8.420654485907282938e-01
3.631277949776401783e+03 6.482753812791279824e-01
3.641282536406375584e+03 1.521347477965759865e-01
3.651287123036348930e+03 1.031059156483895983e-01
3.661291709666322731e+03 7.931510669289119075e-01
3.671296296296296532e+03 2.094839048441213269e-01
3.681300882926269878e+03 1.009745200822334876e+00
3.691305469556243224e+03 7.967895718934762950e-02
3.701310056186217480e+03 2.613334905618397430e-01
3.711314642816190826e+03 7.687732319951110505e-01
3.721319229446164172e+03 4.845218918445870493e-01
3.731323816076138428e+03 2.241178145830923230e-01
3.741328402706111774e+03 4.548935147690965630e-01
3.751332989336085120e+03 1.792673448258471913e-01
3.761337575966059376e+03 5.256935112092059326e-01
3.771342162596032722e+03 3.659394106600926677e-01
3.781346749226006068e+03 2.631315468615113562e-01
3.791351335855979869e+03 -2.649226168756618760e-02
3.801355922485953670e+03 2.407678684264393243e-01
3.811360509115927016e+03 4.120143344932643559e-01
3.821365095745900362e+03 2.982887308692956374e-01
3.831369682375874618e+03 2.737950511585960922e-01
3.841374269005847964e+03 8.976190264292219223e-02
3.851378855635821310e+03 -5.002833079691118220e-03
3.861383442265795566e+03 3.331884161156252744e-01
3.871388028895768912e+03 4.698628552103450429e-01
3.881392615525742258e+03 6.498295702321937872e-01
3.891397202155716514e+03 1.316683427818765850e-01
3.901401788785689860e+03 2.305001053134335398e-01
3.911406375415663206e+03 1.818614668529676057e-02
3.921410962045637007e+03 2.631456380955771168e-01
3.931415548675610808e+03 5.210701031478333078e-01
3.941420135305584154e+03 7.944519103263529836e-01
3.951424721935557500e+03 -6.612120241241928320e-02
3.961429308565531755e+03 8.948037461916584778e-01
3.971433895195505102e+03 4.066890346466363604e-01
3.981438481825478448e+03 4.908742201614409439e-01
3.991443068455452703e+03 5.849419589485269633e-01
4.001447655085426049e+03 2.918067631990364785e-01
4.011452241715399396e+03 6.061707738905749432e-01
4.021456828345373651e+03 4.221862772146228737e-01
4.031461414975346997e+03 8.333496494990936254e-01
4.041466001605320344e+03 7.537045112715039519e-01
4.051470588235294599e+03 1.112569677444235738e+00
4.061475174865267945e+03 6.669796403917066518e-01
4.071479761495241291e+03 7.526142947411513795e-01
4.081484348125215092e+03 1.094457250162420126e+00
4.091488934755188893e+03 7.629617104088237678e-01
4.101493521385162239e+03 1.014160948592211620e+00
4.111498108015135585e+03 5.987231858648605076e-01
4.121502694645109841e+03 1.411173310312706874e+00
4.131507281275083187e+03 7.282710204130066201e-01
4.141511867905057443e+03 5.372676058844992886e-01
4.151516454535030789e+03 6.380837108300775329e-01
4.161521041165004135e+03 7.353977732883600904e-01
4.171525627794977481e+03 5.173678168080240170e-01
4.181530214424950827e+03 2.473655325448174958e-01
4.191534801054925083e+03 9.753166077801411760e-01
4.201539387684898429e+03 9.183049580377883325e-01
4.211543974314872685e+03 5.471578722533217976e-01
4.221548560944846031e+03 4.595032765827422594e-01
4.231553147574819377e+03 5.371845417679009804e-01
4.241557734204792723e+03 8.769790767423438771e-01
4.251562320834766069e+03 4.936322454900634593e-01
4.261566907464740325e+03 6.811316892571397386e-01
4.271571494094714581e+03 5.968408936512314966e-01
4.281576080724687927e+03 4.731692520372958177e-01
4.291580667354661273e+03 6.108446137370249218e-01
4.301585253984634619e+03 1.117046240013764846e+00
4.311589840614607965e+03 6.189774807246749555e-01
4.321594427244582221e+03 4.908147403208054094e-01
4.331599013874556476e+03 6.120174493976368035e-01
4.341603600504529823e+03 7.485233869986857025e-01
4.351608187134503169e+03 7.471201967432933300e-01
4.361612773764476515e+03 5.935020128215396928e-01
4.371617360394449861e+03 6.417281489458273036e-01
4.381621947024424117e+03 6.155703686563488430e-01
4.391626533654397463e+03 7.761614885089693772e-01
4.401631120284371718e+03 8.404605311950256175e-01
4.411635706914345064e+03 7.708290688809187330e-01
4.421640293544318411e+03 5.381041802016678366e-01
4.431644880174291757e+03 2.506730922694006547e-01
4.441649466804265103e+03 8.414869663501330921e-01
4.451654053434239358e+03 9.361785759843839205e-01
4.461658640064213614e+03 8.396209903022643362e-01
4.471663226694186960e+03 2.185017903283702490e-01
4.481667813324160306e+03 9.131816819890296033e-01
4.491672399954133652e+03 4.494689829688894855e-01
4.501676986584106999e+03 7.706495910575544839e-01
4.511681573214081254e+03 8.322253173494241762e-01
4.521686159844054600e+03 1.283672857909929022e+00
4.531690746474028856e+03 6.947542043792589439e-01
4.541695333104002202e+03 7.785436487099846037e-01
4.551699919733975548e+03 1.101275924162461450e+00
4.561704506363948894e+03 9.665815259471535192e-01
4.571709092993922241e+03 8.481899439020553766e-01
4.581713679623896496e+03 9.485610625087144143e-01
4.591718266253870752e+03 9.945044187143453618e-01
4.601722852883844098e+03 1.018081278238091469e+00
4.611727439513817444e+03 9.427584406492054425e-01
4.621732026143790790e+03 6.397524096010251959e-01
4.631736612773764136e+03 8.515792565168248673e-01
4.641741199403738392e+03 8.297052113833437437e-01
4.651745786033711738e+03 3.598174369380193194e-01
4.661750372663685994e+03 6.127402555408215656e-01
4.671754959293659340e+03 6.088077629350113762e-01
4.681759545923632686e+03 7.077685715048548376e-01
4.691764132553606032e+03 1.881819786465888933e-01
4.701768719183579378e+03 8.255623885680043461e-01
4.711773305813553634e+03 7.346531628145681614e-01
4.721777892443527890e+03 1.108554417379386425e+00
4.731782479073501236e+03 1.080662673655918615e+00
4.741787065703474582e+03 9.045622966041609869e-01
4.751791652333447928e+03 1.286761063102029423e+00
4.761796238963421274e+03 7.630729569935535972e-01
4.771800825593395530e+03 7.754064950206027707e-01
4.781805412223369785e+03 6.805057418070598052e-01
4.791809998853343131e+03 9.765418034999658881e-01
4.801814585483316478e+03 8.914633820741703074e-01
4.811819172113289824e+03 1.197044400736897440e+00
4.821823758743263170e+03 1.000818774863611704e+00
4.831828345373236516e+03 8.893378306619320606e-01
4.841832932003210772e+03 7.868975255792979295e-01
4.851837518633185027e+03 1.342661730284880228e+00
4.861842105263158373e+03 7.697477520773445825e-01
4.871846691893131720e+03 1.072648469691980466e+00
4.881851278523105066e+03 6.689672460388799147e-01
4.891855865153078412e+03 7.296337169115574284e-01
4.901860451783052667e+03 1.196836740445401670e+00
4.911865038413026923e+03 9.258148441509511661e-01
4.921869625043000269e+03 9.219048975196461049e-01
4.931874211672973615e+03 8.329639946720301946e-01
4.941878798302946961e+03 7.065018437267308604e-01
4.951883384932920308e+03 6.813156169438931986e-01
4.961887971562894563e+03 7.642462376405044777e-01
4.971892558192867909e+03 6.143006743026322436e-01
4.981897144822842165e+03 7.435914550756625996e-01
4.991901731452815511e+03 1.114227993200608724e+00
5.001906318082788857e+03 7.085131819786465446e-01
5.011910904712762203e+03 1.063879272239675489e+00
5.021915491342735550e+03 9.566716801794185043e-01
5.031920077972709805e+03 1.031128277695207984e+00
5.041924664602684061e+03 6.398384402932163484e-01
5.051929251232657407e+03 8.678227411751792131e-01
5.061933837862630753e+03 7.896890732121191192e-01
5.071938424492604099e+03 7.859778871455312954e-01
5.081943011122577445e+03 7.949577114649246656e-01
5.091947597752551701e+03 8.885947034759366092e-01
5.101952184382525047e+03 7.590072651436267082e-01
5.111956771012499303e+03 5.551370706252650722e-01
5.121961357642472649e+03 5.337314477778866140e-01
5.131965944272445995e+03 1.298160129817347963e+00
5.141970530902419341e+03 1.261448756856497821e+00
5.151975117532392687e+03 1.218980743957827073e+00
5.161979704162366943e+03 7.187727870087721183e-01
5.171984290792341199e+03 9.824749546855576776e-01
5.181988877422314545e+03 1.178694647407657836e+00
5.191993464052287891e+03 1.192916410799522042e+00
5.201998050682261237e+03 1.231208968551332106e+00
5.212002637312234583e+03 9.046290445549988180e-01
5.222007223942208839e+03 8.239070393872240938e-01
5.232011810572182185e+03 7.874730412443005090e-01
5.242016397202156440e+03 4.835711933643637161e-01
5.252020983832129787e+03 1.022184052282928191e+00
5.262025570462103133e+03 1.179310211843163092e+00
5.272030157092076479e+03 8.441153523253502877e-01
5.282034743722049825e+03 9.767568802304436026e-01
5.292039330352024081e+03 1.470850428225186857e+00
5.302043916981998336e+03 1.226951932575669924e+00
5.312048503611971682e+03 1.187834666809062467e+00
5.322053090241945029e+03 9.287843863193400162e-01
5.332057676871918375e+03 8.487417269623155347e-01
5.342062263501891721e+03 1.190379988667681355e+00
5.352066850131865976e+03 1.206421746185725397e+00
5.362071436761840232e+03 1.451097484640554658e+00
5.372076023391813578e+03 1.078049120558665530e+00
5.382080610021786924e+03 1.456023483412392627e+00
5.392085196651760270e+03 9.409414130986178959e-01
5.402089783281733617e+03 9.638967750356730591e-01
5.412094369911706963e+03 1.194463479971164865e+00
5.422098956541682128e+03 1.170195408334297360e+00
5.432103543171655474e+03 7.962170228040665876e-01
5.442108129801628820e+03 1.289579309915185545e+00
5.452112716431602166e+03 7.878214655476745154e-01
5.462117303061575512e+03 1.497589657330853363e+00
5.472121889691548859e+03 4.067307150337151178e+00
5.482126476321523114e+03 9.896852166638483439e-01
5.492131062951497370e+03 1.496076703778527417e+00
5.502135649581470716e+03 1.522302715306639964e+00
5.512140236211444062e+03 1.167160601502867268e+00
5.522144822841417408e+03 1.027341443951004019e+00
5.532149409471390754e+03 1.345042407198098866e+00
5.542153996101364100e+03 1.010018125776871889e+00
5.552158582731339266e+03 1.078092135904761051e+00
5.562163169361312612e+03 9.198846595409519988e-01
5.572167755991285958e+03 1.010341482516486700e+00
5.582172342621259304e+03 6.286781829131178334e-01
5.592176929251232650e+03 6.127239393750611995e-01
5.602181515881205996e+03 7.750297399203177617e-01
5.612186102511180252e+03 1.089731495243096093e+00
5.622190689141154508e+03 5.244979812453091084e-01
5.632195275771127854e+03 9.731702903387532411e-01
5.642199862401101200e+03 8.314421413929259375e-01
5.652204449031074546e+03 9.571107333671522444e-01
5.662209035661047892e+03 9.024486114942938952e-01
5.672213622291021238e+03 6.757399381172330965e-01
5.682218208920996403e+03 7.831507406055966403e-01
5.692222795550969749e+03 7.392928870417010412e-01
5.702227382180943096e+03 1.129719450946189419e+00
5.712231968810916442e+03 8.889907413175748285e-01
5.722236555440889788e+03 8.738597225065189988e-01
5.732241142070863134e+03 1.130757752403667826e+00
5.742245728700837390e+03 6.350667034522040622e-01
5.752250315330811645e+03 7.125714573895914894e-01
5.762254901960784991e+03 8.998854901821179419e-01
5.772259488590758338e+03 1.587020045151280589e+00
5.782264075220731684e+03 1.141802313335647190e+00
5.792268661850705030e+03 4.657990916345534638e-01
5.802273248480678376e+03 9.448187273984022250e-01
5.812277835110653541e+03 8.050188525878922974e-01
5.822282421740626887e+03 3.877937280658817487e-01
5.832287008370600233e+03 8.275633438053451307e-01
5.842291595000573579e+03 1.006573931513635722e+00
5.852296181630546926e+03 7.103465256949944573e-01
5.862300768260520272e+03 8.980758790705126726e-01
5.872305354890494527e+03 1.019984336480870057e+00
5.882309941520468783e+03 9.415940597290329839e-01
5.892314528150442129e+03 8.259213442147325113e-01
5.902319114780415475e+03 1.167638220173307317e+00
5.912323701410388821e+03 9.853199006790491765e-01
5.922328288040362168e+03 1.052431257027075739e+00
5.932332874670336423e+03 7.515448442399483842e-01
5.942337461300310679e+03 8.324151781873629918e-01
5.952342047930284025e+03 9.947580609275296082e-01
5.962346634560257371e+03 1.047162618774270193e+00
5.972351221190230717e+03 8.989688183239440411e-01
5.982355807820204063e+03 1.030824203696946606e+00
5.992360394450177409e+03 8.573714953617590506e-01
6.002364981080152575e+03 8.115853676625459645e-01
6.012369567710125921e+03 5.363613170409001762e-01
6.022374154340099267e+03 7.459706487010848708e-01
6.032378740970072613e+03 5.889038206527059671e-01
6.042383327600045959e+03 8.862570419088133811e-01
6.052387914230019305e+03 7.607382620020232133e-01
6.062392500859993561e+03 8.407987208126043166e-01
6.072397087489967817e+03 7.669740038980803476e-01
6.082401674119941163e+03 9.835547882013355725e-01
6.092406260749914509e+03 1.065484189635378165e+00
6.102410847379887855e+03 6.254001168830783941e-01
6.112415434009861201e+03 9.624164538148678449e-01
6.122420020639834547e+03 9.740721293189632535e-01
6.132424607269809712e+03 1.236192815547229262e+00
6.142429193899783058e+03 8.527302878468298042e-01
6.152433780529756405e+03 8.134335442568578767e-01
6.162438367159729751e+03 1.042542177288490635e+00
6.172442953789703097e+03 2.726437231710320042e+00
6.182447540419676443e+03 2.193856815262437809e+00
6.192452127049650699e+03 8.931587800254532361e-01
6.202456713679624954e+03 9.336911023498245532e-01
6.212461300309598300e+03 7.865578526739228638e-01
6.222465886939571647e+03 1.036742522004574507e+00
6.232470473569544993e+03 2.073671938271495208e+00
6.242475060199518339e+03 1.401668402113388279e+00
6.252479646829491685e+03 1.400062001429889680e+00
6.262484233459466850e+03 1.736194298835025851e+00
6.272488820089440196e+03 1.999537214207523839e+00
6.282493406719413542e+03 1.677266241259726787e+00
6.292497993349386888e+03 1.482015135468674583e+00
6.302502579979360235e+03 1.734004966047542284e+00
6.312507166609333581e+03 1.594946735135231330e+00
6.322511753239307836e+03 1.791442319387461568e+00
6.332516339869282092e+03 1.743309630394346721e+00
6.342520926499255438e+03 1.641372159874691983e+00
6.352525513129228784e+03 1.749223498838585744e+00
6.362530099759202130e+03 1.871455312988558051e+00
6.372534686389175477e+03 1.684394922409215400e+00
6.382539273019149732e+03 1.644042077908208110e+00
6.392543859649123988e+03 1.448165024667076084e+00
6.402548446279097334e+03 1.477683935103192292e+00
6.412553032909070680e+03 1.281311463738063372e+00
6.422557619539044026e+03 1.582027298428604789e+00
6.432562206169017372e+03 1.065365526611666391e+00
6.442566792798990718e+03 1.004700539026785133e+00
6.452571379428964974e+03 8.151096594667878170e-01
6.462575966058939230e+03 7.584940475660729708e-01
6.472580552688912576e+03 9.057088780707766018e-01
6.482585139318885922e+03 9.556185458439757641e-01
6.492589725948859268e+03 9.102136231084372309e-01
6.502594312578832614e+03 8.195061244953113500e-01
6.512598899208806870e+03 8.511891518263722256e-01
6.522603485838781125e+03 1.046664234074680566e+00
6.532608072468754472e+03 1.333195387568268275e+00
6.542612659098727818e+03 1.094246623295331622e+00
6.552617245728701164e+03 9.991812251363884068e-01
6.562621832358674510e+03 1.380461836488286576e+00
6.572626418988647856e+03 1.365121674097938387e+00
6.582631005618623021e+03 1.011839603190848758e+00
6.592635592248596367e+03 1.113824538919988560e+00
6.602640178878569714e+03 1.001334959016758175e+00
6.612644765508543060e+03 1.026243810981669613e+00
6.622649352138516406e+03 1.016532725778652058e+00
6.632653938768489752e+03 7.054561258302702864e-01
6.642658525398464008e+03 7.896475411538199651e-01
6.652663112028438263e+03 9.496141968441568215e-01
6.662667698658411609e+03 8.661303097994890177e-01
6.672672285288384955e+03 7.860164526282374942e-01
6.682676871918358302e+03 1.052021869595270109e+00
6.692681458548331648e+03 1.101126112095025311e+00
6.702686045178304994e+03 1.041152336623265562e+00
6.712690631808280159e+03 1.088090978940279951e+00
6.722695218438253505e+03 6.138126726176172943e-01
6.732699805068226851e+03 9.912115198063418120e-01
6.742704391698200197e+03 8.429302053760282520e-01
6.752708978328173544e+03 7.982164947536110056e-01
6.762713564958146890e+03 9.975659247261109419e-01
6.772718151588121145e+03 7.576203910539945907e-01
6.782722738218095401e+03 8.900423923652209801e-01
6.792727324848068747e+03 6.329752676592828031e-01
6.802731911478042093e+03 1.012216358291133878e+00
6.812736498108015439e+03 9.875641151149994190e-01
6.822741084737988785e+03 7.456665747028232705e-01
6.832745671367962132e+03 9.494525184743495272e-01
6.842750257997937297e+03 6.749923610678485453e-01
6.852754844627910643e+03 7.664889687886582426e-01
6.862759431257883989e+03 9.612060909730071323e-01
6.872764017887857335e+03 8.356101801008042340e-01
6.882768604517830681e+03 7.122584836645514672e-01
6.892773191147804027e+03 6.933658470018303488e-01
6.902777777777778283e+03 9.792310042748354482e-01
6.912782364407752539e+03 6.292878141974374007e-01
6.922786951037725885e+03 8.312463474038013223e-01
6.932791537667699231e+03 6.000240292623016947e-01
6.942796124297672577e+03 6.755678767328510137e-01
6.952800710927645923e+03 8.934910364918462466e-01
6.962805297557620179e+03 5.910560712452793686e-01
6.972809884187594434e+03 6.931240710910174796e-01
6.982814470817567781e+03 7.545603683300257103e-01
6.992819057447541127e+03 6.652753427136453013e-01
7.002823644077514473e+03 8.859796670908869354e-01
7.012828230707487819e+03 7.128503154953141907e-01
7.022832817337461165e+03 7.422550127711079471e-01
7.032837403967435421e+03 7.002201199089854722e-01
7.042841990597409676e+03 8.179279062799438282e-01
7.052846577227383023e+03 8.225794968094478632e-01
7.062851163857356369e+03 7.682511146907791133e-01
7.072855750487329715e+03 7.397319402294350033e-01
7.082860337117303061e+03 7.704715965219868234e-01
7.092864923747277317e+03 7.896653406073766979e-01
7.102869510377251572e+03 1.346585026506353033e+00
7.112874097007224918e+03 7.637597192432858950e-01
7.122878683637198264e+03 6.184701962983069068e-01
7.132883270267171611e+03 1.131776771119793246e+00
7.142887856897144957e+03 1.082451518738374752e+00
7.152892443527118303e+03 9.422096241645382397e-01
7.162897030157093468e+03 1.171824058334742569e+00
7.172901616787066814e+03 1.794070705362678542e+00
7.182906203417040160e+03 1.159953306100169446e+00
7.192910790047013506e+03 1.523259435935316874e+00
7.202915376676986853e+03 1.194384865717955657e+00
7.212919963306960199e+03 1.991944263977762253e+00
7.222924549936934454e+03 2.529843750463527829e+00
7.232929136566908710e+03 2.743414943827890973e+00
7.242933723196882056e+03 3.784579146753527468e+00
7.252938309826855402e+03 4.779657597845079486e+00
7.262942896456828748e+03 6.528127586483094547e+00
7.272947483086802094e+03 7.774756814965781082e+00
7.282952069716775441e+03 8.850244297500067248e+00
7.292956656346749696e+03 1.026989904743257576e+01
7.302961242976723952e+03 1.038624814218203518e+01
7.312965829606697298e+03 1.062154208532464672e+01
7.322970416236670644e+03 1.037046596002836019e+01
7.332975002866643990e+03 1.013115230695751201e+01
7.342979589496618246e+03 8.887504486945584148e+00
7.352984176126591592e+03 7.722886240725742368e+00
7.362988762756564938e+03 6.811999204957741583e+00
7.372993349386539194e+03 6.679185615668264298e+00
7.382997936016512540e+03 5.258240405352889724e+00
7.393002522646485886e+03 4.370789316767974775e+00
7.403007109276459232e+03 3.682558612117274421e+00
7.413011695906433488e+03 2.956854124578375043e+00
7.423016282536406834e+03 3.079943279074665696e+00
7.433020869166381090e+03 2.336279142896979799e+00
7.543071322096090626e+03 1.324667966026776389e+00
7.553075908726063972e+03 1.132503582140028442e+00
7.563080495356038227e+03 1.677172794128553246e+00
7.573085081986011573e+03 1.328794472676355642e+00
7.583089668615984920e+03 1.122621918840424726e+00
7.593094255245958266e+03 1.024827271136109497e+00
7.603098841875932521e+03 1.690713728421870732e+00
7.613103428505905867e+03 1.176315453782235565e+00
7.623108015135880123e+03 1.351055655924696230e+00
7.633112601765853469e+03 1.042380498918683340e+00
7.643117188395826815e+03 1.530377734070230700e+00
7.653121775025800162e+03 1.322632895170118283e+00
7.663126361655774417e+03 1.890229286627567173e+00
7.673130948285747763e+03 1.295530260554334401e+00
7.683135534915721109e+03 1.087469481353589007e+00
7.693140121545695365e+03 1.276398814556393368e+00
7.703144708175668711e+03 2.373327222187612495e+00
7.713149294805642057e+03 2.076113429984366210e+00
7.723153881435615403e+03 2.131882084553337275e+00
7.733158468065589659e+03 1.574650908217117617e+00
7.743163054695563005e+03 1.045422722189095488e+00
7.753167641325537261e+03 1.590298111181319918e+00
7.763172227955510607e+03 2.494181061974730440e+00
7.773176814585483953e+03 1.997895214616911108e+00
7.783181401215457299e+03 1.211903977881212180e+00
7.793185987845431555e+03 1.131001011602277062e+00
7.803190574475404901e+03 1.163964116301629659e+00
7.813195161105378247e+03 1.500602214845337512e+00
7.823199747735352503e+03 1.384573510259901941e+00
7.833204334365325849e+03 8.862021602603467052e-01
7.843208920995299195e+03 1.399624431529951973e+00
7.853213507625272541e+03 1.070370139636713125e+00
7.863218094255246797e+03 1.380740694594009277e+00
7.873222680885220143e+03 1.409334033445173162e+00
7.883227267515194399e+03 1.106559395293231107e+00
7.893231854145167745e+03 1.143953080640424336e+00
7.903236440775141091e+03 1.276327616742165771e+00
7.913241027405114437e+03 9.204453423279905788e-01
7.923245614035088693e+03 9.335843056284838237e-01
7.933250200665062039e+03 1.016829383337931381e+00
7.943254787295036294e+03 1.201424549599660496e+00
7.953259373925009641e+03 9.066018173242080813e-01
7.963263960554982987e+03 8.684412721862772022e-01
7.973268547184956333e+03 1.097594403851801736e+00
7.983273133814929679e+03 1.108274075985867135e+00
7.993277720444903935e+03 8.432594952668285293e-01
8.003282307074877281e+03 8.765593062959633475e-01
8.013286893704851536e+03 1.098469543651676705e+00
8.023291480334824882e+03 1.029170337803962720e+00
8.033296066964798229e+03 1.192450658431452926e+00
8.043300653594771575e+03 8.878337768363844251e-01
8.053305240224745830e+03 9.240467650976448288e-01
8.063309826854719176e+03 8.354099362482904079e-01
8.073314413484693432e+03 9.420642619604912005e-01
8.083319000114666778e+03 8.017674857381879017e-01
8.093323586744640124e+03 1.115699414694635516e+00
8.103328173374613471e+03 1.154576387838226470e+00
8.113332760004586817e+03 1.592250117921379715e+00
8.123337346634561072e+03 1.825098119487731596e+00
8.133341933264534418e+03 2.259154110635470225e+00
8.143346519894508674e+03 1.316014465022590452e+00
8.153351106524482020e+03 1.267556936002064649e+00
8.163355693154455366e+03 9.363031721592814938e-01
8.173360279784428712e+03 1.494379822539448011e+00
8.183364866414402968e+03 3.856042469496186786e+00
8.193369453044377224e+03 1.578016488227144576e+00
8.203374039674350570e+03 1.046247430203892659e+00
8.213378626304323916e+03 1.196284957385141512e+00
8.223383212934297262e+03 7.865089041766418765e-01
8.233387799564270608e+03 2.117124854266974054e+00
8.243392386194243954e+03 9.323516934696770564e-01
8.253396972824217301e+03 1.687913281062271453e+00
8.263401559454190647e+03 2.385301804567933281e+00
8.273406146084165812e+03 1.020245395133036137e+00
8.283410732714139158e+03 1.116516706270450632e+00
8.293415319344112504e+03 1.398006164544081997e+00
8.303419905974085850e+03 1.831538555099691878e+00
8.313424492604061015e+03 8.279460320568159393e-01
8.323429079234034361e+03 7.474465200585008740e-01
8.333433665864007708e+03 1.169363283880518356e+00
8.343438252493981054e+03 8.732975564316842743e-01
8.353442839123954400e+03 7.849588684294058760e-01
8.363447425753927746e+03 8.835752575729257652e-01
8.373452012383901092e+03 9.532883007158347022e-01
8.383456599013874438e+03 9.214450783027627878e-01
8.393461185643847784e+03 9.046423941451663397e-01
8.403465772273822950e+03 7.763617323614832033e-01
8.413470358903796296e+03 9.146456870440743403e-01
8.423474945533769642e+03 9.784611779085048422e-01
8.433479532163742988e+03 9.964579087422015258e-01
8.443484118793718153e+03 9.934483178033101103e-01
8.453488705423691499e+03 1.516114438620067784e+00
8.463493292053664845e+03 1.916579894330577405e+00
8.473497878683638191e+03 1.644853436332837759e+00
8.483502465313611538e+03 2.434775385728991104e+00
8.493507051943584884e+03 2.188861101964169720e+00
8.503511638573558230e+03 2.359891601327839261e+00
8.513516225203531576e+03 2.159619566345980068e+00
8.523520811833506741e+03 2.275197351441311078e+00
8.533525398463480087e+03 2.382566621871375467e+00
8.543529985093453433e+03 2.413576236542871456e+00
8.553534571723426779e+03 2.115828460732922078e+00
8.563539158353400126e+03 2.205020039218129391e+00
8.573543744983375291e+03 2.095577132448700475e+00
8.583548331613348637e+03 2.572500140912340694e+00
8.593552918243321983e+03 3.163596260928122739e+00
8.603557504873295329e+03 3.516979195405367964e+00
8.613562091503268675e+03 2.509960277552812258e+00
8.623566678133242021e+03 2.205235115948606772e+00
8.633571264763215368e+03 2.381191614084114061e+00
8.643575851393188714e+03 2.562441966364965573e+00
8.653580438023163879e+03 6.622242197164547761e+00
8.663585024653137225e+03 2.877587224738866745e+00
8.673589611283110571e+03 2.882117185669066384e+00
8.683594197913083917e+03 2.774016654355378364e+00
8.693598784543057263e+03 3.181251835568648101e+00
8.703603371173032428e+03 2.589612832219383876e+00
8.713607957803005775e+03 4.571863810447685417e+00
8.723612544432979121e+03 2.663815787521989442e+00
8.733617131062952467e+03 3.486730507373423826e+00
8.743621717692925813e+03 3.708735675148106203e+00
8.753626304322899159e+03 2.375879960485212994e+00
8.763630890952872505e+03 2.160444274360776795e+00
8.773635477582845851e+03 2.237380929072144475e+00
8.783640064212821017e+03 3.457669932866394458e+00
8.793644650842794363e+03 1.486712707919866983e+00
8.803649237472767709e+03 1.679135183883188054e+00
8.813653824102741055e+03 2.065662184170945714e+00
8.823658410732716220e+03 2.352734737710219459e+00
8.833662997362689566e+03 1.117249450441871517e+00
8.843667583992662912e+03 1.082215675978747349e+00
8.853672170622636258e+03 1.385295871416747371e+00
8.863676757252609605e+03 1.356116633886006229e+00
8.873681343882582951e+03 1.439388410775789051e+00
8.883685930512556297e+03 1.123212267383391305e+00
8.893690517142529643e+03 1.081959067189970591e+00
8.903695103772502989e+03 9.746921436178577203e-01
8.913699690402478154e+03 1.102217811913174472e+00
8.923704277032451500e+03 1.417584080168738936e+00
8.933708863662424847e+03 9.219152805342208934e-01
8.943713450292398193e+03 8.773246827989047425e-01
8.953718036922373358e+03 1.212949695777673087e+00
8.963722623552346704e+03 9.306414626404302393e-01
8.973727210182320050e+03 8.394607952202534085e-01
8.983731796812293396e+03 1.091161384678823731e+00
8.993736383442266742e+03 1.083429005396201017e+00
9.003740970072240088e+03 1.338022006057747237e+00
9.013745556702213435e+03 9.196858989762347614e-01
9.023750143332186781e+03 8.087686041371863199e-01
9.033754729962160127e+03 8.397900851110537968e-01
9.043759316592135292e+03 1.024892535799150961e+00
9.053763903222108638e+03 9.335323905556098811e-01
9.063768489852081984e+03 7.736710482988171655e-01
9.073773076482055330e+03 9.675871950731113058e-01
9.083777663112030496e+03 9.819572872446149514e-01
9.093782249742003842e+03 9.513896923364451030e-01
9.103786836371977188e+03 8.321912017301068554e-01
9.113791423001950534e+03 1.003671137296084925e+00
9.123796009631923880e+03 4.368623716585234185e+00
9.133800596261897226e+03 3.984185185514804495e+00
9.143805182891870572e+03 2.584680900296361106e+00
9.153809769521843918e+03 1.514448706424712743e+00
9.163814356151817265e+03 1.365216604516907850e+00
9.173818942781792430e+03 1.128139749443025419e+00
9.183823529411765776e+03 1.312502039520720087e+00
9.193828116041739122e+03 7.806172850493490856e+00
9.203832702671712468e+03 1.332434460928716202e+00
9.213837289301687633e+03 1.124174921163253460e+00
9.223841875931660979e+03 1.497183236474640244e+00
9.233846462561634326e+03 1.903168006075546703e+00
9.243851049191607672e+03 8.431853308770088651e-01
9.253855635821581018e+03 5.126757325216781958e+00
9.263860222451554364e+03 1.823076398221241456e+00
9.273864809081527710e+03 2.585616854895887773e+00
9.283869395711501056e+03 1.330641165982870966e+00
9.293873982341474402e+03 5.745129624520527223e+00
9.303878568971449567e+03 6.171812192032372080e-01
9.313883155601422914e+03 3.306162467478915179e+00
9.323887742231396260e+03 1.274294029173304477e+00
9.333892328861369606e+03 3.899889940045507153e+00
9.343896915491344771e+03 6.978720753272874555e-01
9.353901502121318117e+03 1.138285437970387726e+00
9.363906088751291463e+03 2.430812040737015955e+00
9.373910675381264809e+03 2.222469436854955127e+00
9.383915262011238156e+03 1.387203379522915281e+00
9.393919848641211502e+03 9.887121798694112895e-01
9.403924435271184848e+03 7.909943664729491841e-01
9.413929021901158194e+03 8.644645776041343099e-01
9.423933608531131540e+03 1.399038532850374938e+00
9.433938195161106705e+03 1.736425691731263710e+00
9.443942781791080051e+03 9.116360961051828138e-01
9.453947368421053397e+03 1.025988685480689222e+00
9.463951955051026744e+03 1.281820231452227787e+00
9.473956541681001909e+03 7.348875222863990864e-01
9.483961128310975255e+03 1.997416112658674692e+00
9.493965714940948601e+03 2.714060678337174792e+00
9.503970301570921947e+03 1.627323941155006670e+00
9.513974888200895293e+03 2.457502321345401253e+00
9.523979474830868639e+03 1.636818466339750033e+00
9.533984061460841986e+03 2.194445680517608022e+00
9.543988648090815332e+03 4.664634562385601146e-01
9.553993234720790497e+03 7.858636739852086217e-01
9.563997821350763843e+03 9.691624467128857612e-01
9.574002407980737189e+03 3.724507474287205300e-01
9.584006994610710535e+03 9.263799768013788460e-01
9.594011581240683881e+03 4.572970343143799354e+00
9.604016167870659046e+03 3.384017277336252683e+00
9.614020754500632393e+03 1.093785320790651827e+00
9.624025341130605739e+03 8.428234086546876336e-01
9.634029927760579085e+03 1.229000353022495551e+00
9.644034514390552431e+03 1.258802571427723782e+00
9.654039101020525777e+03 2.179488206378731086e+00
9.664043687650499123e+03 1.315969966388698564e+00
9.674048274280472469e+03 3.360419651783356887e+00
9.684052860910447635e+03 3.706654622369760066e+00
9.694057447540420981e+03 1.624999629178050631e+00
9.704062034170394327e+03 3.104401211549471906e+00
9.714066620800367673e+03 2.238061758170690752e+00
9.724071207430341019e+03 5.273116298662963608e+00
9.734075794060316184e+03 6.233054178570051063e-01
9.744080380690289530e+03 2.436172642833198232e+00
9.754084967320262876e+03 8.374494569683378131e+00
9.764089553950236223e+03 4.980984250450177342e+00
9.774094140580209569e+03 3.648336196078779903e+00
9.784098727210182915e+03 2.405992186039888736e+00
9.794103313840156261e+03 1.079878014411624232e+00
9.804107900470129607e+03 2.037073295183171151e+00
9.814112487100104772e+03 8.506121528735734572e+00
9.824117073730078118e+03 1.290482632183192147e+00
9.834121660360051465e+03 6.678785127963238200e-01
9.844126246990024811e+03 2.158066564023151113e+00
9.854130833619999976e+03 1.399241743278481165e+00
9.864135420249973322e+03 1.587432399158679175e+00
9.874140006879946668e+03 2.437507008534837816e+00
9.884144593509920014e+03 5.240277790138509140e+00
9.894149180139893360e+03 1.033446656520978113e+00
9.904153766769866706e+03 2.548368531752742250e+00
9.914158353399840053e+03 1.996118235836826571e+00
9.924162940029813399e+03 5.976225863199333688e+00
9.934167526659786745e+03 2.081414700568692933e+00
9.944172113289761910e+03 2.877473011578544515e+00
9.954176699919735256e+03 3.174169136340847519e+00
9.964181286549708602e+03 2.023900216263360807e+00
9.974185873179681948e+03 6.407966442096894255e+00
9.984190459809657114e+03 2.117083322208674900e+00
9.994195046439630460e+03 6.717840095642396925e+00
1.000419963306960381e+04 4.116820780268712454e+00
1.001420421969957715e+04 5.449747692745832595e+00
1.002420880632955050e+04 3.065558354025197829e+00
1.003421339295952384e+04 2.655874264660074591e+00
