3.078727845749253902e+03 1.043567437335408910e+00
3.088741168408334488e+03 1.032531167093912350e+00
3.098754491067415074e+03 9.720427408735432540e-01
3.108767813726494751e+03 9.944024492172635066e-01
3.118781136385575337e+03 1.001825035486370252e+00
3.128794459044655468e+03 9.622032618154766626e-01
3.138807781703735600e+03 9.729175794643760700e-01
3.148821104362816186e+03 1.011149979617594230e+00
3.158834427021895863e+03 1.042581008497760031e+00
3.168847749680976449e+03 1.117182060443872693e+00
3.178861072340057035e+03 1.159834499104254180e+00
3.188874394999136712e+03 1.202292443045428483e+00
3.198887717658217298e+03 1.195508334923111038e+00
3.208901040317297429e+03 1.177157709064120539e+00
3.218914362976377561e+03 1.217267554388874240e+00
3.228927685635458147e+03 1.238986148595722758e+00
3.238941008294537824e+03 1.187505675777664971e+00
3.248954330953618410e+03 1.115980462454998934e+00
3.258967653612698996e+03 1.041677329074262692e+00
3.268980976271778673e+03 1.022522364437620013e+00
3.278994298930859259e+03 1.043349270391541239e+00
3.289007621589939390e+03 1.043096111971483442e+00
3.299020944249019522e+03 1.052401467078370567e+00
3.309034266908100108e+03 1.099366540571582895e+00
3.319047589567179784e+03 1.126607585686863366e+00
3.329060912226260371e+03 1.153122441377518737e+00
3.339074234885340957e+03 1.151981522846617034e+00
3.349087557544420633e+03 1.166864736339743747e+00
3.359100880203501220e+03 1.122912961313124347e+00
3.369114202862581351e+03 1.104742823245649097e+00
3.379127525521661482e+03 1.056190987095071199e+00
3.389140848180742069e+03 1.001102309029108461e+00
3.399154170839821745e+03 1.022861631867032051e+00
3.409167493498902331e+03 9.895857200457587322e-01
3.419180816157982918e+03 1.030980894809058412e+00
3.429194138817062594e+03 1.032220016892044567e+00
3.439207461476143180e+03 1.075509279744654378e+00
3.449220784135223312e+03 1.105334732234318329e+00
3.459234106794303443e+03 1.099783647237541739e+00
3.469247429453384029e+03 1.055215567392471909e+00
3.479260752112463706e+03 1.066017027772326209e+00
3.489274074771544292e+03 1.102789192792128059e+00
3.499287397430624878e+03 1.138655610945230379e+00
3.509300720089704555e+03 1.159234423714938123e+00
3.519314042748785141e+03 1.163236011718061347e+00
3.529327365407865273e+03 1.186610782987774781e+00
3.539340688066945404e+03 1.139466668913288405e+00
3.549354010726025990e+03 1.147931504986491991e+00
3.559367333385105667e+03 1.155372956674815210e+00
3.569380656044186253e+03 1.182291739081018367e+00
3.579393978703266839e+03 1.176358849010953334e+00
3.589407301362346516e+03 1.111346857065091731e+00
3.599420624021427102e+03 1.064566612994118255e+00
3.609433946680507688e+03 1.085466706437382411e+00
3.619447269339587365e+03 1.097678214766930171e+00
3.629460591998667951e+03 1.096875168141279389e+00
3.639473914657747628e+03 1.073834237262572655e+00
3.649487237316828214e+03 1.040494234702044496e+00
3.659500559975908800e+03 1.001762805445996829e+00
3.669513882634988477e+03 9.640717136090845019e-01
3.679527205294069063e+03 9.344012159873935630e-01
3.689540527953149649e+03 9.788930071783178422e-01
3.699553850612229326e+03 1.008196016770892545e+00
3.709567173271309912e+03 1.033406729289865877e+00
3.719580495930389588e+03 1.029693084438670470e+00
3.729593818589470175e+03 1.069738115419048397e+00
3.739607141248550761e+03 1.094349993014626099e+00
3.749620463907630437e+03 1.122174573973608647e+00
3.759633786566711024e+03 1.184329100984211403e+00
3.769647109225791610e+03 1.187259443292333128e+00
3.779660431884871286e+03 1.188476547105220327e+00
3.789673754543951873e+03 1.207214456761984023e+00
3.799687077203031549e+03 1.202928285202135683e+00
3.809700399862112135e+03 1.263125098558893766e+00
3.819713722521192722e+03 1.321262221625879585e+00
3.829727045180272398e+03 1.373953285810739278e+00
3.839740367839352984e+03 1.423970267272337997e+00
3.849753690498433571e+03 1.480638523630539716e+00
3.859767013157513247e+03 1.546469223084306011e+00
3.869780335816593833e+03 1.555498264407275011e+00
3.879793658475673510e+03 1.539897338006650962e+00
3.889806981134754096e+03 1.568762824931648980e+00
3.899820303793834682e+03 1.603643227735743082e+00
3.909833626452914359e+03 1.587389506144156970e+00
3.919846949111994945e+03 1.533736564009669623e+00
3.929860271771075531e+03 1.520624425735346952e+00
3.939873594430155208e+03 1.499374365844101664e+00
3.949886917089235794e+03 1.505861950925204251e+00
3.959900239748315471e+03 1.522168392318435259e+00
3.969913562407396057e+03 1.525157708443887650e+00
3.979926885066476643e+03 1.527732088718742887e+00
3.989940207725556320e+03 1.572192248028679851e+00
3.999953530384636906e+03 1.589168230902807677e+00
4.009966853043717492e+03 1.617018138041012021e+00
4.019980175702797169e+03 1.628040504726976367e+00
4.029993498361877755e+03 1.646528512186724580e+00
4.040006821020958341e+03 1.669816502528043811e+00
4.050020143680038018e+03 1.620843218080783243e+00
4.060033466339118604e+03 1.585197499489470641e+00
4.070046788998198281e+03 1.549160103783581377e+00
4.080060111657278867e+03 1.490207219315253573e+00
4.090073434316359453e+03 1.448023676773035451e+00
4.100086756975439130e+03 1.438610866305735980e+00
4.110100079634519716e+03 1.434656984554493642e+00
4.120113402293600302e+03 1.414615138470367794e+00
4.130126724952679979e+03 1.433730976744416852e+00
4.140140047611759655e+03 1.476563489707673371e+00
4.150153370270840242e+03 1.523994461526406718e+00
4.160166692929920828e+03 1.571839542218456565e+00
4.170180015589001414e+03 1.636105497284956245e+00
4.180193338248082000e+03 1.659243701366305945e+00
4.190206660907161677e+03 1.674398266779665967e+00
4.200219983566241353e+03 1.659049516763578813e+00
4.210233306225321940e+03 1.649295319737585475e+00
4.220246628884402526e+03 1.619876791756111434e+00
4.230259951543483112e+03 1.542037503523052466e+00
4.240273274202562789e+03 1.482500359605902096e+00
4.250286596861642465e+03 1.458626249116878659e+00
4.260299919520723051e+03 1.433160362420725864e+00
4.270313242179803638e+03 1.373456375837191823e+00
4.280326564838884224e+03 1.309460222108524308e+00
4.290339887497963900e+03 1.299377043183048031e+00
4.300353210157043577e+03 1.286911135967521158e+00
4.310366532816124163e+03 1.307566547507855059e+00
4.320379855475204749e+03 1.325040680821450767e+00
4.330393178134285336e+03 1.343405055177733232e+00
4.340406500793365922e+03 1.387989312765856909e+00
4.350419823452445598e+03 1.421295977804756916e+00
4.360433146111525275e+03 1.449737535501230079e+00
4.370446468770605861e+03 1.456593022100089119e+00
4.380459791429686447e+03 1.405713244904308157e+00
4.390473114088767034e+03 1.363102620282682587e+00
4.400486436747846710e+03 1.348361233393197800e+00
4.410499759406926387e+03 1.328427617960685314e+00
4.420513082066006973e+03 1.308396419209048922e+00
4.430526404725087559e+03 1.269866875781655136e+00
4.440539727384168145e+03 1.225075770501193206e+00
4.450553050043248732e+03 1.218823460456452956e+00
4.460566372702328408e+03 1.220042838456862455e+00
4.470579695361408085e+03 1.225879333987644815e+00
4.480593018020488671e+03 1.181247318461559725e+00
4.490606340679569257e+03 1.188288203029538304e+00
4.500619663338649843e+03 1.224081485379377776e+00
4.510632985997729520e+03 1.203509133369675466e+00
4.520646308656809197e+03 1.192275784104969594e+00
4.530659631315889783e+03 1.208976745347180470e+00
4.540672953974970369e+03 1.201983722089322804e+00
4.550686276634050955e+03 1.207953826137020403e+00
4.560699599293130632e+03 1.224606047405749187e+00
4.570712921952210309e+03 1.213298993790899338e+00
4.580726244611290895e+03 1.178466607355166840e+00
4.590739567270371481e+03 1.179921570508418949e+00
4.600752889929452067e+03 1.156950725954253079e+00
4.610766212588532653e+03 1.148552306493906494e+00
4.620779535247612330e+03 1.118977789922857902e+00
4.630792857906692007e+03 1.143669677570344767e+00
4.640806180565772593e+03 1.207702941904484017e+00
4.650819503224853179e+03 1.236763285351250019e+00
4.660832825883933765e+03 1.246940016081606872e+00
4.670846148543013442e+03 1.303196696184414805e+00
4.680859471202093118e+03 1.276325361599692565e+00
4.690872793861173704e+03 1.266524181926938830e+00
4.700886116520254291e+03 1.255663179182873179e+00
4.710899439179334877e+03 1.260628092345865259e+00
4.720912761838414553e+03 1.243045728380655968e+00
4.730926084497494230e+03 1.228759489112042802e+00
4.740939407156574816e+03 1.203187025718838399e+00
4.750952729815655402e+03 1.227228185618565393e+00
4.760966052474735989e+03 1.209215535036985756e+00
4.770979375133816575e+03 1.183700701623030760e+00
4.780992697792896251e+03 1.152709366225803445e+00
4.791006020451975928e+03 1.135204221264180413e+00
4.801019343111056514e+03 1.098088447184243144e+00
4.811032665770137100e+03 1.102498820394438139e+00
4.821045988429217687e+03 1.098732920916317690e+00
4.831059311088297363e+03 1.106393521584029482e+00
4.841072633747377040e+03 1.085830059580095153e+00
4.851085956406457626e+03 1.107183026456708852e+00
4.861099279065538212e+03 1.131201857969856395e+00
4.871112601724618798e+03 1.153006974674699370e+00
4.881125924383698475e+03 1.168339081773012378e+00
4.891139247042778152e+03 1.176015239950817470e+00
4.901152569701858738e+03 1.184285839735214285e+00
4.911165892360939324e+03 1.185984192639395696e+00
4.921179215020019910e+03 1.197510757036194029e+00
4.931192537679100496e+03 1.189462820884628957e+00
4.941205860338180173e+03 1.173323945762901888e+00
4.951219182997259850e+03 1.164526354706371558e+00
4.961232505656340436e+03 1.151629644013674181e+00
4.971245828315421022e+03 1.147832060968486445e+00
4.981259150974501608e+03 1.156526848411808306e+00
4.991272473633581285e+03 1.154024518532534849e+00
5.001285796292660962e+03 1.142392514532445835e+00
5.011299118951741548e+03 1.139086155992000915e+00
5.021312441610822134e+03 1.144302366876169375e+00
5.031325764269902720e+03 1.126192701522346296e+00
5.041339086928983306e+03 1.105865031415574684e+00
5.051352409588062983e+03 1.109714920773767544e+00
5.061365732247142660e+03 1.084338192565691417e+00
5.071379054906223246e+03 1.084770960113903726e+00
5.081392377565303832e+03 1.073063597809109870e+00
5.091405700224384418e+03 1.074463618659274644e+00
5.101419022883464095e+03 1.094687606489477050e+00
5.111432345542543771e+03 1.089518171507748434e+00
5.121445668201624358e+03 1.093085027891617766e+00
5.131458990860704944e+03 1.090064286629498502e+00
5.141472313519785530e+03 1.095478403514157373e+00
5.151485636178866116e+03 1.094816821689587716e+00
5.161498958837944883e+03 1.087605424743542715e+00
5.171512281497025469e+03 1.084984526996647380e+00
5.181525604156106056e+03 1.091341708097797847e+00
5.191538926815186642e+03 1.097983782872153036e+00
5.201552249474267228e+03 1.106559278842732308e+00
5.211565572133345995e+03 1.112324809385613067e+00
5.221578894792426581e+03 1.101272102970662692e+00
5.231592217451507167e+03 1.090106669215135105e+00
5.241605540110587754e+03 1.097133908657981660e+00
5.251618862769668340e+03 1.098564631039692818e+00
5.261632185428748016e+03 1.081757041414350473e+00
5.271645508087827693e+03 1.074355181263341175e+00
5.281658830746908279e+03 1.072556764108193672e+00
5.291672153405988865e+03 1.074648396395433414e+00
5.301685476065069452e+03 1.067362778238444276e+00
5.311698798724150038e+03 1.063053709745136688e+00
5.321712121383228805e+03 1.068038728793266001e+00
5.331725444042309391e+03 1.064890581343836962e+00
5.341738766701389977e+03 1.039282661299721910e+00
5.351752089360470563e+03 1.013893890234995432e+00
5.361765412019551150e+03 9.853891721487075817e-01
5.371778734678629917e+03 9.709783694271874044e-01
5.381792057337710503e+03 9.597920544953220112e-01
5.391805379996791089e+03 9.319176998412566082e-01
5.401818702655871675e+03 9.246849048580729757e-01
5.411832025314952261e+03 9.272944833534384479e-01
5.421845347974031938e+03 9.454740282874813939e-01
5.431858670633111615e+03 9.713623970019180653e-01
5.441871993292192201e+03 1.002606529016642822e+00
5.451885315951272787e+03 1.032504652134849321e+00
5.461898638610353373e+03 1.058680964001213809e+00
5.471911961269433959e+03 1.075950782240394199e+00
5.481925283928512727e+03 1.070707384478122304e+00
5.491938606587593313e+03 1.064671432364448389e+00
5.501951929246673899e+03 1.048976747414623434e+00
5.511965251905754485e+03 1.020608222149252953e+00
5.521978574564835071e+03 9.798213925480767639e-01
5.531991897223913838e+03 9.604272247329883605e-01
5.542005219882994425e+03 9.564553562258907293e-01
5.552018542542075011e+03 9.635121601065229635e-01
5.562031865201155597e+03 9.643485959398827578e-01
5.572045187860236183e+03 9.614986771723104120e-01
5.582058510519315860e+03 9.431388511910721029e-01
5.592071833178395536e+03 9.356375470220574808e-01
5.602085155837476123e+03 9.265100954026833646e-01
5.612098478496556709e+03 9.203928410850995556e-01
5.622111801155637295e+03 9.170264233196429027e-01
5.632125123814717881e+03 9.222695109654345247e-01
5.642138446473796648e+03 9.192456168524326676e-01
5.652151769132877234e+03 9.137600181190721482e-01
5.662165091791957821e+03 9.130908901268165456e-01
5.672178414451038407e+03 9.124056877636669283e-01
5.682191737110118993e+03 9.114192589260179389e-01
5.692205059769198670e+03 9.188552318898567384e-01
5.702218382428278346e+03 9.320990662961324835e-01
5.712231705087358932e+03 9.462845693947390391e-01
5.722245027746439519e+03 9.556470893061552729e-01
5.732258350405520105e+03 9.774311180903400009e-01
5.742271673064600691e+03 9.921108951724116887e-01
5.752284995723679458e+03 1.004175149859912741e+00
5.762298318382760044e+03 1.010848391340534835e+00
5.772311641041840630e+03 1.032854515210670510e+00
5.782324963700921217e+03 1.049026676167946537e+00
5.792338286360001803e+03 1.057979428836770097e+00
5.802351609019080570e+03 1.059726366656193353e+00
5.812364931678161156e+03 1.047465343061962928e+00
5.822378254337241742e+03 1.038341509468192037e+00
5.832391576996322328e+03 1.026897022566504392e+00
5.842404899655402915e+03 1.015029123297092273e+00
5.852418222314482591e+03 9.870884554023300339e-01
5.862431544973562268e+03 9.564555629702108375e-01
5.872444867632642854e+03 9.409111294550751570e-01
5.882458190291723440e+03 9.264560317629566555e-01
5.892471512950804026e+03 9.014427600697534348e-01
5.902484835609884612e+03 8.785605054567837691e-01
5.912498158268963380e+03 8.554351712093649640e-01
5.922511480928043966e+03 8.361971987281709984e-01
5.932524803587124552e+03 8.174723139635786673e-01
5.942538126246205138e+03 8.139952363007466607e-01
5.952551448905285724e+03 8.178827014391316652e-01
5.962564771564364491e+03 8.277785183244468215e-01
5.972578094223445078e+03 8.369787439445235400e-01
5.982591416882525664e+03 8.593102316885391501e-01
5.992604739541606250e+03 8.662438159543455196e-01
6.002618062200686836e+03 8.815028389354755411e-01
6.012631384859766513e+03 8.855328025965432115e-01
6.022644707518846189e+03 8.831460944783297018e-01
6.032658030177926776e+03 8.937934269674914223e-01
6.112764611450569646e+03 9.371406816019107744e-01
6.122777934109648413e+03 9.279546179677663487e-01
6.132791256768728999e+03 9.181229951938665312e-01
6.142804579427809585e+03 9.161541173467323551e-01
6.152817902086890172e+03 9.000960792541946587e-01
6.162831224745970758e+03 8.980651781110070564e-01
6.172844547405050434e+03 8.954146642402465162e-01
6.182857870064130111e+03 8.911095238890220926e-01
6.192871192723210697e+03 8.944005316636937097e-01
6.202884515382291283e+03 9.068058627934081350e-01
6.212897838041371870e+03 9.181412920662022081e-01
6.222911160700452456e+03 9.139220539800116949e-01
6.232924483359531223e+03 9.110621081129107734e-01
6.242937806018611809e+03 9.215200111187095144e-01
6.252951128677692395e+03 9.172589073076828914e-01
6.262964451336772981e+03 9.305366477824680294e-01
6.272977773995853568e+03 9.537431291755569251e-01
6.282991096654933244e+03 9.762396505731547602e-01
6.293004419314012921e+03 9.790998548706558724e-01
6.303017741973093507e+03 9.916840715234043202e-01
6.313031064632174093e+03 9.939751087074556457e-01
6.323044387291254679e+03 1.000000000000000000e+00
6.333057709950335266e+03 1.007994492744799242e+00
6.343071032609414033e+03 1.005097229527906144e+00
6.353084355268494619e+03 9.981697442195452963e-01
6.363097677927575205e+03 9.885444522771827947e-01
6.373111000586655791e+03 9.794212389163724497e-01
6.383124323245736377e+03 9.708791838395821605e-01
6.393137645904815145e+03 9.560093570411869468e-01
6.403150968563895731e+03 9.395044927866649243e-01
6.413164291222976317e+03 9.209643857582314741e-01
6.423177613882056903e+03 9.011968377009018649e-01
6.433190936541137489e+03 8.902572721151685853e-01
6.443204259200217166e+03 8.721223839542839862e-01
6.453217581859296843e+03 8.544612504030868472e-01
6.463230904518377429e+03 8.192293305686103588e-01
6.473244227177458015e+03 8.038205730135915550e-01
6.483257549836538601e+03 8.019584269217493455e-01
6.493270872495619187e+03 8.011726951329131152e-01
6.503284195154697954e+03 8.021133301036426078e-01
6.513297517813778541e+03 8.029970070141628780e-01
6.523310840472859127e+03 8.059507631165445662e-01
6.533324163131939713e+03 8.059054344243454793e-01
6.543337485791020299e+03 8.076017198853251422e-01
6.553350808450099066e+03 8.128385535154312169e-01
6.563364131109179652e+03 8.187809021381445840e-01
6.573377453768260239e+03 8.276378805006457950e-01
6.583390776427340825e+03 8.335364510135614413e-01
6.593404099086421411e+03 8.325144621528419719e-01
6.603417421745501088e+03 8.357830381687746391e-01
6.613430744404580764e+03 8.468924442135340458e-01
6.623444067063661350e+03 8.510565849383971981e-01
6.633457389722741937e+03 8.484400805083057717e-01
6.643470712381822523e+03 8.448848534924464637e-01
6.653484035040903109e+03 8.314936103858835414e-01
6.663497357699981876e+03 8.204528434554232419e-01
6.673510680359062462e+03 8.101795631275432452e-01
6.683524003018143048e+03 7.875633367685624942e-01
6.693537325677223635e+03 7.807789185297646650e-01
6.703550648336304221e+03 7.613819596663540246e-01
6.713563970995382988e+03 7.391321359288083315e-01
6.723577293654463574e+03 7.360094697168414468e-01
6.733590616313544160e+03 7.305989708577859121e-01
6.743603938972624746e+03 7.251055675263388123e-01
6.753617261631705333e+03 7.102551230079603428e-01
6.763630584290785009e+03 7.015462252647864938e-01
6.773643906949864686e+03 7.201473218676723853e-01
6.783657229608945272e+03 7.291303625794021137e-01
6.793670552268025858e+03 7.452731658432126816e-01
6.803683874927106444e+03 7.614514257579336753e-01
6.813697197586187031e+03 7.689607929554354016e-01
6.823710520245265798e+03 7.825959943598082003e-01
6.833723842904346384e+03 7.861978422198675487e-01
6.843737165563426970e+03 7.894940186025438678e-01
6.853750488222507556e+03 8.021807287520204000e-01
6.863763810881588142e+03 8.185915243408616870e-01
6.873777133540666910e+03 8.197189011187917540e-01
6.883790456199747496e+03 8.131966346779794241e-01
6.893803778858828082e+03 8.104717445380347218e-01
6.903817101517908668e+03 7.923364428885096844e-01
6.913830424176989254e+03 7.722388275240160693e-01
6.923843746836069840e+03 7.597595336137579203e-01
6.933857069495148608e+03 7.510657282059570727e-01
6.943870392154229194e+03 7.341804027162275315e-01
6.953883714813309780e+03 7.281351987942258353e-01
6.963897037472390366e+03 7.170140083232161565e-01
6.973910360131470952e+03 7.060916025160577369e-01
6.983923682790549719e+03 6.846063192745300841e-01
6.993937005449630306e+03 6.678924365123080076e-01
7.003950328108710892e+03 6.789583745637501888e-01
7.013963650767791478e+03 6.768128853811039569e-01
7.023976973426872064e+03 6.972666178371039747e-01
7.033990296085951741e+03 7.122306683594201715e-01
7.044003618745031417e+03 7.308176546624539638e-01
7.054016941404112004e+03 7.466312692824612629e-01
7.064030264063192590e+03 7.662023585495417732e-01
7.074043586722273176e+03 7.680699316797887644e-01
7.084056909381353762e+03 7.832333870989167668e-01
7.094070232040432529e+03 7.932323694000006364e-01
7.104083554699513115e+03 7.921356941536168428e-01
7.114096877358593702e+03 7.976282705077830659e-01
7.124110200017674288e+03 7.991307848546760351e-01
7.134123522676754874e+03 7.981161354173229583e-01
7.144136845335833641e+03 7.936035788268800406e-01
7.154150167994914227e+03 7.869700839418120042e-01
7.164163490653994813e+03 7.867234379678398337e-01
7.174176813313075399e+03 7.733259925316715577e-01
7.184190135972155986e+03 7.543491381268623286e-01
7.194203458631235662e+03 7.378099026291106144e-01
7.204216781290315339e+03 7.306652324124027764e-01
7.214230103949395925e+03 7.309210268225428964e-01
7.224243426608476511e+03 7.267794729146592747e-01
7.234256749267557097e+03 7.185840763767271655e-01
7.244270071926636774e+03 7.129389744003497009e-01
7.254283394585716451e+03 7.109427546168720635e-01
7.264296717244797037e+03 7.064487533291650134e-01
7.274310039903877623e+03 7.099556538601826672e-01
7.284323362562958209e+03 7.035947513612691440e-01
7.294336685222038795e+03 7.090380708811531152e-01
7.304350007881118472e+03 7.135314002498195363e-01
7.314363330540198149e+03 7.201457712852711301e-01
7.324376653199278735e+03 7.254385292539853314e-01
7.334389975858359321e+03 7.293786625079358155e-01
7.344403298517439907e+03 7.389891722314053668e-01
7.354416621176519584e+03 7.060164509556730028e-01
7.364429943835599261e+03 7.084792926697922599e-01
7.374443266494679847e+03 7.045620046632213862e-01
7.384456589153760433e+03 7.016103160040416675e-01
7.394469911812841019e+03 7.010216115523351110e-01
7.404483234471920696e+03 7.002909771248263526e-01
7.414496557131000372e+03 6.959165774263423865e-01
7.424509879790080959e+03 7.046206166779919178e-01
7.434523202449161545e+03 7.037262924349824145e-01
7.444536525108242131e+03 7.043139114790080146e-01
7.454549847767322717e+03 7.070778246093863961e-01
7.464563170426402394e+03 7.188420416022291981e-01
7.474576493085482070e+03 7.260365372000999740e-01
7.484589815744562657e+03 7.283306755489539208e-01
7.494603138403643243e+03 7.220136028459183120e-01
7.504616461062723829e+03 7.116823824223085238e-01
7.514629783721803506e+03 7.370645376687894323e-01
7.524643106380883182e+03 7.467380527238332011e-01
7.534656429039963768e+03 7.516825498852077736e-01
7.544669751699044355e+03 7.554615776276596417e-01
7.554683074358124941e+03 7.613039136854868882e-01
7.564696397017205527e+03 7.574597097960990011e-01
7.574709719676285204e+03 7.522300088450389888e-01
7.584723042335364880e+03 7.521451919876859238e-01
7.594736364994445466e+03 7.446690589396528503e-01
7.604749687653526053e+03 7.437580400927888968e-01
7.614763010312606639e+03 7.372601177956774610e-01
7.624776332971686315e+03 7.368850319127949744e-01
7.634789655630765992e+03 7.335419762555182022e-01
7.644802978289846578e+03 7.204902590087675085e-01
7.654816300948927164e+03 7.395853194786383700e-01
7.664829623608007751e+03 7.556527644377442066e-01
7.674842946267087427e+03 7.573793896277097870e-01
7.684856268926167104e+03 7.669088555776697458e-01
7.694869591585247690e+03 7.620635956899804997e-01
7.704882914244328276e+03 7.568595827207025284e-01
7.714896236903408862e+03 7.435041580676104989e-01
7.724909559562489449e+03 7.488711372472687255e-01
7.734922882221569125e+03 7.604092276399169181e-01
7.744936204880648802e+03 7.637833466313002084e-01
7.754949527539729388e+03 7.776755829117343310e-01
7.764962850198809974e+03 7.761961205565411914e-01
7.774976172857890560e+03 7.689006820443436974e-01
7.784989495516970237e+03 7.808689556812020705e-01
7.795002818176049914e+03 7.800838441253266087e-01
7.805016140835130500e+03 7.763075557451170061e-01
7.815029463494211086e+03 7.744334701687844991e-01
7.825042786153291672e+03 7.593060399474477196e-01
7.835056108812371349e+03 7.443777561925222219e-01
7.845069431471451026e+03 7.406715541368530387e-01
7.855082754130531612e+03 7.484549609307504792e-01
7.865096076789612198e+03 7.341403976902731721e-01
7.875109399448692784e+03 7.453469735655162687e-01
7.885122722107773370e+03 7.495821826504404095e-01
7.895136044766853047e+03 7.583283460573264634e-01
7.905149367425932724e+03 7.815278498296089893e-01
7.915162690085013310e+03 7.887521166095854408e-01
7.925176012744093896e+03 8.220359880871855873e-01
7.935189335403174482e+03 8.328915121067664851e-01
7.945202658062254159e+03 8.386424154889950966e-01
7.955215980721333835e+03 8.988380917519922519e-01
