4.050014303228442714e+02 2.753714411115956905e-12
4.150042909685329278e+02 6.524229270631605464e-29
4.250071516142214705e+02 7.169608771307377139e-30
4.350100122599101269e+02 2.842451756386168019e-12
4.450128729055986696e+02 2.834631854545440114e-10
4.550157335512873260e+02 1.170194264961361728e-29
4.650185941969758687e+02 6.425089412584686759e-12
4.750214548426645251e+02 2.129842067483720345e-06
4.850243154883530678e+02 6.007679574668516415e-09
4.950271761340417243e+02 1.954353951021437093e-07
5.050300367797302670e+02 1.313747224603653286e-06
5.150328974254189234e+02 4.475331815085497897e-08
5.250357580711074661e+02 8.318404583332089275e-07
5.350386187167960088e+02 2.669421052659155707e-08
5.450414793624846652e+02 2.151248465097076739e-07
5.550443400081733216e+02 8.992053962610082177e-07
5.650472006538618643e+02 1.451583691931359763e-06
5.750500612995504071e+02 3.542615729295184165e-06
5.850529219452390635e+02 2.313739352371250725e-06
5.950557825909277199e+02 3.706848867558112281e-06
6.050586432366162626e+02 1.899800316558828512e-05
6.150615038823048053e+02 5.231668827878442545e-06
6.250643645279934617e+02 5.739103172393550034e-06
6.350672251736821181e+02 6.999286498214094346e-06
6.450700858193706608e+02 8.798941114290660632e-06
6.550729464650592035e+02 1.145389287174643827e-05
6.650758071107477463e+02 1.240775131608160234e-05
6.750786677564365164e+02 1.090376648940184640e-05
6.850815284021250591e+02 1.196994335944015707e-05
6.950843890478136018e+02 1.124432898592533741e-05
7.050872496935021445e+02 9.565824418540759620e-06
7.150901103391909146e+02 1.683572310074197371e-05
7.250929709848794573e+02 1.476900111273887889e-05
7.350958316305680000e+02 1.211626212012917778e-05
7.450986922762565428e+02 1.269063271249618276e-05
7.551015529219453128e+02 1.443161720729358784e-05
7.651044135676338556e+02 1.169267345934420396e-05
7.751072742133223983e+02 1.279786685022835387e-05
7.851101348590109410e+02 2.877713585461123759e-05
7.951129955046997111e+02 2.419454623323391627e-05
8.051158561503882538e+02 2.942066666248287378e-05
8.151187167960767965e+02 6.832193087360251000e-05
8.251215774417653392e+02 4.505260547927056401e-05
8.351244380874541093e+02 5.506076431497583670e-05
8.451272987331426521e+02 5.886716673831695094e-05
8.551301593788311948e+02 1.064748209891554405e-04
8.651330200245197375e+02 1.981144143611853858e-04
8.751358806702083939e+02 2.262351658567143267e-04
8.851387413158970503e+02 2.175009128701239219e-04
8.951416019615855930e+02 1.672735442771537109e-04
9.051444626072741357e+02 1.798085930885591911e-04
9.151473232529626785e+02 1.594326857139493410e-04
9.251501838986514485e+02 1.975083358476527687e-04
9.351530445443399913e+02 1.968078488972144734e-04
9.451559051900285340e+02 1.992126394226662804e-04
9.551587658357171904e+02 1.810206617397669307e-04
9.651616264814058468e+02 1.734262904004418013e-04
9.751644871270943895e+02 3.259306594804080998e-04
9.851673477727829322e+02 5.093771847855875327e-04
9.951702084184715886e+02 1.610234902292314750e-03
1.005173069064160245e+03 1.983106741767853409e-03
1.015175929709848788e+03 2.432771415079613281e-03
1.025178790355537330e+03 1.744939147527246534e-03
1.035181651001226101e+03 1.448610218444034477e-03
1.045184511646914643e+03 1.466477813359384937e-03
1.055187372292603186e+03 2.145562301574031536e-03
1.065190232938291729e+03 2.913282407754110535e-03
1.075193093583980271e+03 3.883175460996618911e-03
1.085195954229668814e+03 4.434549276509084162e-03
1.095198814875357584e+03 5.205945208033494961e-03
1.105201675521046127e+03 6.481782853027874200e-03
1.115204536166734670e+03 6.733883433287794068e-03
1.125207396812423440e+03 7.695345024806799113e-03
1.135210257458111982e+03 7.539558839679285328e-03
1.145213118103800525e+03 1.090307956153131058e-02
1.155215978749489068e+03 1.271735306950728082e-02
1.165218839395177611e+03 2.066122328206147080e-02
1.175221700040866381e+03 3.956815550504472895e-02
1.185224560686554923e+03 4.019711600587656114e-02
1.195227421332243466e+03 3.443903945782197246e-02
1.205230281977932236e+03 2.310647205219721820e-02
1.215233142623620779e+03 1.376546397377101383e-02
1.225236003269309322e+03 7.589741469815478730e-03
1.235238863914997864e+03 5.971374428033352465e-03
1.245241724560686407e+03 5.916947159982037692e-03
1.255244585206375177e+03 7.891730036618008551e-03
1.265247445852063720e+03 1.753877113254714501e-02
1.275250306497752263e+03 1.953720176788779905e-02
1.285253167143441033e+03 2.247485742700675027e-02
1.295256027789129575e+03 2.645581615679966012e-02
1.305258888434818118e+03 2.964298532355116519e-02
1.315261749080506661e+03 2.815376671218718790e-02
1.325264609726195204e+03 2.743215657248689390e-02
1.335267470371883974e+03 2.420939153154284471e-02
1.345270331017572516e+03 2.142308189600674803e-02
1.355273191663261059e+03 2.472673020932890375e-02
1.365276052308949602e+03 2.449866356911818005e-02
1.375278912954638372e+03 2.028079988372317316e-02
1.385281773600326915e+03 1.964982460982029125e-02
1.395284634246015457e+03 1.992006740990871425e-02
1.405287494891704000e+03 2.007660080432630001e-02
1.415290355537392543e+03 1.900553415319823636e-02
1.425293216183081313e+03 1.578853324550988022e-02
1.435296076828769856e+03 1.672504084615391781e-02
1.445298937474458398e+03 1.543694056736940115e-02
1.455301798120146941e+03 1.733335691263414996e-02
1.465304658765835711e+03 1.709427903904873342e-02
1.475307519411524254e+03 1.974435521989009040e-02
1.485310380057212797e+03 1.614154285574872019e-02
1.495313240702901567e+03 1.709347837926704708e-02
1.505316101348590109e+03 7.800130914765957164e-03
1.515318961994278652e+03 9.396005164203568086e-03
1.525321822639967195e+03 8.580969267513357743e-03
1.535324683285655738e+03 9.023191453474993518e-03
1.545327543931344508e+03 7.914344498938801972e-03
1.555330404577033050e+03 1.115173211514255622e-02
1.565333265222721593e+03 1.675408924030648630e-02
1.575336125868410363e+03 5.041232712675330213e-02
1.585338986514098906e+03 6.249006655072415067e-02
1.595341847159787449e+03 7.042048805527954813e-02
1.605344707805475991e+03 7.987050140345745841e-02
1.615347568451164534e+03 7.109975877053893722e-02
1.625350429096853304e+03 6.072373485809388211e-02
1.635353289742541847e+03 6.825105381305267283e-02
1.645356150388230390e+03 6.189217575336922877e-02
1.655359011033919160e+03 5.126950579054005003e-02
1.665361871679607702e+03 5.008190224295803322e-02
1.675364732325296245e+03 3.459506254512629414e-02
1.685367592970984788e+03 2.983553223349876687e-02
1.695370453616673331e+03 1.869290057553371284e-02
1.705373314262361873e+03 1.205915595875401043e-02
1.715376174908050643e+03 1.658158682492996694e-02
1.725379035553739186e+03 1.109546831795577004e-02
1.735381896199427729e+03 8.247626598389365057e-03
1.745384756845116499e+03 8.493582775370966606e-03
1.755387617490805042e+03 7.468689129488951389e-03
1.765390478136493584e+03 6.736876519940896910e-03
1.775393338782182127e+03 5.752800531343804646e-03
1.785396199427870670e+03 7.257216596365369775e-03
1.795399060073559440e+03 5.386669688662706033e-03
1.805401920719247983e+03 5.931085201370638049e-03
1.815404781364936525e+03 6.041952805250112857e-03
1.825407642010625295e+03 1.034829821227120465e-02
1.835410502656313838e+03 2.182664732044210104e-02
1.845413363302002381e+03 2.756781342813293886e-02
1.855416223947690924e+03 3.767343889027172099e-02
1.865419084593379466e+03 2.147239434023647808e-01
1.875421945239068236e+03 1.238583850786056706e+00
1.885424805884756779e+03 8.588842156347036294e-01
1.895427666530445322e+03 1.472727192230819659e-01
1.905430527176134092e+03 1.301267581444272847e-01
1.915433387821822635e+03 8.504731014216949936e-02
1.925436248467511177e+03 6.244219250490416068e-02
1.935439109113199720e+03 5.887960495271494371e-02
1.945441969758888263e+03 5.673900974136815434e-02
1.955444830404577033e+03 6.054761565189375333e-02
1.965447691050265576e+03 5.215963445926784237e-02
1.975450551695954118e+03 4.288743494824250047e-02
1.985453412341642888e+03 4.560768897406911743e-02
1.995456272987331431e+03 5.473932644156948718e-02
2.005459133633019974e+03 6.389484969275056880e-02
2.015461994278708517e+03 6.779057695137301331e-02
2.025464854924397059e+03 5.826911990036884315e-02
2.035467715570085602e+03 4.372693684949480186e-02
2.045470576215774372e+03 6.118028926983849064e-02
2.055473436861462687e+03 9.566741620193607021e-02
2.065476297507151685e+03 1.331674570462487162e-01
2.075479158152839773e+03 2.091835861275733732e-01
2.085482018798528770e+03 2.152660271245603330e-01
2.095484879444217313e+03 2.079753971070195107e-01
2.105487740089905856e+03 2.020990106419989774e-01
2.115490600735594853e+03 1.331179593502064551e-01
2.125493461381282941e+03 7.306138308047402385e-02
2.135496322026971939e+03 1.862716431030179975e-01
2.145499182672660027e+03 3.229589852626995050e-01
2.155502043318349024e+03 4.808718737867497817e-01
2.165504903964037567e+03 5.676676726887617264e-01
2.175507764609726109e+03 5.754268940383107100e-01
2.185510625255414652e+03 6.717219930863811417e-01
2.195513485901103195e+03 6.701382294574590448e-01
2.205516346546792192e+03 8.718627147464262928e-01
2.215519207192480280e+03 8.380055374275577895e-01
2.225522067838169278e+03 9.293989906169155546e-01
2.235524928483857366e+03 1.124717907908168169e+00
2.245527789129546363e+03 1.238806099597590915e+00
2.255530649775234906e+03 1.775059933863857520e+00
2.265533510420923449e+03 4.209560507299583421e+00
2.275536371066612446e+03 4.920380249491889124e+00
2.285539231712300534e+03 6.082881033946014426e+00
2.295542092357989532e+03 7.051766516329204038e+00
2.305544953003677620e+03 7.062524738044221095e+00
2.315547813649366617e+03 6.079279350547444061e+00
2.325550674295054705e+03 5.266262040442533099e+00
2.335553534940743702e+03 2.949807178491535176e+00
2.345556395586432245e+03 8.868367862541605140e-01
2.355559256232120788e+03 1.959795845478189968e-01
2.365562116877809785e+03 2.433023964472535439e-01
2.375564977523497873e+03 2.843470744883303536e-01
2.385567838169186871e+03 2.775158655903198213e-01
2.395570698814874959e+03 2.436250711440426375e-01
2.405573559460563956e+03 1.837325849415243628e-01
2.415576420106252499e+03 7.704000751694027593e-02
2.425579280751941042e+03 6.929409190061142088e-02
2.435582141397629584e+03 1.897309036198158994e-01
2.445585002043318127e+03 2.481253004092923431e-01
2.455587862689007125e+03 2.706653314911542929e-01
2.465590723334695213e+03 4.225021131798237795e-01
2.475593583980384210e+03 5.958185017735181388e-01
2.485596444626072298e+03 8.730525839298977075e-01
2.495599305271761295e+03 1.535152978342805508e+00
2.505602165917449838e+03 2.424460439287102975e+00
2.515605026563138381e+03 2.850063726922154483e+00
2.525607887208827378e+03 2.766651194549860637e+00
2.535610747854515466e+03 2.269098754764446557e+00
2.545613608500204464e+03 1.835158525728311618e+00
2.555616469145892552e+03 1.551544998281380261e+00
2.565619329791581549e+03 1.505478398856735067e+00
2.575622190437269637e+03 1.482724684262763049e+00
2.585625051082958635e+03 1.251215694163235970e+00
2.595627911728647632e+03 1.078565321786548514e+00
2.605630772374335720e+03 9.629530915116824019e-01
2.615633633020024718e+03 8.857482507400595839e-01
2.625636493665712806e+03 7.998272743165113496e-01
2.635639354311401803e+03 6.745100782148545360e-01
2.645642214957089891e+03 4.507796754225279479e-01
2.655645075602778888e+03 1.627260116835428649e-01
2.665647936248466976e+03 1.006617401824886487e-01
2.675650796894155974e+03 1.740934969921628106e-01
2.685653657539844971e+03 3.007162380297982995e-01
2.695656518185533059e+03 3.220712324836262908e-01
2.705659378831222057e+03 3.357082551991859565e-01
2.715662239476910145e+03 4.418633869588563523e-01
2.725665100122599142e+03 5.107723369627505949e-01
2.735667960768287230e+03 7.574324148232252085e-01
2.745670821413976228e+03 9.724332383100072752e-01
2.755673682059664770e+03 1.115547520042972307e+00
2.765676542705353313e+03 1.331965588524159472e+00
2.775679403351042311e+03 1.991804405266274669e+00
2.785682263996730399e+03 2.486743844208376686e+00
2.795685124642419396e+03 2.562290409131846580e+00
2.805687985288107484e+03 2.634058694441341775e+00
2.815690845933796481e+03 2.818096434432844966e+00
2.825693706579484569e+03 3.088190236530142574e+00
2.835696567225173567e+03 3.244470915460742511e+00
2.845699427870862564e+03 3.292844717860226922e+00
2.855702288516550652e+03 3.466118243326430370e+00
2.865705149162239650e+03 3.586411923894425424e+00
2.875708009807927738e+03 3.619117954098977297e+00
2.885710870453616735e+03 3.713905406645870322e+00
2.895713731099304823e+03 4.233785179028118684e+00
2.905716591744993821e+03 5.562703413224098448e+00
2.915719452390682363e+03 6.188655677318744885e+00
2.925722313036370906e+03 6.231540464966828452e+00
2.935725173682059904e+03 6.173217842672919176e+00
2.945728034327747991e+03 6.284786743881968896e+00
2.955730894973436989e+03 6.530665524916019926e+00
2.965733755619125077e+03 6.731160286790368374e+00
2.975736616264814074e+03 6.449981151963974924e+00
2.985739476910502162e+03 5.879737284978022949e+00
2.995742337556191160e+03 5.176922733294007095e+00
3.005745198201879703e+03 4.602554373622509409e+00
3.015748058847568245e+03 3.676796981038003231e+00
3.025750919493257243e+03 3.082277976171293954e+00
3.035753780138945331e+03 2.741725205743919425e+00
3.045756640784634328e+03 2.521090348491424660e+00
3.055759501430322416e+03 2.249764034910281207e+00
3.065762362076011414e+03 1.954515928937027747e+00
3.075765222721699502e+03 1.619010373237640854e+00
3.085768083367388499e+03 1.399746448059163928e+00
3.095770944013077496e+03 1.359163208716297477e+00
3.105773804658765584e+03 1.189579062636151985e+00
3.115776665304454582e+03 1.097749093783414676e+00
3.125779525950142670e+03 1.004401805118357194e+00
3.135782386595831667e+03 8.898924486615356066e-01
3.145785247241519755e+03 7.686874995420026613e-01
3.155788107887208753e+03 6.396408566871639723e-01
3.165790968532897296e+03 5.230608935450743457e-01
3.175793829178585838e+03 5.627397261994969702e-01
3.185796689824274836e+03 6.192503948030207983e-01
3.195799550469962924e+03 7.958330412404381882e-01
3.205802411115651921e+03 1.164304867442904845e+00
3.215805271761340009e+03 1.646292612878802464e+00
3.225808132407029007e+03 1.732607057428878994e+00
3.235810993052717095e+03 1.625649573886055244e+00
3.245813853698406092e+03 1.354164227657102204e+00
3.255816714344095089e+03 1.080023490011540188e+00
3.265819574989783177e+03 8.287088878093581412e-01
3.275822435635472175e+03 6.329348850206203414e-01
3.285825296281160263e+03 4.481138162164105543e-01
3.295828156926849260e+03 3.716707649262110391e-01
3.305831017572537348e+03 3.948450846256497115e-01
3.315833878218226346e+03 4.557859734421958464e-01
3.325836738863914434e+03 5.320361365125861886e-01
3.335839599509603431e+03 6.827419809153735253e-01
3.345842460155292429e+03 8.613288724603131996e-01
3.355845320800980517e+03 9.715207164285967201e-01
3.365848181446669514e+03 1.055378278642891354e+00
3.375851042092357602e+03 1.087424275024153619e+00
3.385853902738046600e+03 1.059532458472755456e+00
3.395856763383734688e+03 1.048191709759803469e+00
3.405859624029423685e+03 1.058914154641688254e+00
3.415862484675112228e+03 1.055595627833165295e+00
3.425865345320800770e+03 1.079358669343088106e+00
3.435868205966489768e+03 1.122171057214482737e+00
3.445871066612177856e+03 1.142822738725513876e+00
3.455873927257866853e+03 1.272001952193773988e+00
3.465876787903554941e+03 1.286539327384756293e+00
3.475879648549243939e+03 1.257557121006712020e+00
3.485882509194932027e+03 1.124158557484338017e+00
3.495885369840621024e+03 9.365710524497703471e-01
3.505888230486310022e+03 8.672045126618056488e-01
3.515891091131998110e+03 8.458552404495077726e-01
3.525893951777687107e+03 7.684748698511132403e-01
3.535896812423375195e+03 8.144803225822274673e-01
3.545899673069064193e+03 8.146635001263419218e-01
3.555902533714752281e+03 8.471635396177821242e-01
3.565905394360441278e+03 9.054716383375484012e-01
3.575908255006129821e+03 9.790073337275229104e-01
3.585911115651818363e+03 1.078422110940149059e+00
3.595913976297507361e+03 1.190248416150936128e+00
3.605916836943195449e+03 1.467942739667248864e+00
3.615919697588884446e+03 1.772562787917158378e+00
3.625922558234572534e+03 1.794820925236176867e+00
3.635925418880261532e+03 1.743767651038266919e+00
3.645928279525949620e+03 1.625955969355014519e+00
3.655931140171638617e+03 1.453407103176987070e+00
3.665934000817327160e+03 1.392169786312002167e+00
3.675936861463015703e+03 1.510792437787868092e+00
3.685939722108704700e+03 1.879324715930201561e+00
3.695942582754392788e+03 2.302790865688200572e+00
3.705945443400081786e+03 2.754684463185517185e+00
3.715948304045769873e+03 2.692467475238927044e+00
3.725951164691458871e+03 2.496674435619564036e+00
3.735954025337146959e+03 2.414040160608333707e+00
3.745956885982835956e+03 2.619419945702422314e+00
3.755959746628524954e+03 2.579307387784417482e+00
3.765962607274213042e+03 2.339633392212536744e+00
3.775965467919902039e+03 2.156161072737400985e+00
3.785968328565590127e+03 2.280120062704420025e+00
3.795971189211279125e+03 2.537421414584336787e+00
3.805974049856967213e+03 2.684016571954604746e+00
3.815976910502656210e+03 2.585295124779884546e+00
3.825979771148344753e+03 2.385087924501772427e+00
3.835982631794033296e+03 2.097481898463037009e+00
3.845985492439722293e+03 1.790296833315567548e+00
3.855988353085410381e+03 1.582221347941135337e+00
3.865991213731099378e+03 1.494012850475171295e+00
3.875994074376787466e+03 1.532085259136406252e+00
3.885996935022476464e+03 1.498507682935870111e+00
3.895999795668164552e+03 1.489877851597980474e+00
3.906002656313853549e+03 1.510151602354247835e+00
3.916005516959542547e+03 1.659788217594672766e+00
3.926008377605230635e+03 1.944263171630548515e+00
3.936011238250919632e+03 2.213720008098468472e+00
3.946014098896607720e+03 2.213342900888706666e+00
3.956016959542296718e+03 2.074243865241428342e+00
3.966019820187984806e+03 1.955545588768670573e+00
3.976022680833673803e+03 1.800411757439237315e+00
3.986025541479361891e+03 1.781445680703578560e+00
3.996028402125050889e+03 2.037760995896992444e+00
4.006031262770739886e+03 2.411100828433272003e+00
4.016034123416427974e+03 2.804938924951399404e+00
4.026036984062116971e+03 2.982416252146353752e+00
4.036039844707805059e+03 2.880123821257791761e+00
4.046042705353494057e+03 2.619809486703351897e+00
4.056045565999182145e+03 2.411196234358040424e+00
4.066048426644871142e+03 2.213583125256355810e+00
4.076051287290559685e+03 2.050780916070926274e+00
4.086054147936248228e+03 2.082439126108474259e+00
4.096057008581937225e+03 2.101598080585379336e+00
4.106059869227625313e+03 1.966670310816733602e+00
4.116062729873314311e+03 1.738711859675657667e+00
4.126065590519002399e+03 1.556933315140982321e+00
4.136068451164691396e+03 1.449388782231882944e+00
4.146071311810379484e+03 1.393268655709745563e+00
4.156074172456068482e+03 1.354379796501113509e+00
4.166077033101757479e+03 1.341065360000205375e+00
4.176079893747445567e+03 1.436968733470000537e+00
4.186082754393134564e+03 1.597877973359286941e+00
4.196085615038822652e+03 1.629206930980933832e+00
4.206088475684511650e+03 1.700764027977538007e+00
4.216091336330199738e+03 1.958572915428234085e+00
4.226094196975888735e+03 2.280081205506403474e+00
4.236097057621576823e+03 2.370949997144795152e+00
4.246099918267265821e+03 2.364881716454719562e+00
4.256102778912954818e+03 2.270388488288267226e+00
4.266105639558642906e+03 2.199344502877615959e+00
4.276108500204331904e+03 2.170360793278885758e+00
4.286111360850019992e+03 2.051741380810081949e+00
4.296114221495708989e+03 1.916385697326377091e+00
4.306117082141397077e+03 2.025950392131519173e+00
4.316119942787086075e+03 2.204857176618026049e+00
4.326122803432775072e+03 2.376183912867748216e+00
4.336125664078463160e+03 2.466289328837565353e+00
4.346128524724152157e+03 2.357040897784267397e+00
4.356131385369840245e+03 2.131638566399298274e+00
4.366134246015529243e+03 1.910289554568174175e+00
4.376137106661217331e+03 1.816469125732329326e+00
4.386139967306906328e+03 1.932985794469391561e+00
4.396142827952594416e+03 2.228390177888486701e+00
4.406145688598283414e+03 2.593589963017454370e+00
4.416148549243972411e+03 2.919163167778301649e+00
4.426151409889660499e+03 3.175489868142232552e+00
4.436154270535349497e+03 3.328690234722860186e+00
4.446157131181037585e+03 3.360403976992802910e+00
4.456159991826726582e+03 3.405566393211608034e+00
4.466162852472414670e+03 3.697775998537093489e+00
4.476165713118103668e+03 4.318637141276785663e+00
4.486168573763791755e+03 4.831835240210726745e+00
4.496171434409480753e+03 4.938207332460496701e+00
4.506174295055168841e+03 4.709509819672470066e+00
4.516177155700857838e+03 4.334475819781134831e+00
4.526180016346546836e+03 3.970239878701672609e+00
4.536182876992235833e+03 3.773757082562246623e+00
4.546185737637923921e+03 3.652880444190087950e+00
4.556188598283612009e+03 3.733636004351301274e+00
4.566191458929301007e+03 4.273435345645042460e+00
4.576194319574990004e+03 6.029418819818631370e+00
4.586197180220678092e+03 8.529166547659546183e+00
4.596200040866366180e+03 1.003503028607044101e+01
4.606202901512055178e+03 1.115247631817207541e+01
4.616205762157744175e+03 1.182561360394376138e+01
4.626208622803433173e+03 1.212774863223485511e+01
4.636211483449121260e+03 1.249176856308944572e+01
4.646214344094809348e+03 1.214468092111440889e+01
4.656217204740498346e+03 1.134613167439309223e+01
4.666220065386187343e+03 1.052483492871204618e+01
4.676222926031875431e+03 9.632422290547438593e+00
4.686225786677563519e+03 8.809378590023865030e+00
4.696228647323252517e+03 8.554342028124549913e+00
4.706231507968941514e+03 8.639524564667601325e+00
4.716234368614630512e+03 9.265073165177827974e+00
4.726237229260318600e+03 9.653109802829412445e+00
4.736240089906006688e+03 9.238245490029131091e+00
4.746242950551695685e+03 8.528645976490494718e+00
4.756245811197384683e+03 8.045828976992741133e+00
4.766248671843072771e+03 7.611164802919723193e+00
4.776251532488761768e+03 7.101410412949727302e+00
4.786254393134449856e+03 6.626362101931166038e+00
4.796257253780138853e+03 6.223797406158890766e+00
4.806260114425827851e+03 6.425897924537019357e+00
4.816262975071515939e+03 6.755265534228368729e+00
4.826265835717204027e+03 6.913599758258204275e+00
4.836268696362893024e+03 6.919777918682200379e+00
4.846271557008582022e+03 6.747614798716728757e+00
4.856274417654270110e+03 6.535661541647679762e+00
4.866277278299959107e+03 6.295208148366235434e+00
4.876280138945647195e+03 5.847121852189333779e+00
4.886282999591336193e+03 5.132852060359119228e+00
4.896285860237025190e+03 4.448818538521150501e+00
4.906288720882713278e+03 3.961990612110593890e+00
4.916291581528401366e+03 3.576904416721305768e+00
4.926294442174090364e+03 3.384174642006119615e+00
4.936297302819779361e+03 3.485847083121648815e+00
4.946300163465467449e+03 3.635205216766517200e+00
4.956303024111156446e+03 3.630570017287421347e+00
4.966305884756844534e+03 3.346472921938909106e+00
4.976308745402533532e+03 3.049600102324103723e+00
4.986311606048222529e+03 3.010103987705431638e+00
4.996314466693910617e+03 3.057263420420560429e+00
5.006317327339598705e+03 2.943070769315235147e+00
5.016320187985287703e+03 2.785467510243118561e+00
5.026323048630976700e+03 2.681601789162316951e+00
5.036325909276665698e+03 2.642422387823626373e+00
5.046328769922353786e+03 2.728674617966818428e+00
5.056331630568041874e+03 2.896536855252378029e+00
5.066334491213730871e+03 2.922408769891187585e+00
5.076337351859419869e+03 2.721938285032567961e+00
5.086340212505107957e+03 2.418754550533097625e+00
5.096343073150796045e+03 2.345400020395874918e+00
5.106345933796485042e+03 2.444103385422117025e+00
5.116348794442174039e+03 2.471053359090738866e+00
5.126351655087863037e+03 2.452783356779225432e+00
5.136354515733551125e+03 2.491177523343407696e+00
5.146357376379239213e+03 2.475832986633550892e+00
5.156360237024928210e+03 2.438470160432806733e+00
5.166363097670617208e+03 2.536672207094829545e+00
5.176365958316305296e+03 2.707332502022670173e+00
5.186368818961994293e+03 2.819317029804596864e+00
5.196371679607682381e+03 2.748410618345578982e+00
5.206374540253371379e+03 2.625135447950651013e+00
5.216377400899060376e+03 2.568840848250065978e+00
5.226380261544748464e+03 2.461314859828409585e+00
5.236383122190436552e+03 2.317978297117900155e+00
5.246385982836125550e+03 2.208071041820417690e+00
5.256388843481814547e+03 2.164761887018399111e+00
5.266391704127502635e+03 2.221458235629933498e+00
5.276394564773191632e+03 2.257801894679219767e+00
5.286397425418879720e+03 2.222336905392012785e+00
5.296400286064568718e+03 2.193024246606244620e+00
5.306403146710257715e+03 2.185157784624014887e+00
5.316406007355945803e+03 2.207239253144765101e+00
5.326408868001633891e+03 2.257447174279097357e+00
5.336411728647322889e+03 2.318846065236385812e+00
5.346414589293011886e+03 2.440474128206666204e+00
5.356417449938699974e+03 2.750463791778636757e+00
5.366420310584388972e+03 3.204995277322274294e+00
5.376423171230077060e+03 3.704910754110164905e+00
5.386426031875766057e+03 3.984086581996586940e+00
5.396428892521455055e+03 4.046707619827125235e+00
5.406431753167143142e+03 4.111157039540661806e+00
5.416434613812831230e+03 4.287758242781234408e+00
5.426437474458520228e+03 4.623697993333246714e+00
5.436440335104209225e+03 5.200176924310207838e+00
5.446443195749898223e+03 6.065723681592188221e+00
5.456446056395586311e+03 6.861727236013297926e+00
5.466448917041274399e+03 7.712784706944817437e+00
5.476451777686963396e+03 8.808921694705636796e+00
5.486454638332652394e+03 9.797826815539458778e+00
5.496457498978340482e+03 1.069856829312587188e+01
5.506460359624028570e+03 1.130150245391882358e+01
5.516463220269717567e+03 1.162978596686797239e+01
5.526466080915406565e+03 1.187040211051257899e+01
5.536468941561095562e+03 1.198097113956727533e+01
5.546471802206783650e+03 1.215862069198301754e+01
5.556474662852471738e+03 1.263325882308142312e+01
5.566477523498160735e+03 1.307528436442606434e+01
5.576480384143849733e+03 1.366883572303807881e+01
5.586483244789537821e+03 1.432447191949701448e+01
5.596486105435225909e+03 1.472879002421577610e+01
5.606488966080914906e+03 1.552662607247318327e+01
5.616491826726603904e+03 1.656200097273818628e+01
5.626494687372292901e+03 1.736552556856134899e+01
5.636497548017980989e+03 1.685623366719034522e+01
5.646500408663669077e+03 1.351614641923339377e+01
5.656503269309358075e+03 9.454523573647671597e+00
5.666506129955047072e+03 5.599280242811315311e+00
5.676508990600735160e+03 2.704354924514736691e+00
5.686511851246424158e+03 2.504921744758497493e+00
5.696514711892112246e+03 4.921481266750768135e+00
5.706517572537801243e+03 8.826858552041526806e+00
5.716520433183490240e+03 1.362161065540790617e+01
5.726523293829178328e+03 1.824554399102293800e+01
5.736526154474866416e+03 1.957465092032057896e+01
5.746529015120555414e+03 1.919621447984937390e+01
5.756531875766244411e+03 1.893836120247782517e+01
5.766534736411932499e+03 1.879394760703087641e+01
5.776537597057621497e+03 1.839172327826490161e+01
5.786540457703309585e+03 1.785626332028820684e+01
5.796543318348998582e+03 1.742938631565857932e+01
5.806546178994687580e+03 1.758008523618087438e+01
5.816549039640375668e+03 1.785779419484496700e+01
5.826551900286063756e+03 1.796008811583341824e+01
5.836554760931752753e+03 1.804175173517339203e+01
5.846557621577441751e+03 1.813376084231976293e+01
5.856560482223129839e+03 1.804405888905196775e+01
5.866563342868818836e+03 1.800428087223736995e+01
5.876566203514506924e+03 1.813858429245422244e+01
5.886569064160195921e+03 1.799740043857754657e+01
5.896571924805884919e+03 1.767401587755734127e+01
5.906574785451573007e+03 1.746165421348018398e+01
5.916577646097261095e+03 1.761154666362131849e+01
5.926580506742950092e+03 1.767117024355631472e+01
5.936583367388639090e+03 1.726550014236044106e+01
5.946586228034328087e+03 1.676411901202114763e+01
5.956589088680016175e+03 1.609393679032143964e+01
5.966591949325704263e+03 1.514795556003999799e+01
5.976594809971393261e+03 1.445928187454684810e+01
5.986597670617082258e+03 1.355479803239362191e+01
5.996600531262770346e+03 1.211471583456373757e+01
6.006603391908458434e+03 1.051653435287130200e+01
6.016606252554147432e+03 9.350648725598556865e+00
6.026609113199836429e+03 8.443443767931269051e+00
6.036611973845525426e+03 7.767095353712671901e+00
6.046614834491213514e+03 7.228613628138989888e+00
6.056617695136901602e+03 6.727707378772396218e+00
6.066620555782590600e+03 6.635477235194110257e+00
6.076623416428279597e+03 6.725987916823370938e+00
6.086626277073967685e+03 6.820639102308826196e+00
6.096629137719656683e+03 6.766659670592529707e+00
6.106631998365344771e+03 6.586779953421068257e+00
6.116634859011033768e+03 6.366731179514693473e+00
6.126637719656722766e+03 6.202042806206197412e+00
6.136640580302410854e+03 6.017203053542341529e+00
6.146643440948098942e+03 5.898079428198749419e+00
6.156646301593787939e+03 5.958912474030364947e+00
6.166649162239476937e+03 6.141930635649968551e+00
6.176652022885165024e+03 6.349841822656761892e+00
6.186654883530854022e+03 6.570896052360089890e+00
6.196657744176542110e+03 7.032827266653089104e+00
6.206660604822231107e+03 7.451832957416746339e+00
6.216663465467920105e+03 7.835727223923689699e+00
6.226666326113608193e+03 8.203597420741667534e+00
6.236669186759296281e+03 8.521154361796398291e+00
6.246672047404985278e+03 8.965790221630262735e+00
6.256674908050674276e+03 9.344736988414879875e+00
6.266677768696362364e+03 9.614944739638383808e+00
6.276680629342051361e+03 9.734220381641311093e+00
6.286683489987739449e+03 9.751596417374589265e+00
6.296686350633428447e+03 9.853934965044105709e+00
6.306689211279117444e+03 1.009281539749914636e+01
6.316692071924805532e+03 1.047380794160776851e+01
6.326694932570493620e+03 1.077500889382259253e+01
6.336697793216182617e+03 1.088444761852864140e+01
6.346700653861871615e+03 1.107418151320973720e+01
6.356703514507560612e+03 1.133604383924579118e+01
6.366706375153248700e+03 1.144329889674870593e+01
6.376709235798936788e+03 1.146201579312387508e+01
6.386712096444625786e+03 1.155383666211785609e+01
6.396714957090314783e+03 1.157427533846942147e+01
6.406717817736002871e+03 1.146851340363786242e+01
6.416720678381690959e+03 1.141849479607070528e+01
6.426723539027379957e+03 1.139345078231008479e+01
6.436726399673068954e+03 1.119597893592747795e+01
6.446729260318757952e+03 1.094956408963397898e+01
6.456732120964446040e+03 1.085454805293749025e+01
6.466734981610134128e+03 1.085544759254247360e+01
6.476737842255823125e+03 1.077791233455421072e+01
6.486740702901512122e+03 1.054828323430042936e+01
6.496743563547200210e+03 1.016863167069244156e+01
6.506746424192888298e+03 9.781664457136795221e+00
6.516749284838577296e+03 9.493904308853986507e+00
6.526752145484266293e+03 9.251937462692229275e+00
6.536755006129955291e+03 9.150107512685924149e+00
6.546757866775643379e+03 9.059047525134042544e+00
6.556760727421331467e+03 8.941780860519942919e+00
6.566763588067020464e+03 8.857009377624985191e+00
6.576766448712709462e+03 8.863846550856823825e+00
6.586769309358397550e+03 8.905944109018021138e+00
6.596772170004086547e+03 8.883183503229254541e+00
6.606775030649774635e+03 8.779823367832149117e+00
6.616777891295463633e+03 8.607959616380478352e+00
6.626780751941152630e+03 8.316312245107425838e+00
6.636783612586840718e+03 7.912066476304403295e+00
6.646786473232528806e+03 7.415721262000031899e+00
6.656789333878217803e+03 6.886764132320265297e+00
6.666792194523906801e+03 6.396844034483979868e+00
6.676795055169594889e+03 5.969293770130591703e+00
6.686797915815283886e+03 5.524209344737210259e+00
6.696800776460971974e+03 5.007122001078351481e+00
6.706803637106660972e+03 4.485330581779745529e+00
6.716806497752349969e+03 4.074301799876215213e+00
6.726809358398038057e+03 3.790965601247014316e+00
6.736812219043726145e+03 3.556405297885319783e+00
6.746815079689415143e+03 3.397388972722677369e+00
6.756817940335104140e+03 3.300194217302127253e+00
6.766820800980793138e+03 3.246487182876146793e+00
6.776823661626481226e+03 3.193624984495714969e+00
6.786826522272169314e+03 3.119549826082477217e+00
6.796829382917858311e+03 3.031580866160415777e+00
6.806832243563547308e+03 2.908919778801576150e+00
6.816835104209235396e+03 2.749605602777931868e+00
6.826837964854923484e+03 2.583939596325175003e+00
6.836840825500612482e+03 2.439503170816724076e+00
6.846843686146301479e+03 2.359174753978951600e+00
6.856846546791990477e+03 2.258718044984456608e+00
6.866849407437678565e+03 2.165093583263189458e+00
6.876852268083366653e+03 2.065242528194561000e+00
6.886855128729055650e+03 1.976296828764098512e+00
6.896857989374744648e+03 1.936636333032528912e+00
6.906860850020432736e+03 1.937692475501861855e+00
6.916863710666120824e+03 1.943050446565150802e+00
6.926866571311809821e+03 1.937470952619699816e+00
6.936869431957498819e+03 1.941265938652995571e+00
6.946872292603187816e+03 1.973081273642875111e+00
6.956875153248875904e+03 2.020508628341609381e+00
6.966878013894563992e+03 2.080106297528237835e+00
6.976880874540252989e+03 2.164946796668247408e+00
6.986883735185941987e+03 2.304700320036926708e+00
6.996886595831630075e+03 2.472836280595380742e+00
7.006889456477319072e+03 2.657423722001379662e+00
7.016892317123007160e+03 2.861198472207866050e+00
7.026895177768696158e+03 2.999636847449523192e+00
7.036898038414385155e+03 3.201344469035269480e+00
7.046900899060073243e+03 3.411294187405468747e+00
7.056903759705761331e+03 3.602555676489311853e+00
7.066906620351450329e+03 3.758522519023717923e+00
7.076909480997139326e+03 3.855659117249381485e+00
7.086912341642827414e+03 3.973757927337086215e+00
7.096915202288516411e+03 3.971651030003224836e+00
7.106918062934204499e+03 3.797565850496355200e+00
7.116920923579893497e+03 3.572414003260449444e+00
7.126923784225582494e+03 3.376018629628211976e+00
7.136926644871270582e+03 3.239271255599832866e+00
7.146929505516958670e+03 3.205870612090901961e+00
7.156932366162647668e+03 3.242097377512650258e+00
7.166935226808336665e+03 3.334008444424191087e+00
7.176938087454024753e+03 3.480517345198104628e+00
7.186940948099713751e+03 3.688708449418875990e+00
7.196943808745401839e+03 3.844831259003195001e+00
7.206946669391090836e+03 4.057504842253718991e+00
7.216949530036779834e+03 4.256245700916468699e+00
7.226952390682467922e+03 4.384872246349374336e+00
7.236955251328156010e+03 4.573288023128232460e+00
7.246958111973845007e+03 4.738601351774968329e+00
7.256960972619534004e+03 4.852451543656243871e+00
7.266963833265223002e+03 4.979678106790497161e+00
7.276966693910911090e+03 5.085052498079881467e+00
7.286969554556599178e+03 5.176371810180004474e+00
7.296972415202288175e+03 5.140324346886958828e+00
7.306975275847977173e+03 5.057882188731183781e+00
7.316978136493665261e+03 4.926291025848969163e+00
7.326980997139353349e+03 4.806182861196505840e+00
7.336983857785042346e+03 4.734856867007493975e+00
7.346986718430731344e+03 4.709760775805728272e+00
7.356989579076420341e+03 4.690044886982625449e+00
7.366992439722108429e+03 4.619406380503398246e+00
7.376995300367796517e+03 4.531667057084787231e+00
7.386998161013485515e+03 4.481898551377836881e+00
7.397001021659174512e+03 4.400769027161048008e+00
7.407003882304862600e+03 4.289262259215925965e+00
7.417006742950551597e+03 4.181699243777205588e+00
7.427009603596239685e+03 3.948609088445417470e+00
7.437012464241928683e+03 3.654671064858390661e+00
7.447015324887617680e+03 3.443185885158350334e+00
7.457018185533305768e+03 3.116315827651476855e+00
7.467021046178993856e+03 2.775710557661970945e+00
7.477023906824682854e+03 2.546898148650655447e+00
7.487026767470371851e+03 2.218229164784449647e+00
7.497029628116059939e+03 1.924481620448166508e+00
7.507032488761748937e+03 1.755018009017355718e+00
7.517035349407437025e+03 1.556948725811918344e+00
7.527038210053126022e+03 1.424441618495910111e+00
7.537041070698815020e+03 1.364745348058270746e+00
7.547043931344503108e+03 1.304870773104524151e+00
7.557046791990191196e+03 1.283057524439180863e+00
7.567049652635880193e+03 1.287842422109768625e+00
7.577052513281569190e+03 1.297592223014509383e+00
7.587055373927257278e+03 1.312193393231439131e+00
7.687083980384143615e+03 1.701886476697395345e+00
7.697086841029831703e+03 1.751111593483828166e+00
7.707089701675520701e+03 1.811992920933938267e+00
7.717092562321209698e+03 1.846059656886814837e+00
7.727095422966897786e+03 1.851955569972957960e+00
7.737098283612585874e+03 1.842394612667034970e+00
7.747101144258274871e+03 1.839948772046248182e+00
7.757104004903963869e+03 1.883979583286903292e+00
7.767106865549652866e+03 2.080588921661453483e+00
7.777109726195340954e+03 2.405839445538114685e+00
7.787112586841029042e+03 2.678479881035865429e+00
7.797115447486718040e+03 2.950007552467497352e+00
7.807118308132407037e+03 3.320203732673237873e+00
7.817121168778095125e+03 3.747780092353592440e+00
7.827124029423783213e+03 4.146882217584930252e+00
7.837126890069472211e+03 4.610149518989340223e+00
7.847129750715161208e+03 5.250170747453805298e+00
7.857132611360850206e+03 5.825747046348407565e+00
7.867135472006538293e+03 6.247209309061067195e+00
7.877138332652226381e+03 6.982507182741692020e+00
7.887141193297915379e+03 7.676923737343935628e+00
7.897144053943604376e+03 8.032365944876824315e+00
7.907146914589292464e+03 8.334565501198424542e+00
7.917149775234981462e+03 8.700038020837858710e+00
7.927152635880669550e+03 8.955215791708665662e+00
7.937155496526358547e+03 9.067574945576076573e+00
7.947158357172047545e+03 9.138710358227848829e+00
7.957161217817735633e+03 9.241518819254824990e+00
7.967164078463423721e+03 9.512780518152940346e+00
7.977166939109112718e+03 9.841951491496015336e+00
7.987169799754801716e+03 1.021400742918482507e+01
7.997172660400489804e+03 1.077529386077041096e+01
8.007175521046178801e+03 1.138158466034377092e+01
8.017178381691866889e+03 1.181878478167417157e+01
8.027181242337555886e+03 1.220986469308351730e+01
8.037184102983244884e+03 1.261637898650106138e+01
8.047186963628932972e+03 1.287494719601509274e+01
8.057189824274621060e+03 1.295820378425986519e+01
8.067192684920310057e+03 1.288506203330332589e+01
8.077195545565999055e+03 1.235894441367633867e+01
8.087198406211687143e+03 1.164413772705022332e+01
8.097201266857376140e+03 1.122058707708795211e+01
8.107204127503064228e+03 1.080925629284767275e+01
8.117206988148753226e+03 1.006989926451538331e+01
8.127209848794442223e+03 9.277747682505689042e+00
8.137212709440130311e+03 8.763822121496405160e+00
8.147215570085818399e+03 8.228876668088510371e+00
8.157218430731507397e+03 7.374140003921323405e+00
8.167221291377196394e+03 6.496345322792885568e+00
8.177224152022885391e+03 5.926760682586433404e+00
8.187227012668573479e+03 5.403178958370818741e+00
8.197229873314261567e+03 4.964618598107412240e+00
8.207232733959950565e+03 4.510921997537435502e+00
8.217235594605639562e+03 4.184135638186771367e+00
8.227238455251328560e+03 4.005763902309988467e+00
8.237241315897015738e+03 3.867676865032545042e+00
8.247244176542704736e+03 3.782914229843433063e+00
8.257247037188393733e+03 3.754097121547185001e+00
8.267249897834082731e+03 3.805912008985046224e+00
8.277252758479771728e+03 3.880302118375551501e+00
8.287255619125458907e+03 3.964292530230898670e+00
8.297258479771147904e+03 4.094123101391511810e+00
8.307261340416836902e+03 4.241685804559836015e+00
8.317264201062524080e+03 4.362551655570026554e+00
8.327267061708214896e+03 4.494383336588325228e+00
8.337269922353902075e+03 4.619211577551879166e+00
8.347272782999591072e+03 4.740335158168481833e+00
8.357275643645280070e+03 4.764587387383948602e+00
8.367278504290967248e+03 4.731398310087799430e+00
8.377281364936656246e+03 4.693262147616472646e+00
8.387284225582345243e+03 4.667646760543801676e+00
8.397287086228034241e+03 4.698662798593439049e+00
8.407289946873723238e+03 4.852488270270945314e+00
8.417292807519410417e+03 5.010316956697104196e+00
8.427295668165099414e+03 5.137446108253461041e+00
8.437298528810788412e+03 5.184165996841920254e+00
8.447301389456477409e+03 5.154780709994781773e+00
8.457304250102166407e+03 5.049094867986566371e+00
8.467307110747853585e+03 4.916343635502510523e+00
8.477309971393542583e+03 4.779427166970261709e+00
8.487312832039231580e+03 4.605611870131798291e+00
8.497315692684918758e+03 4.418859946029773944e+00
8.507318553330609575e+03 4.156267982511709924e+00
8.517321413976296753e+03 3.933043045790120207e+00
8.527324274621985751e+03 3.850129809611805953e+00
8.537327135267674748e+03 3.839822159135493962e+00
8.547329995913361927e+03 3.901467396170728019e+00
8.557332856559050924e+03 4.035884131679889464e+00
8.567335717204739922e+03 4.358181227951106962e+00
8.577338577850428919e+03 4.708385712013630986e+00
8.587341438496117917e+03 4.887237046280590747e+00
8.597344299141805095e+03 5.034530481596650731e+00
8.607347159787495912e+03 5.175282026428966731e+00
8.617350020433183090e+03 5.318347547873031544e+00
8.627352881078870269e+03 5.567428531852982587e+00
8.637355741724561085e+03 5.802655897047339195e+00
8.647358602370248263e+03 5.824503871217181938e+00
8.657361463015939080e+03 5.709689966795397531e+00
8.667364323661626258e+03 5.531376374327967582e+00
8.677367184307313437e+03 5.365679250456941496e+00
8.687370044953004253e+03 5.258327504328323521e+00
8.697372905598691432e+03 5.168221641096681473e+00
8.707375766244380429e+03 5.014573592773530208e+00
8.717378626890069427e+03 4.835889366026930425e+00
8.727381487535756605e+03 4.664223904953777478e+00
8.737384348181447422e+03 4.581768183923339954e+00
8.747387208827134600e+03 4.615328211176154660e+00
8.757390069472823598e+03 4.707547442638928992e+00
8.767392930118512595e+03 4.794627533486202076e+00
8.777395790764199774e+03 4.847246911723618545e+00
8.787398651409890590e+03 4.977660730273097300e+00
8.797401512055577768e+03 5.227998071013378656e+00
8.807404372701264947e+03 5.532697357324897425e+00
8.817407233346955763e+03 5.791305641199987697e+00
8.827410093992642942e+03 5.911774729703458853e+00
8.837412954638333758e+03 5.841618057147535126e+00
8.847415815284020937e+03 5.651159112077161595e+00
8.857418675929708115e+03 5.482873620193661424e+00
8.867421536575398932e+03 5.254572067751284159e+00
8.877424397221086110e+03 4.977102075914978663e+00
8.887427257866775108e+03 4.691757235681101257e+00
8.897430118512464105e+03 4.433499748844479171e+00
8.907432979158151284e+03 4.196986459768872635e+00
8.917435839803842100e+03 3.877627833525195467e+00
8.927438700449529279e+03 3.604014511439034063e+00
8.937441561095218276e+03 3.443040181342138517e+00
8.947444421740907273e+03 3.296792251489685910e+00
8.957447282386594452e+03 3.173115517381524420e+00
8.967450143032285268e+03 3.090952973011185101e+00
8.977453003677972447e+03 3.048743712127098604e+00
8.987455864323659625e+03 3.028443926101676897e+00
8.997458724969350442e+03 3.012354205202772750e+00
9.007461585615037620e+03 3.022591543487910037e+00
9.017464446260728437e+03 3.046278765851845094e+00
9.027467306906415615e+03 3.061410299295117987e+00
9.037470167552102794e+03 3.055368891537436404e+00
9.047473028197793610e+03 3.039863515319054965e+00
9.057475888843480789e+03 3.033624477284113219e+00
9.067478749489169786e+03 3.032501422133255797e+00
9.077481610134858784e+03 3.010186190429296804e+00
9.087484470780545962e+03 2.950338877390905168e+00
9.097487331426236778e+03 2.813085465362166193e+00
9.107490192071923957e+03 2.662064555662235765e+00
9.117493052717612954e+03 2.554732775521270760e+00
9.127495913363301952e+03 2.444512344994300701e+00
9.137498774008989130e+03 2.341897980649943367e+00
9.147501634654679947e+03 2.252172527316506301e+00
9.157504495300367125e+03 2.169464130626419074e+00
9.167507355946056123e+03 2.079340276655542219e+00
9.177510216591745120e+03 1.982896155656921344e+00
9.187513077237432299e+03 1.887670771303497919e+00
9.197515937883123115e+03 1.758362394670120565e+00
9.207518798528810294e+03 1.631215567912472908e+00
9.217521659174497472e+03 1.543839991886208907e+00
9.227524519820188289e+03 1.454986715474734904e+00
9.237527380465875467e+03 1.363200115025192671e+00
9.247530241111566284e+03 1.268665371468998826e+00
9.257533101757253462e+03 1.183001833619572007e+00
9.267535962402940640e+03 1.118788925968647874e+00
9.277538823048631457e+03 1.085331843920136263e+00
9.287541683694318635e+03 1.078152830269073492e+00
9.297544544340007633e+03 1.086405877831932987e+00
9.307547404985696630e+03 1.097285690355000121e+00
9.317550265631383809e+03 1.099242316249348761e+00
9.327553126277074625e+03 1.085726280335451266e+00
9.337555986922761804e+03 1.071595232918714169e+00
9.347558847568450801e+03 1.057677155238360145e+00
9.357561708214139799e+03 1.044980058273008661e+00
9.367564568859826977e+03 1.032983973674186817e+00
9.377567429505517794e+03 1.018798629312463344e+00
9.387570290151204972e+03 1.000000000000000000e+00
9.397573150796892151e+03 9.773983190270060240e-01
9.407576011442582967e+03 9.551081714334817008e-01
9.417578872088270145e+03 9.348614342307485225e-01
9.427581732733960962e+03 9.121379130839779581e-01
9.437584593379648140e+03 8.804430595702223972e-01
9.447587454025335319e+03 8.374962748618610675e-01
9.457590314671026135e+03 7.859634050447092957e-01
9.467593175316713314e+03 7.345194131783705505e-01
9.477596035962402311e+03 6.764540905612577149e-01
9.487598896608091309e+03 6.437205734525268674e-01
9.497601757253778487e+03 6.328444735009984834e-01
9.507604617899469304e+03 6.261575906161321869e-01
9.517607478545156482e+03 6.215626193471298633e-01
9.527610339190845480e+03 6.165102449008479368e-01
9.537613199836534477e+03 6.102178940193077050e-01
9.547616060482221656e+03 6.047913633785393372e-01
9.557618921127912472e+03 6.021971110910897540e-01
9.567621781773599650e+03 6.013107438102254232e-01
9.577624642419288648e+03 6.004703819923246089e-01
9.587627503064977645e+03 5.997965212865949969e-01
9.597630363710664824e+03 6.000602740831076920e-01
9.607633224356355640e+03 6.011119707274961144e-01
9.617636085002042819e+03 6.018328018193859208e-01
9.627638945647729997e+03 6.005034080177650280e-01
9.637641806293420814e+03 5.962508510277467755e-01
9.647644666939107992e+03 5.903501295132356219e-01
9.657647527584798809e+03 5.857497723271248846e-01
9.667650388230485987e+03 5.846147064054506570e-01
9.677653248876173166e+03 5.868775436345616825e-01
9.687656109521863982e+03 5.906283210228099323e-01
9.697658970167551161e+03 5.945379984900381887e-01
9.707661830813240158e+03 6.006008779027998123e-01
9.717664691458929155e+03 6.051963585471260565e-01
9.727667552104616334e+03 6.069763612894788496e-01
9.737670412750307150e+03 6.085421958657920571e-01
9.747673273395994329e+03 6.077955684896207966e-01
9.757676134041683326e+03 6.023555928866194398e-01
9.767678994687372324e+03 5.948123374677202202e-01
9.777681855333059502e+03 5.910446323533579127e-01
9.787684715978750319e+03 5.925673389568543170e-01
9.797687576624437497e+03 5.961815643229332329e-01
9.807690437270124676e+03 5.995318587800656518e-01
9.817693297915815492e+03 6.029016533616535778e-01
9.827696158561502671e+03 6.069118024669900580e-01
9.837699019207193487e+03 6.112297814221402392e-01
9.847701879852880666e+03 6.163772428781723045e-01
9.857704740498567844e+03 6.252669207987693323e-01
9.867707601144258660e+03 6.403899540868738249e-01
9.877710461789945839e+03 6.579050280371255832e-01
9.887713322435634836e+03 6.704480834709702908e-01
9.897716183081323834e+03 6.730417025781223472e-01
9.907719043727011012e+03 6.668079789169522043e-01
9.917721904372701829e+03 6.556321780285752077e-01
9.927724765018389007e+03 6.434121190633144138e-01
9.937727625664078005e+03 6.334758906848623194e-01
9.947730486309767002e+03 6.271243461561578636e-01
9.957733346955454181e+03 6.217913700339371408e-01
9.967736207601144997e+03 6.149009908750557862e-01
9.977739068246832176e+03 6.076793398522956080e-01
9.987741928892521173e+03 6.028973361849578882e-01
9.997744789538210171e+03 6.008523951194190138e-01
1.000774765018389735e+04 6.006755733637824113e-01
1.001775051082958817e+04 6.026460730111987685e-01
1.002775337147527534e+04 6.072671497625257153e-01
1.003775623212096252e+04 6.139517757916365115e-01
1.004775909276665334e+04 6.215169259689576897e-01
1.005776195341234052e+04 6.286034161230162898e-01
1.006776481405803133e+04 6.354327360463920549e-01
1.007776767470371851e+04 6.451237512707188593e-01
1.008777053534940569e+04 6.598682117140609593e-01
1.009777339599509651e+04 6.768093710252001127e-01
1.010777625664078369e+04 6.822411337467852999e-01
1.011777911728647268e+04 6.696136939597896465e-01
1.012778197793216168e+04 6.375743916675709055e-01
1.013778483857784886e+04 5.913848307395183079e-01
1.014778769922353968e+04 5.397664521885097155e-01
1.015779055986922685e+04 4.913530760711761203e-01
1.016779342051491585e+04 4.511288931290541870e-01
1.017779628116060485e+04 4.145375649958611408e-01
1.018779914180629203e+04 3.816492959424794829e-01
1.019780200245198284e+04 3.448469535611118353e-01
1.020780486309767002e+04 3.050784435016709040e-01
1.021780772374335720e+04 2.651740942944597057e-01
1.022781058438904802e+04 2.233214872242863802e-01
1.023781344503473520e+04 1.890543818555685818e-01
1.024781630568042601e+04 1.628049923420195333e-01
1.025781916632611319e+04 1.531489799780282046e-01
1.026782202697180037e+04 1.763059424428458921e-01
1.027782488761749119e+04 2.406791938810968201e-01
1.028782774826317836e+04 3.500845598095963518e-01
1.029783060890886736e+04 4.942538361419082094e-01
1.031783633020024354e+04 6.672754364641881875e-01
1.032783919084593435e+04 8.152539303318322439e-01
1.033784205149162153e+04 9.445104815356589745e-01
1.034784491213731053e+04 1.064291206734256479e+00
1.035784777278299953e+04 1.153290146348287415e+00
1.036785063342868671e+04 1.223924154990891688e+00
1.037785349407437752e+04 1.282846770097585631e+00
1.038785635472006470e+04 1.321116647521468401e+00
1.039785921536575188e+04 1.345264910531510649e+00
1.040786207601144270e+04 1.348517180124576997e+00
1.041786493665712987e+04 1.335562092515094390e+00
1.042786779730282069e+04 1.311156781769627244e+00
1.043787065794850787e+04 1.287302610775169276e+00
1.044787351859419505e+04 1.261622343042756000e+00
1.045787637923988586e+04 1.237107703848464135e+00
1.046787923988557304e+04 1.207671895497982595e+00
1.047788210053126386e+04 1.180884103335364976e+00
1.048788496117695104e+04 1.155107309100079860e+00
1.049788782182263822e+04 1.135730263376957927e+00
1.050789068246832903e+04 1.121226199545199087e+00
1.051789354311401621e+04 1.115119560707052759e+00
1.052789640375970521e+04 1.119570146003779243e+00
1.053789926440539421e+04 1.127897285385291770e+00
1.055790498569677220e+04 1.139453283996356037e+00
1.056790784634245938e+04 1.153694146083750871e+00
1.057791070698814838e+04 1.172484148769771695e+00
1.058791356763383737e+04 1.189354853674508439e+00
1.059791642827952455e+04 1.209489927080839466e+00
1.060791928892521537e+04 1.236127101705643661e+00
1.061792214957090255e+04 1.278008212376330777e+00
1.062792501021658973e+04 1.324070543706408865e+00
1.063792787086228054e+04 1.356723808881892257e+00
1.064793073150796772e+04 1.375966752450619390e+00
1.065793359215365854e+04 1.387566620080818769e+00
1.066793645279934572e+04 1.410847617686522559e+00
1.067793931344503289e+04 1.467036799616277865e+00
1.068794217409072371e+04 1.551172704137793845e+00
1.069794503473641089e+04 1.636545756935753326e+00
1.070794789538209989e+04 1.730830576010890853e+00
1.072795361667347606e+04 1.829090031874132771e+00
1.073795647731916688e+04 1.926428204026326307e+00
1.074795933796485406e+04 2.040456042216280963e+00
1.075796219861054306e+04 2.152491018585832361e+00
1.076796505925623205e+04 2.253515503725969538e+00
1.077796791990191923e+04 2.336188276154847365e+00
1.078797078054761005e+04 2.423994470819392344e+00
1.079797364119329723e+04 2.511234261635196585e+00
1.080797650183898440e+04 2.587375184815693618e+00
1.081797936248467522e+04 2.634288296684463404e+00
1.082798222313036240e+04 2.647429072813723305e+00
1.083798508377605322e+04 2.643168875216991509e+00
1.084798794442174039e+04 2.633330237450155931e+00
1.086799366571311839e+04 2.621179125910050534e+00
1.087799652635880557e+04 2.606936383508879462e+00
1.088799938700449638e+04 2.588270222885843186e+00
1.089800224765018356e+04 2.554092777128027958e+00
1.090800510829587074e+04 2.499609946161452267e+00
1.091800796894156156e+04 2.416235074445566955e+00
1.092801082958724874e+04 2.323444251099953561e+00
1.093801369023293773e+04 2.233141450243151027e+00
1.094801655087862673e+04 2.142561196872117879e+00
1.095801941152431391e+04 2.042899179407699606e+00
1.096802227217000473e+04 1.937562435541748451e+00
1.097802513281569190e+04 1.843404624782124968e+00
1.099803085410706990e+04 1.770621764079050031e+00
1.100803371475275708e+04 1.713378330010989270e+00
1.101803657539844789e+04 1.663959426190123603e+00
1.102803943604413507e+04 1.620527375917124147e+00
1.103804229668982225e+04 1.577700792689855191e+00
1.104804515733551307e+04 1.527309332047091850e+00
1.105804801798120025e+04 1.473212129810686388e+00
1.106805087862689106e+04 1.430993084479424304e+00
1.107805373927257824e+04 1.407653382050777280e+00
1.108805659991826542e+04 1.392390885217038354e+00
1.110806232120964341e+04 1.373083554790662131e+00
1.111806518185533241e+04 1.347635153231305338e+00
1.112806804250102141e+04 1.322225129673229915e+00
1.113807090314670859e+04 1.289572013679823659e+00
1.114807376379239940e+04 1.247802344407859199e+00
1.115807662443808658e+04 1.204975006380038849e+00
1.116807948508377558e+04 1.171988250034161627e+00
1.117808234572946458e+04 1.153879781387747272e+00
1.119808806702084257e+04 1.146579025769914439e+00
1.120809092766652975e+04 1.139692254962763274e+00
1.121809378831221693e+04 1.121107596616923940e+00
1.122809664895790775e+04 1.088689694826008747e+00
1.123809950960359492e+04 1.051921117664359917e+00
1.124810237024928574e+04 1.018657487636141834e+00
1.125810523089497292e+04 9.927567721173893300e-01
1.126810809154066010e+04 9.632492783009862780e-01
1.127811095218635091e+04 9.301690990845240536e-01
1.129811667347772709e+04 9.001789477287428509e-01
1.130811953412341609e+04 8.861015732480117535e-01
1.131812239476910327e+04 8.852556493275975935e-01
1.132812525541479408e+04 8.934955085935074592e-01
1.133812811606048126e+04 9.029606906795030197e-01
1.134813097670617026e+04 9.111163439136433784e-01
1.135813383735185926e+04 9.187012766556587051e-01
1.137813955864323725e+04 9.259067919354815324e-01
1.138814241928892443e+04 9.353664325905095556e-01
1.139814527993461343e+04 9.503416099675178197e-01
1.140814814058030242e+04 9.690721703499201034e-01
1.141815100122598960e+04 9.937259275772727385e-01
1.142815386187168042e+04 1.016687011318586187e+00
1.143815672251736760e+04 1.038963197026452567e+00
1.145816244380874559e+04 1.071893418650009977e+00
1.146816530445443277e+04 1.121886925044723649e+00
1.147816816510012359e+04 1.197805417781686810e+00
1.148817102574581077e+04 1.274989205289511096e+00
1.149817388639149794e+04 1.357105681776975104e+00
1.150817674703718876e+04 1.429514161841483055e+00
1.151817960768287594e+04 1.509531884167022220e+00
1.153818532897425393e+04 1.587904976887308806e+00
1.154818818961994111e+04 1.677220654725438465e+00
1.155819105026563193e+04 1.755926099350730851e+00
1.156819391091131911e+04 1.833870777002237995e+00
1.157819677155700811e+04 1.901822393685458801e+00
1.158819963220269710e+04 1.951543629327739504e+00
1.160820535349407510e+04 1.990078040539766224e+00
1.161820821413976228e+04 2.013573014833008656e+00
1.162821107478544945e+04 2.024474370978079030e+00
1.163821393543114027e+04 2.009125767036379351e+00
1.164821679607682745e+04 1.967866426251551504e+00
1.165821965672251827e+04 1.906461835129119597e+00
1.166822251736820544e+04 1.856693137189630471e+00
1.168822823865958344e+04 1.829722758536390881e+00
1.169823109930527062e+04 1.834905904595476756e+00
1.170823395995095962e+04 1.860634917861655913e+00
1.171823682059664861e+04 1.893202796442534863e+00
1.172823968124233579e+04 1.934591321597218139e+00
1.174824540253371379e+04 1.976443663131643769e+00
1.175824826317940278e+04 2.008897181929645726e+00
1.176825112382509178e+04 2.040076332400384107e+00
1.177825398447077896e+04 2.085688073606162263e+00
1.178825684511646978e+04 2.169556688868408578e+00
1.179825970576215695e+04 2.297172311733546746e+00
1.181826542705353495e+04 2.440891281741090157e+00
1.182826828769922213e+04 2.615594222548461190e+00
1.183827114834491294e+04 2.805948234688202980e+00
1.184827400899060012e+04 3.002778865742898429e+00
1.185827686963628730e+04 3.182097217139832956e+00
1.187828259092766530e+04 3.323290913119754109e+00
1.188828545157335611e+04 3.424405888462740410e+00
1.189828831221904329e+04 3.529591954114052132e+00
1.190829117286473047e+04 3.652101621350535954e+00
1.191829403351042129e+04 3.792014343590200287e+00
1.192829689415610846e+04 3.921867407330394961e+00
1.194830261544748646e+04 4.008502612854369929e+00
1.195830547609317364e+04 4.044545401883481439e+00
1.196830833673886445e+04 4.044582969104157932e+00
1.197831119738455163e+04 4.014349272122815115e+00
1.198831405803024063e+04 3.944677506680672963e+00
1.200831977932161681e+04 3.836692875063921093e+00
1.201832263996730762e+04 3.710270848668998589e+00
1.202832550061299480e+04 3.574710168894578377e+00
1.203832836125868198e+04 3.408349017936673775e+00
1.204833122190437280e+04 3.189601637933893397e+00
1.206833694319575079e+04 2.935027709484735237e+00
1.207833980384143797e+04 2.681610452320498883e+00
1.208834266448712515e+04 2.445165387798630352e+00
1.209834552513281596e+04 2.218999994541301035e+00
1.210834838577850314e+04 2.001020197191948125e+00
1.212835410706988114e+04 1.798975453676694203e+00
1.213835696771556832e+04 1.595484203088080921e+00
1.214835982836125913e+04 1.405123366834693188e+00
1.215836268900694631e+04 1.205853850417886397e+00
1.217836841029832431e+04 1.012905945625862225e+00
1.218837127094401148e+04 8.484345006688464030e-01
1.219837413158970230e+04 7.251337826615161797e-01
1.220837699223538948e+04 6.370944801838726024e-01
1.221837985288107848e+04 5.864885775355755948e-01
1.223838557417245465e+04 5.512756512580679891e-01
1.224838843481814547e+04 5.210585589133411855e-01
1.225839129546383265e+04 4.908458798346851393e-01
1.226839415610951983e+04 4.575869927604094833e-01
1.228839987740089782e+04 4.282206870419673073e-01
1.229840273804658864e+04 4.016980822513214755e-01
1.230840559869227582e+04 3.761640883880791875e-01
1.231840845933796300e+04 3.546476556627978782e-01
1.232841131998365381e+04 3.359352327973709196e-01
1.234841704127502999e+04 3.222558073387112865e-01
1.235841990192071898e+04 3.175852884025841538e-01
1.236842276256640616e+04 3.185732557272885068e-01
1.237842562321209698e+04 3.209746818678426705e-01
1.239843134450347316e+04 3.206521709754667215e-01
1.240843420514916215e+04 3.180606594496506734e-01
1.241843706579484933e+04 3.174783498175329233e-01
1.242843992644054015e+04 3.233950954214972473e-01
1.244844564773191451e+04 3.363391770336366382e-01
1.245844850837760532e+04 3.496807429208821372e-01
1.246845136902329250e+04 3.615426346529319601e-01
1.247845422966898332e+04 3.698894122353234559e-01
1.249845995096035767e+04 3.765246490707213622e-01
1.250846281160604849e+04 3.817811077187634461e-01
1.251846567225173567e+04 3.858767412636139316e-01
1.252846853289742467e+04 3.923996046783525538e-01
1.254847425418880084e+04 4.017174286528822913e-01
1.255847711483449166e+04 4.100182578687558976e-01
1.256847997548017884e+04 4.158679359181403634e-01
1.257848283612586783e+04 4.179880682207172682e-01
1.259848855741724401e+04 4.179306068857701617e-01
1.260849141806293483e+04 4.168396138914400306e-01
1.261849427870862201e+04 4.133317707468673885e-01
1.262849713935430918e+04 4.038006084752597813e-01
1.264850286064568718e+04 3.895040895832075356e-01
1.265850572129137799e+04 3.743576313496458363e-01
1.266850858193706517e+04 3.676256185457579817e-01
1.267851144258275235e+04 3.726156102308507134e-01
1.269851716387413035e+04 3.903241481346491071e-01
1.270852002451982116e+04 4.180409960479521958e-01
1.271852288516550834e+04 4.485855833129300807e-01
1.273852860645688634e+04 4.838266303624243481e-01
1.274853146710257352e+04 5.189124052375265750e-01
1.275853432774826251e+04 5.489288310752676869e-01
1.276853718839395151e+04 5.667608384082225559e-01
1.278854290968532951e+04 5.743381834377075945e-01
1.279854577033101668e+04 5.760548946120154223e-01
1.280854863097670568e+04 5.814796802254634800e-01
1.281855149162239468e+04 5.943446665379626959e-01
1.283855721291377267e+04 6.139401343644415032e-01
1.284856007355945985e+04 6.332796211306070955e-01
1.285856293420514703e+04 6.505984789923840994e-01
1.287856865549652503e+04 6.671353515344924379e-01
1.288857151614221584e+04 6.803898982179009680e-01
1.289857437678790302e+04 6.861176724025389584e-01
1.290857723743359020e+04 6.862370055738651331e-01
1.292858295872496819e+04 6.873105789527290677e-01
1.293858581937065719e+04 6.919574227116702669e-01
1.294858868001634619e+04 6.959084880598623846e-01
1.296859440130772418e+04 6.962202815139756362e-01
1.297859726195341136e+04 6.952984311824321750e-01
1.298860012259910036e+04 6.950168895506055877e-01
1.300860584389047654e+04 6.936864872475272392e-01
1.301860870453616735e+04 6.891641342901898559e-01
1.302861156518185453e+04 6.795157794561931253e-01
1.303861442582754171e+04 6.618346929359167907e-01
1.305862014711891970e+04 6.351860888735954003e-01
1.306862300776461052e+04 6.054266507007169951e-01
1.307862586841029770e+04 5.849409250102741709e-01
1.309863158970167569e+04 5.828059710170316876e-01
1.310863445034736287e+04 5.949194404754570842e-01
1.311863731099305369e+04 6.054110675259087859e-01
1.313864303228442805e+04 6.102228104537710252e-01
1.314864589293011886e+04 6.139222835917080845e-01
1.315864875357580604e+04 6.197582859321155713e-01
1.317865447486718404e+04 6.273751992625037355e-01
1.318865733551287121e+04 6.361660423609294401e-01
1.319866019615856203e+04 6.444500299690202327e-01
1.321866591744993821e+04 6.463408493612231576e-01
1.322866877809562720e+04 6.418261340007865856e-01
1.323867163874131438e+04 6.366914006656317904e-01
1.324867449938700520e+04 6.366395749159298179e-01
1.326868022067837956e+04 6.410002240242372862e-01
1.327868308132407037e+04 6.458922737343747444e-01
1.328868594196975755e+04 6.583253621540751110e-01
1.330869166326113555e+04 6.979949064305223105e-01
1.331869452390682272e+04 7.658823774617961044e-01
1.332869738455251354e+04 8.471097639581443017e-01
1.334870310584388972e+04 9.142549188462889553e-01
1.335870596648957871e+04 9.551475243966250916e-01
1.336870882713526589e+04 9.742167584745796693e-01
1.338871454842664389e+04 9.963320214739223024e-01
1.339871740907233288e+04 1.031536962214157027e+00
1.340872026971802188e+04 1.088118050306479345e+00
1.342872599100939988e+04 1.176758856727732505e+00
1.343872885165508706e+04 1.280458272562092326e+00
1.345873457294646505e+04 1.406143531855708284e+00
1.346873743359215223e+04 1.531411772574391872e+00
1.347874029423784305e+04 1.674064665612800873e+00
1.349874601552921740e+04 1.812637550463158664e+00
1.350874887617490822e+04 1.965732905356053051e+00
1.351875173682059540e+04 2.101924339281373566e+00
1.353875745811197339e+04 2.222036884067130735e+00
1.354876031875766057e+04 2.296219568403238487e+00
1.355876317940335139e+04 2.342962685139878154e+00
1.357876890069472756e+04 2.367382685532898989e+00
1.358877176134041656e+04 2.368138111888735242e+00
1.359877462198610374e+04 2.336076101150537987e+00
1.361878034327748173e+04 2.279526868038916021e+00
1.362878320392317073e+04 2.228786880891452604e+00
1.363878606456885973e+04 2.203374895830480185e+00
1.365879178586023772e+04 2.202700365977757535e+00
1.366879464650592490e+04 2.217740949586596955e+00
1.368880036779730290e+04 2.224757010429678772e+00
1.369880322844299008e+04 2.206929364841524244e+00
1.370880608908868089e+04 2.156994683336142860e+00
1.372881181038005525e+04 2.083920554656110369e+00
1.373881467102574607e+04 1.984496413520284719e+00
1.374881753167143324e+04 1.875310413905839413e+00
1.376882325296281124e+04 1.774722876676972927e+00
1.377882611360849842e+04 1.674098951725714768e+00
1.379883183489987641e+04 1.582968925599446353e+00
1.380883469554556541e+04 1.496344021683863934e+00
1.381883755619125441e+04 1.405590391900805258e+00
1.383884327748263240e+04 1.312897555261268945e+00
1.384884613812831958e+04 1.206773412265595979e+00
1.385884899877400676e+04 1.102669922498172417e+00
1.387885472006538475e+04 1.008749097419882945e+00
1.388885758071107557e+04 9.268244062754150692e-01
1.390886330200244993e+04 8.499314945266771559e-01
1.391886616264814074e+04 7.682533243303591997e-01
1.392886902329382792e+04 6.794234806348349309e-01
1.394887474458520592e+04 5.913719181124222901e-01
1.395887760523089310e+04 5.201504557540993501e-01
1.397888332652227109e+04 4.603623576105804749e-01
1.398888618716796009e+04 4.169778640462208918e-01
1.399888904781364909e+04 3.873827778750687512e-01
1.401889476910502708e+04 3.716020762566881186e-01
1.402889762975071426e+04 3.701871617284792082e-01
1.404890335104209225e+04 3.801996718904173678e-01
1.405890621168777943e+04 3.961435654047149035e-01
1.406890907233347025e+04 4.101121680960073124e-01
1.408891479362484461e+04 4.232291251412323430e-01
1.409891765427053542e+04 4.408292651068457246e-01
1.411892337556191342e+04 4.700883207428976918e-01
1.412892623620760060e+04 5.177339409043307805e-01
1.413892909685328777e+04 5.913543600704516123e-01
1.415893481814466577e+04 6.997054515403072772e-01
1.416893767879035477e+04 8.473580046452887649e-01
1.418894340008173094e+04 1.044899737874939616e+00
1.419894626072742176e+04 1.257223100468792154e+00
1.421895198201879793e+04 1.486771047433692372e+00
1.422895484266448693e+04 1.722574672845646360e+00
1.423895770331017411e+04 1.958135225292054526e+00
1.425896342460155211e+04 2.213207008203662784e+00
1.426896628524723928e+04 2.455767864320870686e+00
1.428897200653861728e+04 2.693335197433446737e+00
1.429897486718430810e+04 2.914842890981717893e+00
1.431898058847568245e+04 3.142198254272608349e+00
1.432898344912137327e+04 3.369664287123224966e+00
1.433898630976706045e+04 3.622055786838819902e+00
1.435899203105843844e+04 3.892521180795050384e+00
1.436899489170412562e+04 4.103804121556138718e+00
1.438900061299550362e+04 4.256420703740502631e+00
1.439900347364119261e+04 4.363981548882692962e+00
1.440900633428688161e+04 4.423737619721663350e+00
1.442901205557825961e+04 4.442886354702126894e+00
1.443901491622394678e+04 4.410247656778144787e+00
1.445902063751532478e+04 4.319152216385427678e+00
1.446902349816101196e+04 4.191956280556900616e+00
1.448902921945238995e+04 4.030334766631517240e+00
1.449903208009807713e+04 3.811483709230414796e+00
1.451903780138945513e+04 3.573829685798907363e+00
1.452904066203514594e+04 3.337222849312885486e+00
1.453904352268083312e+04 3.180701406702215017e+00
1.455904924397221112e+04 3.071952923206198616e+00
1.456905210461789829e+04 2.957386161405203939e+00
1.458905782590927629e+04 2.792538586845709325e+00
1.459906068655496347e+04 2.554558929081844898e+00
1.461906640784634146e+04 2.315823816711697791e+00
1.462906926849203046e+04 2.080362140371592172e+00
1.464907498978340664e+04 1.868852466457485928e+00
1.465907785042909745e+04 1.675202646543064500e+00
1.467908357172047181e+04 1.457686353719057859e+00
1.468908643236616263e+04 1.234433269400301958e+00
1.470909215365754062e+04 1.039623454175980122e+00
1.471909501430322780e+04 8.698134943240188877e-01
1.473910073559460579e+04 7.545022636148591699e-01
1.474910359624029297e+04 6.937771822993635817e-01
1.475910645688598197e+04 6.675269934019879559e-01
1.477911217817735815e+04 6.690506325742663352e-01
1.478911503882304896e+04 6.867621874511552482e-01
1.480912076011442514e+04 7.108950523884024486e-01
1.481912362076011414e+04 7.355487557857778302e-01
1.483912934205149213e+04 7.666954245676987911e-01
1.484913220269717931e+04 8.058395387403985977e-01
1.486913792398855730e+04 8.501092835191929042e-01
1.487914078463424448e+04 8.921115861188709806e-01
1.489914650592562248e+04 9.264747161581727841e-01
1.490914936657130966e+04 9.519630926386672964e-01
1.492915508786268765e+04 9.789845523728921695e-01
1.493915794850837847e+04 1.017382891356409136e+00
1.495916366979975282e+04 1.074072622618006623e+00
1.496916653044544364e+04 1.140567775596819544e+00
1.498917225173681982e+04 1.198868106570044612e+00
1.499917511238250881e+04 1.238671974277030685e+00
1.501918083367388681e+04 1.263686841702030161e+00
1.502918369431957399e+04 1.282269370518517082e+00
1.504918941561095198e+04 1.297649204457689942e+00
1.505919227625663916e+04 1.308465025468435572e+00
1.507919799754801716e+04 1.313829313729596437e+00
1.508920085819370433e+04 1.314598669205063075e+00
1.510920657948508233e+04 1.312332992439256607e+00
1.511920944013077315e+04 1.311428764225896604e+00
1.513921516142214750e+04 1.317688752611530179e+00
1.514921802206783832e+04 1.331450886606373674e+00
1.516922374335921450e+04 1.342473012982694280e+00
1.517922660400490349e+04 1.340217778377682745e+00
1.519923232529628149e+04 1.325244372395336878e+00
1.520923518594196867e+04 1.301120541744788417e+00
1.522924090723334666e+04 1.270659055340703114e+00
1.523924376787903384e+04 1.232285413141177788e+00
1.525924948917041183e+04 1.194539008532724766e+00
1.527925521046178983e+04 1.169169024597442874e+00
1.528925807110747701e+04 1.163444643138634715e+00
1.530926379239885500e+04 1.167389300152546605e+00
1.531926665304454218e+04 1.171343874693676179e+00
1.533927237433592018e+04 1.169860691074725789e+00
1.534927523498161099e+04 1.160438274652806800e+00
1.536928095627298535e+04 1.141124473885543278e+00
1.537928381691867617e+04 1.108628427601808575e+00
1.539928953821005234e+04 1.068482967848676690e+00
1.540929239885574134e+04 1.020723173652437143e+00
1.542929812014711933e+04 9.794081961048665130e-01
1.543930098079280651e+04 9.500483272329330875e-01
1.545930670208418451e+04 9.348634454197874977e-01
1.546930956272987169e+04 9.257972446989466420e-01
1.548931528402124968e+04 9.039443788308619832e-01
1.550932100531262768e+04 8.644840785427154728e-01
1.551932386595831485e+04 8.082237760413540917e-01
1.553932958724969285e+04 7.524297760162882431e-01
1.554933244789538003e+04 6.962004851588693422e-01
1.556933816918675802e+04 6.465653119970528051e-01
1.557934102983244702e+04 5.950214140608759417e-01
1.559934675112382320e+04 5.460693222925916412e-01
1.560934961176951401e+04 5.060219254026974145e-01
1.562935533306089019e+04 4.726270324779857090e-01
1.564936105435226636e+04 4.513374319227505538e-01
1.565936391499795718e+04 4.392996901968884149e-01
1.567936963628933154e+04 4.357573382794638350e-01
1.568937249693502235e+04 4.366986598728063163e-01
1.570937821822640035e+04 4.409494517389242474e-01
1.571938107887208753e+04 4.490419522580160194e-01
1.573938680016346552e+04 4.586526940332362745e-01
1.575939252145484170e+04 4.680063331382995906e-01
1.576939538210053070e+04 4.757196906498021849e-01
1.578940110339190869e+04 4.830983009053452792e-01
1.579940396403759587e+04 4.896987229431460920e-01
1.581940968532897386e+04 4.940653837727382314e-01
1.582941254597466104e+04 4.979678562924034213e-01
1.584941826726603904e+04 5.026352085294020222e-01
1.586942398855741703e+04 5.064627445752616364e-01
1.587942684920310421e+04 5.080734234652336534e-01
1.589943257049448221e+04 5.112133348228486973e-01
1.590943543114016938e+04 5.205504125451847486e-01
1.592944115243154738e+04 5.387621295362611251e-01
1.594944687372292537e+04 5.625859543476987579e-01
1.595944973436861255e+04 5.877447588673021528e-01
1.597945545565999055e+04 6.112142821139548987e-01
1.598945831630567955e+04 6.333265234445755176e-01
1.600946403759705572e+04 6.585280184635121659e-01
1.602946975888843372e+04 6.929747958213353654e-01
1.603947261953412271e+04 7.410888010742469056e-01
1.605947834082549889e+04 8.025756274753524933e-01
1.606948120147118971e+04 8.701276718643107255e-01
1.608948692276256406e+04 9.325108305418511323e-01
1.610949264405394206e+04 9.828848866317175803e-01
1.611949550469963287e+04 1.023847121387645220e+00
1.613950122599100723e+04 1.051686280198221191e+00
1.614950408663669805e+04 1.067977380036493784e+00
1.616950980792807422e+04 1.079066214123955092e+00
1.618951552921945040e+04 1.100175660869488814e+00
1.619951838986514122e+04 1.137014799018955857e+00
1.621952411115651739e+04 1.176098384790660090e+00
1.623952983244789357e+04 1.191108679852903363e+00
1.624953269309358438e+04 1.180513004285756118e+00
1.626953841438496056e+04 1.156202531684915602e+00
1.627954127503064956e+04 1.130249097198301689e+00
1.629954699632202755e+04 1.113514032930378095e+00
1.631955271761340191e+04 1.107226008290124630e+00
1.632955557825909273e+04 1.110350468116626743e+00
1.634956129955047072e+04 1.119911505372562122e+00
1.636956702084184508e+04 1.130569871968120310e+00
1.637956988148753589e+04 1.137800749630473618e+00
1.639957560277891025e+04 1.136563811254726941e+00
1.640957846342460107e+04 1.125947269709147269e+00
1.642958418471597543e+04 1.107139746156400317e+00
1.644958990600735706e+04 1.085671745603877136e+00
1.645959276665304060e+04 1.064034266466054701e+00
1.647959848794442223e+04 1.050770754827804243e+00
1.649960420923579659e+04 1.045860268232489565e+00
1.650960706988148740e+04 1.040847778900055642e+00
1.652961279117286176e+04 1.023564270736684767e+00
1.654961851246424339e+04 9.947473773106638717e-01
1.655962137310992694e+04 9.583412052706462569e-01
1.657962709440130857e+04 9.251554015490338623e-01
1.659963281569268293e+04 8.983520774279637466e-01
1.660963567633837374e+04 8.853761269950851664e-01
1.662964139762974810e+04 8.773748158716903056e-01
1.664964711892112973e+04 8.635842148745341840e-01
1.665964997956681327e+04 8.468795104030687471e-01
1.667965570085819490e+04 8.379589254159018896e-01
1.669966142214956926e+04 8.461437407373058051e-01
1.670966428279526008e+04 8.641214828129243353e-01
1.672967000408663444e+04 8.767051171791444553e-01
1.674967572537801607e+04 8.653316916675136694e-01
1.675967858602369961e+04 8.309538511336406197e-01
1.677968430731508124e+04 7.806068382620449109e-01
1.679969002860645560e+04 7.266697215240671692e-01
1.680969288925214641e+04 6.730565935596258820e-01
1.682969861054352077e+04 6.219460523744331226e-01
1.684970433183489877e+04 5.769373270733733072e-01
1.685970719248058595e+04 5.280607956502632039e-01
1.687971291377196758e+04 4.741310851311718033e-01
1.689971863506334194e+04 4.202693751712633929e-01
1.690972149570903275e+04 3.745393753765951517e-01
1.692972721700040711e+04 3.366921879997102907e-01
1.694973293829178510e+04 3.006370945809071493e-01
1.696973865958316310e+04 2.635838993209399517e-01
1.697974152022885028e+04 2.272224800148582025e-01
1.699974724152022827e+04 1.940904921133918548e-01
1.701975296281160263e+04 1.663617563604982696e-01
1.702975582345729345e+04 1.453514164828942357e-01
1.704976154474867144e+04 1.307589410387177964e-01
1.706976726604004944e+04 1.213201911188249854e-01
1.707977012668573661e+04 1.159289439470631011e-01
1.709977584797711461e+04 1.135085170471104715e-01
1.711978156926848897e+04 1.120525512890615111e-01
1.713978729055987060e+04 1.088925063930511888e-01
1.714979015120555414e+04 1.027230227058565371e-01
1.716979587249693577e+04 9.483084543241938891e-02
1.718980159378831013e+04 8.728067273231814027e-02
1.719980445443400095e+04 8.208575868514322860e-02
1.721981017572537530e+04 7.799950573066194437e-02
1.723981589701675694e+04 7.389983462588936569e-02
1.725982161830813129e+04 6.966193626773388436e-02
1.726982447895382211e+04 6.547527888035256649e-02
1.728983020024519647e+04 6.184517449168022707e-02
1.730983592153657446e+04 5.863803182240543560e-02
1.732984164282795246e+04 5.637550987042683204e-02
1.733984450347364327e+04 5.560050703274357908e-02
1.735985022476501763e+04 5.565154784949717659e-02
1.737985594605639199e+04 5.604131812761681264e-02
1.738985880670208280e+04 5.672580057526506458e-02
1.740986452799346080e+04 5.782967261881355459e-02
1.742987024928483879e+04 5.915535620953318863e-02
1.744987597057621315e+04 6.011698748089708277e-02
1.745987883122190397e+04 6.077751424705361144e-02
1.747988455251327832e+04 6.140432620428079580e-02
1.749989027380465996e+04 6.232525047795196144e-02
1.751989599509603431e+04 6.322054281522208885e-02
1.752989885574172513e+04 6.366701874750527179e-02
1.754990457703309949e+04 6.332604312583596518e-02
1.756991029832447748e+04 6.225687628172081600e-02
1.758991601961585548e+04 6.088098457458153423e-02
1.759991888026154629e+04 5.939263807476228424e-02
1.761992460155292065e+04 5.817174797166191347e-02
1.763993032284429864e+04 5.707731338031139107e-02
1.765993604413567664e+04 5.604460881917044945e-02
1.766993890478136382e+04 5.513440730151687730e-02
1.768994462607274181e+04 5.462185188103553524e-02
1.770995034736411617e+04 5.516117277578078820e-02
1.772995606865549780e+04 5.685728610492398610e-02
1.774996178994687216e+04 5.936141635991191989e-02
1.775996465059256298e+04 6.144854047758230992e-02
1.777997037188393733e+04 6.235477800665593928e-02
1.779997609317531533e+04 6.233984744391306287e-02
1.781998181446669332e+04 6.202359391015695861e-02
1.782998467511238414e+04 6.173426757043402185e-02
1.784999039640375850e+04 6.159547685235049891e-02
1.786999611769513649e+04 6.175147749693962046e-02
1.789000183898651449e+04 6.209934442807426430e-02
1.790000469963220166e+04 6.214517617685192535e-02
1.792001042092357966e+04 6.152495645300454924e-02
1.794001614221495402e+04 6.048250772948721848e-02
1.796002186350633565e+04 5.972036278954669097e-02
1.798002758479771001e+04 5.970883843059455326e-02
1.799003044544340082e+04 6.025247718091754356e-02
1.801003616673477518e+04 6.065007413554875104e-02
1.803004188802615317e+04 6.036955040684762602e-02
1.805004760931753117e+04 5.954374451984044414e-02
1.807005333060890553e+04 5.864600262424359695e-02
1.808005619125459634e+04 5.787368041353031789e-02
1.810006191254597434e+04 5.714187026258363972e-02
1.812006763383735233e+04 5.648979711186111891e-02
1.814007335512872669e+04 5.630209201094286270e-02
1.816007907642010468e+04 5.664887175336760783e-02
1.818008479771148268e+04 5.720899445097790692e-02
1.819008765835717350e+04 5.755611815288450006e-02
1.821009337964854785e+04 5.757285911218993496e-02
1.823009910093992585e+04 5.738463464649868478e-02
1.825010482223130384e+04 5.704636207280292665e-02
1.827011054352267820e+04 5.647138421921811535e-02
1.828011340416836902e+04 5.576100711561218087e-02
1.830011912545974337e+04 5.507792789883808604e-02
1.832012484675112501e+04 5.446076059270474334e-02
1.834013056804249936e+04 5.366383683578637709e-02
1.836013628933387736e+04 5.250967675974348853e-02
1.838014201062525535e+04 5.127672253314383144e-02
1.839014487127094253e+04 5.031289479663930003e-02
1.841015059256232053e+04 5.002472725430116840e-02
1.843015631385369488e+04 5.058249518407989531e-02
1.845016203514507652e+04 5.196102072492363860e-02
1.847016775643645087e+04 5.394680629796574922e-02
1.849017347772782887e+04 5.669358661223253271e-02
1.851017919901920686e+04 6.070141748637845891e-02
1.852018205966489768e+04 6.583648135905818821e-02
1.854018778095627204e+04 7.280941301700442903e-02
1.856019350224764639e+04 8.065085186509905746e-02
1.858019922353902803e+04 8.956543128097514683e-02
1.860020494483040238e+04 9.851727281791966551e-02
1.862021066612178038e+04 1.069577477378066133e-01
1.864021638741315837e+04 1.158876208068105873e-01
1.865021924805884919e+04 1.239514880128837759e-01
1.867022496935022355e+04 1.314586114253931681e-01
1.869023069064160154e+04 1.380826151919131439e-01
1.871023641193297954e+04 1.443036495869506330e-01
1.873024213322435389e+04 1.513035357571742845e-01
1.875024785451573553e+04 1.582816227362237593e-01
1.877025357580710988e+04 1.644755242843135568e-01
1.878025643645280070e+04 1.697867586274045548e-01
1.880026215774417506e+04 1.758454919957214702e-01
1.882026787903555305e+04 1.830197694800145269e-01
1.884027360032693105e+04 1.907131489005616520e-01
1.886027932161830540e+04 1.972267737917365871e-01
1.888028504290968704e+04 2.005882148331172010e-01
1.890029076420106139e+04 2.001328457542939643e-01
1.892029648549243939e+04 1.969928071872863451e-01
1.894030220678381738e+04 1.934252778274560269e-01
1.895030506742950456e+04 1.911422524466526163e-01
1.897031078872088256e+04 1.902751163747036511e-01
1.899031651001225691e+04 1.898029421315289844e-01
1.901032223130363855e+04 1.888303795839011701e-01
1.903032795259501290e+04 1.871799634965426173e-01
1.905033367388639090e+04 1.848670415652841625e-01
1.907033939517776889e+04 1.818846536753898901e-01
1.909034511646914325e+04 1.783988326906927324e-01
1.911035083776052488e+04 1.744463469222045093e-01
1.913035655905189924e+04 1.699072962969846723e-01
1.915036228034327723e+04 1.647373153826330316e-01
1.916036514098896441e+04 1.597695603792303742e-01
1.918037086228034241e+04 1.545495830214975441e-01
1.920037658357172040e+04 1.489449125765587301e-01
1.922038230486309476e+04 1.438204138683942257e-01
1.924038802615447639e+04 1.405480145005348902e-01
1.926039374744585075e+04 1.401722748257130946e-01
1.928039946873722874e+04 1.418305271345051410e-01
1.930040519002860674e+04 1.442644888526732061e-01
1.932041091131998110e+04 1.463980204193275070e-01
1.934041663261136273e+04 1.472486033753547530e-01
1.936042235390273709e+04 1.470531911285528348e-01
1.938042807519411144e+04 1.471515316026096309e-01
1.940043379648549308e+04 1.495268168289575483e-01
1.941043665713118025e+04 1.552215132179827484e-01
1.943044237842255825e+04 1.637531488962256643e-01
1.945044809971393261e+04 1.719892858627627974e-01
1.947045382100531424e+04 1.801415892949842779e-01
1.949045954229668860e+04 1.898275533408362303e-01
1.951046526358806659e+04 2.049096171062770588e-01
1.953047098487944459e+04 2.230301347216433472e-01
1.955047670617081894e+04 2.415688233448178568e-01
1.957048242746220058e+04 2.550489103092376530e-01
1.959048814875357493e+04 2.652133270519924091e-01
1.961049387004494929e+04 2.746560378045753703e-01
1.963049959133633092e+04 2.881205331675051329e-01
1.965050531262770528e+04 3.059550444621026988e-01
1.967051103391908327e+04 3.255083113381607718e-01
1.969051675521046127e+04 3.474338033226690436e-01
1.971052247650183563e+04 3.700479966673373977e-01
1.973052819779321726e+04 3.915264738404404810e-01
1.975053391908459162e+04 4.123478223649695851e-01
1.977053964037596961e+04 4.280491238529384179e-01
1.979054536166734761e+04 4.361727994508350359e-01
1.981055108295872196e+04 4.374770467566663212e-01
1.983055680425010360e+04 4.336414390202931179e-01
1.985056252554147795e+04 4.238525578605921718e-01
1.987056824683285595e+04 4.077075116735646154e-01
1.989057396812423394e+04 3.893027084726390918e-01
1.991057968941560830e+04 3.744785990766213435e-01
1.993058541070698993e+04 3.644056002140723671e-01
1.995059113199836429e+04 3.559385656547493504e-01
1.997059685328973865e+04 3.448950992043639530e-01
1.999060257458112028e+04 3.313462546437946354e-01
2.001060829587249464e+04 3.171696789188623855e-01
2.003061401716387263e+04 3.042714219705582868e-01
2.005061973845525063e+04 2.932737782938830140e-01
2.007062545974662498e+04 2.832498095955534589e-01
2.009063118103800662e+04 2.716321319448172789e-01
2.011063690232938097e+04 2.582711664347561165e-01
2.013064262362075897e+04 2.437056881884553383e-01
2.015064834491213696e+04 2.300207299196270483e-01
2.017065406620351132e+04 2.178811968097573992e-01
2.019065978749489295e+04 2.064383650656972380e-01
2.021066550878626731e+04 1.956506224068385313e-01
2.023067123007764530e+04 1.863045252806408703e-01
2.025067695136902330e+04 1.795059393095139733e-01
2.027068267266039766e+04 1.739035917158267552e-01
2.029068839395177929e+04 1.694597967611045364e-01
2.031069411524315365e+04 1.667855268904827881e-01
2.033069983653453164e+04 1.667689050904125891e-01
2.035070555782590964e+04 1.700210263145259248e-01
2.037071127911728399e+04 1.772377468185441229e-01
2.039071700040866199e+04 1.862043168600347465e-01
2.041072272170003998e+04 1.943423016367019085e-01
2.043072844299141434e+04 1.988498392139012860e-01
2.045073416428279597e+04 1.981029270964935196e-01
2.047073988557417033e+04 1.944348976416831187e-01
2.049074560686554833e+04 1.923384069267007612e-01
2.051075132815692632e+04 1.939416025590401660e-01
2.053075704944830068e+04 1.981079926202198305e-01
2.055076277073968231e+04 2.027340351121224848e-01
2.057076849203105667e+04 2.056635799489670846e-01
2.059077421332243466e+04 2.072022408707674679e-01
2.061077993461381266e+04 2.081397264947582315e-01
2.064078851655087783e+04 2.084422020168889278e-01
2.066079423784225219e+04 2.066920622372058203e-01
2.068079995913363382e+04 2.025929990643755285e-01
2.070080568042500818e+04 1.964814666473841120e-01
2.072081140171638617e+04 1.892311520802253122e-01
2.074081712300776417e+04 1.812571188707220171e-01
2.076082284429913852e+04 1.715340346161361162e-01
2.078082856559052016e+04 1.605941822374187811e-01
2.080083428688189451e+04 1.492759618331438443e-01
2.082084000817327251e+04 1.389181286936718995e-01
2.084084572946465050e+04 1.282621775711376144e-01
2.086085145075602486e+04 1.169273355638513895e-01
2.088085717204740649e+04 1.049611369680199108e-01
2.091086575398447167e+04 9.390674328635251200e-02
2.093087147527584602e+04 8.535420139848293175e-02
2.095087719656722402e+04 7.948506701814485320e-02
2.097088291785860201e+04 7.545520463153243540e-02
2.099088863914997637e+04 7.260632782764747661e-02
2.101089436044135800e+04 7.063384054469426521e-02
2.103090008173273236e+04 6.905859321888083158e-02
2.105090580302411036e+04 6.725108932769570391e-02
2.107091152431548835e+04 6.500877924129522256e-02
2.109091724560686271e+04 6.277706520935499857e-02
2.112092582754392788e+04 6.104703531370374303e-02
2.114093154883530951e+04 5.975126515521671927e-02
2.116093727012668387e+04 5.856759675679062277e-02
2.118094299141806187e+04 5.753576680151310102e-02
2.120094871270943986e+04 5.697791441740514273e-02
2.122095443400081422e+04 5.702573177789844322e-02
2.124096015529219585e+04 5.741591951503176305e-02
2.126096587658357021e+04 5.767378539015392824e-02
2.128097159787494820e+04 5.742221097827391457e-02
2.131098017981201338e+04 5.669291017554406453e-02
2.133098590110339137e+04 5.608442110829030963e-02
2.135099162239476573e+04 5.611411246485225462e-02
2.137099734368614736e+04 5.710877453878643317e-02
2.139100306497752172e+04 5.886823137415937018e-02
2.141100878626889971e+04 6.107032596790822748e-02
2.143101450756027771e+04 6.354202601331378208e-02
2.145102022885165206e+04 6.609212132454829469e-02
2.148102881078871724e+04 6.927149501750853866e-02
2.150103453208009887e+04 7.296052492032518988e-02
2.152104025337147323e+04 7.738662722123834659e-02
2.154104597466285122e+04 8.188560698880899269e-02
2.156105169595422922e+04 8.645891857394039093e-02
2.158105741724560357e+04 9.008545488514553556e-02
2.161106599918266875e+04 9.265023788808364469e-02
2.163107172047405038e+04 9.427895087870394319e-02
2.165107744176542474e+04 9.583085864708984492e-02
2.167108316305680273e+04 9.807884576346674599e-02
2.169108888434818073e+04 1.007270446781323853e-01
2.171109460563955508e+04 1.034708290606583952e-01
2.174110318757662390e+04 1.055536296282163639e-01
2.176110890886800189e+04 1.068714911778306520e-01
2.178111463015937625e+04 1.079587371849073524e-01
2.180112035145075788e+04 1.092215162032998954e-01
2.182112607274213224e+04 1.100960801285881807e-01
2.184113179403350659e+04 1.100956920619949736e-01
2.187114037597057541e+04 1.094263775239706221e-01
2.189114609726195340e+04 1.085357116753006002e-01
2.191115181855332776e+04 1.072600929066861025e-01
2.193115753984470939e+04 1.049333197135625534e-01
2.195116326113608375e+04 1.009617487795812923e-01
2.198117184307314892e+04 9.595266376904518224e-02
2.200117756436452692e+04 9.147484216782431066e-02
2.202118328565590491e+04 8.860806097795931313e-02
2.204118900694727927e+04 8.725569049639854413e-02
2.206119472823866090e+04 8.657100905931043588e-02
2.209120331017572607e+04 8.548129505518667348e-02
2.211120903146710043e+04 8.325532418406964008e-02
2.213121475275847843e+04 7.997944962865922991e-02
2.215122047404985642e+04 7.614107061463931680e-02
2.217122619534123078e+04 7.276982401058575134e-02
2.220123477727829595e+04 7.007122290041732648e-02
2.222124049856967758e+04 6.790218153926817768e-02
2.224124621986105194e+04 6.574992721677107299e-02
2.226125194115242994e+04 6.316254582903588211e-02
2.229126052308949875e+04 6.055092653337666025e-02
2.231126624438087310e+04 5.828066866307438781e-02
2.233127196567225110e+04 5.672675346925886569e-02
2.235127768696362909e+04 5.594662981653936856e-02
2.237128340825500345e+04 5.573696380371311043e-02
2.240129199019206862e+04 5.553072437778334980e-02
2.242129771148345026e+04 5.488440362838672981e-02
2.244130343277482461e+04 5.377460334186442287e-02
2.246130915406620261e+04 5.251487021765970098e-02
2.249131773600326778e+04 5.154784206395058438e-02
2.251132345729464578e+04 5.085754863005276932e-02
2.253132917858602013e+04 5.039602825888536003e-02
2.255133489987740177e+04 4.997523958399437832e-02
2.258134348181446694e+04 4.957931306555423551e-02
2.260134920310584130e+04 4.911733581592996750e-02
2.262135492439721929e+04 4.837984288829370177e-02
2.264136064568859729e+04 4.726094980670689921e-02
2.267136922762566246e+04 4.596766810045608415e-02
2.269137494891704046e+04 4.521887274013829811e-02
2.271138067020841845e+04 4.529223319259813307e-02
2.274138925214548362e+04 4.595908468814816766e-02
2.276139497343685798e+04 4.663578747178122319e-02
2.278140069472823961e+04 4.695620179908353842e-02
2.280140641601961397e+04 4.696474410208928418e-02
2.283141499795667914e+04 4.681627101527691126e-02
2.285142071924805714e+04 4.657617773991544474e-02
2.287142644053943513e+04 4.608522412987115652e-02
2.289143216183080949e+04 4.519104631513960746e-02
2.292144074376787830e+04 4.385677039518688647e-02
2.294144646505925630e+04 4.230418748579017896e-02
2.296145218635063065e+04 4.055123320310656532e-02
2.299146076828769583e+04 3.867601201970052860e-02
2.301146648957907746e+04 3.715531103615551251e-02
2.303147221087045182e+04 3.634759176311386925e-02
2.306148079280751699e+04 3.589223643736252911e-02
2.308148651409889499e+04 3.519591242431897166e-02
2.310149223539027298e+04 3.425387981100414675e-02
2.312149795668164734e+04 3.352467617854051202e-02
2.315150653861871615e+04 3.322825024283056899e-02
2.317151225991009414e+04 3.318939680593546021e-02
2.319151798120146850e+04 3.313283709453546805e-02
2.322152656313853367e+04 3.299585843972815957e-02
2.324153228442991531e+04 3.292542073153748722e-02
2.326153800572128966e+04 3.318982258709000238e-02
2.329154658765835484e+04 3.393736411756493460e-02
2.331155230894973283e+04 3.506334607849628110e-02
2.333155803024111083e+04 3.614711487860258060e-02
2.336156661217817600e+04 3.678594972530636192e-02
2.338157233346955400e+04 3.692651548360684904e-02
2.340157805476093199e+04 3.700472666498862140e-02
2.343158663669799716e+04 3.746978141134474360e-02
2.345159235798937152e+04 3.847968348058737609e-02
2.347159807928075315e+04 3.972573960424662792e-02
2.350160666121781833e+04 4.047894134174174346e-02
2.352161238250919268e+04 4.062563356950695675e-02
2.354161810380057068e+04 4.045947360853052038e-02
2.357162668573763949e+04 4.011235490889161759e-02
2.359163240702901385e+04 3.949500505254981836e-02
2.362164098896607902e+04 3.847929093615195389e-02
2.364164671025745702e+04 3.708556273254396546e-02
2.366165243154883501e+04 3.550999525114746647e-02
2.369166101348590018e+04 3.386956909708427332e-02
2.371166673477727454e+04 3.234826254315623095e-02
2.373167245606865617e+04 3.088765987598364113e-02
2.376168103800572135e+04 2.925563566610327182e-02
2.378168675929709570e+04 2.760891023333858843e-02
2.381169534123416088e+04 2.617081840269638859e-02
2.383170106252554251e+04 2.515201976720504717e-02
2.385170678381691687e+04 2.452006962981852917e-02
2.388171536575398204e+04 2.426581801645419020e-02
2.390172108704536004e+04 2.416038793305043744e-02
2.392172680833673803e+04 2.382402090295563518e-02
2.395173539027380320e+04 2.296907015511791619e-02
2.397174111156518120e+04 2.169386060095906954e-02
2.400174969350224637e+04 2.042267761426022274e-02
2.402175541479362437e+04 1.953568915779873086e-02
2.404176113608499872e+04 1.914953892666049901e-02
2.407176971802206390e+04 1.916582838273343109e-02
2.409177543931344553e+04 1.937924348059216068e-02
2.412178402125051070e+04 1.958246560853232898e-02
2.414178974254188506e+04 1.967289623087171285e-02
2.416179546383326669e+04 1.969210386072486191e-02
2.419180404577033187e+04 1.977350937440675374e-02
2.421180976706170622e+04 2.006672402657689452e-02
2.424181834899877140e+04 2.058814823160106180e-02
2.426182407029014939e+04 2.123104329770610088e-02
2.429183265222721820e+04 2.178587217542534218e-02
2.431183837351859256e+04 2.212090379042989594e-02
2.433184409480997056e+04 2.220739340309412641e-02
2.436185267674703573e+04 2.206335114690343921e-02
2.438185839803841372e+04 2.161024672292771037e-02
2.441186697997547890e+04 2.093523082086126696e-02
2.443187270126685326e+04 2.023578425431314318e-02
2.446188128320392207e+04 1.966149371615177888e-02
2.448188700449530006e+04 1.922132636593394672e-02
2.451189558643236523e+04 1.872291518808400640e-02
2.453190130772373959e+04 1.813887261250127919e-02
2.455190702901512122e+04 1.746343755122063343e-02
2.458191561095218640e+04 1.680168929594433661e-02
2.460192133224356076e+04 1.611913040944742623e-02
2.463192991418062593e+04 1.544630156584755019e-02
2.465193563547200756e+04 1.478952281824742233e-02
2.468194421740907273e+04 1.406316500565628867e-02
2.470194993870044709e+04 1.330047967617318389e-02
2.473195852063751227e+04 1.258558427511814390e-02
2.475196424192889390e+04 1.189878688580738031e-02
2.478197282386595907e+04 1.122504322741483228e-02
2.480197854515733343e+04 1.045597270783112272e-02
2.483198712709439860e+04 9.325492238239446730e-03
2.485199284838577660e+04 7.673905000909590941e-03
2.487199856967715459e+04 5.531259431491716665e-03
