4.050014303228442714e+02 1.260150625820743572e-39
4.150042909685329278e+02 5.910591339981731244e-39
4.250071516142214705e+02 2.783516996547200243e-32
4.350100122599101269e+02 3.415671718619342801e-75
4.450128729055986696e+02 1.862439378983629891e-52
4.550157335512873260e+02 1.372290115598408011e-29
4.650185941969758687e+02 2.264014730567173641e-29
4.750214548426645251e+02 2.319173874371163617e-35
4.850243154883530678e+02 1.067769966744802836e-28
4.950271761340417243e+02 5.376153293665352959e-09
5.050300367797302670e+02 2.007756594230605891e-07
5.150328974254189234e+02 2.274687971199448268e-09
5.250357580711074661e+02 2.519242057974025355e-10
5.350386187167960088e+02 5.289288388987462797e-09
5.450414793624846652e+02 2.278450646749606941e-09
5.550443400081733216e+02 1.610301050599446908e-08
5.650472006538618643e+02 9.858451447204856068e-07
5.750500612995504071e+02 9.462746442875332422e-09
5.850529219452390635e+02 2.824710549531028327e-07
5.950557825909277199e+02 7.677624752176491844e-08
6.050586432366162626e+02 3.313719724877910164e-07
6.150615038823048053e+02 2.834127165431275496e-05
6.250643645279934617e+02 2.189533878859473987e-06
6.350672251736821181e+02 5.167070938596521126e-07
6.450700858193706608e+02 6.541995127907705290e-07
6.550729464650592035e+02 1.310908751575016892e-06
6.650758071107477463e+02 8.535370300567099458e-07
6.750786677564365164e+02 2.724497254255913127e-06
6.850815284021250591e+02 6.173134190558425278e-07
6.950843890478136018e+02 2.112253665641420396e-06
7.050872496935021445e+02 2.483625779612961586e-06
7.150901103391909146e+02 5.802150196281489670e-07
7.250929709848794573e+02 3.106418389374417069e-06
7.350958316305680000e+02 1.790509686062881221e-06
7.450986922762565428e+02 1.501886178930412346e-06
7.551015529219453128e+02 2.446293992995196796e-06
7.651044135676338556e+02 1.380995253284793048e-06
7.751072742133223983e+02 2.517258928169097110e-06
7.851101348590109410e+02 1.491556768750380266e-06
7.951129955046997111e+02 6.830239010564650695e-07
8.051158561503882538e+02 2.040123773794294884e-06
8.151187167960767965e+02 9.064925601722249145e-07
8.251215774417653392e+02 7.340368575167965670e-07
8.351244380874541093e+02 5.704431540559253955e-06
8.451272987331426521e+02 8.894835001965968620e-07
8.551301593788311948e+02 1.319780170411506722e-06
8.651330200245197375e+02 1.170609177950915401e-06
8.751358806702083939e+02 1.598061225434667505e-06
8.851387413158970503e+02 1.040986935178444224e-06
8.951416019615855930e+02 7.825261875508532051e-08
9.051444626072741357e+02 1.258166241111953105e-06
9.151473232529626785e+02 7.309763682927855196e-07
9.251501838986514485e+02 1.062711029665748089e-06
9.351530445443399913e+02 2.784228418884536624e-07
9.451559051900285340e+02 1.761854745262843718e-06
9.551587658357171904e+02 8.489156264843011158e-07
9.651616264814058468e+02 1.853353414485339826e-06
9.751644871270943895e+02 8.224485606654511330e-07
9.851673477727829322e+02 7.833898569951593521e-07
9.951702084184715886e+02 8.988516053185034239e-07
1.005173069064160245e+03 9.778638438341109225e-06
1.015175929709848788e+03 2.935168318519195758e-07
1.025178790355537330e+03 7.792030813607821914e-07
1.035181651001226101e+03 6.959790092122974470e-07
1.045184511646914643e+03 1.616844888594198179e-06
1.055187372292603186e+03 1.788843383270392396e-04
1.065190232938291729e+03 7.840169522945461805e-04
1.075193093583980271e+03 1.406820115168705984e-03
1.085195954229668814e+03 1.899604064376721451e-03
1.095198814875357584e+03 2.383535671118865336e-03
1.105201675521046127e+03 2.791596679972237292e-03
1.115204536166734670e+03 2.987056884363657044e-03
1.125207396812423440e+03 2.892917412476185210e-03
1.135210257458111982e+03 1.815909004742846623e-03
1.145213118103800525e+03 1.310532421994343652e-03
1.155215978749489068e+03 1.334150318127859652e-03
1.165218839395177611e+03 1.221990305111127608e-03
1.175221700040866381e+03 2.077665906784532685e-03
1.185224560686554923e+03 1.294872568928122879e-02
1.195227421332243466e+03 1.644347381037976341e-02
1.205230281977932236e+03 1.230006307618417699e-02
1.215233142623620779e+03 1.012126957187289150e-02
1.225236003269309322e+03 9.580212122361989741e-03
1.235238863914997864e+03 3.978133518446697915e-03
1.245241724560686407e+03 1.284669907554174609e-03
1.255244585206375177e+03 1.625623350449903557e-03
1.265247445852063720e+03 1.768856364637074515e-03
1.275250306497752263e+03 1.867673024315983504e-03
1.285253167143441033e+03 3.657680872208348040e-03
1.295256027789129575e+03 3.779516540430709424e-03
1.305258888434818118e+03 8.347992029708163272e-03
1.315261749080506661e+03 8.377205737923335699e-03
1.325264609726195204e+03 7.656346373615376122e-03
1.335267470371883974e+03 7.775875414979501084e-03
1.345270331017572516e+03 7.757271191739255160e-03
1.355273191663261059e+03 6.863598788000908717e-03
1.365276052308949602e+03 6.659908217030075309e-03
1.375278912954638372e+03 4.343490555171119344e-03
1.385281773600326915e+03 3.808536674673774700e-03
1.395284634246015457e+03 3.933779564667974800e-03
1.405287494891704000e+03 9.651533978248933582e-03
1.415290355537392543e+03 1.127918746474771208e-02
1.425293216183081313e+03 9.970515885879190424e-03
1.435296076828769856e+03 9.910824638283667609e-03
1.445298937474458398e+03 1.023246518045810120e-02
1.455301798120146941e+03 9.732429874341891329e-03
1.465304658765835711e+03 9.162684698658669913e-03
1.475307519411524254e+03 8.997624538783674866e-03
1.485310380057212797e+03 7.462189522931768348e-03
1.495313240702901567e+03 6.460381768019601324e-03
1.505316101348590109e+03 4.224375565970715438e-03
1.515318961994278652e+03 3.924119095498428827e-03
1.525321822639967195e+03 4.906412198543175576e-03
1.535324683285655738e+03 3.962837974117052950e-03
1.545327543931344508e+03 3.252371103084554342e-03
1.555330404577033050e+03 3.172713155974061540e-03
1.565333265222721593e+03 3.036982407286655493e-03
1.575336125868410363e+03 3.330365917283596364e-03
1.585338986514098906e+03 1.382876300737350891e-02
1.595341847159787449e+03 2.577017839400726901e-02
1.605344707805475991e+03 4.085187153756137529e-02
1.615347568451164534e+03 4.057843812149859036e-02
1.625350429096853304e+03 4.066982728115072637e-02
1.635353289742541847e+03 3.731170596794771560e-02
1.645356150388230390e+03 3.328552525747695973e-02
1.655359011033919160e+03 2.607343069244330916e-02
1.665361871679607702e+03 3.355955696837255309e-02
1.675364732325296245e+03 1.145691987607871075e-02
1.685367592970984788e+03 9.652306059067344152e-03
1.695370453616673331e+03 6.633058053261617175e-03
1.705373314262361873e+03 3.881961186862444967e-03
1.715376174908050643e+03 3.734787841246099520e-03
1.725379035553739186e+03 3.730847087304861500e-03
1.735381896199427729e+03 4.576640657712851938e-03
1.745384756845116499e+03 5.427765263951282899e-03
1.755387617490805042e+03 5.165294920581705446e-03
1.765390478136493584e+03 4.352094598719378690e-03
1.775393338782182127e+03 3.108438536543722038e-03
1.785396199427870670e+03 2.502957036870067428e-03
1.795399060073559440e+03 1.842976004111060310e-03
1.805401920719247983e+03 1.550074789816560054e-03
1.815404781364936525e+03 1.673700498984577152e-03
1.825407642010625295e+03 2.720976405697735339e-03
1.835410502656313838e+03 3.642131938054716644e-03
1.845413363302002381e+03 6.728942606381612367e-03
1.855416223947690924e+03 1.445918335358693102e-02
1.865419084593379466e+03 2.251528609066682715e-02
1.875421945239068236e+03 4.704357146303701082e-02
1.885424805884756779e+03 2.144778869111896025e-01
1.895427666530445322e+03 6.133860301024799400e-01
1.905430527176134092e+03 1.692139177163408670e-01
1.915433387821822635e+03 6.541191723147103676e-02
1.925436248467511177e+03 5.990051605964825943e-02
1.935439109113199720e+03 5.629417957866651723e-02
1.945441969758888263e+03 5.107560908004955824e-02
1.955444830404577033e+03 4.079952857702486002e-02
1.965447691050265576e+03 2.971971051330124514e-02
1.975450551695954118e+03 2.313110395581631507e-02
1.985453412341642888e+03 2.570198696680957989e-02
1.995456272987331431e+03 2.036242369849715350e-02
2.005459133633019974e+03 4.522579244204478349e-02
2.015461994278708517e+03 7.124189362660693359e-02
2.025464854924397059e+03 6.837647477725786183e-02
2.035467715570085602e+03 5.924653216874146977e-02
2.045470576215774372e+03 3.985356856632430583e-02
2.055473436861462687e+03 2.518327011233489898e-02
2.065476297507151685e+03 4.071426027817351412e-02
2.075479158152839773e+03 5.211110824425656957e-02
2.085482018798528770e+03 5.048795633442370451e-02
2.095484879444217313e+03 1.264614365401510454e-01
2.105487740089905856e+03 1.623771720736705559e-01
2.115490600735594853e+03 1.799614910894906106e-01
2.125493461381282941e+03 1.058179456442245731e-01
2.135496322026971939e+03 5.559949904446435248e-02
2.145499182672660027e+03 3.951430579959108041e-02
2.155502043318349024e+03 1.388781533595416229e-01
2.165504903964037567e+03 2.645630554505988830e-01
2.175507764609726109e+03 2.903157069008832081e-01
2.185510625255414652e+03 3.231748309668537877e-01
2.195513485901103195e+03 3.453353231247781041e-01
2.205516346546792192e+03 3.310654874212345944e-01
2.215519207192480280e+03 3.095636671917453842e-01
2.225522067838169278e+03 4.399133416274547681e-01
2.235524928483857366e+03 5.637474355886490374e-01
2.245527789129546363e+03 5.195330430792851617e-01
2.255530649775234906e+03 6.298148937893152111e-01
2.265533510420923449e+03 1.015251502754591639e+00
2.275536371066612446e+03 1.355708884260053759e+00
2.285539231712300534e+03 2.287925930311650369e+00
2.295542092357989532e+03 8.727361897196040275e+00
2.305544953003677620e+03 1.075396878984469673e+01
2.315547813649366617e+03 9.942605871859646172e+00
2.325550674295054705e+03 7.173267520755005400e+00
2.335553534940743702e+03 4.713990939971830940e+00
2.345556395586432245e+03 3.295470140633662837e+00
2.355559256232120788e+03 1.203783933071799650e+00
2.365562116877809785e+03 3.196187917306612669e-01
2.375564977523497873e+03 2.314368470387715149e-01
2.385567838169186871e+03 1.774604383319360046e-01
2.395570698814874959e+03 1.015772923602335370e-01
2.405573559460563956e+03 7.128473026117189415e-02
2.415576420106252499e+03 6.578719801885724028e-02
2.425579280751941042e+03 5.172517623172538659e-02
2.435582141397629584e+03 2.123967562673407736e-02
2.445585002043318127e+03 2.169492651332788347e-02
2.455587862689007125e+03 9.659046510676250197e-02
2.465590723334695213e+03 2.893691337446951950e-01
2.475593583980384210e+03 3.267966363579383748e-01
2.485596444626072298e+03 3.499478043228648749e-01
2.495599305271761295e+03 4.984724149910769730e-01
2.505602165917449838e+03 6.101226722486031706e-01
2.515605026563138381e+03 7.866490569678722400e-01
2.525607887208827378e+03 1.968979892632715778e+00
2.535610747854515466e+03 3.206295604718351289e+00
2.545613608500204464e+03 3.031123028363380989e+00
2.555616469145892552e+03 2.137384827267030385e+00
2.565619329791581549e+03 1.333145534608380256e+00
2.575622190437269637e+03 9.602978120766699766e-01
2.585625051082958635e+03 8.601076197500288067e-01
2.595627911728647632e+03 1.036118372482450756e+00
2.605630772374335720e+03 9.218472524029531767e-01
2.615633633020024718e+03 7.969653016943456514e-01
2.625636493665712806e+03 9.033232963811039795e-01
2.635639354311401803e+03 1.042885367091829218e+00
2.645642214957089891e+03 9.467161430308327352e-01
2.655645075602778888e+03 6.437955066035780938e-01
2.665647936248466976e+03 4.216789257868844287e-01
2.675650796894155974e+03 2.606495650034070799e-01
2.685653657539844971e+03 1.177182855588899402e-01
2.695656518185533059e+03 9.608697878187896779e-02
2.705659378831222057e+03 1.506833272008533675e-01
2.715662239476910145e+03 2.031576765781297478e-01
2.725665100122599142e+03 2.570962741443543753e-01
2.735667960768287230e+03 2.909573717630521417e-01
2.745670821413976228e+03 4.054023818246918487e-01
2.755673682059664770e+03 6.239658463510945330e-01
2.765676542705353313e+03 9.387113711810204375e-01
2.775679403351042311e+03 1.263816342174341800e+00
2.785682263996730399e+03 1.428245407162083591e+00
2.795685124642419396e+03 2.291597703184627743e+00
2.805687985288107484e+03 3.585373389373677444e+00
2.815690845933796481e+03 3.822179652462151189e+00
2.825693706579484569e+03 4.239171805719911035e+00
2.835696567225173567e+03 4.259005006387206471e+00
2.845699427870862564e+03 4.404476828905820263e+00
2.855702288516550652e+03 4.378597784914003199e+00
2.865705149162239650e+03 4.665599311346360523e+00
2.875708009807927738e+03 5.069234316840342203e+00
2.885710870453616735e+03 5.344729577380840091e+00
2.895713731099304823e+03 4.715367993153352977e+00
2.905716591744993821e+03 4.272289390945656073e+00
2.915719452390682363e+03 4.592991179894256426e+00
2.925722313036370906e+03 5.371475817166127875e+00
2.935725173682059904e+03 5.223281101274396931e+00
2.945728034327747991e+03 4.144586693635092800e+00
2.955730894973436989e+03 3.934235417543396895e+00
2.965733755619125077e+03 3.928835349912242592e+00
2.975736616264814074e+03 3.576095193307387898e+00
2.985739476910502162e+03 3.926257894215707811e+00
2.995742337556191160e+03 4.946266516079476538e+00
3.005745198201879703e+03 5.608013487640913119e+00
3.015748058847568245e+03 5.080157275366491199e+00
3.025750919493257243e+03 3.807653248329243567e+00
3.035753780138945331e+03 3.028780947159791292e+00
3.045756640784634328e+03 2.363085852711966695e+00
3.055759501430322416e+03 2.210815911022641966e+00
3.065762362076011414e+03 2.278103167074272406e+00
3.075765222721699502e+03 2.411877131617508496e+00
3.085768083367388499e+03 2.209910901710009146e+00
3.095770944013077496e+03 2.132632124329299828e+00
3.105773804658765584e+03 1.869169998291517087e+00
3.115776665304454582e+03 1.839009182372342233e+00
3.125779525950142670e+03 2.044563227670698424e+00
3.135782386595831667e+03 1.938483507375331927e+00
3.145785247241519755e+03 1.644027883988840033e+00
3.155788107887208753e+03 1.358337586820373755e+00
3.165790968532897296e+03 1.122785082222423902e+00
3.175793829178585838e+03 8.186033550356962563e-01
3.185796689824274836e+03 5.499087203552301961e-01
3.195799550469962924e+03 3.377421023376125375e-01
3.205802411115651921e+03 2.933005540303956216e-01
3.215805271761340009e+03 3.135007144204384755e-01
3.225808132407029007e+03 4.898564224063591266e-01
3.235810993052717095e+03 1.064292467012160959e+00
3.245813853698406092e+03 1.748944621317132686e+00
3.255816714344095089e+03 2.025131874685219824e+00
3.265819574989783177e+03 1.747953438476490762e+00
3.275822435635472175e+03 1.142506218590424005e+00
3.285825296281160263e+03 7.448257187968931881e-01
3.295828156926849260e+03 5.549006822854315457e-01
3.305831017572537348e+03 5.070456243517924566e-01
3.315833878218226346e+03 4.652363156313136794e-01
3.325836738863914434e+03 4.172998749066051949e-01
3.335839599509603431e+03 3.971705704981912111e-01
3.345842460155292429e+03 4.483158262437974551e-01
3.355845320800980517e+03 5.822858509438253449e-01
3.365848181446669514e+03 7.509228928984531537e-01
3.375851042092357602e+03 1.139189994148677165e+00
3.385853902738046600e+03 1.368518121105358976e+00
3.395856763383734688e+03 1.202721847995981141e+00
3.405859624029423685e+03 1.049522617672223435e+00
3.415862484675112228e+03 9.922363534961253784e-01
3.425865345320800770e+03 9.892680745586978075e-01
3.435868205966489768e+03 9.930988320392930557e-01
3.445871066612177856e+03 1.024869102199923665e+00
3.455873927257866853e+03 1.132037339304017731e+00
3.465876787903554941e+03 1.103421176545033910e+00
3.475879648549243939e+03 1.034726138272644480e+00
3.485882509194932027e+03 1.111423813670759486e+00
3.495885369840621024e+03 1.393907699046291748e+00
3.505888230486310022e+03 1.348778198150619057e+00
3.515891091131998110e+03 1.033111179528223511e+00
3.525893951777687107e+03 6.045120936089303232e-01
3.535896812423375195e+03 4.293601321050126707e-01
3.545899673069064193e+03 5.167431363580526904e-01
3.555902533714752281e+03 6.714477027707907997e-01
3.565905394360441278e+03 7.473809151591256361e-01
3.575908255006129821e+03 7.859249698570701659e-01
3.585911115651818363e+03 7.821086808832695692e-01
3.595913976297507361e+03 9.378762091009843482e-01
3.605916836943195449e+03 1.217618729398902921e+00
3.615919697588884446e+03 1.541174409092356035e+00
3.625922558234572534e+03 1.809561119923923878e+00
3.635925418880261532e+03 2.144416842185085770e+00
3.645928279525949620e+03 2.568858339078098130e+00
3.655931140171638617e+03 2.690400516794924091e+00
3.665934000817327160e+03 2.655152552589873149e+00
3.675936861463015703e+03 2.386573870622205717e+00
3.685939722108704700e+03 2.191473624326934377e+00
3.695942582754392788e+03 1.988889847537028688e+00
3.705945443400081786e+03 1.874024729029114988e+00
3.715948304045769873e+03 2.254868025814400934e+00
3.725951164691458871e+03 2.916040157231954755e+00
3.735954025337146959e+03 3.511564690461516758e+00
3.745956885982835956e+03 3.644246261996316516e+00
3.755959746628524954e+03 3.295449103818770098e+00
3.765962607274213042e+03 2.791816857481544734e+00
3.775965467919902039e+03 2.175703185041586440e+00
3.785968328565590127e+03 2.018852900642484016e+00
3.795971189211279125e+03 1.912486882179100345e+00
3.805974049856967213e+03 1.696239788474839028e+00
3.815976910502656210e+03 1.536515783484022180e+00
3.825979771148344753e+03 1.883014291981528032e+00
3.835982631794033296e+03 2.414110621233938492e+00
3.845985492439722293e+03 2.476920973934872094e+00
3.855988353085410381e+03 2.107768307612560399e+00
3.865991213731099378e+03 1.631489831622904285e+00
3.875994074376787466e+03 1.425653245438408989e+00
3.885996935022476464e+03 1.366863813782163373e+00
3.895999795668164552e+03 1.232534067107663001e+00
3.906002656313853549e+03 1.215663773148210058e+00
3.916005516959542547e+03 1.266720319081689805e+00
3.926008377605230635e+03 1.374900300863343805e+00
3.936011238250919632e+03 1.529503714644199652e+00
3.946014098896607720e+03 1.796091610361055579e+00
3.956016959542296718e+03 2.050273242684603314e+00
3.966019820187984806e+03 2.400733633549088974e+00
3.976022680833673803e+03 2.695604654655948007e+00
3.986025541479361891e+03 2.487893506704667690e+00
3.996028402125050889e+03 2.108687733698530575e+00
4.006031262770739886e+03 1.904341107775426867e+00
4.016034123416427974e+03 1.774766543537539931e+00
4.026036984062116971e+03 1.843375143383500170e+00
4.036039844707805059e+03 2.318815370022667910e+00
4.046042705353494057e+03 2.886055892108456700e+00
4.056045565999182145e+03 3.298705546468325256e+00
4.066048426644871142e+03 3.344967716726656715e+00
4.076051287290559685e+03 2.900076519151279619e+00
4.086054147936248228e+03 2.391340945615497038e+00
4.096057008581937225e+03 2.012721636990962626e+00
4.106059869227625313e+03 2.077931239904371008e+00
4.116062729873314311e+03 2.304337753848296533e+00
4.126065590519002399e+03 2.483623284364017358e+00
4.136068451164691396e+03 2.549954715893044455e+00
4.146071311810379484e+03 2.187015375742172640e+00
4.156074172456068482e+03 1.628792252386335848e+00
4.166077033101757479e+03 1.068922691519059720e+00
4.176079893747445567e+03 1.074486699565281311e+00
4.186082754393134564e+03 1.405313473004389246e+00
4.196085615038822652e+03 1.818901945379634455e+00
4.206088475684511650e+03 2.056857543802917743e+00
4.216091336330199738e+03 2.248848537409934512e+00
4.226094196975888735e+03 2.315289763256515254e+00
4.236097057621576823e+03 2.205292533997218030e+00
4.246099918267265821e+03 2.014884098890172393e+00
4.256102778912954818e+03 1.967284972747868954e+00
4.266105639558642906e+03 2.134837599768259597e+00
4.276108500204331904e+03 2.559219573726276842e+00
4.286111360850019992e+03 2.717487426349094903e+00
4.296114221495708989e+03 2.493919646916831212e+00
4.306117082141397077e+03 2.387887421061689608e+00
4.316119942787086075e+03 2.301563383445436539e+00
4.326122803432775072e+03 2.040550914835219665e+00
4.336125664078463160e+03 1.775834022605233820e+00
4.346128524724152157e+03 1.762813227457030729e+00
4.356131385369840245e+03 1.957903394764415994e+00
4.366134246015529243e+03 2.294587601213436745e+00
4.376137106661217331e+03 2.509308147692958624e+00
4.386139967306906328e+03 2.162118025105018937e+00
4.396142827952594416e+03 1.071422843807771086e+00
4.406145688598283414e+03 3.339820059876303926e-01
4.416148549243972411e+03 2.581966224849261415e-01
4.426151409889660499e+03 4.632449510292747097e-01
4.436154270535349497e+03 1.189262679085005603e+00
4.446157131181037585e+03 1.831000470553038939e+00
4.456159991826726582e+03 1.796456483393335413e+00
4.466162852472414670e+03 1.612050392078852923e+00
4.476165713118103668e+03 1.868811807952262427e+00
4.486168573763791755e+03 2.820706381843308908e+00
4.496171434409480753e+03 3.625251811834715010e+00
4.506174295055168841e+03 4.497964722724740128e+00
4.516177155700857838e+03 5.402625343306320715e+00
4.526180016346546836e+03 6.103376190788308620e+00
4.536182876992235833e+03 6.131391995382148075e+00
4.546185737637923921e+03 5.699397910712845849e+00
4.556188598283612009e+03 5.405647029936000436e+00
4.566191458929301007e+03 5.354671035459820594e+00
4.576194319574990004e+03 5.175798132564204401e+00
4.586197180220678092e+03 4.798580114957852416e+00
4.596200040866366180e+03 4.651829640489342665e+00
4.606202901512055178e+03 4.887109369630153743e+00
4.616205762157744175e+03 5.533597059259103723e+00
4.626208622803433173e+03 6.302819205227572219e+00
4.636211483449121260e+03 6.707403702215337660e+00
4.646214344094809348e+03 6.302955261498168760e+00
4.656217204740498346e+03 5.569932927751359841e+00
4.666220065386187343e+03 4.909986250342176284e+00
4.676222926031875431e+03 4.309421426153321910e+00
4.686225786677563519e+03 3.748045533004989771e+00
4.696228647323252517e+03 3.144132841365542053e+00
4.706231507968941514e+03 2.979855283249567943e+00
4.716234368614630512e+03 2.948743212218420062e+00
4.726237229260318600e+03 2.741380104017078878e+00
4.736240089906006688e+03 2.612429650505193379e+00
4.746242950551695685e+03 2.762819691144399403e+00
4.756245811197384683e+03 3.021489038831007168e+00
4.766248671843072771e+03 3.318208706274411224e+00
4.776251532488761768e+03 3.576576801503370540e+00
4.786254393134449856e+03 3.647882719777504779e+00
4.796257253780138853e+03 3.170374767391316961e+00
4.806260114425827851e+03 2.652784443720511476e+00
4.816262975071515939e+03 2.513614206573997478e+00
4.826265835717204027e+03 2.441161196359651342e+00
4.836268696362893024e+03 2.420598590222329705e+00
4.846271557008582022e+03 2.524134630792509881e+00
4.856274417654270110e+03 2.815900053966261307e+00
4.866277278299959107e+03 3.300513912970318042e+00
4.876280138945647195e+03 3.763237233285162908e+00
4.886282999591336193e+03 3.950948731654035040e+00
4.896285860237025190e+03 3.805794616095710126e+00
4.906288720882713278e+03 3.509646795788424534e+00
4.916291581528401366e+03 3.322339639760707897e+00
4.926294442174090364e+03 3.132044746907597155e+00
4.936297302819779361e+03 2.738456986184483632e+00
4.946300163465467449e+03 2.201992984239132589e+00
4.956303024111156446e+03 1.863428632072998248e+00
4.966305884756844534e+03 1.997642679558093493e+00
4.976308745402533532e+03 2.426887186678265973e+00
4.986311606048222529e+03 2.795542143462659279e+00
4.996314466693910617e+03 3.132761113435595490e+00
5.006317327339598705e+03 3.592662589744741730e+00
5.016320187985287703e+03 3.839123862510795515e+00
5.026323048630976700e+03 3.518901607751431015e+00
5.036325909276665698e+03 3.015833696631470495e+00
5.046328769922353786e+03 2.702462656467583102e+00
5.056331630568041874e+03 2.609952176218280684e+00
5.066334491213730871e+03 2.542255680919358607e+00
5.076337351859419869e+03 2.468465232644204033e+00
5.086340212505107957e+03 2.545940489788692140e+00
5.096343073150796045e+03 2.823150912726289263e+00
5.106345933796485042e+03 3.156185007358526917e+00
5.116348794442174039e+03 3.305831818624598739e+00
5.126351655087863037e+03 3.174539711428906230e+00
5.136354515733551125e+03 2.788627471401618596e+00
5.146357376379239213e+03 2.484509598563137800e+00
5.156360237024928210e+03 2.559450291715258619e+00
5.166363097670617208e+03 2.906527285285020579e+00
5.176365958316305296e+03 3.284880436632394929e+00
5.186368818961994293e+03 3.423045638140813196e+00
5.196371679607682381e+03 3.272583233443091544e+00
5.206374540253371379e+03 3.044363259890641160e+00
5.216377400899060376e+03 2.935590974184958402e+00
5.226380261544748464e+03 2.902173803725314194e+00
5.236383122190436552e+03 2.942579088211053406e+00
5.246385982836125550e+03 2.960660166522514736e+00
5.256388843481814547e+03 2.780797448453984355e+00
5.266391704127502635e+03 2.445314551476871490e+00
5.276394564773191632e+03 2.184381381443566639e+00
5.286397425418879720e+03 2.015470918026406988e+00
5.296400286064568718e+03 1.902922549409764574e+00
5.306403146710257715e+03 1.948065746160071665e+00
5.316406007355945803e+03 2.063916118836015112e+00
5.326408868001633891e+03 2.160777475620595744e+00
5.336411728647322889e+03 2.129453369297819698e+00
5.346414589293011886e+03 1.951564075344678573e+00
5.356417449938699974e+03 1.864011240620637055e+00
5.366420310584388972e+03 1.922711074402155162e+00
5.376423171230077060e+03 2.024086209329091446e+00
5.386426031875766057e+03 2.082402749746506299e+00
5.396428892521455055e+03 2.146238621921154444e+00
5.406431753167143142e+03 2.338982545388963441e+00
5.416434613812831230e+03 2.789325685010592082e+00
5.426437474458520228e+03 3.254172206269470458e+00
5.436440335104209225e+03 3.516332670831761487e+00
5.446443195749898223e+03 3.574934855718549631e+00
5.456446056395586311e+03 3.518814519259061857e+00
5.466448917041274399e+03 3.423108940439619108e+00
5.476451777686963396e+03 3.322877606752943969e+00
5.486454638332652394e+03 3.386940233545010503e+00
5.496457498978340482e+03 3.702224197621911461e+00
5.506460359624028570e+03 4.130875081915259983e+00
5.516463220269717567e+03 4.453878602762665118e+00
5.526466080915406565e+03 4.778163598055805927e+00
5.536468941561095562e+03 5.156961508040339481e+00
5.546471802206783650e+03 5.588961095344786578e+00
5.556474662852471738e+03 6.173817327839017821e+00
5.566477523498160735e+03 6.537764415967895815e+00
5.576480384143849733e+03 6.603174995591498231e+00
5.586483244789537821e+03 6.248403492036937124e+00
5.596486105435225909e+03 5.996390467264780533e+00
5.606488966080914906e+03 6.604829269108051903e+00
5.616491826726603904e+03 7.748863720313022618e+00
5.626494687372292901e+03 9.234617306497895584e+00
5.636497548017980989e+03 1.097517357587723730e+01
5.646500408663669077e+03 1.132300606933496923e+01
5.656503269309358075e+03 1.054489646854459650e+01
5.666506129955047072e+03 9.509831883446777212e+00
5.676508990600735160e+03 8.495649496088301333e+00
5.686511851246424158e+03 7.063834283732093766e+00
5.696514711892112246e+03 4.004332931061632017e+00
5.706517572537801243e+03 1.909665645710550752e+00
5.716520433183490240e+03 1.138822334196678332e+00
5.726523293829178328e+03 1.221255989621466975e+00
5.736526154474866416e+03 1.633234742246902904e+00
5.746529015120555414e+03 1.887465944356501168e+00
5.756531875766244411e+03 2.343254919687941751e+00
5.766534736411932499e+03 3.883986330104217899e+00
5.776537597057621497e+03 5.800383486369298680e+00
5.786540457703309585e+03 7.751275521711286309e+00
5.796543318348998582e+03 9.796157097159618132e+00
5.806546178994687580e+03 1.145960327042300264e+01
5.816549039640375668e+03 1.236067119170424355e+01
5.826551900286063756e+03 1.302356601124480839e+01
5.836554760931752753e+03 1.350153804909157529e+01
5.846557621577441751e+03 1.301522320559394785e+01
5.856560482223129839e+03 1.168632457967002658e+01
5.866563342868818836e+03 9.715877620054426345e+00
5.876566203514506924e+03 8.257252364367834829e+00
5.886569064160195921e+03 7.603544641145823846e+00
5.896571924805884919e+03 7.362149160341307841e+00
5.906574785451573007e+03 7.754670017546328786e+00
5.916577646097261095e+03 8.483524895738504767e+00
5.926580506742950092e+03 9.344044667691971284e+00
5.936583367388639090e+03 1.052981513201281238e+01
5.946586228034328087e+03 1.132006785446109554e+01
5.956589088680016175e+03 1.174992725120638504e+01
5.966591949325704263e+03 1.144968241709314505e+01
5.976594809971393261e+03 1.048129477226013684e+01
5.986597670617082258e+03 9.168889925716969813e+00
5.996600531262770346e+03 7.552846714184240362e+00
6.006603391908458434e+03 6.162142955596126903e+00
6.016606252554147432e+03 5.286038789545571603e+00
6.026609113199836429e+03 4.669526317834738371e+00
6.036611973845525426e+03 4.250624207953085154e+00
6.046614834491213514e+03 3.909602556868064571e+00
6.056617695136901602e+03 3.331978816738141891e+00
6.066620555782590600e+03 2.842778106349764577e+00
6.076623416428279597e+03 2.481199025779669221e+00
6.086626277073967685e+03 2.281404232332361115e+00
6.096629137719656683e+03 2.315972550102931127e+00
6.106631998365344771e+03 2.392982555084500085e+00
6.116634859011033768e+03 2.598161439025318042e+00
6.126637719656722766e+03 3.017421021760229305e+00
6.136640580302410854e+03 3.654592018962795841e+00
6.146643440948098942e+03 4.325849170740488248e+00
6.156646301593787939e+03 4.509601957319921972e+00
6.166649162239476937e+03 4.451646725806313043e+00
6.176652022885165024e+03 4.307589271193270619e+00
6.186654883530854022e+03 4.121041349967566880e+00
6.196657744176542110e+03 3.898835810626470444e+00
6.206660604822231107e+03 3.785287280576504099e+00
6.216663465467920105e+03 3.770017015379708347e+00
6.226666326113608193e+03 3.919399596523745810e+00
6.236669186759296281e+03 4.251104922584138635e+00
6.246672047404985278e+03 4.743414370591985119e+00
6.256674908050674276e+03 5.179454705692161376e+00
6.266677768696362364e+03 5.685402969047683719e+00
6.276680629342051361e+03 6.032933250630754252e+00
6.286683489987739449e+03 5.936950886954193152e+00
6.296686350633428447e+03 5.497097906064810857e+00
6.306689211279117444e+03 5.322654709156862118e+00
6.316692071924805532e+03 5.455254868130465340e+00
6.326694932570493620e+03 5.796420313011132919e+00
6.336697793216182617e+03 6.345835003351885995e+00
6.346700653861871615e+03 6.773303192262586592e+00
6.356703514507560612e+03 6.389531869017948118e+00
6.366706375153248700e+03 5.798426710861074973e+00
6.376709235798936788e+03 5.073768000158142222e+00
6.386712096444625786e+03 5.118838142051101769e+00
6.396714957090314783e+03 5.294082892984445898e+00
6.406717817736002871e+03 5.472069045825951328e+00
6.416720678381690959e+03 5.731411475056178872e+00
6.426723539027379957e+03 5.860950246146107823e+00
6.436726399673068954e+03 5.704752559047201466e+00
6.446729260318757952e+03 5.302664737728141731e+00
6.456732120964446040e+03 4.766020183857296644e+00
6.466734981610134128e+03 4.257071563436885420e+00
6.476737842255823125e+03 3.988500674725295791e+00
6.486740702901512122e+03 4.149045555671374785e+00
6.496743563547200210e+03 4.767789872932055140e+00
6.506746424192888298e+03 5.293500598554095049e+00
6.516749284838577296e+03 5.556977379002665529e+00
6.526752145484266293e+03 6.443980449025327850e+00
6.536755006129955291e+03 7.824678667878720795e+00
6.546757866775643379e+03 9.314065710285197142e+00
6.556760727421331467e+03 1.049503902190423510e+01
6.566763588067020464e+03 1.124445588414953967e+01
6.576766448712709462e+03 1.158613621895299062e+01
6.586769309358397550e+03 1.132213328891826798e+01
6.596772170004086547e+03 1.074720914731663157e+01
6.606775030649774635e+03 1.006032128116529201e+01
6.616777891295463633e+03 9.293625596539177636e+00
6.626780751941152630e+03 8.363424628759254631e+00
6.636783612586840718e+03 7.355738750018050887e+00
6.646786473232528806e+03 6.245409944444423544e+00
6.656789333878217803e+03 5.074380788497611761e+00
6.666792194523906801e+03 4.025649492737803925e+00
6.676795055169594889e+03 3.191791619439025229e+00
6.686797915815283886e+03 2.698405127001255899e+00
6.696800776460971974e+03 2.465646474465725824e+00
6.706803637106660972e+03 2.416595613693143907e+00
6.716806497752349969e+03 2.417384787712435923e+00
6.726809358398038057e+03 2.430917043829873059e+00
6.736812219043726145e+03 2.459291566171807109e+00
6.746815079689415143e+03 2.513769257468282614e+00
6.756817940335104140e+03 2.544482500359434685e+00
6.766820800980793138e+03 2.436164530627725977e+00
6.776823661626481226e+03 2.184554784226767410e+00
6.786826522272169314e+03 1.854158307835091390e+00
6.796829382917858311e+03 1.570519746182591714e+00
6.806832243563547308e+03 1.406287459161927877e+00
6.816835104209235396e+03 1.325923099498859781e+00
6.826837964854923484e+03 1.271862977833053021e+00
6.836840825500612482e+03 1.207925557789544246e+00
6.846843686146301479e+03 1.166993850939379351e+00
6.856846546791990477e+03 1.121858828076724102e+00
6.866849407437678565e+03 1.088743746953446001e+00
6.876852268083366653e+03 1.041660705761522809e+00
6.886855128729055650e+03 9.707433905658882090e-01
6.896857989374744648e+03 9.057847351244566747e-01
6.906860850020432736e+03 8.790938830153076644e-01
6.916863710666120824e+03 9.058684282792702769e-01
6.926866571311809821e+03 9.608211379801661067e-01
6.936869431957498819e+03 1.001264742416787090e+00
6.946872292603187816e+03 1.053643991604876096e+00
6.956875153248875904e+03 1.109167678422910752e+00
6.966878013894563992e+03 1.199639772830121354e+00
6.976880874540252989e+03 1.325265720301650463e+00
6.986883735185941987e+03 1.450520168400029508e+00
6.996886595831630075e+03 1.514676334662335533e+00
7.006889456477319072e+03 1.454770077529601080e+00
7.016892317123007160e+03 1.321307940668694725e+00
7.026895177768696158e+03 1.229335601457276717e+00
7.036898038414385155e+03 1.158808652389704985e+00
7.046900899060073243e+03 1.178026983450529919e+00
7.056903759705761331e+03 1.290614046044159302e+00
7.066906620351450329e+03 1.435654717595749474e+00
7.076909480997139326e+03 1.520839536360031108e+00
7.086912341642827414e+03 1.593663158282249581e+00
7.096915202288516411e+03 1.607841624710212525e+00
7.106918062934204499e+03 1.556646641799450892e+00
7.116920923579893497e+03 1.465456016439498077e+00
7.126923784225582494e+03 1.373585737131263862e+00
7.136926644871270582e+03 1.312449122054949679e+00
7.146929505516958670e+03 1.299546607483759164e+00
7.156932366162647668e+03 1.333095908638088023e+00
7.166935226808336665e+03 1.419519090080967993e+00
7.176938087454024753e+03 1.531817775651797886e+00
7.186940948099713751e+03 1.644729483432056272e+00
7.196943808745401839e+03 1.746035030346221761e+00
7.206946669391090836e+03 2.001764667982869561e+00
7.216949530036779834e+03 2.346730618083487041e+00
7.226952390682467922e+03 2.644556603208985557e+00
7.236955251328156010e+03 3.323238319859241674e+00
7.246958111973845007e+03 4.246847966846458711e+00
7.256960972619534004e+03 5.347089775466428385e+00
7.266963833265223002e+03 6.592874999024273208e+00
7.276966693910911090e+03 7.564993314948233127e+00
7.286969554556599178e+03 9.323365129846925115e+00
7.296972415202288175e+03 1.110783626881899089e+01
7.306975275847977173e+03 1.200482374286588438e+01
7.316978136493665261e+03 1.253618228992475103e+01
7.326980997139353349e+03 1.224511636928178859e+01
7.336983857785042346e+03 1.129535088871686987e+01
7.346986718430731344e+03 1.001149128429430135e+01
7.356989579076420341e+03 8.895376988505139693e+00
7.366992439722108429e+03 7.034680804275327048e+00
7.376995300367796517e+03 5.290378458459349176e+00
7.386998161013485515e+03 4.381582962691244809e+00
7.397001021659174512e+03 3.347850423193322378e+00
7.407003882304862600e+03 2.616217932468067442e+00
7.417006742950551597e+03 2.300812134527494113e+00
7.427009603596239685e+03 1.994534738621091208e+00
7.437012464241928683e+03 1.805231029869871717e+00
7.447015324887617680e+03 1.735545030940593758e+00
7.457018185533305768e+03 1.658892056876902554e+00
7.467021046178993856e+03 1.562611687265529570e+00
7.477023906824682854e+03 1.473934522002694480e+00
7.487026767470371851e+03 1.315483452868332792e+00
7.497029628116059939e+03 1.150366752934862014e+00
7.507032488761748937e+03 1.046148584322487585e+00
7.517035349407437025e+03 9.075180906823452354e-01
7.527038210053126022e+03 7.883167160726044509e-01
7.537041070698815020e+03 7.246234278274960028e-01
7.547043931344503108e+03 6.624026197881671685e-01
7.557046791990191196e+03 6.326253429452337596e-01
7.567049652635880193e+03 6.341282425008001322e-01
7.577052513281569190e+03 6.649456256544880040e-01
7.587055373927257278e+03 7.126753060333338441e-01
7.687083980384143615e+03 1.246022742821700779e+00
7.697086841029831703e+03 1.276039274854305239e+00
7.707089701675520701e+03 1.317903962286505859e+00
7.717092562321209698e+03 1.331208058140811223e+00
7.727095422966897786e+03 1.300124284856995382e+00
7.737098283612585874e+03 1.201587902125686558e+00
7.747101144258274871e+03 1.085030352575806045e+00
7.757104004903963869e+03 1.010285096809975913e+00
7.767106865549652866e+03 9.143219451201716197e-01
7.777109726195340954e+03 8.335730873131744767e-01
7.787112586841029042e+03 7.841009930007422080e-01
7.797115447486718040e+03 7.335092139649777021e-01
7.807118308132407037e+03 6.574229408343096326e-01
7.817121168778095125e+03 5.954678866941562898e-01
7.827124029423783213e+03 5.879395819442200244e-01
7.837126890069472211e+03 6.407234858247540243e-01
7.847129750715161208e+03 9.134110307110344662e-01
7.857132611360850206e+03 1.424352789250736162e+00
7.867135472006538293e+03 1.920345314023642835e+00
7.877138332652226381e+03 2.836422921205191461e+00
7.887141193297915379e+03 3.835709998138539856e+00
7.897144053943604376e+03 4.434824851923678146e+00
7.907146914589292464e+03 4.880312331301729145e+00
7.917149775234981462e+03 5.054404811700253575e+00
7.927152635880669550e+03 4.663755998990073870e+00
7.937155496526358547e+03 4.098148589864209157e+00
7.947158357172047545e+03 3.416547932018731082e+00
7.957161217817735633e+03 2.469715083839060910e+00
7.967164078463423721e+03 1.823369598085544663e+00
7.977166939109112718e+03 1.674845912975637896e+00
7.987169799754801716e+03 1.738077261715621269e+00
7.997172660400489804e+03 2.204300785910015659e+00
8.007175521046178801e+03 3.019434441577408812e+00
8.017178381691866889e+03 3.799473293513365046e+00
8.027181242337555886e+03 4.710111628102000125e+00
8.037184102983244884e+03 6.140704819895105082e+00
8.047186963628932972e+03 7.334562985149641889e+00
8.057189824274621060e+03 7.768053543304684005e+00
8.067192684920310057e+03 7.829743263280368737e+00
8.077195545565999055e+03 7.190238837835659425e+00
8.087198406211687143e+03 6.062999663664543348e+00
8.097201266857376140e+03 5.200513103268527004e+00
8.107204127503064228e+03 4.348567430215160456e+00
8.117206988148753226e+03 3.148694676271548420e+00
8.127209848794442223e+03 2.142578809713761689e+00
8.137212709440130311e+03 1.699111586062622692e+00
8.147215570085818399e+03 1.456236861379698100e+00
8.157218430731507397e+03 1.469383655253384768e+00
8.167221291377196394e+03 1.817176640905829865e+00
8.177224152022885391e+03 2.238598246314427165e+00
8.187227012668573479e+03 2.716435262180074250e+00
8.197229873314261567e+03 3.136369720512058201e+00
8.207232733959950565e+03 3.402858789856177513e+00
8.217235594605639562e+03 3.212582611935942634e+00
8.227238455251328560e+03 2.838892681135461338e+00
8.237241315897015738e+03 2.388861282830090804e+00
8.247244176542704736e+03 1.962151575172994988e+00
8.257247037188393733e+03 1.574444335630698522e+00
8.267249897834082731e+03 1.475532942818072124e+00
8.277252758479771728e+03 1.570371605949716365e+00
8.287255619125458907e+03 1.762767401944368206e+00
8.297258479771147904e+03 2.155051256301126372e+00
8.307261340416836902e+03 2.475537824908052187e+00
8.317264201062524080e+03 2.537002987610854188e+00
8.327267061708214896e+03 2.482403428726236427e+00
8.337269922353902075e+03 2.377239180893550685e+00
8.347272782999591072e+03 2.276391719734481178e+00
8.357275643645280070e+03 2.281944072750069719e+00
8.367278504290967248e+03 2.352305484254181511e+00
8.377281364936656246e+03 2.475321266844386692e+00
8.387284225582345243e+03 2.650174638585315101e+00
8.397287086228034241e+03 2.927765182637283026e+00
8.407289946873723238e+03 3.067752371464101735e+00
8.417292807519410417e+03 2.990280219646993753e+00
8.427295668165099414e+03 2.802664281266926238e+00
8.437298528810788412e+03 2.584791030071518669e+00
8.447301389456477409e+03 2.403283655100506788e+00
8.457304250102166407e+03 2.253655945149132478e+00
8.467307110747853585e+03 2.249282765904795589e+00
8.477309971393542583e+03 2.394990260904901636e+00
8.487312832039231580e+03 2.685789633864633430e+00
8.497315692684918758e+03 3.118173280598908192e+00
8.507318553330609575e+03 3.905307597022864563e+00
8.517321413976296753e+03 4.640317257023362174e+00
8.527324274621985751e+03 4.973646904116755252e+00
8.537327135267674748e+03 5.119774232463990771e+00
8.547329995913361927e+03 5.062010729827876254e+00
8.557332856559050924e+03 4.834169558905545117e+00
8.567335717204739922e+03 4.279375298211069989e+00
8.577338577850428919e+03 3.615284332576963688e+00
8.587341438496117917e+03 3.227551607340885198e+00
8.597344299141805095e+03 2.974826389932522019e+00
8.607347159787495912e+03 2.890821155344917681e+00
8.617350020433183090e+03 2.958274228131223094e+00
8.627352881078870269e+03 3.303182753758109769e+00
8.637355741724561085e+03 3.859619861823400555e+00
8.647358602370248263e+03 4.348958471501120471e+00
8.657361463015939080e+03 4.903902448284008564e+00
8.667364323661626258e+03 5.462015585647844063e+00
8.677367184307313437e+03 5.950591662788670355e+00
8.687370044953004253e+03 6.260810917111283125e+00
8.697372905598691432e+03 6.176875630194685662e+00
8.707375766244380429e+03 5.499867196970607885e+00
8.717378626890069427e+03 4.777713265622783645e+00
8.727381487535756605e+03 4.020393270282220932e+00
8.737384348181447422e+03 3.324019613773941284e+00
8.747387208827134600e+03 2.719135955793619885e+00
8.757390069472823598e+03 2.244207653940658354e+00
8.767392930118512595e+03 1.883777306350453262e+00
8.777395790764199774e+03 1.972601829093384440e+00
8.787398651409890590e+03 2.329210402882407660e+00
8.797401512055577768e+03 2.854198352463092725e+00
8.807404372701264947e+03 3.457946415007720375e+00
8.817407233346955763e+03 4.055653198188103659e+00
8.827410093992642942e+03 4.516711403361676425e+00
8.837412954638333758e+03 4.715684286939641368e+00
8.847415815284020937e+03 4.294401506317063522e+00
8.857418675929708115e+03 3.686408749156409037e+00
8.867421536575398932e+03 3.002148824413672479e+00
8.877424397221086110e+03 2.396215195935837983e+00
8.887427257866775108e+03 1.930525858529932748e+00
8.897430118512464105e+03 1.629812328425723766e+00
8.907432979158151284e+03 1.471999566937905568e+00
8.917435839803842100e+03 1.417338537250753872e+00
8.927438700449529279e+03 1.455591170816321167e+00
8.937441561095218276e+03 1.505383162317353474e+00
8.947444421740907273e+03 1.555599715828139384e+00
8.957447282386594452e+03 1.607962328351076220e+00
8.967450143032285268e+03 1.676211993750035045e+00
8.977453003677972447e+03 1.775520405679352098e+00
8.987455864323659625e+03 1.893881324161877266e+00
8.997458724969350442e+03 2.021771319698922209e+00
9.007461585615037620e+03 2.042604098992881756e+00
9.017464446260728437e+03 1.978947072381332939e+00
9.027467306906415615e+03 1.869253996464519396e+00
9.037470167552102794e+03 1.741965785313958959e+00
9.047473028197793610e+03 1.629912327286815232e+00
9.057475888843480789e+03 1.564152943102420812e+00
9.067478749489169786e+03 1.565994513119745912e+00
9.077481610134858784e+03 1.634082155525727886e+00
9.087484470780545962e+03 1.743378166113940253e+00
9.097487331426236778e+03 1.905915395229977216e+00
9.107490192071923957e+03 2.011207100899140787e+00
9.117493052717612954e+03 2.019768582508254973e+00
9.127495913363301952e+03 1.968666495753148560e+00
9.137498774008989130e+03 1.860969985330598986e+00
9.147501634654679947e+03 1.720466220362936838e+00
9.157504495300367125e+03 1.590412297388449803e+00
9.167507355946056123e+03 1.499761659695005411e+00
9.177510216591745120e+03 1.456446590160041854e+00
9.187513077237432299e+03 1.443748007576200365e+00
9.197515937883123115e+03 1.435911764816256486e+00
9.207518798528810294e+03 1.411610542041762839e+00
9.217521659174497472e+03 1.379205141450179362e+00
9.227524519820188289e+03 1.335571810931472037e+00
9.237527380465875467e+03 1.290291866837890433e+00
9.247530241111566284e+03 1.258197330648542112e+00
9.257533101757253462e+03 1.248553500241857739e+00
9.267535962402940640e+03 1.255746800041777078e+00
9.277538823048631457e+03 1.264896150195228941e+00
9.287541683694318635e+03 1.263924619273522731e+00
9.297544544340007633e+03 1.250083917674709832e+00
9.307547404985696630e+03 1.223639290252579670e+00
9.317550265631383809e+03 1.151680437750601360e+00
9.327553126277074625e+03 1.059049559716797928e+00
9.337555986922761804e+03 1.000000000000000000e+00
9.347558847568450801e+03 9.418681021523187535e-01
9.357561708214139799e+03 8.727322390357340476e-01
9.367564568859826977e+03 7.965927210044581042e-01
9.377567429505517794e+03 7.323416910726736617e-01
9.387570290151204972e+03 7.064295542912381043e-01
9.397573150796892151e+03 7.332632732910403517e-01
9.407576011442582967e+03 8.108044439190971175e-01
9.417578872088270145e+03 9.267592021083846943e-01
9.427581732733960962e+03 1.063088935349055575e+00
9.437584593379648140e+03 1.194930547770068685e+00
9.447587454025335319e+03 1.292946656739480060e+00
9.457590314671026135e+03 1.329494853401008481e+00
9.467593175316713314e+03 1.286458379841666888e+00
9.477596035962402311e+03 1.085062982355669225e+00
9.487598896608091309e+03 8.308264666753216732e-01
9.497601757253778487e+03 6.844588830239997090e-01
9.507604617899469304e+03 5.771541751456028546e-01
9.517607478545156482e+03 5.075637544779316723e-01
9.527610339190845480e+03 4.678251489899482585e-01
9.537613199836534477e+03 4.488891365330367478e-01
9.547616060482221656e+03 4.414223606905692820e-01
9.557618921127912472e+03 4.363643117037508401e-01
9.567621781773599650e+03 4.272864980972802540e-01
9.577624642419288648e+03 4.144194654389452004e-01
9.587627503064977645e+03 4.026989565867263310e-01
9.597630363710664824e+03 3.980268367823086573e-01
9.607633224356355640e+03 4.035978754456618356e-01
9.617636085002042819e+03 4.187058508118186029e-01
9.627638945647729997e+03 4.387449619417730928e-01
9.637641806293420814e+03 4.582234474890396481e-01
9.647644666939107992e+03 4.741691768843167010e-01
9.657647527584798809e+03 4.856073368541968804e-01
9.667650388230485987e+03 4.945336971611096200e-01
9.677653248876173166e+03 5.061022564119243006e-01
9.687656109521863982e+03 5.274626604921479611e-01
9.697658970167551161e+03 5.616957898230342527e-01
9.707661830813240158e+03 6.354291063593645594e-01
9.717664691458929155e+03 7.280044305015842543e-01
9.727667552104616334e+03 7.974456703847456751e-01
9.737670412750307150e+03 8.637954412436024132e-01
9.747673273395994329e+03 9.136099588217504452e-01
9.757676134041683326e+03 9.354024417661997992e-01
9.767678994687372324e+03 9.225433870148825877e-01
9.777681855333059502e+03 8.793518786488089267e-01
9.787684715978750319e+03 8.198959137096403227e-01
9.797687576624437497e+03 7.574041273858159729e-01
9.807690437270124676e+03 6.949546369451992112e-01
9.817693297915815492e+03 6.287150096718766568e-01
9.827696158561502671e+03 5.587130609889839894e-01
9.837699019207193487e+03 4.915188053637664090e-01
9.847701879852880666e+03 4.334127057112051040e-01
9.857704740498567844e+03 3.894687097823446020e-01
9.867707601144258660e+03 3.618079712899274769e-01
9.877710461789945839e+03 3.524385364331582005e-01
9.887713322435634836e+03 3.579863151213055761e-01
9.897716183081323834e+03 3.714768645552944393e-01
9.907719043727011012e+03 3.864679762132271490e-01
9.917721904372701829e+03 4.007766858667720089e-01
9.927724765018389007e+03 4.165443421382251654e-01
9.937727625664078005e+03 4.383185833490852445e-01
9.947730486309767002e+03 4.683678433031289723e-01
9.957733346955454181e+03 5.048173566983370497e-01
9.967736207601144997e+03 5.432261717010483659e-01
9.977739068246832176e+03 5.805389513638539167e-01
9.987741928892521173e+03 6.167072251215000023e-01
9.997744789538210171e+03 6.528190817627730347e-01
1.000774765018389735e+04 6.871800925907330937e-01
1.001775051082958817e+04 7.183358981547729449e-01
1.002775337147527534e+04 7.439039416164446861e-01
1.003775623212096252e+04 7.643043195446085347e-01
1.004775909276665334e+04 7.816401991042439823e-01
1.005776195341234052e+04 7.954972292168933645e-01
1.006776481405803133e+04 8.016451973984396462e-01
1.007776767470371851e+04 7.967783129400624054e-01
1.008777053534940569e+04 7.835586794060628302e-01
1.009777339599509651e+04 7.684147967707489757e-01
1.010777625664078369e+04 7.628386929899149127e-01
1.011777911728647268e+04 7.712043948664250026e-01
1.012778197793216168e+04 7.943137202296890464e-01
1.013778483857784886e+04 8.243932385713977906e-01
1.014778769922353968e+04 8.470358797323408462e-01
1.015779055986922685e+04 8.496449080896183448e-01
1.016779342051491585e+04 8.275448833725470577e-01
1.017779628116060485e+04 7.762118692544115461e-01
1.018779914180629203e+04 7.106190005248210761e-01
1.019780200245198284e+04 6.394678515677594266e-01
1.020780486309767002e+04 5.791879200597670474e-01
1.021780772374335720e+04 5.411319810167453115e-01
1.022781058438904802e+04 5.271991849675570219e-01
1.023781344503473520e+04 5.363536492848145487e-01
1.024781630568042601e+04 5.630219927862077922e-01
1.025781916632611319e+04 6.048334510699270306e-01
1.026782202697180037e+04 6.617725998328554127e-01
1.027782488761749119e+04 7.102199292933839558e-01
1.028782774826317836e+04 7.391853550393016059e-01
1.029783060890886736e+04 7.393459574008832691e-01
1.031783633020024354e+04 7.090632365973705831e-01
1.032783919084593435e+04 6.622178794938965440e-01
1.033784205149162153e+04 6.030973383958028178e-01
1.034784491213731053e+04 5.311704714129577010e-01
1.035784777278299953e+04 4.792572632070119520e-01
1.036785063342868671e+04 4.873018384947025994e-01
1.037785349407437752e+04 6.479765374269091938e-01
1.038785635472006470e+04 9.769358315274015991e-01
1.039785921536575188e+04 1.468993383138743170e+00
1.040786207601144270e+04 1.871221873943907932e+00
1.041786493665712987e+04 2.093015031299838569e+00
1.042786779730282069e+04 2.106239848945986370e+00
1.043787065794850787e+04 1.984867679739162893e+00
1.044787351859419505e+04 1.802338182920287579e+00
1.045787637923988586e+04 1.644698683755913660e+00
1.046787923988557304e+04 1.507961945220427813e+00
1.047788210053126386e+04 1.420884149540126984e+00
1.048788496117695104e+04 1.355905860384757355e+00
1.049788782182263822e+04 1.314303311397392315e+00
1.050789068246832903e+04 1.286091329983333864e+00
1.051789354311401621e+04 1.274231870456523863e+00
1.052789640375970521e+04 1.280714020267258224e+00
1.053789926440539421e+04 1.289597526244421255e+00
1.055790498569677220e+04 1.288664289201318702e+00
1.056790784634245938e+04 1.277891289194117652e+00
1.057791070698814838e+04 1.264260115590697175e+00
1.058791356763383737e+04 1.257219092132916050e+00
1.059791642827952455e+04 1.260445656749259458e+00
1.060791928892521537e+04 1.278253996575131390e+00
1.061792214957090255e+04 1.317079539442923330e+00
1.062792501021658973e+04 1.368692447197808582e+00
1.063792787086228054e+04 1.415182864172164212e+00
1.064793073150796772e+04 1.458963321503110810e+00
1.065793359215365854e+04 1.495030461933175125e+00
1.066793645279934572e+04 1.523622400771168950e+00
1.067793931344503289e+04 1.556217465005530709e+00
1.068794217409072371e+04 1.598623845055594295e+00
1.069794503473641089e+04 1.652594140537036793e+00
1.070794789538209989e+04 1.729656259222649206e+00
1.072795361667347606e+04 1.819004664572852592e+00
1.073795647731916688e+04 1.918491774166494634e+00
1.074795933796485406e+04 2.093097698805975071e+00
1.075796219861054306e+04 2.400201028540719150e+00
1.076796505925623205e+04 2.853534852463915694e+00
1.077796791990191923e+04 3.321179545375684494e+00
1.078797078054761005e+04 3.773263060308336136e+00
1.079797364119329723e+04 4.086736807007560479e+00
1.080797650183898440e+04 4.275874725639085661e+00
1.081797936248467522e+04 4.385148236604581307e+00
1.082798222313036240e+04 4.434083575956499601e+00
1.083798508377605322e+04 4.424819904639051948e+00
1.084798794442174039e+04 4.322900801617427291e+00
1.086799366571311839e+04 4.122308909409814426e+00
1.087799652635880557e+04 3.860253481432420308e+00
1.088799938700449638e+04 3.576472565386120017e+00
1.089800224765018356e+04 3.295513250205163835e+00
1.090800510829587074e+04 3.080784071032573124e+00
1.091800796894156156e+04 2.946238996340520888e+00
1.092801082958724874e+04 2.934719951897043710e+00
1.093801369023293773e+04 2.996195926042119595e+00
1.094801655087862673e+04 3.052144436574248054e+00
1.095801941152431391e+04 3.045232398480022695e+00
1.096802227217000473e+04 2.967554060233214219e+00
1.097802513281569190e+04 2.858414387996798922e+00
1.099803085410706990e+04 2.768647127300195354e+00
1.100803371475275708e+04 2.720536740551596999e+00
1.101803657539844789e+04 2.700384016828410783e+00
1.102803943604413507e+04 2.678939229763813934e+00
1.103804229668982225e+04 2.626723411757959425e+00
1.104804515733551307e+04 2.520746663672619459e+00
1.105804801798120025e+04 2.355337809152262540e+00
1.106805087862689106e+04 2.144837210629756630e+00
1.107805373927257824e+04 1.913174134717832375e+00
1.108805659991826542e+04 1.687815166345976614e+00
1.110806232120964341e+04 1.496659609435755822e+00
1.111806518185533241e+04 1.341961198122918919e+00
1.112806804250102141e+04 1.234972372462527002e+00
1.113807090314670859e+04 1.137392212443406603e+00
1.114807376379239940e+04 1.038680923889659269e+00
1.115807662443808658e+04 9.415110209751798021e-01
1.116807948508377558e+04 8.515559852380094608e-01
1.117808234572946458e+04 7.752804046781818226e-01
1.119808806702084257e+04 7.189520183489610528e-01
1.120809092766652975e+04 7.027981329967594171e-01
1.121809378831221693e+04 7.283536869658893131e-01
1.122809664895790775e+04 7.998869136108718303e-01
1.123809950960359492e+04 9.125544615603472520e-01
1.124810237024928574e+04 1.055107945933580593e+00
1.125810523089497292e+04 1.166100248266910944e+00
1.126810809154066010e+04 1.235814832007044561e+00
1.127811095218635091e+04 1.269396667005412649e+00
1.129811667347772709e+04 1.282939994566212549e+00
1.130811953412341609e+04 1.278542664474251023e+00
1.131812239476910327e+04 1.251519860733031786e+00
1.132812525541479408e+04 1.193753401757851718e+00
1.133812811606048126e+04 1.123109609376565565e+00
1.134813097670617026e+04 1.049502890840573022e+00
1.135813383735185926e+04 9.836286697888517727e-01
1.137813955864323725e+04 9.531255962850506691e-01
1.138814241928892443e+04 9.658461363586193782e-01
1.139814527993461343e+04 1.034196550920619018e+00
1.140814814058030242e+04 1.130504588092873908e+00
1.141815100122598960e+04 1.231401967299624811e+00
1.142815386187168042e+04 1.280024740657119908e+00
1.143815672251736760e+04 1.262555898734000426e+00
1.145816244380874559e+04 1.164526909170173319e+00
1.146816530445443277e+04 1.019068626753990570e+00
1.147816816510012359e+04 8.364326941119116787e-01
1.148817102574581077e+04 6.829717268238193473e-01
1.149817388639149794e+04 5.597018333676861968e-01
1.150817674703718876e+04 4.998119174904674944e-01
1.151817960768287594e+04 4.966644182853788836e-01
1.153818532897425393e+04 5.505036538638254928e-01
1.154818818961994111e+04 6.674750474583858173e-01
1.155819105026563193e+04 8.199959919175812129e-01
1.156819391091131911e+04 1.021573897184838264e+00
1.157819677155700811e+04 1.239322664172322508e+00
1.158819963220269710e+04 1.425147646264457668e+00
1.160820535349407510e+04 1.574386465472935148e+00
1.161820821413976228e+04 1.643338533188404726e+00
1.162821107478544945e+04 1.663342131837878490e+00
1.163821393543114027e+04 1.669945722101339625e+00
1.164821679607682745e+04 1.687671635147617977e+00
1.165821965672251827e+04 1.713768403338975954e+00
1.166822251736820544e+04 1.728386174064926228e+00
1.168822823865958344e+04 1.720674975659273187e+00
1.169823109930527062e+04 1.669793788022935210e+00
1.170823395995095962e+04 1.549920429633822261e+00
1.171823682059664861e+04 1.374148584566134979e+00
1.172823968124233579e+04 1.143932200104616825e+00
1.174824540253371379e+04 9.306426923090395098e-01
1.175824826317940278e+04 7.885477734302845931e-01
1.176825112382509178e+04 7.086922073142475353e-01
1.177825398447077896e+04 7.094590209405687853e-01
1.178825684511646978e+04 7.924282868593790496e-01
1.179825970576215695e+04 9.605863842622884841e-01
1.181826542705353495e+04 1.181839378754939718e+00
1.182826828769922213e+04 1.468604504812215605e+00
1.183827114834491294e+04 1.761999804526515501e+00
1.184827400899060012e+04 2.020805363644262442e+00
1.185827686963628730e+04 2.209202314821596680e+00
1.187828259092766530e+04 2.302622956697655709e+00
1.188828545157335611e+04 2.308543650465634922e+00
1.189828831221904329e+04 2.271824220370165293e+00
1.190829117286473047e+04 2.263998128253816855e+00
1.191829403351042129e+04 2.354765822639495187e+00
1.192829689415610846e+04 2.567803676876286190e+00
1.194830261544748646e+04 2.859427993495910147e+00
1.195830547609317364e+04 3.140379310292102932e+00
1.196830833673886445e+04 3.331103033599924323e+00
1.197831119738455163e+04 3.400197226998842748e+00
1.198831405803024063e+04 3.354713518444357057e+00
1.200831977932161681e+04 3.208153524935542844e+00
1.201832263996730762e+04 2.970109192898009010e+00
1.202832550061299480e+04 2.661337377312272157e+00
1.203832836125868198e+04 2.319131936286153550e+00
1.204833122190437280e+04 1.980612617278207255e+00
1.206833694319575079e+04 1.670576302503657073e+00
1.207833980384143797e+04 1.404502186130140329e+00
1.208834266448712515e+04 1.190259230325395157e+00
1.209834552513281596e+04 1.024600123300574595e+00
1.210834838577850314e+04 8.951048667617969024e-01
1.212835410706988114e+04 7.882396096046615508e-01
1.213835696771556832e+04 6.876319084819183525e-01
1.214835982836125913e+04 6.044256695916238042e-01
1.215836268900694631e+04 5.293839004641882617e-01
1.217836841029832431e+04 4.625796099555468111e-01
1.218837127094401148e+04 4.045452291731584382e-01
1.219837413158970230e+04 3.555701810559329101e-01
1.220837699223538948e+04 3.112512634501274911e-01
1.221837985288107848e+04 2.762235270039490875e-01
1.223838557417245465e+04 2.466677618540462358e-01
1.224838843481814547e+04 2.242064022372470544e-01
1.225839129546383265e+04 2.090619185315013839e-01
1.226839415610951983e+04 1.980543283211258221e-01
1.228839987740089782e+04 1.902830597444777339e-01
1.229840273804658864e+04 1.846493878875683226e-01
1.230840559869227582e+04 1.815752873526894073e-01
1.231840845933796300e+04 1.808541504339647721e-01
1.232841131998365381e+04 1.809950069935251371e-01
1.234841704127502999e+04 1.809814466966333801e-01
1.235841990192071898e+04 1.801686450024551633e-01
1.236842276256640616e+04 1.791947692031818917e-01
1.237842562321209698e+04 1.798332544308398617e-01
1.239843134450347316e+04 1.838559434592483832e-01
1.240843420514916215e+04 1.929857856751856504e-01
1.241843706579484933e+04 2.102042163574512346e-01
1.242843992644054015e+04 2.338332016231897403e-01
1.244844564773191451e+04 2.705338182606815689e-01
1.245844850837760532e+04 3.202082116827919545e-01
1.246845136902329250e+04 4.004911927043363074e-01
1.247845422966898332e+04 5.100670893216536772e-01
1.249845995096035767e+04 6.663246439945152977e-01
1.250846281160604849e+04 9.007318625804606738e-01
1.251846567225173567e+04 1.180146925990224638e+00
1.252846853289742467e+04 1.536438885614974215e+00
1.254847425418880084e+04 1.907266004171037421e+00
1.255847711483449166e+04 2.203974232612271766e+00
1.256847997548017884e+04 2.404457583497862316e+00
1.257848283612586783e+04 2.428100994587021333e+00
1.259848855741724401e+04 2.261196176218346565e+00
1.260849141806293483e+04 1.962881911642386790e+00
1.261849427870862201e+04 1.566339330586024703e+00
1.262849713935430918e+04 1.180499819415491647e+00
1.264850286064568718e+04 8.836507488975735569e-01
1.265850572129137799e+04 6.538118429281710720e-01
1.266850858193706517e+04 5.223352304221205999e-01
1.267851144258275235e+04 4.667646942165720181e-01
1.269851716387413035e+04 4.435561707806834897e-01
1.270852002451982116e+04 4.341821454676295100e-01
1.271852288516550834e+04 4.313645042688121767e-01
1.273852860645688634e+04 4.370645088622192032e-01
1.274853146710257352e+04 4.534130697286032352e-01
1.275853432774826251e+04 4.761732618123043492e-01
1.276853718839395151e+04 4.961466028599760270e-01
1.278854290968532951e+04 5.120153846737597325e-01
1.279854577033101668e+04 5.267676564770340519e-01
1.280854863097670568e+04 5.575314611932730147e-01
1.281855149162239468e+04 6.189989949831486982e-01
1.283855721291377267e+04 7.354323766594038636e-01
1.284856007355945985e+04 9.094687911301405636e-01
1.285856293420514703e+04 1.147154054879200080e+00
1.287856865549652503e+04 1.458866939949484243e+00
1.288857151614221584e+04 1.842561058781691408e+00
1.289857437678790302e+04 2.260327266573468386e+00
1.290857723743359020e+04 2.619327968843982113e+00
1.292858295872496819e+04 2.923283430665777338e+00
1.293858581937065719e+04 3.100277061927098288e+00
1.294858868001634619e+04 3.124716533063126356e+00
1.296859440130772418e+04 2.985856048300443266e+00
1.297859726195341136e+04 2.690605437058593008e+00
1.298860012259910036e+04 2.268038609246436632e+00
1.300860584389047654e+04 1.779171965824065449e+00
1.301860870453616735e+04 1.305491167486431792e+00
1.302861156518185453e+04 9.116309021036040905e-01
1.303861442582754171e+04 6.221245010519527163e-01
1.305862014711891970e+04 4.299335030107602207e-01
1.306862300776461052e+04 3.152448668668655918e-01
1.307862586841029770e+04 2.593834479530618964e-01
1.309863158970167569e+04 2.536373131432137495e-01
1.310863445034736287e+04 3.088244928310022175e-01
1.311863731099305369e+04 4.335817348698171037e-01
1.313864303228442805e+04 6.460174148396418126e-01
1.314864589293011886e+04 9.400255314847656418e-01
1.315864875357580604e+04 1.261366130115899153e+00
1.317865447486718404e+04 1.513037554216270619e+00
1.318865733551287121e+04 1.607460489525702307e+00
1.319866019615856203e+04 1.522725408369835387e+00
1.321866591744993821e+04 1.366586553232238987e+00
1.322866877809562720e+04 1.266383835959908000e+00
1.323867163874131438e+04 1.296992100202993825e+00
1.324867449938700520e+04 1.452720599127803824e+00
1.326868022067837956e+04 1.695235256604540997e+00
1.327868308132407037e+04 1.918341514028937267e+00
1.328868594196975755e+04 2.093877122580626526e+00
1.330869166326113555e+04 2.214538847954607093e+00
1.331869452390682272e+04 2.264035757584932806e+00
1.332869738455251354e+04 2.265831697559264502e+00
1.334870310584388972e+04 2.246467006047330184e+00
1.335870596648957871e+04 2.225874882725721982e+00
1.336870882713526589e+04 2.207306006184083014e+00
1.338871454842664389e+04 2.181035513560662942e+00
1.339871740907233288e+04 2.154574708200795108e+00
1.340872026971802188e+04 2.130134623447149433e+00
1.342872599100939988e+04 2.092048688266368917e+00
1.343872885165508706e+04 2.028735244261834492e+00
1.345873457294646505e+04 1.962041528197298712e+00
1.346873743359215223e+04 2.002847825462782616e+00
1.347874029423784305e+04 2.289191243253314578e+00
1.349874601552921740e+04 2.813728123598039144e+00
1.350874887617490822e+04 3.539179172627293202e+00
1.351875173682059540e+04 4.171517201864815227e+00
1.353875745811197339e+04 4.646490100428555259e+00
1.354876031875766057e+04 4.880858427092229945e+00
1.355876317940335139e+04 5.007947990065336086e+00
1.357876890069472756e+04 5.107578103137122127e+00
1.358877176134041656e+04 5.272261825644639188e+00
1.359877462198610374e+04 5.549264069048304826e+00
1.361878034327748173e+04 6.049111576636632570e+00
1.362878320392317073e+04 6.760142157672117236e+00
1.363878606456885973e+04 7.553046389610894806e+00
1.365879178586023772e+04 8.447039651711747865e+00
1.366879464650592490e+04 9.219561914703627181e+00
1.368880036779730290e+04 9.668717991599931949e+00
1.369880322844299008e+04 9.740075676053397302e+00
1.370880608908868089e+04 9.296574032859741266e+00
1.372881181038005525e+04 8.402236628207248259e+00
1.373881467102574607e+04 7.029475346982598793e+00
1.374881753167143324e+04 5.460074174106102518e+00
1.376882325296281124e+04 4.056120889655535855e+00
1.377882611360849842e+04 2.818362939559035052e+00
1.379883183489987641e+04 1.988421259722058521e+00
1.380883469554556541e+04 1.543456610779563531e+00
1.381883755619125441e+04 1.362327916477430456e+00
1.383884327748263240e+04 1.321959852498653998e+00
1.384884613812831958e+04 1.335704623628254373e+00
1.385884899877400676e+04 1.349838923812146430e+00
1.387885472006538475e+04 1.317363970206400614e+00
1.388885758071107557e+04 1.221654238765166989e+00
1.390886330200244993e+04 1.089269886445709545e+00
1.391886616264814074e+04 9.661567955440300004e-01
1.392886902329382792e+04 8.830432080999465194e-01
1.394887474458520592e+04 8.486069135502225524e-01
1.395887760523089310e+04 8.573117971951218497e-01
1.397888332652227109e+04 8.966179269086502757e-01
1.398888618716796009e+04 9.405082468049144051e-01
1.399888904781364909e+04 9.597951259092494247e-01
1.401889476910502708e+04 9.346770785948173010e-01
1.402889762975071426e+04 8.594635180818139819e-01
1.404890335104209225e+04 7.430438986093486076e-01
1.405890621168777943e+04 5.945034820197212522e-01
1.406890907233347025e+04 4.572582641057771347e-01
1.408891479362484461e+04 3.405182033806579689e-01
1.409891765427053542e+04 2.546206547380835961e-01
1.411892337556191342e+04 2.015920120076636624e-01
1.412892623620760060e+04 1.801187756822224262e-01
1.413892909685328777e+04 1.908294132992796599e-01
1.415893481814466577e+04 2.389739702900348650e-01
1.416893767879035477e+04 3.344673943461425325e-01
1.418894340008173094e+04 5.034240028846085346e-01
1.419894626072742176e+04 7.324399702281795266e-01
1.421895198201879793e+04 1.024136088209021134e+00
1.422895484266448693e+04 1.351591374905522835e+00
1.423895770331017411e+04 1.676000246849059572e+00
1.425896342460155211e+04 1.986240719848905600e+00
1.426896628524723928e+04 2.242711118241653256e+00
1.428897200653861728e+04 2.513712020825725535e+00
1.429897486718430810e+04 2.881229925339443110e+00
1.431898058847568245e+04 3.502308356001130552e+00
1.432898344912137327e+04 4.431946920167685100e+00
1.433898630976706045e+04 5.847311272224063217e+00
1.435899203105843844e+04 8.048412661079442643e+00
1.436899489170412562e+04 1.084486273179285298e+01
1.438900061299550362e+04 1.434313009293127728e+01
1.439900347364119261e+04 1.847286276475378486e+01
1.440900633428688161e+04 2.189369176179002707e+01
1.442901205557825961e+04 2.416211974370947502e+01
1.443901491622394678e+04 2.451301813454151812e+01
1.445902063751532478e+04 2.296310979392317719e+01
1.446902349816101196e+04 1.995261950325863509e+01
1.448902921945238995e+04 1.594981841723283900e+01
1.449903208009807713e+04 1.142008036676206650e+01
1.451903780138945513e+04 7.681050231865640399e+00
1.452904066203514594e+04 4.647202251333395040e+00
1.453904352268083312e+04 2.872373344345449109e+00
1.455904924397221112e+04 2.010810859834342157e+00
1.456905210461789829e+04 1.905551401765170683e+00
1.458905782590927629e+04 2.145501217273252603e+00
1.459906068655496347e+04 2.476419561389931356e+00
1.461906640784634146e+04 2.699207816621683964e+00
1.462906926849203046e+04 2.766456458543779640e+00
1.464907498978340664e+04 2.625881731044876766e+00
1.465907785042909745e+04 2.313010037089040516e+00
1.467908357172047181e+04 1.838092896656920106e+00
1.468908643236616263e+04 1.322660499075210216e+00
1.470909215365754062e+04 9.058827221374515792e-01
1.471909501430322780e+04 5.922601385628402104e-01
1.473910073559460579e+04 4.134401726868304761e-01
1.474910359624029297e+04 3.275720222126289882e-01
1.475910645688598197e+04 2.786988811393834031e-01
1.477911217817735815e+04 2.495773901809388295e-01
1.478911503882304896e+04 2.303980868515376756e-01
1.480912076011442514e+04 2.173225141874192967e-01
1.481912362076011414e+04 2.102723025944517321e-01
1.483912934205149213e+04 2.138429117255983836e-01
1.484913220269717931e+04 2.459866180634346922e-01
1.486913792398855730e+04 3.422345350410203046e-01
1.487914078463424448e+04 5.574137907167524553e-01
1.489914650592562248e+04 9.476867015190389987e-01
1.490914936657130966e+04 1.487759809811198375e+00
1.492915508786268765e+04 2.205802964625804385e+00
1.493915794850837847e+04 2.947039400136531651e+00
1.495916366979975282e+04 3.570529406040543474e+00
1.496916653044544364e+04 3.983657609382199816e+00
1.498917225173681982e+04 4.148137427418250311e+00
1.499917511238250881e+04 4.045505133007238463e+00
1.501918083367388681e+04 3.678933066189472800e+00
1.502918369431957399e+04 3.108186684758649676e+00
1.504918941561095198e+04 2.452824423151536148e+00
1.505919227625663916e+04 1.844108101285547363e+00
1.507919799754801716e+04 1.371062883051077597e+00
1.508920085819370433e+04 1.059226467541199534e+00
1.510920657948508233e+04 8.711252225993313392e-01
1.511920944013077315e+04 7.732861669438287899e-01
1.513921516142214750e+04 7.061846767633243038e-01
1.514921802206783832e+04 6.483911068965075852e-01
1.516922374335921450e+04 5.942631205683767126e-01
1.517922660400490349e+04 5.468442591361056815e-01
1.519923232529628149e+04 5.135550886704344231e-01
1.520923518594196867e+04 5.016403480509217250e-01
1.522924090723334666e+04 5.242571274510734458e-01
1.523924376787903384e+04 6.132814057865484392e-01
1.525924948917041183e+04 8.371067017003570587e-01
1.527925521046178983e+04 1.320794844692716241e+00
1.528925807110747701e+04 2.054018562343283172e+00
1.530926379239885500e+04 3.007387480418633796e+00
1.531926665304454218e+04 4.025437684817040562e+00
1.533927237433592018e+04 4.960260504117843361e+00
1.534927523498161099e+04 5.534985729244186636e+00
1.536928095627298535e+04 5.735845289494514887e+00
1.537928381691867617e+04 5.484907518943923144e+00
1.539928953821005234e+04 4.813201171930056255e+00
1.540929239885574134e+04 3.767299103808416927e+00
1.542929812014711933e+04 2.709572150581744499e+00
1.543930098079280651e+04 1.790714807464415914e+00
1.545930670208418451e+04 1.089005352999672160e+00
1.546930956272987169e+04 6.938861079282697686e-01
1.548931528402124968e+04 4.736517692386413847e-01
1.550932100531262768e+04 3.706624776235038499e-01
1.551932386595831485e+04 3.085937046158064301e-01
1.553932958724969285e+04 2.696985699143789605e-01
1.554933244789538003e+04 2.396270283071325613e-01
1.556933816918675802e+04 2.185476112343649746e-01
1.557934102983244702e+04 2.008871189293242043e-01
1.559934675112382320e+04 1.870240610815143423e-01
1.560934961176951401e+04 1.776978843177698941e-01
1.562935533306089019e+04 1.719249952580162444e-01
1.564936105435226636e+04 1.703473241159209062e-01
1.565936391499795718e+04 1.727651821167009161e-01
1.567936963628933154e+04 1.792358961489600166e-01
1.568937249693502235e+04 1.885092220279850350e-01
1.570937821822640035e+04 2.015724544377972827e-01
1.571938107887208753e+04 2.185204541420743274e-01
1.573938680016346552e+04 2.397939104866596283e-01
1.575939252145484170e+04 2.707994271479440274e-01
1.576939538210053070e+04 3.101600804389412769e-01
1.578940110339190869e+04 3.528758418331830460e-01
1.579940396403759587e+04 3.930190951958716372e-01
1.581940968532897386e+04 4.261315507234134659e-01
1.582941254597466104e+04 4.576158037039899651e-01
1.584941826726603904e+04 4.892691131251068470e-01
1.586942398855741703e+04 5.274532164605136852e-01
1.587942684920310421e+04 5.762014362313236937e-01
1.589943257049448221e+04 6.414239656666536060e-01
1.590943543114016938e+04 7.405617241132120832e-01
1.592944115243154738e+04 9.379059832766943883e-01
1.594944687372292537e+04 1.284351246591926898e+00
1.595944973436861255e+04 1.789696056644079603e+00
1.597945545565999055e+04 2.385215614740552326e+00
1.598945831630567955e+04 2.944296995064647149e+00
1.600946403759705572e+04 3.356432644139751176e+00
1.602946975888843372e+04 3.595443431610850560e+00
1.603947261953412271e+04 3.715749886343404640e+00
1.605947834082549889e+04 3.786412743355598298e+00
1.606948120147118971e+04 3.834941415759039796e+00
1.608948692276256406e+04 3.852586221019783430e+00
1.610949264405394206e+04 3.827528889957607205e+00
1.611949550469963287e+04 3.724786797497727786e+00
1.613950122599100723e+04 3.497507573879484521e+00
1.614950408663669805e+04 3.112232823483261690e+00
1.616950980792807422e+04 2.614484059364996060e+00
1.618951552921945040e+04 2.104868461525567724e+00
1.619951838986514122e+04 1.692637090465149985e+00
1.621952411115651739e+04 1.435293922439348613e+00
1.623952983244789357e+04 1.353648332421454326e+00
1.624953269309358438e+04 1.367988252904993818e+00
1.626953841438496056e+04 1.424597009174045859e+00
1.627954127503064956e+04 1.524877579875660860e+00
1.629954699632202755e+04 1.734800568108424423e+00
1.631955271761340191e+04 2.210308493988806244e+00
1.632955557825909273e+04 3.093858604347178520e+00
1.634956129955047072e+04 4.477088261498755273e+00
1.636956702084184508e+04 6.005237170149301029e+00
1.637956988148753589e+04 7.514177386956681026e+00
1.639957560277891025e+04 8.907881276034483875e+00
1.640957846342460107e+04 9.892248522850051629e+00
1.642958418471597543e+04 1.050169301182108228e+01
1.644958990600735706e+04 1.070634867439203219e+01
1.645959276665304060e+04 1.067259128322416650e+01
1.647959848794442223e+04 1.048677612607946941e+01
1.649960420923579659e+04 1.013545080313285496e+01
1.650960706988148740e+04 9.478641403745141858e+00
1.652961279117286176e+04 8.398656937475587725e+00
1.654961851246424339e+04 7.001618012963807480e+00
1.655962137310992694e+04 5.348348231056141877e+00
1.657962709440130857e+04 3.927901680249367367e+00
1.659963281569268293e+04 2.760888570041544199e+00
1.660963567633837374e+04 2.008942944319972224e+00
1.662964139762974810e+04 1.508721436032798291e+00
1.664964711892112973e+04 1.224301289411322102e+00
1.665964997956681327e+04 1.078989579377462427e+00
1.667965570085819490e+04 9.917760856738475628e-01
1.669966142214956926e+04 9.300275863929909903e-01
1.670966428279526008e+04 8.769522434198901983e-01
1.672967000408663444e+04 8.216927757290868328e-01
1.674967572537801607e+04 7.600320688637021149e-01
1.675967858602369961e+04 6.857665091080967779e-01
1.677968430731508124e+04 5.905536040446076607e-01
1.679969002860645560e+04 4.916884516301864294e-01
1.680969288925214641e+04 3.999911794235620488e-01
1.682969861054352077e+04 3.196759114643120681e-01
1.684970433183489877e+04 2.565465812402935586e-01
1.685970719248058595e+04 2.030990477176383424e-01
1.687971291377196758e+04 1.612638474531072619e-01
1.689971863506334194e+04 1.288070931764283833e-01
1.690972149570903275e+04 1.055747572934887801e-01
1.692972721700040711e+04 9.115442251016239728e-02
1.694973293829178510e+04 8.341565159559675979e-02
1.696973865958316310e+04 7.981911601436748882e-02
1.697974152022885028e+04 7.823590412502219593e-02
1.699974724152022827e+04 7.696023961773570954e-02
1.701975296281160263e+04 7.563387990489857382e-02
1.702975582345729345e+04 7.553577307864879631e-02
1.704976154474867144e+04 7.789204690780365814e-02
1.706976726604004944e+04 8.244809742345607373e-02
1.707977012668573661e+04 8.768846708610289475e-02
1.709977584797711461e+04 9.162483027677904845e-02
1.711978156926848897e+04 9.247521282452932090e-02
1.713978729055987060e+04 8.930269850082382666e-02
1.714979015120555414e+04 8.252188179600755680e-02
1.716979587249693577e+04 7.376239314345056641e-02
1.718980159378831013e+04 6.432684394120866123e-02
1.719980445443400095e+04 5.641039599566990276e-02
1.721981017572537530e+04 5.002485236184277956e-02
1.723981589701675694e+04 4.549878460421791226e-02
1.725982161830813129e+04 4.284124314678548762e-02
1.726982447895382211e+04 4.170022824473346851e-02
1.728983020024519647e+04 4.179841768626683246e-02
1.730983592153657446e+04 4.287280969107935824e-02
1.732984164282795246e+04 4.517983550525810077e-02
1.733984450347364327e+04 4.866935902028442229e-02
1.735985022476501763e+04 5.356780243449030254e-02
1.737985594605639199e+04 6.031619389836747475e-02
1.738985880670208280e+04 6.817018294226864783e-02
1.740986452799346080e+04 7.717218011472222472e-02
1.742987024928483879e+04 8.652842822735011541e-02
1.744987597057621315e+04 9.301324615572618970e-02
1.745987883122190397e+04 9.583177712821445982e-02
1.747988455251327832e+04 9.488528286030364911e-02
1.749989027380465996e+04 9.105788245041737672e-02
1.751989599509603431e+04 8.530320973429823816e-02
1.752989885574172513e+04 7.720261348624032904e-02
1.754990457703309949e+04 6.826031601304509422e-02
1.756991029832447748e+04 5.873692169542685942e-02
1.758991601961585548e+04 5.113567577559354621e-02
1.759991888026154629e+04 4.569308555113884424e-02
1.761992460155292065e+04 4.325324442498716671e-02
1.763993032284429864e+04 4.283843269857316727e-02
1.765993604413567664e+04 4.341918454080614942e-02
1.766993890478136382e+04 4.406359802210028237e-02
1.768994462607274181e+04 4.477285903715442356e-02
1.770995034736411617e+04 4.581650506721863386e-02
1.772995606865549780e+04 4.707348538480894684e-02
1.774996178994687216e+04 4.805307471690788840e-02
1.775996465059256298e+04 4.779049037417159446e-02
1.777997037188393733e+04 4.588381307946391013e-02
1.779997609317531533e+04 4.304338311542268286e-02
1.781998181446669332e+04 4.018448864102161511e-02
1.782998467511238414e+04 3.912320858262725159e-02
1.784999039640375850e+04 4.167511789398110206e-02
1.786999611769513649e+04 4.992140368564419034e-02
1.789000183898651449e+04 6.623137020615746384e-02
1.790000469963220166e+04 9.077590028404113054e-02
1.792001042092357966e+04 1.264665001647673481e-01
1.794001614221495402e+04 1.694583540023549273e-01
1.796002186350633565e+04 2.152989033153852594e-01
1.798002758479771001e+04 2.594383311382838508e-01
1.799003044544340082e+04 2.978187431316570710e-01
1.801003616673477518e+04 3.275688195537984071e-01
1.803004188802615317e+04 3.477916548955554132e-01
1.805004760931753117e+04 3.583813440219600910e-01
1.807005333060890553e+04 3.584971264485027342e-01
1.808005619125459634e+04 3.470375298826443577e-01
1.810006191254597434e+04 3.238364127337278742e-01
1.812006763383735233e+04 2.880414132434279129e-01
1.814007335512872669e+04 2.458730814924260377e-01
1.816007907642010468e+04 1.989240098688784542e-01
1.818008479771148268e+04 1.521283694644883777e-01
1.819008765835717350e+04 1.114787557807606772e-01
1.821009337964854785e+04 8.110983820149839096e-02
1.823009910093992585e+04 6.077417940302681093e-02
1.825010482223130384e+04 5.029543847413218971e-02
1.827011054352267820e+04 4.527347062933199245e-02
1.828011340416836902e+04 4.323924501430845974e-02
1.830011912545974337e+04 4.251312877360026443e-02
1.832012484675112501e+04 4.204837121592366195e-02
1.834013056804249936e+04 4.126661130264728389e-02
1.836013628933387736e+04 4.002130398903545189e-02
1.838014201062525535e+04 3.856362105253017397e-02
1.839014487127094253e+04 3.703279228396925277e-02
1.841015059256232053e+04 3.559214741462749659e-02
1.843015631385369488e+04 3.460518082114873856e-02
1.845016203514507652e+04 3.414886289511380457e-02
1.847016775643645087e+04 3.440537219841725142e-02
1.849017347772782887e+04 3.548014562126587668e-02
1.851017919901920686e+04 3.768456128196604610e-02
1.852018205966489768e+04 4.070513805617585051e-02
1.854018778095627204e+04 4.433515279869992831e-02
1.856019350224764639e+04 4.762879598039428120e-02
1.858019922353902803e+04 5.076182489799119929e-02
1.860020494483040238e+04 5.372879624251983982e-02
1.862021066612178038e+04 5.662794563599051617e-02
1.864021638741315837e+04 6.001938430379109846e-02
1.865021924805884919e+04 6.375069968908647633e-02
1.867022496935022355e+04 6.839926886902920888e-02
1.869023069064160154e+04 7.397006219655159753e-02
1.871023641193297954e+04 8.050747934721647070e-02
1.873024213322435389e+04 8.954028524833439195e-02
1.875024785451573553e+04 1.018479392747743267e-01
1.877025357580710988e+04 1.185208413270840422e-01
1.878025643645280070e+04 1.389327352341881705e-01
1.880026215774417506e+04 1.649687811730379261e-01
1.882026787903555305e+04 1.937431429336078925e-01
1.884027360032693105e+04 2.218241689908893310e-01
1.886027932161830540e+04 2.448496867547894917e-01
1.888028504290968704e+04 2.594398461530830757e-01
1.890029076420106139e+04 2.653637332736886734e-01
1.892029648549243939e+04 2.661666175577167004e-01
1.894030220678381738e+04 2.646031536630110703e-01
1.895030506742950456e+04 2.617369143073186577e-01
1.897031078872088256e+04 2.562444525720481980e-01
1.899031651001225691e+04 2.458399610758808251e-01
1.901032223130363855e+04 2.291488190947180703e-01
1.903032795259501290e+04 2.069921772412492700e-01
1.905033367388639090e+04 1.819566918350923879e-01
1.907033939517776889e+04 1.569277010261623251e-01
1.909034511646914325e+04 1.342391792471600287e-01
1.911035083776052488e+04 1.155848418772041919e-01
1.913035655905189924e+04 1.018676272793112986e-01
1.915036228034327723e+04 9.268954415174322781e-02
1.916036514098896441e+04 8.860729379391266147e-02
1.918037086228034241e+04 8.953376638668464338e-02
1.920037658357172040e+04 9.656327363387516571e-02
1.922038230486309476e+04 1.100948696027805318e-01
1.924038802615447639e+04 1.305299136375734637e-01
1.926039374744585075e+04 1.543423491955753513e-01
1.928039946873722874e+04 1.805517028293134318e-01
1.930040519002860674e+04 2.067829461119872481e-01
1.932041091131998110e+04 2.317215458165074460e-01
1.934041663261136273e+04 2.514937574659787956e-01
1.936042235390273709e+04 2.679068267915345469e-01
1.938042807519411144e+04 2.825384791766413772e-01
1.940043379648549308e+04 2.935909708466807877e-01
1.941043665713118025e+04 3.004375404962799645e-01
1.943044237842255825e+04 3.018438059746811897e-01
1.945044809971393261e+04 2.979875368937880964e-01
1.947045382100531424e+04 2.901290615483784752e-01
1.949045954229668860e+04 2.805269392060295019e-01
1.951046526358806659e+04 2.695468965648494808e-01
1.953047098487944459e+04 2.598628797117033540e-01
1.955047670617081894e+04 2.515350857420585728e-01
1.957048242746220058e+04 2.451938114578565142e-01
1.959048814875357493e+04 2.404077428835762476e-01
1.961049387004494929e+04 2.402110710656492620e-01
1.963049959133633092e+04 2.486194276863668839e-01
1.965050531262770528e+04 2.676026594016613358e-01
1.967051103391908327e+04 2.938967252812106912e-01
1.969051675521046127e+04 3.291661304318269088e-01
1.971052247650183563e+04 3.762270932664177336e-01
1.973052819779321726e+04 4.392717034974518153e-01
1.975053391908459162e+04 5.278799712552908474e-01
1.977053964037596961e+04 6.279494338214637317e-01
1.979054536166734761e+04 7.172570426830361390e-01
1.981055108295872196e+04 7.751961710751655854e-01
1.983055680425010360e+04 7.992243287471492152e-01
1.985056252554147795e+04 7.819101853890003673e-01
1.987056824683285595e+04 7.265551513236497838e-01
1.989057396812423394e+04 6.471034360101521887e-01
1.991057968941560830e+04 5.631557574218718498e-01
1.993058541070698993e+04 4.920870076398814463e-01
1.995059113199836429e+04 4.462346230463646313e-01
1.997059685328973865e+04 4.215697179375696435e-01
1.999060257458112028e+04 4.130455678018854493e-01
2.001060829587249464e+04 4.095313415221797926e-01
2.003061401716387263e+04 4.034921639656119385e-01
2.005061973845525063e+04 3.940383929764705861e-01
2.007062545974662498e+04 3.845213416299704257e-01
2.009063118103800662e+04 3.768137127661114749e-01
2.011063690232938097e+04 3.698802920345481415e-01
2.013064262362075897e+04 3.589874147183807485e-01
2.015064834491213696e+04 3.398255302227607411e-01
2.017065406620351132e+04 3.104096317672713212e-01
2.019065978749489295e+04 2.722304430456807811e-01
2.021066550878626731e+04 2.294817336820379194e-01
2.023067123007764530e+04 1.852456641030758300e-01
2.025067695136902330e+04 1.481807417310386787e-01
2.027068267266039766e+04 1.184360159437433530e-01
2.029068839395177929e+04 9.639225551650221213e-02
2.031069411524315365e+04 8.072714080818263471e-02
2.033069983653453164e+04 7.199550453382740078e-02
2.035070555782590964e+04 6.845129122504990671e-02
2.037071127911728399e+04 6.868464679667624084e-02
2.039071700040866199e+04 7.037757763539004285e-02
2.041072272170003998e+04 7.197351741622588783e-02
2.043072844299141434e+04 7.356485414400901202e-02
2.045073416428279597e+04 7.534294397132403065e-02
2.047073988557417033e+04 7.680728980202355949e-02
2.049074560686554833e+04 7.679004833640508398e-02
2.051075132815692632e+04 7.522542229724864249e-02
2.053075704944830068e+04 7.318217463748893925e-02
2.055076277073968231e+04 7.127991271016176356e-02
2.057076849203105667e+04 6.995581948544606077e-02
2.059077421332243466e+04 6.952067873228086337e-02
2.061077993461381266e+04 7.104939198542198353e-02
2.064078851655087783e+04 7.611969484820325926e-02
2.066079423784225219e+04 8.568578445902196028e-02
2.068079995913363382e+04 9.863862719674759694e-02
2.070080568042500818e+04 1.140521875211543412e-01
2.072081140171638617e+04 1.272811175533807293e-01
2.074081712300776417e+04 1.343344742107540346e-01
2.076082284429913852e+04 1.350259732608321550e-01
2.078082856559052016e+04 1.303120708847743947e-01
2.080083428688189451e+04 1.212332887605042375e-01
2.082084000817327251e+04 1.086548954748278450e-01
2.084084572946465050e+04 9.250248759062758286e-02
2.086085145075602486e+04 7.596659656166790398e-02
2.088085717204740649e+04 6.137774419511661528e-02
2.091086575398447167e+04 4.956317027003474124e-02
2.093087147527584602e+04 4.034421987941463894e-02
2.095087719656722402e+04 3.336404631469438997e-02
2.097088291785860201e+04 2.837651739669139542e-02
2.099088863914997637e+04 2.521572374788507570e-02
2.101089436044135800e+04 2.363219712497691832e-02
2.103090008173273236e+04 2.318674762615353935e-02
2.105090580302411036e+04 2.336568519232776892e-02
2.107091152431548835e+04 2.374904052194993717e-02
2.109091724560686271e+04 2.407567230682593554e-02
2.112092582754392788e+04 2.425721194798794236e-02
2.114093154883530951e+04 2.440697642965455536e-02
2.116093727012668387e+04 2.484509589633071905e-02
2.118094299141806187e+04 2.597782090054102239e-02
2.120094871270943986e+04 2.798087543348591610e-02
2.122095443400081422e+04 3.068613154499716389e-02
2.124096015529219585e+04 3.337089384210716742e-02
2.126096587658357021e+04 3.609129753111684630e-02
2.128097159787494820e+04 3.915190351784337414e-02
2.131098017981201338e+04 4.281771588619129321e-02
2.133098590110339137e+04 4.621375076937871140e-02
2.135099162239476573e+04 4.864459436035431517e-02
2.137099734368614736e+04 4.958452141005098568e-02
2.139100306497752172e+04 4.910676672651954899e-02
2.141100878626889971e+04 4.799166661709513421e-02
2.143101450756027771e+04 4.706245646970857316e-02
2.145102022885165206e+04 4.708403667100737738e-02
2.148102881078871724e+04 4.839616560465830747e-02
2.150103453208009887e+04 5.081292893019404705e-02
2.152104025337147323e+04 5.424067581350967837e-02
2.154104597466285122e+04 5.801565717304532632e-02
2.156105169595422922e+04 6.211761343081505238e-02
2.158105741724560357e+04 6.599096098528449417e-02
2.161106599918266875e+04 7.036860062484821821e-02
2.163107172047405038e+04 7.580278067190067415e-02
2.165107744176542474e+04 8.230042041141767684e-02
2.167108316305680273e+04 9.033860204449956077e-02
2.169108888434818073e+04 9.903249677734123069e-02
2.171109460563955508e+04 1.090759005398662523e-01
2.174110318757662390e+04 1.197678324360060276e-01
2.176110890886800189e+04 1.306850862838800087e-01
2.178111463015937625e+04 1.407824234183818746e-01
2.180112035145075788e+04 1.499314276361324583e-01
2.182112607274213224e+04 1.558333183087616536e-01
2.184113179403350659e+04 1.567407811435724829e-01
2.187114037597057541e+04 1.519477247080453786e-01
2.189114609726195340e+04 1.423572416196503265e-01
2.191115181855332776e+04 1.278784094627765100e-01
2.193115753984470939e+04 1.103374997624477633e-01
2.195116326113608375e+04 9.204290859349073539e-02
2.198117184307314892e+04 7.547118026740155805e-02
2.200117756436452692e+04 6.241246726787034321e-02
2.202118328565590491e+04 5.368374551262079103e-02
2.204118900694727927e+04 4.932074000306559819e-02
2.206119472823866090e+04 4.882347907232739703e-02
2.209120331017572607e+04 5.115690568577974801e-02
2.211120903146710043e+04 5.485026777417553040e-02
2.213121475275847843e+04 5.857856166717451823e-02
2.215122047404985642e+04 6.182118926850878327e-02
2.217122619534123078e+04 6.433199571895945046e-02
2.220123477727829595e+04 6.657524537718308155e-02
2.222124049856967758e+04 6.855579141941989252e-02
2.224124621986105194e+04 6.977966569216655091e-02
2.226125194115242994e+04 6.975759875901675622e-02
2.229126052308949875e+04 6.864304235157565881e-02
2.231126624438087310e+04 6.705780131605927619e-02
2.233127196567225110e+04 6.558868693366569358e-02
2.235127768696362909e+04 6.470446643073360371e-02
2.237128340825500345e+04 6.482947123945290158e-02
2.240129199019206862e+04 6.589041812240041540e-02
2.242129771148345026e+04 6.733461000482676706e-02
2.244130343277482461e+04 6.873735277937401134e-02
2.246130915406620261e+04 6.980023951315283970e-02
2.249131773600326778e+04 7.011982818536451056e-02
2.251132345729464578e+04 6.948317301258491452e-02
2.253132917858602013e+04 6.819076547099442442e-02
2.255133489987740177e+04 6.707518225522600408e-02
2.258134348181446694e+04 6.701395263680511027e-02
2.260134920310584130e+04 6.773013135102577686e-02
2.262135492439721929e+04 6.813967395450240550e-02
2.264136064568859729e+04 6.759189787904215652e-02
2.267136922762566246e+04 6.623235091222849646e-02
2.269137494891704046e+04 6.453511800334008064e-02
2.271138067020841845e+04 6.243057261676401848e-02
2.274138925214548362e+04 6.012896758191563912e-02
2.276139497343685798e+04 5.793355159488474543e-02
2.278140069472823961e+04 5.592226529036713883e-02
2.280140641601961397e+04 5.346622353539103034e-02
2.283141499795667914e+04 5.022703303080992832e-02
2.285142071924805714e+04 4.625251352730806037e-02
2.287142644053943513e+04 4.198343838228278668e-02
2.289143216183080949e+04 3.807000844129563438e-02
2.292144074376787830e+04 3.450318372382944754e-02
2.294144646505925630e+04 3.161585334395299735e-02
2.296145218635063065e+04 2.927486179003921038e-02
2.299146076828769583e+04 2.725064514381110928e-02
2.301146648957907746e+04 2.543014244040000746e-02
2.303147221087045182e+04 2.380731862642105137e-02
2.306148079280751699e+04 2.240521774543320979e-02
2.308148651409889499e+04 2.123150461607363829e-02
2.310149223539027298e+04 2.026412709018957439e-02
2.312149795668164734e+04 1.945936542387454934e-02
2.315150653861871615e+04 1.871803714821431222e-02
2.317151225991009414e+04 1.801196969247061130e-02
2.319151798120146850e+04 1.726343680864456456e-02
2.322152656313853367e+04 1.653369635568893714e-02
2.324153228442991531e+04 1.596008608009431839e-02
2.326153800572128966e+04 1.563239770937604328e-02
2.329154658765835484e+04 1.563296105138102174e-02
2.331155230894973283e+04 1.609444576601475399e-02
2.333155803024111083e+04 1.733969423740479646e-02
2.336156661217817600e+04 1.996604754722509575e-02
2.338157233346955400e+04 2.428039769964670039e-02
2.340157805476093199e+04 3.114763473778154462e-02
2.343158663669799716e+04 4.021220127967097685e-02
2.345159235798937152e+04 5.128359828164837791e-02
2.347159807928075315e+04 6.336436772372258663e-02
2.350160666121781833e+04 7.303330825056046638e-02
2.352161238250919268e+04 7.869796362020781144e-02
2.354161810380057068e+04 7.877712696447713991e-02
2.357162668573763949e+04 7.381629748357333709e-02
2.359163240702901385e+04 6.567100192571259654e-02
2.362164098896607902e+04 5.510542659704827789e-02
2.364164671025745702e+04 4.377741993585609198e-02
2.366165243154883501e+04 3.365089144811224398e-02
2.369166101348590018e+04 2.523448095689121221e-02
2.371166673477727454e+04 1.958881759771445921e-02
2.373167245606865617e+04 1.634309901178579785e-02
2.376168103800572135e+04 1.424120055694119008e-02
2.378168675929709570e+04 1.263876947270047534e-02
2.381169534123416088e+04 1.122329554831003919e-02
2.383170106252554251e+04 1.010886128314626882e-02
2.385170678381691687e+04 9.351023855524408235e-03
2.388171536575398204e+04 9.021746941089313007e-03
2.390172108704536004e+04 8.985431178727947693e-03
2.392172680833673803e+04 9.114838601849747229e-03
2.395173539027380320e+04 9.401221956968382545e-03
2.397174111156518120e+04 9.918648282528867016e-03
2.400174969350224637e+04 1.069632151582917273e-02
2.402175541479362437e+04 1.164589316131904063e-02
2.404176113608499872e+04 1.264993070244248806e-02
2.407176971802206390e+04 1.368505713174326434e-02
2.409177543931344553e+04 1.487278693982745439e-02
2.412178402125051070e+04 1.648700377448280088e-02
2.414178974254188506e+04 1.883503300948364059e-02
2.416179546383326669e+04 2.201758921041972392e-02
2.419180404577033187e+04 2.580041366848877943e-02
2.421180976706170622e+04 2.980935546231319039e-02
2.424181834899877140e+04 3.302506191974607930e-02
2.426182407029014939e+04 3.511762486190934951e-02
2.429183265222721820e+04 3.609604885916665312e-02
2.431183837351859256e+04 3.636842295116256979e-02
2.433184409480997056e+04 3.628732366769857332e-02
2.436185267674703573e+04 3.595287249705321486e-02
2.438185839803841372e+04 3.519994523629267624e-02
2.441186697997547890e+04 3.390131390513551751e-02
2.443187270126685326e+04 3.196052416126160534e-02
2.446188128320392207e+04 2.941482174625358742e-02
2.448188700449530006e+04 2.675036734743839115e-02
2.451189558643236523e+04 2.392287567413070234e-02
2.453190130772373959e+04 2.116668348311396761e-02
2.455190702901512122e+04 1.831229935162733899e-02
2.458191561095218640e+04 1.580241986601581619e-02
2.460192133224356076e+04 1.365572092545531101e-02
2.463192991418062593e+04 1.202384303523737312e-02
2.465193563547200756e+04 1.080324287722017954e-02
2.468194421740907273e+04 9.715818208524637858e-03
2.470194993870044709e+04 8.713213729342849170e-03
2.473195852063751227e+04 7.805198082787703946e-03
2.475196424192889390e+04 6.921564036014680663e-03
2.478197282386595907e+04 6.101334893848005085e-03
2.480197854515733343e+04 5.352494009513097083e-03
2.483198712709439860e+04 4.556879008842275661e-03
2.485199284838577660e+04 3.655646957323214867e-03
2.487199856967715459e+04 2.612362325770839575e-03
