4.050014303228442714e+02 3.449348069338138097e-201
4.150042909685329278e+02 3.364179783983945093e-65
4.250071516142214705e+02 1.528304280601124273e-30
4.350100122599101269e+02 1.875392072392406724e-73
4.450128729055986696e+02 3.961951681770947899e-55
4.550157335512873260e+02 2.919261261722139234e-32
4.650185941969758687e+02 2.962206787161310780e-61
4.750214548426645251e+02 3.518368045034276344e-18
4.850243154883530678e+02 1.828347356711849860e-16
4.950271761340417243e+02 7.570812571311350012e-08
5.050300367797302670e+02 1.185009760457902197e-08
5.150328974254189234e+02 5.421873425926612964e-09
5.250357580711074661e+02 1.748362638141025355e-08
5.350386187167960088e+02 1.365304144554201932e-07
5.450414793624846652e+02 4.068807092000037312e-09
5.550443400081733216e+02 4.656472366284599297e-07
5.650472006538618643e+02 2.032766164576394253e-08
5.750500612995504071e+02 1.936007342894689062e-07
5.850529219452390635e+02 9.176601498097807931e-08
5.950557825909277199e+02 2.934199636163813372e-07
6.050586432366162626e+02 3.176481846234538551e-07
6.150615038823048053e+02 9.291700824917694698e-07
6.250643645279934617e+02 2.070367954435036723e-07
6.350672251736821181e+02 2.265996377349197831e-07
6.450700858193706608e+02 1.491010942938408146e-07
6.550729464650592035e+02 9.710791806494747687e-07
6.650758071107477463e+02 1.835735007221446063e-06
6.750786677564365164e+02 9.586228876581879386e-07
6.850815284021250591e+02 2.300890989157536792e-06
6.950843890478136018e+02 1.002920781725848007e-06
7.050872496935021445e+02 6.302411391283735208e-07
7.150901103391909146e+02 6.206043790825708245e-07
7.250929709848794573e+02 1.846726658638815487e-06
7.350958316305680000e+02 1.007255167665302001e-06
7.450986922762565428e+02 1.579661397889697928e-06
7.551015529219453128e+02 1.615299388641061979e-06
7.651044135676338556e+02 6.083934730205486047e-07
7.751072742133223983e+02 3.307104396572898700e-06
7.851101348590109410e+02 6.637904907222362156e-07
7.951129955046997111e+02 2.221301805207290457e-06
8.051158561503882538e+02 1.691453922025244713e-06
8.151187167960767965e+02 4.567995687213225569e-06
8.251215774417653392e+02 4.628360938157553199e-06
8.351244380874541093e+02 6.129573051939397984e-06
8.451272987331426521e+02 3.831735911028507339e-06
8.551301593788311948e+02 2.532849190729056980e-06
8.651330200245197375e+02 1.851524458502974487e-05
8.751358806702083939e+02 1.827206923673326344e-05
8.851387413158970503e+02 9.431967867557975414e-06
8.951416019615855930e+02 7.089456059052633364e-06
9.051444626072741357e+02 1.096164084716271233e-05
9.151473232529626785e+02 1.002462407350392795e-05
9.251501838986514485e+02 9.921083440118723355e-06
9.351530445443399913e+02 7.720309511383300087e-06
9.451559051900285340e+02 8.647128651031859911e-06
9.551587658357171904e+02 6.948018971201148839e-06
9.651616264814058468e+02 6.433929628385396433e-06
9.751644871270943895e+02 6.844573436225436404e-06
9.851673477727829322e+02 8.829598193931415887e-06
9.951702084184715886e+02 2.415171766164367383e-05
1.005173069064160245e+03 8.650407094375291747e-05
1.015175929709848788e+03 1.023637024323066793e-04
1.025178790355537330e+03 2.026958640497497958e-04
1.035181651001226101e+03 8.984129026766074695e-05
1.045184511646914643e+03 7.277310965492289412e-05
1.055187372292603186e+03 9.984452973512080137e-05
1.065190232938291729e+03 3.163349309858010214e-04
1.075193093583980271e+03 5.005970936754659080e-04
1.085195954229668814e+03 6.553932275067524691e-04
1.095198814875357584e+03 7.845235033196935100e-04
1.105201675521046127e+03 8.065657726681955660e-04
1.115204536166734670e+03 7.832309671703719962e-04
1.125207396812423440e+03 7.867580307900618299e-04
1.135210257458111982e+03 6.698090026297863053e-04
1.145213118103800525e+03 9.059801974051287250e-04
1.155215978749489068e+03 1.459000162563190784e-03
1.165218839395177611e+03 2.545819619444231532e-03
1.175221700040866381e+03 3.500732689261342769e-03
1.185224560686554923e+03 6.413961528024360488e-03
1.195227421332243466e+03 6.648439453969682937e-03
1.205230281977932236e+03 5.908130496403382094e-03
1.215233142623620779e+03 5.033190460966349179e-03
1.225236003269309322e+03 3.103869107269682272e-03
1.235238863914997864e+03 4.790495930086522748e-04
1.245241724560686407e+03 4.326623963155899364e-04
1.255244585206375177e+03 1.034272115215872142e-03
1.265247445852063720e+03 1.352681212229440294e-03
1.275250306497752263e+03 1.885091314073790826e-03
1.285253167143441033e+03 4.414821444918553585e-03
1.295256027789129575e+03 4.489078689763899288e-03
1.305258888434818118e+03 5.112692332992024857e-03
1.315261749080506661e+03 5.679797968488209219e-03
1.325264609726195204e+03 4.785684527570350372e-03
1.335267470371883974e+03 3.907621524122665418e-03
1.345270331017572516e+03 4.375896576627837271e-03
1.355273191663261059e+03 4.345677307893007144e-03
1.365276052308949602e+03 3.795651300335731258e-03
1.375278912954638372e+03 3.862725135951242898e-03
1.385281773600326915e+03 3.424129509878853263e-03
1.395284634246015457e+03 2.618058905613435735e-03
1.405287494891704000e+03 3.571383202763498289e-03
1.415290355537392543e+03 3.552945252244487945e-03
1.425293216183081313e+03 3.659780233454982407e-03
1.435296076828769856e+03 2.742003192915753052e-03
1.445298937474458398e+03 2.316577312738603029e-03
1.455301798120146941e+03 2.448804631869396387e-03
1.465304658765835711e+03 3.119165503657879857e-03
1.475307519411524254e+03 3.515064655154664930e-03
1.485310380057212797e+03 3.135903904305240280e-03
1.495313240702901567e+03 2.830502452573531967e-03
1.505316101348590109e+03 2.674662354456828865e-03
1.515318961994278652e+03 2.644748972039417858e-03
1.525321822639967195e+03 2.113936706524364040e-03
1.535324683285655738e+03 2.415285320386671708e-03
1.545327543931344508e+03 2.393242335661929527e-03
1.555330404577033050e+03 2.012028651388785266e-03
1.565333265222721593e+03 1.942673631613393978e-03
1.575336125868410363e+03 2.034333345458342202e-03
1.585338986514098906e+03 4.837578806982204514e-03
1.595341847159787449e+03 1.822624467217637267e-02
1.605344707805475991e+03 2.492851876578285053e-02
1.615347568451164534e+03 1.928209591247709645e-02
1.625350429096853304e+03 2.008517573233470702e-02
1.635353289742541847e+03 2.063130119894818204e-02
1.645356150388230390e+03 1.910765706667637287e-02
1.655359011033919160e+03 1.225157774560654833e-02
1.665361871679607702e+03 1.283518488844137377e-02
1.675364732325296245e+03 6.909361512272762552e-03
1.685367592970984788e+03 8.602033655564183048e-03
1.695370453616673331e+03 3.694440800234238473e-03
1.705373314262361873e+03 2.860867394164141441e-03
1.715376174908050643e+03 2.682987687849453136e-03
1.725379035553739186e+03 4.059913648765803296e-03
1.735381896199427729e+03 4.625244993026918217e-03
1.745384756845116499e+03 3.681800217592325064e-03
1.755387617490805042e+03 2.842515924434511031e-03
1.765390478136493584e+03 2.360315557493352680e-03
1.775393338782182127e+03 1.795699654529964943e-03
1.785396199427870670e+03 1.743948189922279231e-03
1.795399060073559440e+03 1.362608902751128587e-03
1.805401920719247983e+03 1.519522083039033045e-03
1.815404781364936525e+03 1.066784034387678343e-03
1.825407642010625295e+03 1.221695042981245372e-03
1.835410502656313838e+03 1.404190547345183322e-03
1.845413363302002381e+03 1.697272655204597929e-03
1.855416223947690924e+03 3.448709110918814387e-03
1.865419084593379466e+03 3.452310111641602314e-03
1.875421945239068236e+03 1.516397328543962579e-02
1.885424805884756779e+03 5.377215587789226092e-02
1.895427666530445322e+03 3.133180163687244724e-01
1.905430527176134092e+03 1.571964029847749689e-01
1.915433387821822635e+03 4.808929779660681136e-02
1.925436248467511177e+03 2.910337748437438407e-02
1.935439109113199720e+03 3.440204466580377984e-02
1.945441969758888263e+03 3.144055093143471175e-02
1.955444830404577033e+03 2.467696081824120174e-02
1.965447691050265576e+03 1.645326342693989585e-02
1.975450551695954118e+03 1.457475055374551562e-02
1.985453412341642888e+03 1.103176564318586288e-02
1.995456272987331431e+03 1.072958764580733693e-02
2.005459133633019974e+03 7.619543400777664850e-03
2.015461994278708517e+03 4.275708857034697143e-03
2.025464854924397059e+03 8.956798717248427508e-03
2.035467715570085602e+03 7.268231430109221673e-03
2.045470576215774372e+03 5.970671020575077544e-03
2.055473436861462687e+03 8.618373369488167846e-03
2.065476297507151685e+03 1.924074802249547619e-02
2.075479158152839773e+03 2.143275298045330818e-02
2.085482018798528770e+03 2.515464976649476811e-02
2.095484879444217313e+03 3.220699033182006232e-02
2.105487740089905856e+03 4.948872668732361840e-02
2.115490600735594853e+03 5.363416533135597491e-02
2.125493461381282941e+03 3.018879630586186746e-02
2.135496322026971939e+03 1.696936711136689743e-02
2.145499182672660027e+03 1.708706437727305905e-02
2.155502043318349024e+03 6.470388909389183929e-02
2.165504903964037567e+03 8.641076177815816550e-02
2.175507764609726109e+03 1.179739213175021451e-01
2.185510625255414652e+03 1.477878403891615122e-01
2.195513485901103195e+03 1.676951617316907450e-01
2.205516346546792192e+03 1.619431107281515125e-01
2.215519207192480280e+03 1.613936000721115649e-01
2.225522067838169278e+03 1.587740664527626244e-01
2.235524928483857366e+03 1.485085224263231751e-01
2.245527789129546363e+03 1.203852676257493870e-01
2.255530649775234906e+03 1.056887261547413415e-01
2.265533510420923449e+03 1.150781291876454004e-01
2.275536371066612446e+03 2.416961938213668948e-01
2.285539231712300534e+03 1.204809768978510220e+00
2.295542092357989532e+03 1.863237191769016254e+00
2.305544953003677620e+03 3.010804455762572829e+00
2.315547813649366617e+03 3.762268459094115780e+00
2.325550674295054705e+03 3.634098874154268799e+00
2.335553534940743702e+03 3.257344938823952596e+00
2.345556395586432245e+03 2.943185525400904723e+00
2.355559256232120788e+03 1.085927989096627355e+00
2.365562116877809785e+03 1.119222374683210425e-01
2.375564977523497873e+03 1.267915604917018157e-01
2.385567838169186871e+03 2.651549760633682973e-01
2.395570698814874959e+03 4.161986685653638607e-01
2.405573559460563956e+03 3.056355595898064825e-01
2.415576420106252499e+03 1.672925667864395560e-01
2.425579280751941042e+03 1.173181612698758758e-01
2.435582141397629584e+03 6.803476632159097259e-02
2.445585002043318127e+03 4.335453681318994501e-02
2.455587862689007125e+03 8.466550130888352010e-02
2.465590723334695213e+03 1.313656514370898643e-01
2.475593583980384210e+03 1.573299713542098688e-01
2.485596444626072298e+03 1.748590929059661292e-01
2.495599305271761295e+03 2.201859140033383122e-01
2.505602165917449838e+03 3.196565139412444467e-01
2.515605026563138381e+03 4.579267797155564534e-01
2.525607887208827378e+03 7.521146250574849423e-01
2.535610747854515466e+03 6.980483644535335763e-01
2.545613608500204464e+03 6.062113073833387267e-01
2.555616469145892552e+03 5.362134784042129620e-01
2.565619329791581549e+03 6.005017752451629054e-01
2.575622190437269637e+03 4.641642934537505427e-01
2.585625051082958635e+03 3.252372453448188483e-01
2.595627911728647632e+03 3.339010116133602768e-01
2.605630772374335720e+03 3.044489289784416686e-01
2.615633633020024718e+03 2.725144738273675982e-01
2.625636493665712806e+03 3.001415016829743210e-01
2.635639354311401803e+03 3.543413882615050192e-01
2.645642214957089891e+03 3.089647505407474570e-01
2.655645075602778888e+03 2.860806102933661776e-01
2.665647936248466976e+03 2.326739669254215548e-01
2.675650796894155974e+03 1.632568977338800797e-01
2.685653657539844971e+03 1.001593998352673098e-01
2.695656518185533059e+03 8.997817329901693084e-02
2.705659378831222057e+03 1.054482667143741281e-01
2.715662239476910145e+03 1.879359977167961160e-01
2.725665100122599142e+03 2.667245726989573296e-01
2.735667960768287230e+03 2.805425360903113230e-01
2.745670821413976228e+03 3.173716536081374606e-01
2.755673682059664770e+03 3.997101835920283119e-01
2.765676542705353313e+03 6.280397189395815483e-01
2.775679403351042311e+03 5.770454073979028875e-01
2.785682263996730399e+03 5.269687885452580822e-01
2.795685124642419396e+03 7.566038852543867099e-01
2.805687985288107484e+03 1.084823858120641749e+00
2.815690845933796481e+03 1.189547703064076645e+00
2.825693706579484569e+03 1.051230120582442362e+00
2.835696567225173567e+03 1.039576303809595315e+00
2.845699427870862564e+03 9.329416912621477653e-01
2.855702288516550652e+03 8.236399527012351340e-01
2.865705149162239650e+03 8.938167452829240966e-01
2.875708009807927738e+03 8.064282859334777065e-01
2.885710870453616735e+03 7.178152346050771238e-01
2.895713731099304823e+03 6.886343350011304709e-01
2.905716591744993821e+03 6.245115967398454648e-01
2.915719452390682363e+03 5.163387414354091431e-01
2.925722313036370906e+03 5.981328434289714391e-01
2.935725173682059904e+03 6.949998451700583058e-01
2.945728034327747991e+03 7.848245052360385277e-01
2.955730894973436989e+03 7.577254401396764649e-01
2.965733755619125077e+03 7.501052343477363493e-01
2.975736616264814074e+03 8.131186061945323562e-01
2.985739476910502162e+03 9.296905947337483767e-01
2.995742337556191160e+03 9.377790038588437183e-01
3.005745198201879703e+03 8.998849035851600453e-01
3.015748058847568245e+03 8.486777585925616707e-01
3.025750919493257243e+03 7.333168935645805186e-01
3.035753780138945331e+03 7.035116898748378089e-01
3.045756640784634328e+03 7.544836671495048774e-01
3.055759501430322416e+03 7.480678438765450133e-01
3.065762362076011414e+03 7.755500372572838863e-01
3.075765222721699502e+03 8.318405476458660130e-01
3.085768083367388499e+03 7.372761744555473840e-01
3.095770944013077496e+03 6.243219723666464382e-01
3.105773804658765584e+03 4.822910368698131722e-01
3.115776665304454582e+03 3.646494318972645643e-01
3.125779525950142670e+03 3.589845549765998678e-01
3.135782386595831667e+03 3.571238209183668078e-01
3.145785247241519755e+03 3.104553195043299185e-01
3.155788107887208753e+03 3.198586670505189078e-01
3.165790968532897296e+03 3.289930287048765112e-01
3.175793829178585838e+03 2.802632340062394811e-01
3.185796689824274836e+03 2.461043933876470857e-01
3.195799550469962924e+03 2.554199961665300500e-01
3.205802411115651921e+03 3.930415229375688879e-01
3.215805271761340009e+03 5.078303581799900046e-01
3.225808132407029007e+03 4.901045092354164301e-01
3.235810993052717095e+03 5.327851225175447292e-01
3.245813853698406092e+03 7.098147719662536437e-01
3.255816714344095089e+03 7.898348909425770836e-01
3.265819574989783177e+03 5.983579452496886608e-01
3.275822435635472175e+03 4.383339894148018945e-01
3.285825296281160263e+03 3.667810371899856148e-01
3.295828156926849260e+03 3.797716885619784044e-01
3.305831017572537348e+03 4.378973296682937555e-01
3.315833878218226346e+03 4.366552582764954282e-01
3.325836738863914434e+03 4.258075529113576341e-01
3.335839599509603431e+03 3.904525274577946847e-01
3.345842460155292429e+03 4.677796051968550195e-01
3.355845320800980517e+03 5.549259046317293054e-01
3.365848181446669514e+03 5.211581184277978007e-01
3.375851042092357602e+03 4.295104180540285643e-01
3.385853902738046600e+03 3.464314959013497508e-01
3.395856763383734688e+03 2.917011501298459319e-01
3.405859624029423685e+03 3.117690585156563943e-01
3.415862484675112228e+03 3.573435352870220072e-01
3.425865345320800770e+03 3.771559601863947453e-01
3.435868205966489768e+03 4.127201464947676812e-01
3.445871066612177856e+03 4.869794542928365666e-01
3.455873927257866853e+03 4.815368861690018654e-01
3.465876787903554941e+03 4.682705926381108830e-01
3.475879648549243939e+03 5.037634431691175863e-01
3.485882509194932027e+03 7.031741241668967302e-01
3.495885369840621024e+03 8.360127503184646702e-01
3.505888230486310022e+03 7.779886784635065000e-01
3.515891091131998110e+03 6.601538719982852355e-01
3.525893951777687107e+03 5.457711741855951759e-01
3.535896812423375195e+03 5.156037478545481001e-01
3.545899673069064193e+03 5.007725989427300739e-01
3.555902533714752281e+03 4.901477519051981036e-01
3.565905394360441278e+03 4.935907518658328996e-01
3.575908255006129821e+03 5.335549133913830566e-01
3.585911115651818363e+03 5.392835073826083292e-01
3.595913976297507361e+03 5.528022899323283834e-01
3.605916836943195449e+03 6.505720938530551445e-01
3.615919697588884446e+03 6.636051766062913693e-01
3.625922558234572534e+03 6.480253516810329240e-01
3.635925418880261532e+03 7.431603097605919972e-01
3.645928279525949620e+03 9.986403991649840384e-01
3.655931140171638617e+03 1.005363711795879356e+00
3.665934000817327160e+03 8.859530787784838379e-01
3.675936861463015703e+03 7.917382835996865653e-01
3.685939722108704700e+03 6.974330459729513043e-01
3.695942582754392788e+03 6.203624707770579727e-01
3.705945443400081786e+03 5.607881472965805525e-01
3.715948304045769873e+03 5.759856355038029951e-01
3.725951164691458871e+03 5.798614468542013789e-01
3.735954025337146959e+03 6.481017709128019666e-01
3.745956885982835956e+03 6.796302289378605144e-01
3.755959746628524954e+03 6.466869996723285663e-01
3.765962607274213042e+03 6.035617530257457730e-01
3.775965467919902039e+03 6.547799463371404283e-01
3.785968328565590127e+03 8.354728818343828411e-01
3.795971189211279125e+03 9.665067142479883966e-01
3.805974049856967213e+03 1.001145248363007667e+00
3.815976910502656210e+03 9.777154196329348457e-01
3.825979771148344753e+03 1.104677959225107031e+00
3.835982631794033296e+03 1.279601214483826688e+00
3.845985492439722293e+03 1.360730728467332007e+00
3.855988353085410381e+03 1.381485373221174928e+00
3.865991213731099378e+03 1.379216754602244022e+00
3.875994074376787466e+03 1.262046513773436240e+00
3.885996935022476464e+03 1.183533484187012208e+00
3.895999795668164552e+03 1.251451339243091043e+00
3.906002656313853549e+03 1.308817472402253435e+00
3.916005516959542547e+03 1.228600416069034029e+00
3.926008377605230635e+03 1.299000986970988203e+00
3.936011238250919632e+03 1.401293291680605568e+00
3.946014098896607720e+03 1.445195420912700479e+00
3.956016959542296718e+03 1.611586999416431354e+00
3.966019820187984806e+03 1.743354950565062067e+00
3.976022680833673803e+03 1.643669366124656639e+00
3.986025541479361891e+03 1.574783305679110068e+00
3.996028402125050889e+03 1.590092358966458841e+00
4.006031262770739886e+03 1.567297911209495132e+00
4.016034123416427974e+03 1.628767633671990289e+00
4.026036984062116971e+03 2.066823091936167422e+00
4.036039844707805059e+03 2.911452681913560880e+00
4.046042705353494057e+03 3.902219684407441047e+00
4.056045565999182145e+03 4.947297687449609072e+00
4.066048426644871142e+03 5.439472629696755490e+00
4.076051287290559685e+03 5.325182842856373000e+00
4.086054147936248228e+03 4.973513728692453562e+00
4.096057008581937225e+03 4.522669927783128152e+00
4.106059869227625313e+03 4.200469214050117195e+00
4.116062729873314311e+03 3.954305786985612858e+00
4.126065590519002399e+03 3.602004116201788619e+00
4.136068451164691396e+03 2.962714395136803791e+00
4.146071311810379484e+03 2.161078080758982889e+00
4.156074172456068482e+03 1.542640029833336257e+00
4.166077033101757479e+03 8.926810601407320078e-01
4.176079893747445567e+03 5.195198483341199047e-01
4.186082754393134564e+03 4.722588365337390126e-01
4.196085615038822652e+03 5.755618321544759830e-01
4.206088475684511650e+03 6.665136057899675448e-01
4.216091336330199738e+03 7.362049131431516180e-01
4.226094196975888735e+03 7.266671025080314594e-01
4.236097057621576823e+03 7.040854416851437536e-01
4.246099918267265821e+03 6.340210031805114665e-01
4.256102778912954818e+03 5.636393752677487656e-01
4.266105639558642906e+03 6.465925941220337370e-01
4.276108500204331904e+03 8.406447933652090310e-01
4.286111360850019992e+03 9.530156884707334797e-01
4.296114221495708989e+03 1.035431936495227800e+00
4.306117082141397077e+03 1.096888417144847860e+00
4.316119942787086075e+03 1.040218281685808988e+00
4.326122803432775072e+03 9.014616155359320704e-01
4.336125664078463160e+03 7.357106093922319845e-01
4.346128524724152157e+03 6.907681269886144504e-01
4.356131385369840245e+03 7.638487937815946482e-01
4.366134246015529243e+03 9.288606320393542060e-01
4.376137106661217331e+03 1.061561353103016137e+00
4.386139967306906328e+03 1.001415315152385466e+00
4.396142827952594416e+03 7.248658653240953598e-01
4.406145688598283414e+03 3.622466311365427072e-01
4.416148549243972411e+03 3.674612398817162506e-01
4.426151409889660499e+03 7.753345391889387983e-01
4.436154270535349497e+03 1.348812657364434342e+00
4.446157131181037585e+03 1.518215413602317598e+00
4.456159991826726582e+03 1.593821830549079888e+00
4.466162852472414670e+03 1.560803171722381366e+00
4.476165713118103668e+03 1.333168520100846965e+00
4.486168573763791755e+03 1.186624772507285153e+00
4.496171434409480753e+03 1.197658763567257534e+00
4.506174295055168841e+03 1.307796036110139504e+00
4.516177155700857838e+03 1.491927715847571445e+00
4.526180016346546836e+03 1.826686786825337361e+00
4.536182876992235833e+03 2.235222966629613950e+00
4.546185737637923921e+03 2.511916130804270786e+00
4.556188598283612009e+03 2.620491135241825642e+00
4.566191458929301007e+03 2.601655881283422733e+00
4.576194319574990004e+03 2.555178033400721027e+00
4.586197180220678092e+03 2.425894485636289399e+00
4.596200040866366180e+03 2.262646403031441267e+00
4.606202901512055178e+03 2.216212599683410556e+00
4.616205762157744175e+03 2.523788189261581660e+00
4.626208622803433173e+03 3.072143649078176608e+00
4.636211483449121260e+03 3.457245361719910370e+00
4.646214344094809348e+03 3.310918769847003507e+00
4.656217204740498346e+03 2.919690364971280871e+00
4.666220065386187343e+03 2.497117080459185789e+00
4.676222926031875431e+03 2.157645300654829068e+00
4.686225786677563519e+03 1.841401252972743263e+00
4.696228647323252517e+03 1.570441326389023118e+00
4.706231507968941514e+03 1.481151389133614105e+00
4.716234368614630512e+03 1.503364526234060694e+00
4.726237229260318600e+03 1.543132358459053277e+00
4.736240089906006688e+03 1.574770171899293025e+00
4.746242950551695685e+03 1.599351542779987367e+00
4.756245811197384683e+03 1.697003148118739979e+00
4.766248671843072771e+03 1.915442306609292489e+00
4.776251532488761768e+03 2.203634155526003724e+00
4.786254393134449856e+03 2.508908979994141752e+00
4.796257253780138853e+03 2.532521192935111465e+00
4.806260114425827851e+03 2.217565321628866659e+00
4.816262975071515939e+03 2.026108888057198687e+00
4.826265835717204027e+03 1.891217767874740163e+00
4.836268696362893024e+03 1.754688537024369221e+00
4.846271557008582022e+03 1.659508855547901618e+00
4.856274417654270110e+03 1.706309063222194000e+00
4.866277278299959107e+03 1.844828838178796726e+00
4.876280138945647195e+03 1.900477731707532092e+00
4.886282999591336193e+03 1.835441654007780032e+00
4.896285860237025190e+03 1.731339438462551783e+00
4.906288720882713278e+03 1.636293564355957297e+00
4.916291581528401366e+03 1.532741379133888637e+00
4.926294442174090364e+03 1.421275265728220605e+00
4.936297302819779361e+03 1.332197953113158029e+00
4.946300163465467449e+03 1.230553272075686433e+00
4.956303024111156446e+03 1.110625004547984185e+00
4.966305884756844534e+03 1.132249738951418783e+00
4.976308745402533532e+03 1.387275314257928827e+00
4.986311606048222529e+03 1.687441074707347388e+00
4.996314466693910617e+03 1.890181512419948140e+00
5.006317327339598705e+03 2.079530682554951770e+00
5.016320187985287703e+03 2.242172437914601524e+00
5.026323048630976700e+03 2.234769210708367648e+00
5.036325909276665698e+03 2.085578754645592170e+00
5.046328769922353786e+03 1.982447593470928027e+00
5.056331630568041874e+03 1.941732456462401224e+00
5.066334491213730871e+03 1.847545116679385702e+00
5.076337351859419869e+03 1.731351757694324700e+00
5.086340212505107957e+03 1.628581327822091085e+00
5.096343073150796045e+03 1.504461334345574830e+00
5.106345933796485042e+03 1.354441824345077094e+00
5.116348794442174039e+03 1.280505178583279280e+00
5.126351655087863037e+03 1.322960074166019240e+00
5.136354515733551125e+03 1.324423525639210064e+00
5.146357376379239213e+03 1.288849355780993022e+00
5.156360237024928210e+03 1.391482646379851529e+00
5.166363097670617208e+03 1.593102176126782954e+00
5.176365958316305296e+03 1.844525678344525632e+00
5.186368818961994293e+03 2.089115084148304824e+00
5.196371679607682381e+03 2.145439140453064386e+00
5.206374540253371379e+03 2.068798856308881273e+00
5.216377400899060376e+03 2.131442027979332465e+00
5.226380261544748464e+03 2.336549951297626215e+00
5.236383122190436552e+03 2.508449457873468624e+00
5.246385982836125550e+03 2.424160209379354392e+00
5.256388843481814547e+03 2.247207141999214564e+00
5.266391704127502635e+03 1.922728697205550397e+00
5.276394564773191632e+03 1.602227152901777973e+00
5.286397425418879720e+03 1.436762493246196204e+00
5.296400286064568718e+03 1.391328393796482432e+00
5.306403146710257715e+03 1.405371016319321376e+00
5.316406007355945803e+03 1.441656375885143504e+00
5.326408868001633891e+03 1.502464714237926380e+00
5.336411728647322889e+03 1.489625714147204905e+00
5.346414589293011886e+03 1.338369001782716117e+00
5.356417449938699974e+03 1.223428815911564049e+00
5.366420310584388972e+03 1.177014008980490800e+00
5.376423171230077060e+03 1.153096037981976796e+00
5.386426031875766057e+03 1.176422422532060530e+00
5.396428892521455055e+03 1.239588017451677793e+00
5.406431753167143142e+03 1.379567881368207294e+00
5.416434613812831230e+03 1.612483954712030654e+00
5.426437474458520228e+03 1.783930288453116741e+00
5.436440335104209225e+03 1.891749641138068538e+00
5.446443195749898223e+03 1.919377393578487689e+00
5.456446056395586311e+03 1.925532381249946301e+00
5.466448917041274399e+03 2.010033793361474252e+00
5.476451777686963396e+03 2.252726988090729687e+00
5.486454638332652394e+03 2.535537205822902429e+00
5.496457498978340482e+03 2.877108853343552486e+00
5.506460359624028570e+03 3.272831506798436152e+00
5.516463220269717567e+03 3.523021192205903596e+00
5.526466080915406565e+03 3.666595602678767385e+00
5.536468941561095562e+03 3.768545197958530490e+00
5.546471802206783650e+03 3.925850771497237268e+00
5.556474662852471738e+03 4.190438016724534087e+00
5.566477523498160735e+03 4.187457489456387627e+00
5.576480384143849733e+03 3.682587651491722625e+00
5.586483244789537821e+03 2.812279324131307767e+00
5.596486105435225909e+03 2.581671222018345535e+00
5.606488966080914906e+03 2.988682298921410130e+00
5.616491826726603904e+03 3.383605897085130376e+00
5.626494687372292901e+03 3.732116737807293028e+00
5.636497548017980989e+03 3.916987092632139955e+00
5.646500408663669077e+03 3.559212894602560961e+00
5.656503269309358075e+03 3.077892052693952163e+00
5.666506129955047072e+03 2.762790597488160582e+00
5.676508990600735160e+03 2.965110038913387314e+00
5.686511851246424158e+03 3.504027071184983466e+00
5.696514711892112246e+03 3.071910554922823167e+00
5.706517572537801243e+03 2.012805738017505508e+00
5.716520433183490240e+03 1.056478264461124139e+00
5.726523293829178328e+03 5.257454640683950631e-01
5.736526154474866416e+03 5.194358985087423886e-01
5.746529015120555414e+03 6.373873069431287286e-01
5.756531875766244411e+03 9.513729633537983954e-01
5.766534736411932499e+03 1.754650727721367875e+00
5.776537597057621497e+03 2.479342593695409214e+00
5.786540457703309585e+03 3.101724106211368071e+00
5.796543318348998582e+03 3.789672131400453559e+00
5.806546178994687580e+03 4.313723941779457505e+00
5.816549039640375668e+03 4.593568475584316246e+00
5.826551900286063756e+03 4.772071157202314673e+00
5.836554760931752753e+03 4.774722942631652423e+00
5.846557621577441751e+03 4.515909649535470471e+00
5.856560482223129839e+03 4.061818137949822827e+00
5.866563342868818836e+03 3.477542572432419821e+00
5.876566203514506924e+03 3.167860983221400417e+00
5.886569064160195921e+03 3.082372795465322834e+00
5.896571924805884919e+03 3.039912023267882457e+00
5.906574785451573007e+03 3.013477328836954960e+00
5.916577646097261095e+03 2.985610275845115069e+00
5.926580506742950092e+03 3.107789665161452941e+00
5.936583367388639090e+03 3.719159460574163578e+00
5.946586228034328087e+03 4.290650494567030293e+00
5.956589088680016175e+03 4.599471668601056606e+00
5.966591949325704263e+03 4.657488591277039625e+00
5.976594809971393261e+03 4.544818937226239974e+00
5.986597670617082258e+03 4.402553536759750585e+00
5.996600531262770346e+03 4.332414266875642461e+00
6.006603391908458434e+03 4.104189016387123523e+00
6.016606252554147432e+03 3.572227645617346958e+00
6.026609113199836429e+03 2.868567345813431313e+00
6.036611973845525426e+03 2.330517402094264057e+00
6.046614834491213514e+03 2.095052492171828540e+00
6.056617695136901602e+03 1.939035093613504124e+00
6.066620555782590600e+03 1.801974693373940672e+00
6.076623416428279597e+03 1.665042787427533089e+00
6.086626277073967685e+03 1.563176149567694129e+00
6.096629137719656683e+03 1.672019989731725387e+00
6.106631998365344771e+03 2.038541246817858976e+00
6.116634859011033768e+03 2.561748214935654300e+00
6.126637719656722766e+03 2.742566702222350550e+00
6.136640580302410854e+03 2.701725602065641052e+00
6.146643440948098942e+03 2.658711059338197291e+00
6.156646301593787939e+03 2.825343083384778353e+00
6.166649162239476937e+03 3.134313028072825080e+00
6.176652022885165024e+03 3.495124049368802943e+00
6.186654883530854022e+03 3.898810185927308325e+00
6.196657744176542110e+03 4.242530542432090712e+00
6.206660604822231107e+03 4.326770977634228466e+00
6.216663465467920105e+03 4.548234881757082348e+00
6.226666326113608193e+03 4.946208737195178173e+00
6.236669186759296281e+03 5.414925284140942985e+00
6.246672047404985278e+03 6.004797018338474679e+00
6.256674908050674276e+03 6.237602687359963483e+00
6.266677768696362364e+03 6.138880902617210644e+00
6.276680629342051361e+03 5.857811642541062902e+00
6.286683489987739449e+03 5.546782893257846681e+00
6.296686350633428447e+03 5.427094552391123372e+00
6.306689211279117444e+03 5.622937027195726856e+00
6.316692071924805532e+03 6.237323349526246119e+00
6.326694932570493620e+03 7.375365663950391948e+00
6.336697793216182617e+03 8.855555401783524516e+00
6.346700653861871615e+03 9.268552655808589336e+00
6.356703514507560612e+03 7.907570581866169235e+00
6.366706375153248700e+03 6.740990847006432141e+00
6.376709235798936788e+03 5.626894902789355335e+00
6.386712096444625786e+03 5.464185047350016866e+00
6.396714957090314783e+03 5.367157944693570215e+00
6.406717817736002871e+03 5.182443115355327201e+00
6.416720678381690959e+03 4.868341081480446420e+00
6.426723539027379957e+03 4.682310731644454549e+00
6.436726399673068954e+03 4.479489236827700616e+00
6.446729260318757952e+03 4.139299060350085213e+00
6.456732120964446040e+03 3.858735581483000665e+00
6.466734981610134128e+03 3.807051681315271274e+00
6.476737842255823125e+03 3.885984226982411638e+00
6.486740702901512122e+03 3.918681169674963716e+00
6.496743563547200210e+03 3.720229005882312201e+00
6.506746424192888298e+03 3.387751116357344383e+00
6.516749284838577296e+03 3.209487669579419666e+00
6.526752145484266293e+03 3.332244495344986568e+00
6.536755006129955291e+03 3.550182338949679828e+00
6.546757866775643379e+03 3.711526149431911392e+00
6.556760727421331467e+03 3.828011978177513264e+00
6.566763588067020464e+03 3.941053017231971101e+00
6.576766448712709462e+03 3.996686680999988805e+00
6.586769309358397550e+03 3.941334599681594497e+00
6.596772170004086547e+03 3.864078382461033190e+00
6.606775030649774635e+03 3.715313051089097929e+00
6.616777891295463633e+03 3.334448804223578477e+00
6.626780751941152630e+03 2.755484623867893834e+00
6.636783612586840718e+03 2.318493398887956580e+00
6.646786473232528806e+03 2.280524099723213904e+00
6.656789333878217803e+03 2.458044690609983984e+00
6.666792194523906801e+03 2.628783172300684701e+00
6.676795055169594889e+03 2.772522460625399088e+00
6.686797915815283886e+03 3.028121979832432142e+00
6.696800776460971974e+03 3.264572790926410395e+00
6.706803637106660972e+03 3.157239439900968225e+00
6.716806497752349969e+03 2.829476242935676122e+00
6.726809358398038057e+03 2.600824564870166000e+00
6.736812219043726145e+03 2.540848453993592049e+00
6.746815079689415143e+03 2.547372088248136990e+00
6.756817940335104140e+03 2.515863096243997177e+00
6.766820800980793138e+03 2.372550818351315982e+00
6.776823661626481226e+03 2.163545039348644838e+00
6.786826522272169314e+03 2.047755354399817040e+00
6.796829382917858311e+03 2.071029424786276607e+00
6.806832243563547308e+03 2.114338713143217863e+00
6.816835104209235396e+03 2.053784388599959598e+00
6.826837964854923484e+03 1.890433359670050883e+00
6.836840825500612482e+03 1.752801919686513887e+00
6.846843686146301479e+03 1.742942993288217446e+00
6.856846546791990477e+03 1.851526055175157559e+00
6.866849407437678565e+03 1.975121268030671784e+00
6.876852268083366653e+03 1.942496562264551585e+00
6.886855128729055650e+03 1.753234010271829568e+00
6.896857989374744648e+03 1.547229006065832912e+00
6.906860850020432736e+03 1.542520473159836314e+00
6.916863710666120824e+03 1.861013665470658385e+00
6.926866571311809821e+03 2.247978753983364442e+00
6.936869431957498819e+03 2.419399898083061551e+00
6.946872292603187816e+03 2.524231165639915009e+00
6.956875153248875904e+03 2.568958678767531367e+00
6.966878013894563992e+03 2.571128743480055157e+00
6.976880874540252989e+03 2.453974310833462624e+00
6.986883735185941987e+03 2.180821983492030380e+00
6.996886595831630075e+03 1.894234562939361988e+00
7.006889456477319072e+03 1.653777584333799844e+00
7.016892317123007160e+03 1.465312677682795162e+00
7.026895177768696158e+03 1.410026075182763794e+00
7.036898038414385155e+03 1.499771655523163050e+00
7.046900899060073243e+03 1.762313225327618360e+00
7.056903759705761331e+03 2.191116778700371359e+00
7.066906620351450329e+03 2.728029775329757101e+00
7.076909480997139326e+03 3.072571068706305031e+00
7.086912341642827414e+03 3.370633861437052570e+00
7.096915202288516411e+03 3.443450056691148120e+00
7.106918062934204499e+03 3.506617785282053923e+00
7.116920923579893497e+03 3.722380071535893009e+00
7.126923784225582494e+03 4.069676759748786843e+00
7.136926644871270582e+03 4.351445742238644776e+00
7.146929505516958670e+03 4.344999764904435402e+00
7.156932366162647668e+03 3.934817470984961041e+00
7.166935226808336665e+03 3.250826945607649954e+00
7.176938087454024753e+03 2.582976146468895617e+00
7.186940948099713751e+03 2.182713339765256055e+00
7.196943808745401839e+03 2.180504093515458042e+00
7.206946669391090836e+03 2.641504818484419204e+00
7.216949530036779834e+03 3.642853732354402130e+00
7.226952390682467922e+03 4.792579792217618539e+00
7.236955251328156010e+03 7.809916770737206804e+00
7.246958111973845007e+03 1.254041561654736547e+01
7.256960972619534004e+03 1.939259400711095793e+01
7.266963833265223002e+03 2.817528957524355704e+01
7.276966693910911090e+03 3.534776180382603883e+01
7.286969554556599178e+03 4.724731431776003632e+01
7.296972415202288175e+03 5.793389010836828845e+01
7.306975275847977173e+03 6.281100059905153898e+01
7.316978136493665261e+03 6.560034649873342971e+01
7.326980997139353349e+03 6.369247369664202552e+01
7.336983857785042346e+03 5.635341310737643994e+01
7.346986718430731344e+03 4.564749413379412601e+01
7.356989579076420341e+03 3.739487654967538077e+01
7.366992439722108429e+03 2.642261251566603875e+01
7.376995300367796517e+03 1.741759536818756260e+01
7.386998161013485515e+03 1.291152686576176123e+01
7.397001021659174512e+03 8.609464234412552486e+00
7.407003882304862600e+03 6.479699264858405527e+00
7.417006742950551597e+03 5.842960149526432723e+00
7.427009603596239685e+03 5.273218580943851208e+00
7.437012464241928683e+03 4.851967608543009014e+00
7.447015324887617680e+03 4.548327138575139372e+00
7.457018185533305768e+03 4.050781963617060555e+00
7.467021046178993856e+03 3.640695880238276061e+00
7.477023906824682854e+03 3.442323283843855553e+00
7.487026767470371851e+03 3.163538656099915247e+00
7.497029628116059939e+03 2.849484470762584820e+00
7.507032488761748937e+03 2.585029306120678161e+00
7.517035349407437025e+03 2.107813984880772207e+00
7.527038210053126022e+03 1.655170734347169992e+00
7.537041070698815020e+03 1.419509086581514090e+00
7.547043931344503108e+03 1.170756346756228083e+00
7.557046791990191196e+03 1.063136805209562219e+00
7.567049652635880193e+03 1.120914167953037666e+00
7.577052513281569190e+03 1.333329161379798400e+00
7.587055373927257278e+03 1.555496976036981893e+00
7.687083980384143615e+03 2.372892401618825087e+00
7.697086841029831703e+03 2.220852673997434135e+00
7.707089701675520701e+03 2.092654799964533296e+00
7.717092562321209698e+03 2.099132802583990820e+00
7.727095422966897786e+03 2.152539253182623735e+00
7.737098283612585874e+03 2.190207424322881735e+00
7.747101144258274871e+03 2.135496184921774177e+00
7.757104004903963869e+03 2.030213261373907230e+00
7.767106865549652866e+03 1.797667773110948053e+00
7.777109726195340954e+03 1.543922844534706407e+00
7.787112586841029042e+03 1.390459554854378110e+00
7.797115447486718040e+03 1.249755664578351855e+00
7.807118308132407037e+03 1.037954217659465161e+00
7.817121168778095125e+03 8.309857363812683806e-01
7.827124029423783213e+03 7.174517948597445294e-01
7.837126890069472211e+03 6.395596137305891160e-01
7.847129750715161208e+03 6.799909685496081657e-01
7.857132611360850206e+03 1.067703308318972200e+00
7.867135472006538293e+03 1.734053329327461812e+00
7.877138332652226381e+03 3.429203200629687753e+00
7.887141193297915379e+03 5.583882966925378888e+00
7.897144053943604376e+03 6.963438383030191581e+00
7.907146914589292464e+03 7.903945502387589528e+00
7.917149775234981462e+03 7.804812119223894840e+00
7.927152635880669550e+03 6.383435945792339972e+00
7.937155496526358547e+03 5.130694630515788113e+00
7.947158357172047545e+03 4.052795405157825215e+00
7.957161217817735633e+03 3.179355390816852367e+00
7.967164078463423721e+03 3.006629742325685140e+00
7.977166939109112718e+03 3.159520663273308383e+00
7.987169799754801716e+03 3.352912112161955172e+00
7.997172660400489804e+03 3.695624743286700209e+00
8.007175521046178801e+03 4.170913704501693076e+00
8.017178381691866889e+03 4.545473658793862448e+00
8.027181242337555886e+03 4.908160675012697816e+00
8.037184102983244884e+03 5.678484944128168621e+00
8.047186963628932972e+03 6.984417278617573110e+00
8.057189824274621060e+03 8.135048998783606322e+00
8.067192684920310057e+03 9.277485129752136572e+00
8.077195545565999055e+03 1.027883093508513923e+01
8.087198406211687143e+03 1.012035633200622264e+01
8.097201266857376140e+03 9.308264446370952072e+00
8.107204127503064228e+03 8.233881530737940935e+00
8.117206988148753226e+03 6.493848565319385813e+00
8.127209848794442223e+03 4.807856078251647958e+00
8.137212709440130311e+03 3.810440647101760892e+00
8.147215570085818399e+03 3.020883388243659429e+00
8.157218430731507397e+03 2.728314170475045763e+00
8.167221291377196394e+03 3.695301138398106033e+00
8.177224152022885391e+03 5.080060624300971384e+00
8.187227012668573479e+03 6.558988356282300813e+00
8.197229873314261567e+03 7.729650297591585506e+00
8.207232733959950565e+03 8.456007900928034005e+00
8.217235594605639562e+03 8.144836524435763891e+00
8.227238455251328560e+03 7.343778022783027382e+00
8.237241315897015738e+03 6.207022389885884728e+00
8.247244176542704736e+03 4.852954066253639454e+00
8.257247037188393733e+03 3.009018769449067321e+00
8.267249897834082731e+03 1.899402738692968162e+00
8.277252758479771728e+03 1.786074182113607689e+00
8.287255619125458907e+03 2.045846083694694340e+00
8.297258479771147904e+03 2.765194665179842026e+00
8.307261340416836902e+03 3.355555186292672687e+00
8.317264201062524080e+03 3.443456218418710080e+00
8.327267061708214896e+03 3.311400881556473053e+00
8.337269922353902075e+03 3.053632540288781172e+00
8.347272782999591072e+03 2.512877752152349764e+00
8.357275643645280070e+03 1.857345364684586109e+00
8.367278504290967248e+03 1.431346426402401839e+00
8.377281364936656246e+03 1.094882688973854101e+00
8.387284225582345243e+03 8.694913119353809838e-01
8.397287086228034241e+03 7.629324387620610715e-01
8.407289946873723238e+03 8.835148115960407278e-01
8.417292807519410417e+03 1.080556702884364340e+00
8.427295668165099414e+03 1.318067241383599209e+00
8.437298528810788412e+03 1.559772922509521598e+00
8.447301389456477409e+03 1.804641964194761083e+00
8.457304250102166407e+03 2.225995396557727712e+00
8.467307110747853585e+03 2.737251256766345175e+00
8.477309971393542583e+03 3.135156352566390137e+00
8.487312832039231580e+03 3.513097936573006397e+00
8.497315692684918758e+03 3.773731965157314683e+00
8.507318553330609575e+03 3.716404016646027042e+00
8.517321413976296753e+03 3.300557270416390576e+00
8.527324274621985751e+03 3.007623158455789980e+00
8.537327135267674748e+03 2.854701498281355221e+00
8.547329995913361927e+03 2.849667097184535258e+00
8.557332856559050924e+03 2.908349302247706714e+00
8.567335717204739922e+03 2.976966158255995420e+00
8.577338577850428919e+03 3.043265659796255296e+00
8.587341438496117917e+03 3.124753463157694977e+00
8.597344299141805095e+03 3.273565686533600250e+00
8.607347159787495912e+03 3.517097045825104296e+00
8.617350020433183090e+03 3.846305090966349205e+00
8.627352881078870269e+03 4.459502515015985935e+00
8.637355741724561085e+03 5.242603044283399960e+00
8.647358602370248263e+03 5.918399854461716458e+00
8.657361463015939080e+03 6.662812922442730823e+00
8.667364323661626258e+03 7.341701189639820768e+00
8.677367184307313437e+03 7.818999933185142304e+00
8.687370044953004253e+03 7.920220102227919945e+00
8.697372905598691432e+03 7.212391688699034020e+00
8.707375766244380429e+03 6.052993284722743894e+00
8.717378626890069427e+03 5.343179003603385269e+00
8.727381487535756605e+03 4.779006532403827556e+00
8.737384348181447422e+03 4.283495995932130818e+00
8.747387208827134600e+03 3.767654460120873239e+00
8.757390069472823598e+03 3.248678346707274844e+00
8.767392930118512595e+03 2.656312996557781858e+00
8.777395790764199774e+03 2.443813583592332250e+00
8.787398651409890590e+03 2.603592141668313431e+00
8.797401512055577768e+03 2.966543073962085053e+00
8.807404372701264947e+03 3.457106180018208352e+00
8.817407233346955763e+03 3.990319243442808972e+00
8.827410093992642942e+03 4.436934116282267304e+00
8.837412954638333758e+03 4.754287589950854986e+00
8.847415815284020937e+03 4.668361020136221562e+00
8.857418675929708115e+03 4.382732935401966401e+00
8.867421536575398932e+03 3.963410968533237710e+00
8.877424397221086110e+03 3.451007141744991014e+00
8.887427257866775108e+03 2.893785643956922282e+00
8.897430118512464105e+03 2.408190332869078354e+00
8.907432979158151284e+03 2.103328279914422616e+00
8.917435839803842100e+03 1.992454981561274208e+00
8.927438700449529279e+03 1.989468173845098109e+00
8.937441561095218276e+03 1.981687341861983143e+00
8.947444421740907273e+03 2.049304178259514497e+00
8.957447282386594452e+03 2.279152647683770461e+00
8.967450143032285268e+03 2.678409845111043630e+00
8.977453003677972447e+03 3.205378751019831274e+00
8.987455864323659625e+03 3.783434255670881097e+00
8.997458724969350442e+03 4.501927197392021185e+00
9.007461585615037620e+03 4.756465782215395066e+00
9.017464446260728437e+03 4.460097008537665886e+00
9.027467306906415615e+03 3.880263430584565576e+00
9.037470167552102794e+03 3.232236755440502929e+00
9.047473028197793610e+03 2.698579893305572686e+00
9.057475888843480789e+03 2.357717646959175628e+00
9.067478749489169786e+03 2.194780454918967116e+00
9.077481610134858784e+03 2.132734609641051993e+00
9.087484470780545962e+03 2.093014436535538536e+00
9.097487331426236778e+03 1.947007238699835607e+00
9.107490192071923957e+03 1.685638726803724285e+00
9.117493052717612954e+03 1.480695792447979109e+00
9.127495913363301952e+03 1.327839690202520240e+00
9.137498774008989130e+03 1.284786710044381275e+00
9.147501634654679947e+03 1.377462057725156841e+00
9.157504495300367125e+03 1.597888285449938772e+00
9.167507355946056123e+03 1.932622667675642614e+00
9.177510216591745120e+03 2.350378252002427448e+00
9.187513077237432299e+03 2.827305690950876915e+00
9.197515937883123115e+03 3.551890844311992090e+00
9.207518798528810294e+03 4.183666341078716933e+00
9.217521659174497472e+03 4.496381057644463830e+00
9.227524519820188289e+03 4.711992648044110332e+00
9.237527380465875467e+03 4.818816702361057303e+00
9.247530241111566284e+03 4.811767331933963554e+00
9.257533101757253462e+03 4.707434443292374482e+00
9.267535962402940640e+03 4.532791192071943698e+00
9.277538823048631457e+03 4.307198154488207642e+00
9.287541683694318635e+03 4.021244891877643113e+00
9.297544544340007633e+03 3.688818769233698003e+00
9.307547404985696630e+03 3.382488835672313954e+00
9.317550265631383809e+03 3.329601964455406904e+00
9.327553126277074625e+03 3.990217210900371292e+00
9.337555986922761804e+03 4.839455207152107086e+00
9.347558847568450801e+03 5.632930178674021349e+00
9.357561708214139799e+03 6.052526023954635015e+00
9.367564568859826977e+03 5.928781984511245717e+00
9.377567429505517794e+03 5.311346814392277516e+00
9.387570290151204972e+03 4.399415866451807489e+00
9.397573150796892151e+03 3.454857405051154906e+00
9.407576011442582967e+03 2.702452206639395449e+00
9.417578872088270145e+03 2.240597221709358600e+00
9.427581732733960962e+03 2.031748400752715789e+00
9.437584593379648140e+03 1.971768458916090427e+00
9.447587454025335319e+03 1.961943044133132918e+00
9.457590314671026135e+03 1.939825066237850004e+00
9.467593175316713314e+03 1.878354554767745377e+00
9.477596035962402311e+03 1.677970741947711675e+00
9.487598896608091309e+03 1.365124006841902604e+00
9.497601757253778487e+03 1.120274673182418690e+00
9.507604617899469304e+03 9.041976751146736380e-01
9.517607478545156482e+03 7.526686857686809562e-01
9.527610339190845480e+03 6.781646841063772024e-01
9.537613199836534477e+03 6.703818347543709644e-01
9.547616060482221656e+03 7.019255967227564508e-01
9.557618921127912472e+03 7.390079149471480147e-01
9.567621781773599650e+03 7.599403760728842272e-01
9.577624642419288648e+03 7.587525320582051425e-01
9.587627503064977645e+03 7.386678762455938241e-01
9.597630363710664824e+03 7.041503560196756828e-01
9.607633224356355640e+03 6.629030768988229960e-01
9.617636085002042819e+03 6.268864149644286510e-01
9.627638945647729997e+03 6.049935651564503081e-01
9.637641806293420814e+03 5.970478861696301154e-01
9.647644666939107992e+03 5.974708879986286858e-01
9.657647527584798809e+03 6.027626733223949707e-01
9.667650388230485987e+03 6.138916607611233367e-01
9.677653248876173166e+03 6.328062021951924576e-01
9.687656109521863982e+03 6.620058909113880619e-01
9.697658970167551161e+03 7.037652886634997440e-01
9.707661830813240158e+03 7.956065785248300770e-01
9.717664691458929155e+03 9.106725802557078531e-01
9.727667552104616334e+03 9.839618089106020316e-01
9.737670412750307150e+03 1.032818092861052417e+00
9.747673273395994329e+03 1.045087134062058887e+00
9.757676134041683326e+03 1.022429168775053965e+00
9.767678994687372324e+03 9.726790858063729672e-01
9.777681855333059502e+03 9.054398285780095312e-01
9.787684715978750319e+03 8.289016348064742745e-01
9.797687576624437497e+03 7.510387267382011567e-01
9.807690437270124676e+03 6.790502856588791492e-01
9.817693297915815492e+03 6.170111022024798997e-01
9.827696158561502671e+03 5.649380539747115293e-01
9.837699019207193487e+03 5.211328131148482701e-01
9.847701879852880666e+03 4.862884773371152214e-01
9.857704740498567844e+03 4.668613448697397361e-01
9.867707601144258660e+03 4.690495221053353481e-01
9.877710461789945839e+03 4.930357754694198458e-01
9.887713322435634836e+03 5.309390850249111615e-01
9.897716183081323834e+03 5.704572515480494932e-01
9.907719043727011012e+03 6.020742332960364873e-01
9.917721904372701829e+03 6.213904286386623399e-01
9.927724765018389007e+03 6.273888298623925275e-01
9.937727625664078005e+03 6.209640866594594577e-01
9.947730486309767002e+03 6.071962583528908164e-01
9.957733346955454181e+03 5.947624569246975357e-01
9.967736207601144997e+03 5.904573093192465594e-01
9.977739068246832176e+03 5.946485242010591810e-01
9.987741928892521173e+03 6.033351113999375626e-01
9.997744789538210171e+03 6.156462941304452485e-01
1.000774765018389735e+04 6.378928867067998887e-01
1.001775051082958817e+04 6.854916889675353175e-01
1.002775337147527534e+04 7.778664190375257359e-01
1.003775623212096252e+04 9.303300707583235241e-01
1.004775909276665334e+04 1.142228982160549133e+00
1.005776195341234052e+04 1.389333713618613908e+00
1.006776481405803133e+04 1.628766657514250094e+00
1.007776767470371851e+04 1.815189648417667723e+00
1.008777053534940569e+04 1.919392985907563354e+00
1.009777339599509651e+04 1.941631940433292902e+00
1.010777625664078369e+04 1.915330563739366498e+00
1.011777911728647268e+04 1.894673868533831351e+00
1.012778197793216168e+04 1.916657002895368445e+00
1.013778483857784886e+04 1.994739945707956874e+00
1.014778769922353968e+04 2.118665652339095651e+00
1.015779055986922685e+04 2.259440369249818392e+00
1.016779342051491585e+04 2.380995443896807728e+00
1.017779628116060485e+04 2.456014434439035110e+00
1.018779914180629203e+04 2.448773556649978644e+00
1.019780200245198284e+04 2.362171149565849504e+00
1.020780486309767002e+04 2.205641431873548886e+00
1.021780772374335720e+04 2.003279421512056846e+00
1.022781058438904802e+04 1.761934706285866348e+00
1.023781344503473520e+04 1.548484994705213724e+00
1.024781630568042601e+04 1.355989241010226332e+00
1.025781916632611319e+04 1.201317371133044487e+00
1.026782202697180037e+04 1.087773893375431955e+00
1.027782488761749119e+04 1.020070594076056381e+00
1.028782774826317836e+04 9.497963099613392357e-01
1.029783060890886736e+04 8.537291684768774092e-01
1.031783633020024354e+04 7.242091417864752190e-01
1.032783919084593435e+04 6.018179722443859347e-01
1.033784205149162153e+04 4.851954544723333651e-01
1.034784491213731053e+04 3.723331131371585001e-01
1.035784777278299953e+04 2.994256928098757431e-01
1.036785063342868671e+04 2.869307456639226261e-01
1.037785349407437752e+04 4.185699270129270011e-01
1.038785635472006470e+04 7.673594495336609755e-01
1.039785921536575188e+04 1.450104210390828818e+00
1.040786207601144270e+04 2.215425355097262017e+00
1.041786493665712987e+04 2.863915836571790052e+00
1.042786779730282069e+04 3.201134532626892071e+00
1.043787065794850787e+04 3.137538157469139222e+00
1.044787351859419505e+04 2.806218127477086988e+00
1.045787637923988586e+04 2.419343637627129340e+00
1.046787923988557304e+04 2.008928316825725702e+00
1.047788210053126386e+04 1.697366579951315568e+00
1.048788496117695104e+04 1.448388859874692125e+00
1.049788782182263822e+04 1.310342353013343786e+00
1.050789068246832903e+04 1.244375706896929668e+00
1.051789354311401621e+04 1.231474433567209648e+00
1.052789640375970521e+04 1.250471451890456942e+00
1.053789926440539421e+04 1.274127962693700100e+00
1.055790498569677220e+04 1.300695905097502436e+00
1.056790784634245938e+04 1.328422336121576564e+00
1.057791070698814838e+04 1.364784110141206375e+00
1.058791356763383737e+04 1.404667782697631706e+00
1.059791642827952455e+04 1.459582593475942103e+00
1.060791928892521537e+04 1.518346546857078261e+00
1.061792214957090255e+04 1.583809391876172867e+00
1.062792501021658973e+04 1.643743437128412976e+00
1.063792787086228054e+04 1.701975890996133556e+00
1.064793073150796772e+04 1.790284205653862815e+00
1.065793359215365854e+04 1.916687822969397992e+00
1.066793645279934572e+04 2.071180862457605354e+00
1.067793931344503289e+04 2.308642487236663765e+00
1.068794217409072371e+04 2.669972039279880249e+00
1.069794503473641089e+04 3.172876372750989660e+00
1.070794789538209989e+04 3.993483440866790524e+00
1.072795361667347606e+04 5.143288276474492271e+00
1.073795647731916688e+04 6.507737333534286961e+00
1.074795933796485406e+04 8.415739688971854093e+00
1.075796219861054306e+04 1.073894178599290505e+01
1.076796505925623205e+04 1.326549551940989069e+01
1.077796791990191923e+04 1.546070037905063366e+01
1.078797078054761005e+04 1.752543061683058667e+01
1.079797364119329723e+04 1.905338953892558607e+01
1.080797650183898440e+04 1.989281305375889985e+01
1.081797936248467522e+04 1.997600005231409881e+01
1.082798222313036240e+04 1.945307439940819094e+01
1.083798508377605322e+04 1.840541497109263958e+01
1.084798794442174039e+04 1.712638380855874942e+01
1.086799366571311839e+04 1.582265850636796500e+01
1.087799652635880557e+04 1.455325059466509785e+01
1.088799938700449638e+04 1.326950064245340499e+01
1.089800224765018356e+04 1.191453113109021977e+01
1.090800510829587074e+04 1.065718415643429573e+01
1.091800796894156156e+04 9.387669134406452898e+00
1.092801082958724874e+04 8.368064377938043918e+00
1.093801369023293773e+04 7.610409129651403148e+00
1.094801655087862673e+04 7.022600431760403161e+00
1.095801941152431391e+04 6.500478349952232726e+00
1.096802227217000473e+04 6.008073120770919040e+00
1.097802513281569190e+04 5.583006793479462715e+00
1.099803085410706990e+04 5.259977631407349641e+00
1.100803371475275708e+04 5.013016924216413983e+00
1.101803657539844789e+04 4.793720203770192256e+00
1.102803943604413507e+04 4.585035917206158551e+00
1.103804229668982225e+04 4.381144305136200678e+00
1.104804515733551307e+04 4.157317995309316672e+00
1.105804801798120025e+04 3.898516928187653274e+00
1.106805087862689106e+04 3.633883612121678652e+00
1.107805373927257824e+04 3.419792044475339576e+00
1.108805659991826542e+04 3.295431940891531575e+00
1.110806232120964341e+04 3.262083794596009501e+00
1.111806518185533241e+04 3.296645567945017508e+00
1.112806804250102141e+04 3.341826892955495065e+00
1.113807090314670859e+04 3.334873327745903282e+00
1.114807376379239940e+04 3.217976430450336878e+00
1.115807662443808658e+04 2.978259987559327193e+00
1.116807948508377558e+04 2.681295405392575937e+00
1.117808234572946458e+04 2.460319494833784315e+00
1.119808806702084257e+04 2.462705656428406442e+00
1.120809092766652975e+04 2.753022694674418069e+00
1.121809378831221693e+04 3.289002983270122638e+00
1.122809664895790775e+04 3.987365661074523615e+00
1.123809950960359492e+04 4.749744493755695629e+00
1.124810237024928574e+04 5.534447037893658994e+00
1.125810523089497292e+04 6.109314047389169389e+00
1.126810809154066010e+04 6.496500687278496500e+00
1.127811095218635091e+04 6.689732166852893513e+00
1.129811667347772709e+04 6.638383758726385864e+00
1.130811953412341609e+04 6.279497870061688580e+00
1.131812239476910327e+04 5.624924590262640578e+00
1.132812525541479408e+04 4.725204969327204019e+00
1.133812811606048126e+04 3.925860696136227457e+00
1.134813097670617026e+04 3.291927422949465942e+00
1.135813383735185926e+04 2.853963838111987616e+00
1.137813955864323725e+04 2.680715402797480440e+00
1.138814241928892443e+04 2.697193330317250837e+00
1.139814527993461343e+04 2.893442726309487512e+00
1.140814814058030242e+04 3.184784959187063613e+00
1.141815100122598960e+04 3.516473583686078097e+00
1.142815386187168042e+04 3.704213497248874276e+00
1.143815672251736760e+04 3.688356842249155054e+00
1.145816244380874559e+04 3.422822969705406670e+00
1.146816530445443277e+04 2.995989543922902509e+00
1.147816816510012359e+04 2.405931721354364061e+00
1.148817102574581077e+04 1.832298728960831680e+00
1.149817388639149794e+04 1.269963186523498377e+00
1.150817674703718876e+04 8.853468945814941815e-01
1.151817960768287594e+04 6.452208058729720364e-01
1.153818532897425393e+04 5.784051636684549580e-01
1.154818818961994111e+04 6.315706197004012923e-01
1.155819105026563193e+04 7.531276722380870758e-01
1.156819391091131911e+04 9.153936591187812333e-01
1.157819677155700811e+04 1.052758479257521751e+00
1.158819963220269710e+04 1.117510636555682613e+00
1.160820535349407510e+04 1.120184900441965503e+00
1.161820821413976228e+04 1.105298402071811736e+00
1.162821107478544945e+04 1.138115539948526767e+00
1.163821393543114027e+04 1.257256477035301856e+00
1.164821679607682745e+04 1.423142270253558994e+00
1.165821965672251827e+04 1.605425755337637650e+00
1.166822251736820544e+04 1.711260759104437978e+00
1.168822823865958344e+04 1.708735369778975777e+00
1.169823109930527062e+04 1.580250043368164325e+00
1.170823395995095962e+04 1.390464733194415992e+00
1.171823682059664861e+04 1.245026432565586649e+00
1.172823968124233579e+04 1.169798682955930147e+00
1.174824540253371379e+04 1.165260900495446172e+00
1.175824826317940278e+04 1.176124095664009328e+00
1.176825112382509178e+04 1.164820159957556722e+00
1.177825398447077896e+04 1.123290569652733106e+00
1.178825684511646978e+04 1.079657392876381516e+00
1.179825970576215695e+04 1.082357367560146999e+00
1.181826542705353495e+04 1.155202467961504942e+00
1.182826828769922213e+04 1.301291274565522738e+00
1.183827114834491294e+04 1.464594874349834486e+00
1.184827400899060012e+04 1.575802511241369164e+00
1.185827686963628730e+04 1.586159960928672730e+00
1.187828259092766530e+04 1.502627251845874756e+00
1.188828545157335611e+04 1.395791081136410705e+00
1.189828831221904329e+04 1.313693586359428345e+00
1.190829117286473047e+04 1.310296914748240171e+00
1.191829403351042129e+04 1.400464246097468113e+00
1.192829689415610846e+04 1.595023075078361163e+00
1.194830261544748646e+04 1.919181133467612765e+00
1.195830547609317364e+04 2.398270345049178243e+00
1.196830833673886445e+04 3.013091909766474785e+00
1.197831119738455163e+04 3.665535734846915084e+00
1.198831405803024063e+04 4.199802115243228329e+00
1.200831977932161681e+04 4.475924388626198791e+00
1.201832263996730762e+04 4.442739698802088633e+00
1.202832550061299480e+04 4.157416036377293622e+00
1.203832836125868198e+04 3.743820508427361471e+00
1.204833122190437280e+04 3.327137617434180683e+00
1.206833694319575079e+04 2.985667803558205158e+00
1.207833980384143797e+04 2.732180878703233340e+00
1.208834266448712515e+04 2.525145649547709148e+00
1.209834552513281596e+04 2.307124624967997306e+00
1.210834838577850314e+04 2.046977432473572556e+00
1.212835410706988114e+04 1.756051331231295309e+00
1.213835696771556832e+04 1.447347317785040666e+00
1.214835982836125913e+04 1.197673402552299926e+00
1.215836268900694631e+04 9.899469383797280253e-01
1.217836841029832431e+04 8.236859778899970896e-01
1.218837127094401148e+04 6.982038280933655638e-01
1.219837413158970230e+04 6.086899844779777302e-01
1.220837699223538948e+04 5.362869135515841990e-01
1.221837985288107848e+04 4.740656149453693624e-01
1.223838557417245465e+04 4.092682586650051024e-01
1.224838843481814547e+04 3.483503981754904055e-01
1.225839129546383265e+04 3.009880891976737805e-01
1.226839415610951983e+04 2.705892602097276223e-01
1.228839987740089782e+04 2.613199477396321302e-01
1.229840273804658864e+04 2.660284038666314577e-01
1.230840559869227582e+04 2.802430636462889812e-01
1.231840845933796300e+04 2.955321880544420354e-01
1.232841131998365381e+04 3.071152618034148074e-01
1.234841704127502999e+04 3.083139113441070167e-01
1.235841990192071898e+04 2.943235345783727364e-01
1.236842276256640616e+04 2.682512640569172380e-01
1.237842562321209698e+04 2.373091324274438085e-01
1.239843134450347316e+04 2.181353108883640757e-01
1.240843420514916215e+04 2.162016451032119646e-01
1.241843706579484933e+04 2.388820373046252887e-01
1.242843992644054015e+04 2.881200309812492755e-01
1.244844564773191451e+04 3.844377610965568626e-01
1.245844850837760532e+04 5.324656319289711170e-01
1.246845136902329250e+04 7.885946571498932967e-01
1.247845422966898332e+04 1.149028455110881808e+00
1.249845995096035767e+04 1.657094126554438329e+00
1.250846281160604849e+04 2.373093648487246909e+00
1.251846567225173567e+04 3.144064360395116609e+00
1.252846853289742467e+04 4.016588303211725552e+00
1.254847425418880084e+04 4.823387171462317546e+00
1.255847711483449166e+04 5.410598366602251019e+00
1.256847997548017884e+04 5.777640764689561337e+00
1.257848283612586783e+04 5.806623724075004489e+00
1.259848855741724401e+04 5.488372753964383399e+00
1.260849141806293483e+04 4.921660387752231358e+00
1.261849427870862201e+04 4.132927999610933156e+00
1.262849713935430918e+04 3.317522263385543457e+00
1.264850286064568718e+04 2.648225336245642492e+00
1.265850572129137799e+04 2.065042899883826166e+00
1.266850858193706517e+04 1.635425855047377919e+00
1.267851144258275235e+04 1.362429253136493212e+00
1.269851716387413035e+04 1.175446306294696708e+00
1.270852002451982116e+04 1.070184150122641009e+00
1.271852288516550834e+04 1.021448635689539808e+00
1.273852860645688634e+04 1.002417511516056958e+00
1.274853146710257352e+04 1.003922602752786331e+00
1.275853432774826251e+04 1.009332597795435271e+00
1.276853718839395151e+04 9.997478530884577053e-01
1.278854290968532951e+04 9.599254125736227383e-01
1.279854577033101668e+04 8.961118070981288763e-01
1.280854863097670568e+04 8.413755448656449198e-01
1.281855149162239468e+04 8.408751598383178427e-01
1.283855721291377267e+04 9.339456532664771604e-01
1.284856007355945985e+04 1.139756783349656910e+00
1.285856293420514703e+04 1.437315632193375325e+00
1.287856865549652503e+04 1.773989600270225120e+00
1.288857151614221584e+04 2.095698203366701318e+00
1.289857437678790302e+04 2.380357223468013927e+00
1.290857723743359020e+04 2.618141112461606301e+00
1.292858295872496819e+04 2.855887435711245814e+00
1.293858581937065719e+04 3.053356981044457630e+00
1.294858868001634619e+04 3.169211908633595698e+00
1.296859440130772418e+04 3.165673695817678102e+00
1.297859726195341136e+04 3.025747029305533964e+00
1.298860012259910036e+04 2.757849940322658178e+00
1.300860584389047654e+04 2.391755740256663376e+00
1.301860870453616735e+04 1.969060032941022387e+00
1.302861156518185453e+04 1.535810450369557323e+00
1.303861442582754171e+04 1.137313614627365910e+00
1.305862014711891970e+04 8.101034628919686620e-01
1.306862300776461052e+04 5.746379822172549279e-01
1.307862586841029770e+04 4.364091634647626061e-01
1.309863158970167569e+04 3.946066957139019449e-01
1.310863445034736287e+04 4.570752974216321096e-01
1.311863731099305369e+04 6.128223570211739357e-01
1.313864303228442805e+04 8.500169298407643792e-01
1.314864589293011886e+04 1.138415155706446358e+00
1.315864875357580604e+04 1.429312921441771245e+00
1.317865447486718404e+04 1.659549879834900654e+00
1.318865733551287121e+04 1.764942515011723057e+00
1.319866019615856203e+04 1.708068058207291795e+00
1.321866591744993821e+04 1.553614980115560540e+00
1.322866877809562720e+04 1.421596571127150765e+00
1.323867163874131438e+04 1.413160869464005431e+00
1.324867449938700520e+04 1.552007477098533483e+00
1.326868022067837956e+04 1.814032111983232332e+00
1.327868308132407037e+04 2.089597343299728127e+00
1.328868594196975755e+04 2.335618129916229080e+00
1.330869166326113555e+04 2.511593910886336101e+00
1.331869452390682272e+04 2.550617152184331271e+00
1.332869738455251354e+04 2.459636632567435921e+00
1.334870310584388972e+04 2.274819147654082219e+00
1.335870596648957871e+04 2.046581698997003596e+00
1.336870882713526589e+04 1.869216598123955908e+00
1.338871454842664389e+04 1.738073996226235929e+00
1.339871740907233288e+04 1.651128901101813762e+00
1.340872026971802188e+04 1.567084135668295852e+00
1.342872599100939988e+04 1.462044084416439294e+00
1.343872885165508706e+04 1.352243283550846664e+00
1.345873457294646505e+04 1.238173247924789999e+00
1.346873743359215223e+04 1.169293985514534562e+00
1.347874029423784305e+04 1.184849457978685239e+00
1.349874601552921740e+04 1.307990844820055898e+00
1.350874887617490822e+04 1.517658230404405062e+00
1.351875173682059540e+04 1.690702115911143277e+00
1.353875745811197339e+04 1.770367770133908225e+00
1.354876031875766057e+04 1.761581109553112423e+00
1.355876317940335139e+04 1.770799902068694420e+00
1.357876890069472756e+04 1.897103819596091867e+00
1.358877176134041656e+04 2.210725377494224819e+00
1.359877462198610374e+04 2.663193351238340778e+00
1.361878034327748173e+04 3.291407567429676106e+00
1.362878320392317073e+04 4.012649874245377113e+00
1.363878606456885973e+04 4.702963743284908738e+00
1.365879178586023772e+04 5.371342971527703014e+00
1.366879464650592490e+04 5.832963470252288118e+00
1.368880036779730290e+04 6.002946290080897640e+00
1.369880322844299008e+04 5.926972794365186203e+00
1.370880608908868089e+04 5.627453775921490653e+00
1.372881181038005525e+04 5.140757515728339833e+00
1.373881467102574607e+04 4.376927178725966705e+00
1.374881753167143324e+04 3.431400918223732166e+00
1.376882325296281124e+04 2.535003884598587387e+00
1.377882611360849842e+04 1.733840196260411304e+00
1.379883183489987641e+04 1.223604255678228281e+00
1.380883469554556541e+04 1.002429715912419361e+00
1.381883755619125441e+04 9.784270147192118960e-01
1.383884327748263240e+04 1.039943571133157718e+00
1.384884613812831958e+04 1.122989209154758194e+00
1.385884899877400676e+04 1.173814541392874222e+00
1.387885472006538475e+04 1.156056636785281810e+00
1.388885758071107557e+04 1.053288093730121000e+00
1.390886330200244993e+04 8.898308477524126126e-01
1.391886616264814074e+04 7.279388752475349778e-01
1.392886902329382792e+04 6.249751562113267100e-01
1.394887474458520592e+04 5.972339153582765237e-01
1.395887760523089310e+04 6.234199350758199420e-01
1.397888332652227109e+04 6.801976912365171879e-01
1.398888618716796009e+04 7.375666479336633330e-01
1.399888904781364909e+04 7.709200855663376206e-01
1.401889476910502708e+04 7.670289558867842139e-01
1.402889762975071426e+04 7.245295320801121708e-01
1.404890335104209225e+04 6.492035644122896576e-01
1.405890621168777943e+04 5.423895215594726205e-01
1.406890907233347025e+04 4.331195701091215544e-01
1.408891479362484461e+04 3.347118224421946064e-01
1.409891765427053542e+04 2.636248908744538433e-01
1.411892337556191342e+04 2.233348395722689894e-01
1.412892623620760060e+04 2.066936179876944502e-01
1.413892909685328777e+04 2.069185613066153173e-01
1.415893481814466577e+04 2.249568334942027847e-01
1.416893767879035477e+04 2.686211020054584120e-01
1.418894340008173094e+04 3.537159365126510968e-01
1.419894626072742176e+04 4.705876163987195993e-01
1.421895198201879793e+04 6.123319714748977072e-01
1.422895484266448693e+04 7.593179119109205732e-01
1.423895770331017411e+04 8.972977245709666816e-01
1.425896342460155211e+04 1.038143729819398953e+00
1.426896628524723928e+04 1.181384057381412944e+00
1.428897200653861728e+04 1.356175917768275951e+00
1.429897486718430810e+04 1.573413470457266428e+00
1.431898058847568245e+04 1.857254058903085259e+00
1.432898344912137327e+04 2.183688037244121194e+00
1.433898630976706045e+04 2.609391438532703500e+00
1.435899203105843844e+04 3.245978146197271652e+00
1.436899489170412562e+04 4.067474151828279538e+00
1.438900061299550362e+04 5.112393850603798917e+00
1.439900347364119261e+04 6.365874086219845296e+00
1.440900633428688161e+04 7.414847203937026343e+00
1.442901205557825961e+04 8.070165971802552463e+00
1.443901491622394678e+04 8.067094625599610325e+00
1.445902063751532478e+04 7.450048129623425552e+00
1.446902349816101196e+04 6.430992677529694390e+00
1.448902921945238995e+04 5.113389235529865573e+00
1.449903208009807713e+04 3.594405951956890721e+00
1.451903780138945513e+04 2.357251385652298303e+00
1.452904066203514594e+04 1.451345554314775965e+00
1.453904352268083312e+04 1.028157904533050671e+00
1.455904924397221112e+04 9.193516414192582920e-01
1.456905210461789829e+04 1.022322994628988457e+00
1.458905782590927629e+04 1.202415808061526370e+00
1.459906068655496347e+04 1.396984448201943785e+00
1.461906640784634146e+04 1.517644988156214847e+00
1.462906926849203046e+04 1.544301321134440963e+00
1.464907498978340664e+04 1.465583281333615151e+00
1.465907785042909745e+04 1.321420697304118264e+00
1.467908357172047181e+04 1.130826559770764517e+00
1.468908643236616263e+04 9.465746374464388824e-01
1.470909215365754062e+04 8.073279629525398349e-01
1.471909501430322780e+04 7.000455194295771566e-01
1.473910073559460579e+04 6.261596250918893825e-01
1.474910359624029297e+04 5.733842277304749269e-01
1.475910645688598197e+04 5.237555902154834575e-01
1.477911217817735815e+04 4.794841200036143447e-01
1.478911503882304896e+04 4.442562883073901681e-01
1.480912076011442514e+04 4.194268560219152620e-01
1.481912362076011414e+04 4.012621369592235809e-01
1.483912934205149213e+04 3.823089388891115492e-01
1.484913220269717931e+04 3.685305488241658600e-01
1.486913792398855730e+04 3.766654131960380791e-01
1.487914078463424448e+04 4.291529933161709609e-01
1.489914650592562248e+04 5.474491700589483312e-01
1.490914936657130966e+04 7.302602497213395161e-01
1.492915508786268765e+04 9.995999568444809968e-01
1.493915794850837847e+04 1.308954074343592566e+00
1.495916366979975282e+04 1.596097132967934762e+00
1.496916653044544364e+04 1.802979488905409600e+00
1.498917225173681982e+04 1.902770962810800714e+00
1.499917511238250881e+04 1.906380298573985499e+00
1.501918083367388681e+04 1.853886502466321806e+00
1.502918369431957399e+04 1.796882659214176448e+00
1.504918941561095198e+04 1.769814985170535371e+00
1.505919227625663916e+04 1.760292927042804045e+00
1.507919799754801716e+04 1.714147009635058394e+00
1.508920085819370433e+04 1.585211542040630972e+00
1.510920657948508233e+04 1.361585137489522257e+00
1.511920944013077315e+04 1.122397996834105793e+00
1.513921516142214750e+04 9.138710108685911271e-01
1.514921802206783832e+04 7.723321223389180146e-01
1.516922374335921450e+04 6.995997521965073851e-01
1.517922660400490349e+04 6.720985561226303640e-01
1.519923232529628149e+04 6.618004653364292222e-01
1.520923518594196867e+04 6.529028192390061713e-01
1.522924090723334666e+04 6.549630741207570495e-01
1.523924376787903384e+04 6.994358741263029255e-01
1.525924948917041183e+04 8.234429020952035438e-01
1.527925521046178983e+04 1.060554022796113216e+00
1.528925807110747701e+04 1.368671213991374591e+00
1.530926379239885500e+04 1.736495839051102719e+00
1.531926665304454218e+04 2.131174757999826586e+00
1.533927237433592018e+04 2.511028162434159494e+00
1.534927523498161099e+04 2.735026320550881795e+00
1.536928095627298535e+04 2.759385582035498885e+00
1.537928381691867617e+04 2.555348061586174779e+00
1.539928953821005234e+04 2.207061530918934089e+00
1.540929239885574134e+04 1.770892631226734792e+00
1.542929812014711933e+04 1.387070308738310942e+00
1.543930098079280651e+04 1.080191238305699075e+00
1.545930670208418451e+04 8.609342883208594976e-01
1.546930956272987169e+04 7.463760289524339342e-01
1.548931528402124968e+04 6.805378194458577834e-01
1.550932100531262768e+04 6.304728207677442464e-01
1.551932386595831485e+04 5.656865080369610777e-01
1.553932958724969285e+04 4.929909351947771023e-01
1.554933244789538003e+04 4.106077652496421537e-01
1.556933816918675802e+04 3.374802045590802879e-01
1.557934102983244702e+04 2.724395857620536820e-01
1.559934675112382320e+04 2.256319393207925628e-01
1.560934961176951401e+04 1.981034569472831242e-01
1.562935533306089019e+04 1.835750621891477918e-01
1.564936105435226636e+04 1.811230966877215021e-01
1.565936391499795718e+04 1.869926071360245579e-01
1.567936963628933154e+04 1.982982999789802137e-01
1.568937249693502235e+04 2.129810942709374211e-01
1.570937821822640035e+04 2.358402928052406866e-01
1.571938107887208753e+04 2.719059470121539812e-01
1.573938680016346552e+04 3.243616036789760404e-01
1.575939252145484170e+04 4.088910277749862043e-01
1.576939538210053070e+04 5.312259935391608900e-01
1.578940110339190869e+04 6.936067375891749043e-01
1.579940396403759587e+04 8.916200365139188566e-01
1.581940968532897386e+04 1.107454947506799847e+00
1.582941254597466104e+04 1.372972365542419082e+00
1.584941826726603904e+04 1.675951387473800791e+00
1.586942398855741703e+04 2.018196219652442114e+00
1.587942684920310421e+04 2.421860377231501715e+00
1.589943257049448221e+04 2.935562240891110619e+00
1.590943543114016938e+04 3.569408258783347332e+00
1.592944115243154738e+04 4.435879870792152957e+00
1.594944687372292537e+04 5.431867809234195654e+00
1.595944973436861255e+04 6.378333635726966655e+00
1.597945545565999055e+04 7.100364541317325084e+00
1.598945831630567955e+04 7.545209575079952380e+00
1.600946403759705572e+04 7.766495372204671455e+00
1.602946975888843372e+04 7.844479515163466310e+00
1.603947261953412271e+04 7.841887149053315298e+00
1.605947834082549889e+04 7.803303863896664083e+00
1.606948120147118971e+04 7.769822538294549830e+00
1.608948692276256406e+04 7.778064813815334766e+00
1.610949264405394206e+04 7.842305350560359045e+00
1.611949550469963287e+04 7.934663533405832858e+00
1.613950122599100723e+04 7.951499423394952082e+00
1.614950408663669805e+04 7.815936857764310908e+00
1.616950980792807422e+04 7.539818186887043083e+00
1.618951552921945040e+04 7.247063877719524427e+00
1.619951838986514122e+04 7.093784860806958470e+00
1.621952411115651739e+04 7.157881090326188911e+00
1.623952983244789357e+04 7.393400294258035466e+00
1.624953269309358438e+04 7.774121817927614586e+00
1.626953841438496056e+04 8.342949492928122268e+00
1.627954127503064956e+04 9.235656270222765585e+00
1.629954699632202755e+04 1.044047597075099354e+01
1.631955271761340191e+04 1.204276745944264526e+01
1.632955557825909273e+04 1.392824164944710041e+01
1.634956129955047072e+04 1.596330103495025199e+01
1.636956702084184508e+04 1.764672712992673809e+01
1.637956988148753589e+04 1.893422296963757390e+01
1.639957560277891025e+04 1.981737166897988800e+01
1.640957846342460107e+04 2.030448823801044611e+01
1.642958418471597543e+04 2.069581569215858607e+01
1.644958990600735706e+04 2.110751461944542129e+01
1.645959276665304060e+04 2.155386820761385991e+01
1.647959848794442223e+04 2.177808591940476646e+01
1.649960420923579659e+04 2.157977779628696524e+01
1.650960706988148740e+04 2.077739070221239004e+01
1.652961279117286176e+04 1.946234881628861046e+01
1.654961851246424339e+04 1.796201221244891499e+01
1.655962137310992694e+04 1.623832666084758358e+01
1.657962709440130857e+04 1.452788756714500273e+01
1.659963281569268293e+04 1.262126315508616869e+01
1.660963567633837374e+04 1.077705519149751190e+01
1.662964139762974810e+04 8.868377285005044186e+00
1.664964711892112973e+04 7.170683827779791741e+00
1.665964997956681327e+04 5.887020176985062747e+00
1.667965570085819490e+04 4.888888476622602397e+00
1.669966142214956926e+04 4.192037535756278466e+00
1.670966428279526008e+04 3.698195718212516692e+00
1.672967000408663444e+04 3.238601708731328355e+00
1.674967572537801607e+04 2.781112893135189612e+00
1.675967858602369961e+04 2.354126875663325791e+00
1.677968430731508124e+04 1.959901091461352163e+00
1.679969002860645560e+04 1.665542599501150134e+00
1.680969288925214641e+04 1.439436561059466824e+00
1.682969861054352077e+04 1.220752038256107008e+00
1.684970433183489877e+04 1.000000000000000000e+00
1.685970719248058595e+04 7.706169606328155952e-01
1.687971291377196758e+04 5.800561531380954428e-01
1.689971863506334194e+04 4.419101045851359655e-01
1.690972149570903275e+04 3.484021712677083382e-01
1.692972721700040711e+04 2.896212661627066698e-01
1.694973293829178510e+04 2.590328928582418255e-01
1.696973865958316310e+04 2.495414392531554171e-01
1.697974152022885028e+04 2.565071146144770053e-01
1.699974724152022827e+04 2.785563884542128776e-01
1.701975296281160263e+04 3.098834212069184746e-01
1.702975582345729345e+04 3.382921072263290196e-01
1.704976154474867144e+04 3.535284936502947062e-01
1.706976726604004944e+04 3.518852860906892532e-01
1.707977012668573661e+04 3.340850276118319528e-01
1.709977584797711461e+04 3.050431170656257018e-01
1.711978156926848897e+04 2.731698391274306470e-01
1.713978729055987060e+04 2.449467968880648105e-01
1.714979015120555414e+04 2.217063616813489957e-01
1.716979587249693577e+04 2.020908276229146927e-01
1.718980159378831013e+04 1.836816348786931841e-01
1.719980445443400095e+04 1.674366117156988742e-01
1.721981017572537530e+04 1.523191214281823525e-01
1.723981589701675694e+04 1.395241336058907211e-01
1.725982161830813129e+04 1.289922708844574717e-01
1.726982447895382211e+04 1.172262170141619847e-01
1.728983020024519647e+04 1.036911721454785024e-01
1.730983592153657446e+04 9.150124158685624121e-02
1.732984164282795246e+04 8.820958789005380052e-02
1.733984450347364327e+04 1.002082530096036345e-01
1.735985022476501763e+04 1.282469900589962852e-01
1.737985594605639199e+04 1.712352316270092101e-01
1.738985880670208280e+04 2.163871322834577116e-01
1.740986452799346080e+04 2.590399511127934318e-01
1.742987024928483879e+04 2.996411785108994419e-01
1.744987597057621315e+04 3.352439193855475952e-01
1.745987883122190397e+04 3.698318711266309622e-01
1.747988455251327832e+04 3.954603560090729775e-01
1.749989027380465996e+04 4.075791117059133217e-01
1.751989599509603431e+04 3.979245940852925711e-01
1.752989885574172513e+04 3.632145553880468669e-01
1.754990457703309949e+04 3.136146731745119709e-01
1.756991029832447748e+04 2.559160228448503771e-01
1.758991601961585548e+04 2.059619165501986038e-01
1.759991888026154629e+04 1.609668399297179697e-01
1.761992460155292065e+04 1.250359672491627716e-01
1.763993032284429864e+04 9.396225186449357059e-02
1.765993604413567664e+04 7.178312686439146384e-02
1.766993890478136382e+04 5.927421042714068472e-02
1.768994462607274181e+04 5.235251163048650763e-02
1.770995034736411617e+04 4.834676525935379526e-02
1.772995606865549780e+04 4.533414617167746269e-02
1.774996178994687216e+04 4.272371765174036440e-02
1.775996465059256298e+04 4.142576779398592784e-02
1.777997037188393733e+04 4.266777698932874147e-02
1.779997609317531533e+04 4.777939904308563246e-02
1.781998181446669332e+04 5.966725115822434783e-02
1.782998467511238414e+04 8.108306560934810947e-02
1.784999039640375850e+04 1.155989050833167858e-01
1.786999611769513649e+04 1.677087794072977811e-01
1.789000183898651449e+04 2.416224771333375654e-01
1.790000469963220166e+04 3.326406790366224220e-01
1.792001042092357966e+04 4.477373826416258251e-01
1.794001614221495402e+04 5.727482483630552679e-01
1.796002186350633565e+04 6.956305761865267945e-01
1.798002758479771001e+04 8.053178905585507419e-01
1.799003044544340082e+04 8.921321977366963862e-01
1.801003616673477518e+04 9.500392486904821743e-01
1.803004188802615317e+04 9.815887368417446357e-01
1.805004760931753117e+04 9.952037546539130863e-01
1.807005333060890553e+04 9.939477157248156614e-01
1.808005619125459634e+04 9.691838231368299361e-01
1.810006191254597434e+04 9.080259799633024764e-01
1.812006763383735233e+04 8.013265181077958710e-01
1.814007335512872669e+04 6.752270972914918845e-01
1.816007907642010468e+04 5.474548904273197625e-01
1.818008479771148268e+04 4.337186672517676644e-01
1.819008765835717350e+04 3.375087990460640119e-01
1.821009337964854785e+04 2.574686694727102432e-01
1.823009910093992585e+04 1.924944767404764834e-01
1.825010482223130384e+04 1.526367757420454829e-01
1.827011054352267820e+04 1.331908890399702838e-01
1.828011340416836902e+04 1.292449950884578813e-01
1.830011912545974337e+04 1.338507975083531587e-01
1.832012484675112501e+04 1.383549543811089522e-01
1.834013056804249936e+04 1.373761672711299453e-01
1.836013628933387736e+04 1.290538771244851557e-01
1.838014201062525535e+04 1.162568618552658611e-01
1.839014487127094253e+04 1.018268299997072412e-01
1.841015059256232053e+04 8.926705740301214831e-02
1.843015631385369488e+04 8.480286904071229759e-02
1.845016203514507652e+04 9.188613688823221715e-02
1.847016775643645087e+04 1.100967517650651567e-01
1.849017347772782887e+04 1.355103213966636078e-01
1.851017919901920686e+04 1.617006601949403932e-01
1.852018205966489768e+04 1.774013044293822061e-01
1.854018778095627204e+04 1.793800677468153359e-01
1.856019350224764639e+04 1.683989421549006160e-01
1.858019922353902803e+04 1.484803654695904529e-01
1.860020494483040238e+04 1.261625408660841108e-01
1.862021066612178038e+04 1.068655845748128774e-01
1.864021638741315837e+04 9.093375789302131362e-02
1.865021924805884919e+04 8.168716143804850838e-02
1.867022496935022355e+04 7.952684621975247836e-02
1.869023069064160154e+04 8.641887724891288147e-02
1.871023641193297954e+04 1.036650065734261716e-01
1.873024213322435389e+04 1.388374584143721446e-01
1.875024785451573553e+04 1.998305378914766450e-01
1.877025357580710988e+04 2.943151006478721410e-01
1.878025643645280070e+04 4.157968084145847176e-01
1.880026215774417506e+04 5.659697510307821755e-01
1.882026787903555305e+04 7.119885766418867501e-01
1.884027360032693105e+04 8.239883616517793552e-01
1.886027932161830540e+04 8.867829868933011506e-01
1.888028504290968704e+04 9.052605669571919256e-01
1.890029076420106139e+04 8.980913144830233730e-01
1.892029648549243939e+04 8.860465502980218178e-01
1.894030220678381738e+04 8.864638043936537981e-01
1.895030506742950456e+04 9.015997252607832468e-01
1.897031078872088256e+04 9.177411729058757572e-01
1.899031651001225691e+04 9.128188472669511722e-01
1.901032223130363855e+04 8.675062893934782915e-01
1.903032795259501290e+04 7.802554287180567538e-01
1.905033367388639090e+04 6.738702256268807034e-01
1.907033939517776889e+04 5.800373062076323860e-01
1.909034511646914325e+04 5.158038451878163011e-01
1.911035083776052488e+04 4.762346102768565959e-01
1.913035655905189924e+04 4.454308368171443488e-01
1.915036228034327723e+04 4.072017653044922580e-01
1.916036514098896441e+04 3.589901313605017297e-01
1.918037086228034241e+04 3.031058053716184642e-01
1.920037658357172040e+04 2.515792772327135607e-01
1.922038230486309476e+04 2.165962100426532255e-01
1.924038802615447639e+04 2.021771454711740468e-01
1.926039374744585075e+04 2.043940691823326328e-01
1.928039946873722874e+04 2.131075287909885985e-01
1.930040519002860674e+04 2.218534252494493153e-01
1.932041091131998110e+04 2.282473086788280869e-01
1.934041663261136273e+04 2.309513696451775955e-01
1.936042235390273709e+04 2.303478832979817259e-01
1.938042807519411144e+04 2.270891009382770831e-01
1.940043379648549308e+04 2.232449981688513219e-01
1.941043665713118025e+04 2.203270601871956391e-01
1.943044237842255825e+04 2.195623035741796625e-01
1.945044809971393261e+04 2.218941004051483146e-01
1.947045382100531424e+04 2.271442646993580561e-01
1.949045954229668860e+04 2.322192995732251519e-01
1.951046526358806659e+04 2.339048332505196393e-01
1.953047098487944459e+04 2.300106119311132735e-01
1.955047670617081894e+04 2.209608246746153637e-01
1.957048242746220058e+04 2.105691157469797015e-01
1.959048814875357493e+04 2.008013086330186769e-01
1.961049387004494929e+04 1.940030746542413254e-01
1.963049959133633092e+04 1.901266702384009633e-01
1.965050531262770528e+04 1.916045831574628155e-01
1.967051103391908327e+04 2.032057342543203693e-01
1.969051675521046127e+04 2.366747867454176979e-01
1.971052247650183563e+04 3.057451878501959430e-01
1.973052819779321726e+04 4.136057930900903234e-01
1.975053391908459162e+04 5.676431830717351135e-01
1.977053964037596961e+04 7.389175382840150741e-01
1.979054536166734761e+04 8.916023407992172967e-01
1.981055108295872196e+04 9.931225555538223393e-01
1.983055680425010360e+04 1.037552390227892252e+00
1.985056252554147795e+04 1.005960620177464238e+00
1.987056824683285595e+04 8.965268604560695520e-01
1.989057396812423394e+04 7.301135817207019540e-01
1.991057968941560830e+04 5.467861648544279918e-01
1.993058541070698993e+04 3.866025685962045100e-01
1.995059113199836429e+04 2.769160222369473345e-01
1.997059685328973865e+04 2.082787722725677748e-01
1.999060257458112028e+04 1.766481925920095619e-01
2.001060829587249464e+04 1.674138071226653757e-01
2.003061401716387263e+04 1.683621637990841413e-01
2.005061973845525063e+04 1.711974346023205362e-01
2.007062545974662498e+04 1.713569841738081245e-01
2.009063118103800662e+04 1.673677857030064775e-01
2.011063690232938097e+04 1.607382173570587602e-01
2.013064262362075897e+04 1.530414694697216083e-01
2.015064834491213696e+04 1.453637677790999838e-01
2.017065406620351132e+04 1.373408443879323149e-01
2.019065978749489295e+04 1.274020514332040721e-01
2.021066550878626731e+04 1.147695980610482780e-01
2.023067123007764530e+04 1.000038987691058701e-01
2.025067695136902330e+04 8.683600455080855984e-02
2.027068267266039766e+04 7.630059568756647481e-02
2.029068839395177929e+04 6.922468114220088620e-02
2.031069411524315365e+04 6.564664298726204106e-02
2.033069983653453164e+04 6.568105182585676216e-02
2.035070555782590964e+04 6.840709569997499573e-02
2.037071127911728399e+04 7.242966220481251993e-02
2.039071700040866199e+04 7.548898237283420409e-02
2.041072272170003998e+04 7.705932741787950568e-02
2.043072844299141434e+04 7.698948532086266616e-02
2.045073416428279597e+04 7.465629337026277734e-02
2.047073988557417033e+04 6.941681662178796064e-02
2.049074560686554833e+04 6.279928110633430094e-02
2.051075132815692632e+04 5.611966868719534679e-02
2.053075704944830068e+04 5.150806840154040223e-02
2.055076277073968231e+04 4.950648959066639154e-02
2.057076849203105667e+04 5.124916534312190519e-02
2.059077421332243466e+04 5.811053909159937664e-02
2.061077993461381266e+04 7.020520189354478857e-02
2.064078851655087783e+04 8.880127534630907760e-02
2.066079423784225219e+04 1.130145144209909192e-01
2.068079995913363382e+04 1.403606836965010374e-01
2.070080568042500818e+04 1.709090374963285475e-01
2.072081140171638617e+04 1.986935459816652205e-01
2.074081712300776417e+04 2.183057657928317574e-01
2.076082284429913852e+04 2.285494069267602901e-01
2.078082856559052016e+04 2.258029323923545495e-01
2.080083428688189451e+04 2.088483379807657137e-01
2.082084000817327251e+04 1.808907858674267399e-01
2.084084572946465050e+04 1.437119192561615855e-01
2.086085145075602486e+04 1.052843121489551587e-01
2.088085717204740649e+04 7.236677857753780196e-02
2.091086575398447167e+04 4.899453997610531131e-02
2.093087147527584602e+04 3.534474264093519918e-02
2.095087719656722402e+04 2.902858864659418198e-02
2.097088291785860201e+04 2.706601034382844981e-02
2.099088863914997637e+04 2.691124915191233508e-02
2.101089436044135800e+04 2.693398499994824336e-02
2.103090008173273236e+04 2.679644993324406532e-02
2.105090580302411036e+04 2.727286668373366321e-02
2.107091152431548835e+04 2.956513438608583330e-02
2.109091724560686271e+04 3.455822044414950250e-02
2.112092582754392788e+04 4.208996501511814980e-02
2.114093154883530951e+04 5.072601183486142445e-02
2.116093727012668387e+04 5.859703964618166727e-02
2.118094299141806187e+04 6.451623467936735967e-02
2.120094871270943986e+04 6.818812900543215483e-02
2.122095443400081422e+04 6.984604266775694403e-02
2.124096015529219585e+04 6.987043683804333716e-02
2.126096587658357021e+04 6.884465632840773563e-02
2.128097159787494820e+04 6.674692107407630137e-02
2.131098017981201338e+04 6.321526358855479588e-02
2.133098590110339137e+04 5.879681951819040742e-02
2.135099162239476573e+04 5.385297995673644228e-02
2.137099734368614736e+04 4.851373260128953591e-02
2.139100306497752172e+04 4.345581919059849502e-02
2.141100878626889971e+04 3.874732292828055036e-02
2.143101450756027771e+04 3.470852418613978863e-02
2.145102022885165206e+04 3.194214532057826350e-02
2.148102881078871724e+04 3.002196664488972211e-02
2.150103453208009887e+04 2.893499805435031588e-02
2.152104025337147323e+04 2.850912499562112054e-02
2.154104597466285122e+04 2.869207993587070959e-02
2.156105169595422922e+04 2.951390475723764117e-02
2.158105741724560357e+04 3.146611061138621102e-02
2.161106599918266875e+04 3.603056176252437959e-02
2.163107172047405038e+04 4.462942378841133761e-02
2.165107744176542474e+04 5.737289328797706006e-02
2.167108316305680273e+04 7.527945225518879735e-02
2.169108888434818073e+04 9.589454568911226495e-02
2.171109460563955508e+04 1.204999079528035894e-01
2.174110318757662390e+04 1.480055309692809296e-01
2.176110890886800189e+04 1.775922085473763123e-01
2.178111463015937625e+04 2.052825498961870776e-01
2.180112035145075788e+04 2.296425768129337630e-01
2.182112607274213224e+04 2.450900962969659314e-01
2.184113179403350659e+04 2.485424965687925147e-01
2.187114037597057541e+04 2.389214141769055166e-01
2.189114609726195340e+04 2.192373508187503983e-01
2.191115181855332776e+04 1.914035651099242064e-01
2.193115753984470939e+04 1.598900021592505882e-01
2.195116326113608375e+04 1.281163168222335391e-01
2.198117184307314892e+04 1.000015118126599684e-01
2.200117756436452692e+04 7.853485499295563554e-02
2.202118328565590491e+04 6.420702750995940788e-02
2.204118900694727927e+04 5.574333131088252818e-02
2.206119472823866090e+04 5.142555960051214958e-02
2.209120331017572607e+04 4.955210191076812182e-02
2.211120903146710043e+04 4.864323514437096652e-02
2.213121475275847843e+04 4.780773745286191062e-02
2.215122047404985642e+04 4.685547460702678413e-02
2.217122619534123078e+04 4.619803073208350597e-02
2.220123477727829595e+04 4.612492154217361778e-02
2.222124049856967758e+04 4.667843378068355087e-02
2.224124621986105194e+04 4.759961371946364039e-02
2.226125194115242994e+04 4.864016051322343076e-02
2.229126052308949875e+04 4.962594384666613873e-02
2.231126624438087310e+04 5.068211773569932660e-02
2.233127196567225110e+04 5.185388416262705358e-02
2.235127768696362909e+04 5.309484597187833638e-02
2.237128340825500345e+04 5.410377853338793619e-02
2.240129199019206862e+04 5.482305801896029951e-02
2.242129771148345026e+04 5.511087534653984904e-02
2.244130343277482461e+04 5.495333496114661320e-02
2.246130915406620261e+04 5.439119032071762505e-02
2.249131773600326778e+04 5.375357001436639054e-02
2.251132345729464578e+04 5.330547082299910006e-02
2.253132917858602013e+04 5.313321514260667400e-02
2.255133489987740177e+04 5.302499180014811492e-02
2.258134348181446694e+04 5.287743401036071322e-02
2.260134920310584130e+04 5.271913987693107456e-02
2.262135492439721929e+04 5.248206475665538606e-02
2.264136064568859729e+04 5.192582239232240715e-02
2.267136922762566246e+04 5.089763255744274989e-02
2.269137494891704046e+04 4.975298905892820006e-02
2.271138067020841845e+04 4.865914306454006966e-02
2.274138925214548362e+04 4.748434108888701516e-02
2.276139497343685798e+04 4.587822622130321298e-02
2.278140069472823961e+04 4.395886175211131952e-02
2.280140641601961397e+04 4.181440848835948909e-02
2.283141499795667914e+04 3.966105896290659377e-02
2.285142071924805714e+04 3.745928082023993605e-02
2.287142644053943513e+04 3.512822584450114166e-02
2.289143216183080949e+04 3.279607341888347155e-02
2.292144074376787830e+04 3.046210741481159348e-02
2.294144646505925630e+04 2.848481963057784491e-02
2.296145218635063065e+04 2.689435988269167285e-02
2.299146076828769583e+04 2.552206745988055622e-02
2.301146648957907746e+04 2.426079983214931082e-02
2.303147221087045182e+04 2.321263990806898478e-02
2.306148079280751699e+04 2.258193035207074068e-02
2.308148651409889499e+04 2.248748132890392160e-02
2.310149223539027298e+04 2.286882955557887481e-02
2.312149795668164734e+04 2.352171417040781892e-02
2.315150653861871615e+04 2.427922457126801409e-02
2.317151225991009414e+04 2.503872191873012312e-02
2.319151798120146850e+04 2.596060171682262538e-02
2.322152656313853367e+04 2.716221293706248818e-02
2.324153228442991531e+04 2.852822188142569576e-02
2.326153800572128966e+04 2.973848393606527696e-02
2.329154658765835484e+04 3.031384828067160489e-02
2.331155230894973283e+04 3.019665800520562882e-02
2.333155803024111083e+04 2.965347421751915458e-02
2.336156661217817600e+04 2.953864549741633261e-02
2.338157233346955400e+04 3.164730245467332892e-02
2.340157805476093199e+04 3.889473115599757780e-02
2.343158663669799716e+04 5.250145715709819000e-02
2.345159235798937152e+04 7.158458976093465265e-02
2.347159807928075315e+04 9.331394168473050588e-02
2.350160666121781833e+04 1.118854236485331693e-01
2.352161238250919268e+04 1.257609831265387723e-01
2.354161810380057068e+04 1.306477480185175843e-01
2.357162668573763949e+04 1.242021085954644888e-01
2.359163240702901385e+04 1.077065644935480820e-01
2.362164098896607902e+04 8.460370927646715389e-02
2.364164671025745702e+04 6.156490748239952515e-02
2.366165243154883501e+04 4.348510085375474621e-02
2.369166101348590018e+04 3.031523688355789933e-02
2.371166673477727454e+04 2.253044488302646808e-02
2.373167245606865617e+04 1.883805710326084265e-02
2.376168103800572135e+04 1.753192184130327250e-02
2.378168675929709570e+04 1.775070792205158191e-02
2.381169534123416088e+04 1.876121484319678498e-02
2.383170106252554251e+04 2.007686927506570698e-02
2.385170678381691687e+04 2.151179944547546019e-02
2.388171536575398204e+04 2.258549329329460550e-02
2.390172108704536004e+04 2.284634156187344625e-02
2.392172680833673803e+04 2.216851995316650170e-02
2.395173539027380320e+04 2.087215058694870742e-02
2.397174111156518120e+04 1.952022002037584816e-02
2.400174969350224637e+04 1.865535674920579257e-02
2.402175541479362437e+04 1.864240596274518644e-02
2.404176113608499872e+04 1.961450798490768990e-02
2.407176971802206390e+04 2.147516437850367776e-02
2.409177543931344553e+04 2.386549907299599302e-02
2.412178402125051070e+04 2.616343983589142566e-02
2.414178974254188506e+04 2.781958031064100598e-02
2.416179546383326669e+04 2.892574304877632702e-02
2.419180404577033187e+04 3.036959593446891120e-02
2.421180976706170622e+04 3.349300967239073751e-02
2.424181834899877140e+04 3.875585152672077899e-02
2.426182407029014939e+04 4.590604663592542239e-02
2.429183265222721820e+04 5.357632658569611017e-02
2.431183837351859256e+04 6.009561151859824785e-02
2.433184409480997056e+04 6.334048620809268337e-02
2.436185267674703573e+04 6.309171653864772966e-02
2.438185839803841372e+04 5.965023908784372608e-02
2.441186697997547890e+04 5.413676546597386008e-02
2.443187270126685326e+04 4.711611786099730720e-02
2.446188128320392207e+04 3.907588640720375400e-02
2.448188700449530006e+04 3.197535746140505591e-02
2.451189558643236523e+04 2.641128713022854527e-02
2.453190130772373959e+04 2.290052448583851721e-02
2.455190702901512122e+04 2.027230612833696641e-02
2.458191561095218640e+04 1.794952970867847580e-02
2.460192133224356076e+04 1.559996728518102220e-02
2.463192991418062593e+04 1.361414561937620421e-02
2.465193563547200756e+04 1.219055325421591722e-02
2.468194421740907273e+04 1.108637520712452140e-02
2.470194993870044709e+04 1.018987179035945288e-02
2.473195852063751227e+04 9.445545170353279729e-03
2.475196424192889390e+04 8.754431627038709168e-03
2.478197282386595907e+04 8.072986786680648452e-03
2.480197854515733343e+04 7.338348325272136229e-03
2.483198712709439860e+04 6.411620354840893467e-03
2.485199284838577660e+04 5.233264972869010670e-03
2.487199856967715459e+04 3.784136173313512857e-03
