3.463807396349698593e+03 1.920356852713286155e+00
3.483900267509318837e+03 1.874355837951621417e+00
3.503993138668938627e+03 1.904406027382142597e+00
3.524086009828558417e+03 1.939237380875176830e+00
3.544178880988178662e+03 1.955663090042822017e+00
3.564271752147798907e+03 1.956624075009145702e+00
3.584364623307418697e+03 1.927809887632947250e+00
3.604457494467038487e+03 1.921009223969247115e+00
3.624550365626658731e+03 1.907348384203878311e+00
3.644643236786278976e+03 1.852986949430723174e+00
3.664736107945898766e+03 1.892835416949252059e+00
3.684828979105518556e+03 1.991115538988761591e+00
3.704921850265138801e+03 2.002672942854637483e+00
3.725014721424759045e+03 2.023185228020469850e+00
3.745107592584378835e+03 2.018857065783838944e+00
3.765200463743998625e+03 1.954467260265568385e+00
3.785293334903618870e+03 1.852146591810813980e+00
3.805386206063239115e+03 1.831577446571935219e+00
3.825479077222858905e+03 1.746334416479965679e+00
3.845571948382478695e+03 1.707436600756079947e+00
3.865664819542098940e+03 1.700617536310723876e+00
3.885757690701719184e+03 1.781738128220437423e+00
3.905850561861338974e+03 1.829159318625797059e+00
3.925943433020958764e+03 1.862552427239096087e+00
3.946036304180579009e+03 1.848503237042853575e+00
3.966129175340198799e+03 1.812135887971134451e+00
3.986222046499819044e+03 1.724131690736261602e+00
4.006314917659438834e+03 1.736086894083050947e+00
4.026407788819059078e+03 1.757536569218908662e+00
4.046500659978678868e+03 1.764780509370438066e+00
4.066593531138299113e+03 1.737443136680570044e+00
4.086686402297918903e+03 1.748532121849445842e+00
4.106779273457539603e+03 1.715763147857193527e+00
4.126872144617158483e+03 1.674663813989250238e+00
4.146965015776779182e+03 1.619028857249626308e+00
4.167057886936399882e+03 1.550277679675579057e+00
4.187150758096018762e+03 1.468132169753366689e+00
4.207243629255639462e+03 1.406864197749984724e+00
4.227336500415258342e+03 1.398337894415574434e+00
4.247429371574879042e+03 1.478459926189215512e+00
4.267522242734499741e+03 1.558774751738228881e+00
4.287615113894118622e+03 1.566825010826484066e+00
4.307707985053739321e+03 1.591505487469501823e+00
4.327800856213359111e+03 1.576534103143940602e+00
4.347893727372978901e+03 1.546257247027670312e+00
4.367986598532599601e+03 1.502577272604425307e+00
4.388079469692218481e+03 1.483280709952772503e+00
4.408172340851839181e+03 1.444844405725565162e+00
4.428265212011459880e+03 1.404235041019625152e+00
4.448358083171078761e+03 1.406547405914441384e+00
4.468450954330699460e+03 1.413097365835273234e+00
4.488543825490318341e+03 1.428595244598137137e+00
4.508636696649939040e+03 1.428714711534897042e+00
4.528729567809559740e+03 1.409948898155944930e+00
4.548822438969178620e+03 1.397951920061611508e+00
4.568915310128799320e+03 1.386791210524597417e+00
4.589008181288420019e+03 1.377812292167522878e+00
4.609101052448038899e+03 1.349423035755100475e+00
4.629193923607659599e+03 1.334841935876503127e+00
4.649286794767278479e+03 1.302422466220516606e+00
4.669379665926899179e+03 1.267406055016469635e+00
4.689472537086519878e+03 1.208579695440318957e+00
4.709565408246138759e+03 1.152134883277404542e+00
4.729658279405759458e+03 1.112717148770922204e+00
4.749751150565380158e+03 1.195036167565209695e+00
4.769844021724999038e+03 1.296655838073740519e+00
4.789936892884619738e+03 1.356862919365348974e+00
4.810029764044238618e+03 1.389498169959378027e+00
4.830122635203859318e+03 1.390984544210953189e+00
4.850215506363480017e+03 1.400134098044768960e+00
4.870308377523098898e+03 1.365105585425758772e+00
4.890401248682719597e+03 1.322308351203596244e+00
4.910494119842340297e+03 1.302136397612003060e+00
4.930586991001959177e+03 1.265992123481865850e+00
4.950679862161579877e+03 1.236934415851133950e+00
4.970772733321198757e+03 1.224015354142687251e+00
4.990865604480819457e+03 1.188275952466592456e+00
5.010958475640440156e+03 1.167301216424838417e+00
5.031051346800059036e+03 1.157886149810665843e+00
5.051144217959679736e+03 1.141356832638199315e+00
5.071237089119299526e+03 1.128870216927478021e+00
5.091329960278919316e+03 1.124912777946500908e+00
5.111422831438540015e+03 1.118134714642252892e+00
5.131515702598158896e+03 1.105502826694370944e+00
5.151608573757779595e+03 1.103985325835267206e+00
5.171701444917400295e+03 1.097948371970950410e+00
5.191794316077019175e+03 1.089028540568305781e+00
5.211887187236639875e+03 1.093767858048391162e+00
5.231980058396258755e+03 1.078459214471294336e+00
5.252072929555879455e+03 1.069791435097020127e+00
5.272165800715500154e+03 1.051119460178755238e+00
5.292258671875119035e+03 1.045647636867459207e+00
5.312351543034739734e+03 1.038071863760966274e+00
5.332444414194360434e+03 1.035168850352261583e+00
5.352537285353979314e+03 1.020378854632902232e+00
5.372630156513600014e+03 1.023919087662942928e+00
5.392723027673218894e+03 1.013404201355985190e+00
5.412815898832839594e+03 1.000000000000000000e+00
5.432908769992460293e+03 9.900658434672692243e-01
5.453001641152079173e+03 9.814380595457363743e-01
5.473094512311699873e+03 9.742331754677044930e-01
5.493187383471319663e+03 9.634315519352419921e-01
5.513280254630939453e+03 9.544994422933059663e-01
5.533373125790560152e+03 9.538492095065643772e-01
5.553465996950179033e+03 9.424169530589926458e-01
5.573558868109799732e+03 9.428841726660169842e-01
5.593651739269420432e+03 9.355730945273628141e-01
5.613744610429039312e+03 9.214576891459587138e-01
5.633837481588660012e+03 9.143864897858285934e-01
5.653930352748279802e+03 9.035186344909235112e-01
5.674023223907899592e+03 8.867678061670282164e-01
5.694116095067520291e+03 8.532110355864320761e-01
5.714208966227139172e+03 8.336414838007947248e-01
5.734301837386759871e+03 8.366495529635088468e-01
5.754394708546380571e+03 8.610786019890650511e-01
5.774487579705999451e+03 8.918659941470153951e-01
5.794580450865620151e+03 9.248924188354091802e-01
5.814673322025239941e+03 9.300426760542997995e-01
5.834766193184859731e+03 9.274329755258056140e-01
5.854859064344480430e+03 8.837632955939197510e-01
5.874951935504099310e+03 9.077197484477214084e-01
5.895044806663720010e+03 9.080942236945894752e-01
5.915137677823340709e+03 8.879559827663252580e-01
5.935230548982959590e+03 8.828325475877232265e-01
5.955323420142580289e+03 8.671333598529303854e-01
5.975416291302200079e+03 8.593851830264140901e-01
5.995509162461819869e+03 8.547465946300564221e-01
6.015602033621440569e+03 8.468482552685514531e-01
6.035694904781059449e+03 8.421748324795325091e-01
6.055787775940680149e+03 8.345177975426978367e-01
6.075880647100299939e+03 8.273350662375369424e-01
6.095973518259919729e+03 8.258874551941658426e-01
6.116066389419540428e+03 8.245867464872314034e-01
6.136159260579159309e+03 8.093368859477503285e-01
6.156252131738780008e+03 8.080769573515138582e-01
6.176345002898400708e+03 8.030926773934679019e-01
6.196437874058019588e+03 7.903399244914807165e-01
6.216530745217640288e+03 7.958397247269589636e-01
6.236623616377260078e+03 7.915110264915833360e-01
6.256716487536879868e+03 7.985536079393418252e-01
6.276809358696500567e+03 7.905852074635362214e-01
6.296902229856119448e+03 7.833558884736472328e-01
6.316995101015740147e+03 7.760069257226699380e-01
6.337087972175360846e+03 7.595924117453063396e-01
6.357180843334979727e+03 7.353981909533989780e-01
6.377273714494600426e+03 7.321532213969396130e-01
6.397366585654220216e+03 7.686677048870261819e-01
6.417459456813840006e+03 8.124413133178289836e-01
6.437552327973460706e+03 8.670723112536092847e-01
6.457645199133079586e+03 9.038043605023011740e-01
6.477738070292700286e+03 9.112353200097345063e-01
6.497830941452320985e+03 9.169522384172372753e-01
6.517923812611939866e+03 9.017715935507371050e-01
6.538016683771560565e+03 9.071830203024223716e-01
6.558109554931180355e+03 9.161686745612503957e-01
6.578202426090800145e+03 9.099250959436372410e-01
6.598295297250420845e+03 8.726195888212169294e-01
6.618388168410039725e+03 8.529701013876991311e-01
6.638481039569660425e+03 8.362844383545162685e-01
6.658573910729281124e+03 8.084599920010202556e-01
6.678666781888900005e+03 7.914300298977338111e-01
6.698759653048520704e+03 7.740684890244560190e-01
6.718852524208139585e+03 7.634981627648380620e-01
6.738945395367760284e+03 7.393215359935895181e-01
6.759038266527380983e+03 7.283644120417301915e-01
6.779131137686999864e+03 7.209884614776570499e-01
6.799224008846620563e+03 7.090686561510749497e-01
6.819316880006240353e+03 7.046642771032173291e-01
6.839409751165860143e+03 7.013767315639765076e-01
6.859502622325480843e+03 6.872832413477522051e-01
6.879595493485099723e+03 6.797179285054262277e-01
6.899688364644720423e+03 6.699950604676485622e-01
6.919781235804341122e+03 6.738631036991854506e-01
6.939874106963960003e+03 6.796498400875373713e-01
6.959966978123580702e+03 6.737832343604284180e-01
6.980059849283200492e+03 6.703503336976228688e-01
7.000152720442820282e+03 6.687309157163360274e-01
7.020245591602440982e+03 6.659631010838431564e-01
7.040338462762059862e+03 6.594799586560408100e-01
7.060431333921680562e+03 6.598649715277191685e-01
7.080524205081301261e+03 6.556910664144275369e-01
7.100617076240920142e+03 6.471729522567186699e-01
7.120709947400540841e+03 6.388635405381626331e-01
7.140802818560160631e+03 6.239357489352703734e-01
7.160895689719780421e+03 6.289436128380938573e-01
7.180988560879401120e+03 6.278344269816729106e-01
7.201081432039020001e+03 6.125832236824492183e-01
7.221174303198640700e+03 6.098523211284744283e-01
7.241267174358261400e+03 6.066577022994783519e-01
7.261360045517880280e+03 5.973847195587981274e-01
7.281452916677500980e+03 6.063563770668948250e-01
7.301545787837120770e+03 6.078031702977478856e-01
7.321638658996740560e+03 5.987179197360446015e-01
7.341731530156361259e+03 5.914940325684884259e-01
7.361824401315980140e+03 5.927028092020243388e-01
