5.962420417245670251e+03 1.317152796850945551e+00
5.982484797519188760e+03 1.209265288871387511e+00
6.002549177792707269e+03 1.145899769702440230e+00
6.022613558066224869e+03 1.077413329807484832e+00
6.042677938339742468e+03 1.060984948051524990e+00
6.062742318613260977e+03 9.769395990805362917e-01
6.082806698886779486e+03 9.666752175204356146e-01
6.102871079160297086e+03 1.000415361438546258e+00
6.122935459433815595e+03 1.021228034005253971e+00
6.142999839707334104e+03 1.117577884106341513e+00
6.163064219980851703e+03 1.234986429655991369e+00
6.183128600254369303e+03 1.459090255340578901e+00
6.203192980527887812e+03 1.695680821327009147e+00
6.223257360801406321e+03 2.271571950494824854e+00
6.243321741074923921e+03 2.961399968990566123e+00
6.263386121348442430e+03 2.851705415750136030e+00
6.283450501621960939e+03 2.676671884941476787e+00
6.303514881895478538e+03 2.781681452737781779e+00
6.323579262168996138e+03 3.028969458105588153e+00
6.343643642442514647e+03 2.778975680614149901e+00
6.363708022716033156e+03 2.573868370276810591e+00
6.383772402989550756e+03 2.406549790930905708e+00
6.403836783263069265e+03 2.200251211902481074e+00
6.423901163536587774e+03 2.065567831601797355e+00
6.443965543810105373e+03 1.853474046911911755e+00
6.464029924083622973e+03 1.787830538096163879e+00
6.484094304357141482e+03 1.586145487573470625e+00
6.504158684630659991e+03 1.472004298542484602e+00
6.524223064904177591e+03 1.361108885075614117e+00
6.544287445177695190e+03 1.261609174763960839e+00
6.564351825451214609e+03 1.197455231388836694e+00
6.584416205724732208e+03 1.167140224745979227e+00
6.604480585998249808e+03 1.157597606221338449e+00
6.624544966271768317e+03 1.097738752378161431e+00
6.644609346545286826e+03 1.031881352323997803e+00
6.664673726818804425e+03 9.696169414137991716e-01
6.684738107092322025e+03 9.003351714072110878e-01
6.704802487365841444e+03 8.529034944313224065e-01
6.724866867639359043e+03 8.318908383524639127e-01
6.744931247912876643e+03 8.291866008744890326e-01
6.764995628186395152e+03 8.627945734354084406e-01
6.785060008459913661e+03 8.221194617096078128e-01
6.805124388733431260e+03 7.394364944204360190e-01
6.825188769006948860e+03 7.126160677688012646e-01
6.845253149280468278e+03 7.251673591035828759e-01
6.865317529553985878e+03 8.024794502553963538e-01
6.885381909827503478e+03 7.251256359247888472e-01
6.905446290101021987e+03 7.517196064266932209e-01
6.925510670374540496e+03 8.271552096016641098e-01
6.945575050648058095e+03 9.319522769321800792e-01
6.965639430921575695e+03 1.003204579919765749e+00
6.985703811195095113e+03 1.060146647861502478e+00
7.005768191468612713e+03 1.057340164616644040e+00
7.025832571742130312e+03 1.060636775318140490e+00
7.045896952015648822e+03 1.079133092096627555e+00
7.065961332289167331e+03 1.140779808129967821e+00
7.086025712562684930e+03 1.126803022810733301e+00
7.106090092836202530e+03 1.113824716321949237e+00
7.126154473109721948e+03 1.192520386448714387e+00
7.146218853383239548e+03 1.321094917881830089e+00
7.166283233656757147e+03 1.411107640573901811e+00
7.186347613930275656e+03 1.587146843864527535e+00
7.206411994203794166e+03 1.887038665733026699e+00
7.226476374477311765e+03 2.201970015038088757e+00
7.246540754750829365e+03 2.568467376718437389e+00
7.266605135024348783e+03 2.634144455907927895e+00
7.286669515297866383e+03 2.612467586005739140e+00
7.306733895571383982e+03 2.610737273027705641e+00
7.326798275844902491e+03 2.456162966707925221e+00
7.346862656118421000e+03 2.138417460929720182e+00
7.366927036391938600e+03 1.756032680087430853e+00
7.386991416665456200e+03 1.609280270849611894e+00
7.407055796938975618e+03 1.354077330506899823e+00
7.427120177212493218e+03 1.181440244806675199e+00
7.447184557486010817e+03 1.120034276310744481e+00
7.467248937759529326e+03 1.014523550792143292e+00
7.487313318033047835e+03 9.370755475843502991e-01
7.507377698306565435e+03 8.602787137118047545e-01
7.527442078580083034e+03 6.562495878637152336e-01
7.547506458853602453e+03 7.894904971623681877e-01
7.567570839127120053e+03 7.136027490107651472e-01
7.587635219400637652e+03 7.259313248946047681e-01
7.607699599674156161e+03 6.671644193939118006e-01
7.627763979947674670e+03 7.570930722785972344e-01
7.647828360221192270e+03 8.063185581965688353e-01
7.667892740494709869e+03 8.629144676273452497e-01
7.687957120768229288e+03 1.111280081992281010e+00
7.708021501041746887e+03 1.426437311954952269e+00
7.728085881315264487e+03 1.513610460605190555e+00
7.748150261588782996e+03 1.435990001591715526e+00
7.768214641862301505e+03 1.314960171868803762e+00
7.788279022135819105e+03 1.381955128016064238e+00
7.808343402409336704e+03 1.334858771116184784e+00
7.828407782682856123e+03 1.341821266630343512e+00
7.848472162956373722e+03 1.270470794278399707e+00
7.868536543229891322e+03 9.890541878106069440e-01
7.888600923503409831e+03 8.559395990325786574e-01
7.908665303776928340e+03 8.421825557883261260e-01
7.928729684050445940e+03 8.267944239992874866e-01
7.948794064323963539e+03 7.789726113228362392e-01
7.968858444597482958e+03 7.215119290644574912e-01
7.988922824871000557e+03 6.942587323376072650e-01
8.008987205144518157e+03 6.421742015610319987e-01
8.029051585418036666e+03 6.359489594119315248e-01
8.049115965691555175e+03 6.031103718595095531e-01
8.069180345965072775e+03 5.691535551577306951e-01
8.089244726238590374e+03 5.128431857344710743e-01
8.109309106512109793e+03 4.834628742119534417e-01
8.129373486785627392e+03 4.725431989564026214e-01
8.149437867059144992e+03 5.093446252560760446e-01
8.169502247332663501e+03 5.135643732778099046e-01
8.189566627606182010e+03 4.811604261499975443e-01
8.209631007879699609e+03 4.887230640313156016e-01
8.229695388153217209e+03 4.639582952369538660e-01
8.249759768426736628e+03 4.856736271959160578e-01
8.269824148700254227e+03 4.904017745491390801e-01
8.289888528973771827e+03 4.830271307607780229e-01
8.309952909247291245e+03 5.183912175298353020e-01
8.330017289520808845e+03 5.859950443414282395e-01
8.350081669794326444e+03 7.358499316051592132e-01
8.370146050067844044e+03 1.000000000000000000e+00
8.390210430341363463e+03 1.092020278999539684e+00
8.410274810614881062e+03 1.281843477748765059e+00
8.430339190888398662e+03 1.470561731625100288e+00
8.450403571161918080e+03 1.825832201172478797e+00
8.470467951435435680e+03 2.244904604747455235e+00
8.490532331708953279e+03 2.521493791471101087e+00
8.510596711982470879e+03 2.786902125431481192e+00
8.530661092255990297e+03 2.540543539839569043e+00
8.550725472529507897e+03 2.529957362268310028e+00
8.570789852803025497e+03 2.721278758839979162e+00
8.590854233076544915e+03 3.087361286616226330e+00
8.610918613350062515e+03 3.291070630675581477e+00
8.630982993623580114e+03 3.393116893623974395e+00
8.651047373897097714e+03 3.266671683039657381e+00
8.671111754170617132e+03 3.342634724743796859e+00
8.691176134444134732e+03 3.092557021318002253e+00
8.711240514717652331e+03 2.782054563463088659e+00
8.731304894991171750e+03 2.515018545952973916e+00
8.751369275264689350e+03 2.144159913146729046e+00
8.771433655538206949e+03 1.821242651505134980e+00
8.791498035811724549e+03 1.590206543642757042e+00
8.811562416085243967e+03 1.591546960708611014e+00
8.831626796358761567e+03 1.366530980011767982e+00
8.851691176632279166e+03 1.255855212704525714e+00
8.871755556905798585e+03 1.188247357448083852e+00
8.891819937179316184e+03 9.118323530064835758e-01
8.911884317452833784e+03 9.025993972007775312e-01
8.931948697726351384e+03 8.267108337686691621e-01
8.952013077999870802e+03 7.309418470486774844e-01
8.972077458273388402e+03 6.810104241285814819e-01
8.992141838546906001e+03 6.910222605627862613e-01
9.012206218820425420e+03 6.383233919467263817e-01
9.032270599093943019e+03 7.198682756083563117e-01
9.052334979367460619e+03 6.174085695284882158e-01
9.072399359640978219e+03 6.512240069991351854e-01
9.092463739914497637e+03 6.520080190990489299e-01
9.112528120188015237e+03 7.371584088582816552e-01
9.132592500461532836e+03 7.762251639780873846e-01
9.152656880735050436e+03 8.422830750788460330e-01
9.172721261008569854e+03 9.518175455942025076e-01
9.192785641282087454e+03 1.154593537348167720e+00
9.212850021555605053e+03 1.135688621163559731e+00
9.232914401829124472e+03 1.058771221691602538e+00
9.252978782102642072e+03 9.818813499261140887e-01
9.273043162376159671e+03 1.042513569264960971e+00
9.293107542649677271e+03 1.046925675528238342e+00
9.313171922923196689e+03 9.729049197334762589e-01
9.333236303196714289e+03 8.999226394715946764e-01
9.353300683470231888e+03 7.894328520348850020e-01
9.373365063743751307e+03 8.501458321014205843e-01
9.393429444017268906e+03 8.760252332193810831e-01
9.413493824290786506e+03 7.484698024177288689e-01
9.433558204564304106e+03 6.604056960483689620e-01
9.453622584837823524e+03 5.496380418324262607e-01
9.473686965111341124e+03 5.460781914431132034e-01
9.493751345384858723e+03 5.266428153956995706e-01
9.513815725658378142e+03 5.082612133800575860e-01
9.533880105931895741e+03 4.135708907260835510e-01
9.553944486205413341e+03 4.324311103559376201e-01
9.574008866478930941e+03 4.998455523019468827e-01
9.594073246752450359e+03 3.791079287036239198e-01
9.614137627025967959e+03 3.207519725352140361e-01
9.634202007299485558e+03 3.181158349582592915e-01
9.654266387573004977e+03 2.182342856241253071e-01
9.674330767846522576e+03 3.984658531030463857e-01
9.694395148120040176e+03 3.882709622165922969e-01
9.714459528393557775e+03 3.907712356952441346e-01
9.734523908667077194e+03 4.923472256651837964e-01
9.754588288940594794e+03 3.097403144556091781e-01
9.774652669214112393e+03 3.574693290275013369e-01
9.794717049487631812e+03 3.771713018001058293e-01
9.814781429761149411e+03 3.986175911923616755e-01
9.834845810034667011e+03 3.664188070057917135e-01
9.854910190308184610e+03 3.818012318312941078e-01
9.874974570581704029e+03 3.382664038394148642e-01
9.895038950855221628e+03 3.062959941096463079e-01
