5.961567768513985357e+03 1.283208355077763319e+00
5.981631484690447905e+03 1.159209779053496314e+00
6.001695200866911364e+03 1.046603620215809327e+00
6.021758917043374822e+03 1.019082456712706808e+00
6.041822633219837371e+03 1.002750547287181604e+00
6.061886349396300830e+03 9.403840577480439000e-01
6.081950065572764288e+03 1.046616661779476543e+00
6.102013781749226837e+03 1.107064105602431736e+00
6.122077497925691205e+03 1.144163074972485150e+00
6.142141214102153754e+03 1.284287340696790292e+00
6.162204930278617212e+03 1.412532372115751000e+00
6.182268646455080670e+03 2.028168962423383181e+00
6.202332362631543219e+03 2.567048410895655497e+00
6.222396078808006678e+03 4.449585899787401821e+00
6.242459794984470136e+03 7.275605123459796708e+00
6.262523511160932685e+03 7.435722921383619344e+00
6.282587227337397053e+03 7.107251781854579953e+00
6.302650943513859602e+03 7.797929937052041183e+00
6.322714659690323060e+03 7.866080258190356389e+00
6.342778375866786519e+03 7.135504088020773850e+00
6.362842092043249068e+03 6.490335895660970245e+00
6.382905808219712526e+03 4.968963116216430720e+00
6.402969524396175984e+03 4.018464408859542480e+00
6.423033240572638533e+03 3.603834382737697517e+00
6.443096956749102901e+03 2.767458527318102490e+00
6.463160672925565450e+03 2.481092279862989969e+00
6.483224389102028908e+03 2.108863637614070363e+00
6.503288105278492367e+03 1.827678762649043387e+00
6.523351821454954916e+03 1.690991152725472846e+00
6.543415537631418374e+03 1.685442374933951770e+00
6.563479253807881832e+03 1.563675740266663450e+00
6.583542969984344381e+03 1.339806703649009112e+00
6.603606686160808749e+03 1.236082868540834268e+00
6.623670402337271298e+03 1.133770171376335290e+00
6.643734118513734757e+03 8.971713459729180329e-01
6.663797834690198215e+03 9.085091516116418076e-01
6.683861550866660764e+03 8.875395398814073245e-01
6.703925267043124222e+03 8.274352522024450707e-01
6.723988983219587681e+03 7.838874333734021649e-01
6.744052699396050230e+03 7.710995688744336496e-01
6.764116415572514597e+03 7.474833348174905190e-01
6.784180131748977146e+03 7.950520307446712343e-01
6.804243847925440605e+03 6.489473929812341613e-01
6.824307564101904063e+03 6.258679007789684778e-01
6.844371280278366612e+03 6.875518478571182035e-01
6.864434996454830070e+03 5.891956350701502698e-01
6.884498712631293529e+03 6.691658921540118987e-01
6.904562428807756078e+03 6.416524720793367331e-01
6.924626144984220446e+03 7.641620683267899006e-01
6.944689861160682995e+03 8.391577839693505902e-01
6.964753577337146453e+03 9.976625034870900688e-01
6.984817293513609911e+03 1.073471482888959105e+00
7.004881009690072460e+03 1.068479213072048406e+00
7.024944725866535919e+03 1.024993952993721535e+00
7.045008442042999377e+03 1.169022231179240645e+00
7.065072158219461926e+03 1.252055727416647724e+00
7.085135874395926294e+03 1.327961703448291120e+00
7.105199590572388843e+03 1.378750646729104412e+00
7.125263306748852301e+03 1.342013988299679772e+00
7.145327022925315759e+03 1.623413641516350703e+00
7.165390739101778308e+03 1.916388497585374662e+00
7.185454455278241767e+03 2.218645075271218570e+00
7.205518171454705225e+03 3.050112004616713612e+00
7.225581887631167774e+03 4.051253752760888283e+00
7.245645603807632142e+03 4.681574939983335959e+00
7.265709319984094691e+03 5.243675503888321821e+00
7.285773036160558149e+03 5.225463164001534544e+00
7.305836752337021608e+03 5.248416316055775077e+00
7.325900468513484157e+03 4.917097428835345951e+00
7.345964184689947615e+03 4.056712869802198362e+00
7.366027900866411073e+03 3.141199175854686221e+00
7.386091617042873622e+03 2.479909369283490594e+00
7.406155333219337990e+03 1.974341131033684471e+00
7.426219049395800539e+03 1.590166620240058615e+00
7.446282765572263997e+03 1.320015519460764120e+00
7.466346481748727456e+03 1.154650326130790328e+00
7.486410197925190005e+03 1.132851148686663922e+00
7.506473914101653463e+03 1.035264184381627039e+00
7.526537630278116922e+03 8.971772554314546566e-01
7.546601346454579470e+03 9.656397590000544984e-01
7.566665062631043838e+03 7.612256787573509209e-01
7.586728778807506387e+03 7.676902188476271149e-01
7.606792494983969846e+03 7.386573547185091293e-01
7.626856211160433304e+03 8.128719010748490792e-01
7.646919927336895853e+03 7.001481643897250473e-01
7.666983643513359311e+03 8.595896349727463193e-01
7.687047359689822770e+03 1.123423932125181990e+00
7.707111075866285319e+03 1.705595870062825536e+00
7.727174792042749687e+03 1.769756695365578558e+00
7.747238508219212235e+03 1.546250377237417872e+00
7.767302224395675694e+03 1.478540820196165617e+00
7.787365940572139152e+03 1.573181409984580448e+00
7.807429656748601701e+03 1.562802363049826671e+00
7.827493372925065160e+03 1.462307333821440958e+00
7.847557089101528618e+03 1.382042011359609690e+00
7.867620805277991167e+03 1.000000000000000000e+00
7.887684521454455535e+03 8.642550506002480981e-01
7.907748237630918084e+03 7.274455835661626235e-01
7.927811953807381542e+03 7.865039989713465962e-01
7.947875669983845000e+03 8.974535735616530063e-01
7.967939386160307549e+03 6.911032286632375898e-01
7.988003102336771008e+03 6.995680185809679541e-01
8.008066818513234466e+03 6.615596039195604794e-01
8.028130534689697015e+03 7.030237272911226132e-01
8.048194250866161383e+03 7.616713334407904101e-01
8.068257967042623932e+03 6.966823688451716512e-01
8.088321683219087390e+03 4.939967033372342775e-01
8.108385399395550849e+03 5.327735513828438796e-01
8.128449115572013397e+03 5.283542952695599038e-01
8.148512831748476856e+03 4.629706195985766048e-01
8.168576547924940314e+03 6.179773472114589161e-01
8.188640264101402863e+03 4.525279950409454299e-01
8.208703980277867231e+03 4.959278736321386383e-01
8.228767696454329780e+03 4.327461844765860266e-01
8.248831412630792329e+03 3.623803258230907653e-01
8.268895128807256697e+03 5.038624424770249410e-01
8.288958844983719246e+03 4.912347446818439156e-01
8.309022561160181795e+03 4.375656535749065101e-01
8.329086277336646162e+03 5.992745222661265414e-01
8.349149993513108711e+03 8.755319276837143505e-01
8.369213709689573079e+03 9.114321939557651353e-01
8.389277425866035628e+03 1.214336061125808941e+00
8.409341142042499996e+03 1.350682348875277272e+00
8.429404858218962545e+03 1.614573295319892132e+00
8.449468574395425094e+03 2.084604291448789670e+00
8.469532290571889462e+03 2.523923627788067225e+00
8.489596006748352011e+03 2.877162530690976716e+00
8.509659722924814560e+03 3.549059815335533941e+00
8.529723439101278927e+03 3.246283612847325806e+00
8.549787155277741476e+03 3.110575954168684376e+00
8.569850871454204025e+03 2.825140955869183124e+00
8.589914587630668393e+03 3.381933195812761195e+00
8.609978303807130942e+03 3.760233297272051356e+00
8.630042019983593491e+03 3.927008405899107046e+00
8.650105736160057859e+03 3.736780897858676731e+00
8.670169452336520408e+03 4.023650468161569016e+00
8.690233168512984776e+03 3.712393173801047830e+00
8.710296884689447324e+03 3.259141779525438043e+00
8.730360600865911692e+03 2.767130450482099491e+00
8.750424317042374241e+03 2.204401242453468690e+00
8.770488033218836790e+03 2.151110152918447316e+00
8.790551749395301158e+03 1.962947694974942925e+00
8.810615465571763707e+03 1.786712765877237707e+00
8.830679181748226256e+03 1.425844344454594514e+00
8.850742897924690624e+03 1.423760954658762401e+00
8.870806614101153173e+03 1.333551032351840249e+00
8.890870330277615722e+03 1.002059751961685619e+00
8.910934046454080089e+03 8.135596397838604776e-01
8.930997762630542638e+03 7.114423622999368479e-01
8.951061478807005187e+03 7.597534084839855373e-01
8.971125194983469555e+03 6.889220271399014717e-01
8.991188911159932104e+03 5.946614766677255082e-01
9.011252627336396472e+03 6.948483989544742556e-01
9.031316343512859021e+03 6.107226717599406607e-01
9.051380059689323389e+03 4.367130613501645775e-01
9.071443775865785938e+03 6.147259223696847075e-01
9.091507492042248487e+03 6.321918365109578941e-01
9.111571208218712854e+03 6.537868319739201795e-01
9.131634924395175403e+03 7.033978571488248566e-01
9.151698640571637952e+03 6.377473388587451275e-01
9.171762356748102320e+03 8.236102023337470435e-01
9.191826072924564869e+03 9.267671369712640050e-01
9.211889789101027418e+03 1.111493754211762885e+00
9.231953505277491786e+03 1.152963277605780767e+00
9.252017221453954335e+03 9.639668727980899021e-01
9.272080937630416884e+03 7.729997654556284292e-01
9.292144653806881252e+03 1.416116560605470864e+00
9.312208369983343800e+03 8.302279807971124637e-01
9.332272086159808168e+03 9.315315869728636455e-01
9.352335802336270717e+03 7.406318270802771941e-01
9.372399518512735085e+03 7.035055519362952703e-01
9.392463234689197634e+03 8.492071238726434101e-01
9.412526950865660183e+03 5.943154676816807536e-01
9.432590667042124551e+03 7.493415538656316155e-01
9.452654383218587100e+03 6.746066694964142352e-01
9.472718099395049649e+03 7.664902931030301847e-01
9.492781815571514016e+03 5.522405304493002154e-01
9.512845531747976565e+03 5.556001595146256022e-01
9.532909247924439114e+03 5.902487413362753621e-01
9.552972964100903482e+03 2.063900809127138247e-01
9.573036680277366031e+03 4.433335907683661481e-01
9.593100396453828580e+03 3.907189304613636338e-01
9.613164112630292948e+03 3.732503672524706273e-01
9.633227828806755497e+03 5.622051001887562460e-01
9.653291544983219865e+03 7.189320915591128625e-01
9.673355261159682414e+03 4.459845942453692369e-01
9.693418977336146781e+03 4.935156937897907659e-01
9.713482693512609330e+03 6.794363273163498418e-01
9.733546409689071879e+03 2.401685459084437479e-01
9.753610125865536247e+03 9.209970601462652562e-02
9.773673842041998796e+03 8.435990477213229921e-01
9.793737558218461345e+03 3.962007275969879894e-01
9.813801274394925713e+03 9.219085431819419307e-01
9.833864990571388262e+03 5.105741609536806891e-01
9.853928706747850811e+03 -2.819105157184464971e-01
9.873992422924315179e+03 6.992711192331071413e-01
9.894056139100777727e+03 -5.740462286752604643e-02
