2.948898258585114036e+03 2.483269691955636347e+02
2.968928251110622114e+03 1.936748944466650002e+01
2.988958243636130646e+03 -6.358384952080956332e+00
3.008988236161639179e+03 2.955672289940776687e-01
3.029018228687147257e+03 6.936627705706931435e-01
3.049048221212655335e+03 3.234707524692592706e-01
3.069078213738163868e+03 4.283922105147786735e-02
3.089108206263672400e+03 1.756587122249629596e-01
3.109138198789180478e+03 1.387169801880487330e-01
3.129168191314689011e+03 2.264256101782732289e-01
3.149198183840197089e+03 9.018771912367906651e-01
3.169228176365705622e+03 1.169469076247286576e+00
3.369528101620789130e+03 8.741377630131352827e-01
3.389558094146297208e+03 9.151952561759613136e-01
3.409588086671805286e+03 8.319528775442901480e-01
3.429618079197313818e+03 8.893748350268567693e-01
3.449648071722822351e+03 8.913690460170554664e-01
3.469678064248330429e+03 8.869424727980464995e-01
3.489708056773838962e+03 9.960322373093135617e-01
3.509738049299347040e+03 9.201600987298740320e-01
3.529768041824855572e+03 9.602700840720310715e-01
3.549798034350364105e+03 7.804057453741005679e-01
3.569828026875872183e+03 8.750125275779729872e-01
3.589858019401380261e+03 1.016501082203313588e+00
3.609888011926888794e+03 1.067996079143637145e+00
3.629918004452397327e+03 9.584426340481599915e-01
3.649947996977905404e+03 9.677406985392855709e-01
3.669977989503413937e+03 9.628669003985909081e-01
3.690007982028922015e+03 9.771138644185667355e-01
3.710037974554430548e+03 9.507850094348360148e-01
3.730067967079939081e+03 1.030874462621372611e+00
3.750097959605447159e+03 1.219481474384300546e+00
3.770127952130955236e+03 1.109681194350960576e+00
3.790157944656463769e+03 1.084149285565364496e+00
3.810187937181972302e+03 1.142737595801048167e+00
3.830217929707480380e+03 1.027445943276767304e+00
3.850247922232988913e+03 1.036234599922089217e+00
3.870277914758496991e+03 1.149739198254489780e+00
3.890307907284005523e+03 1.108603630406229890e+00
3.910337899809513601e+03 1.294797657636404198e+00
3.930367892335022134e+03 1.307846331589391786e+00
3.950397884860530212e+03 1.415487382633575431e+00
3.970427877386038745e+03 1.354731641209346416e+00
3.990457869911547277e+03 1.421127419988442053e+00
4.010487862437055355e+03 1.431932792408536326e+00
4.030517854962563888e+03 1.469832079960370796e+00
4.050547847488071966e+03 1.612402709740106577e+00
4.070577840013580499e+03 1.512302043121730222e+00
4.090607832539088577e+03 1.480843020002652333e+00
4.110637825064597564e+03 1.398006957823214158e+00
4.130667817590105187e+03 1.452193250174309336e+00
4.150697810115613720e+03 1.540814938747768981e+00
4.170727802641122253e+03 1.591161063872423398e+00
4.190757795166629876e+03 1.567250627378541816e+00
4.210787787692139318e+03 1.574888412922093250e+00
4.230817780217646941e+03 1.603731447073539762e+00
4.250847772743155474e+03 1.496038619645712942e+00
4.270877765268664007e+03 1.430537905874943228e+00
4.290907757794171630e+03 1.531351651202701225e+00
4.310937750319681072e+03 1.572131448652463126e+00
4.330967742845188695e+03 1.547068090506964033e+00
4.350997735370697228e+03 1.444364763494963011e+00
4.371027727896205761e+03 1.456569123548344891e+00
4.391057720421713384e+03 1.469442988126854921e+00
4.411087712947221917e+03 1.454490378640693526e+00
4.431117705472730449e+03 1.396945285639799472e+00
4.451147697998238073e+03 1.492007238646015699e+00
4.471177690523747515e+03 1.553234606535112583e+00
4.491207683049255138e+03 1.581037499276540359e+00
4.511237675574763671e+03 1.561324538319983413e+00
4.531267668100272203e+03 1.579912260047860784e+00
4.551297660625779827e+03 1.728771926209118126e+00
4.571327653151289269e+03 1.825394347649093252e+00
4.591357645676796892e+03 1.827932928359990772e+00
4.611387638202305425e+03 1.851378915313470319e+00
4.631417630727813957e+03 1.936591052128411539e+00
4.651447623253321581e+03 1.787248994115588241e+00
4.671477615778831023e+03 1.669864755472186824e+00
4.691507608304338646e+03 1.588112408887021321e+00
4.711537600829847179e+03 1.732133802683687662e+00
4.731567593355355712e+03 1.676395756735684639e+00
4.751597585880863335e+03 1.630082550523113127e+00
4.771627578406371867e+03 1.569972732300768392e+00
4.791657570931880400e+03 1.547507933449199458e+00
4.811687563457388023e+03 1.604847971465368506e+00
4.831717555982897466e+03 1.655246898248589282e+00
4.851747548508405089e+03 1.550574018108302976e+00
4.871777541033913622e+03 1.476002184450752264e+00
4.891807533559422154e+03 1.640583416290890328e+00
4.911837526084929777e+03 1.963041094608114712e+00
4.931867518610439220e+03 1.880244505513236186e+00
4.951897511135946843e+03 1.550413562582755755e+00
4.971927503661455376e+03 1.441356094231582619e+00
4.991957496186963908e+03 1.628873238750696117e+00
5.011987488712471531e+03 1.976069263062630421e+00
5.032017481237980064e+03 1.992428037106544814e+00
5.052047473763488597e+03 1.816221212907411342e+00
5.072077466288997130e+03 1.677943409232897753e+00
5.092107458814505662e+03 1.501597147644151198e+00
5.112137451340013286e+03 1.441164367820864767e+00
5.132167443865521818e+03 1.539674320395235219e+00
5.152197436391030351e+03 1.693407630905948702e+00
5.172227428916538884e+03 1.816842529511128790e+00
5.192257421442047416e+03 1.810386885954517577e+00
5.212287413967555040e+03 1.814391097168738920e+00
5.232317406493063572e+03 1.834838154970612312e+00
5.252347399018572105e+03 1.856370466279143372e+00
5.272377391544079728e+03 1.805050842614506434e+00
5.292407384069588261e+03 1.916480797138949477e+00
5.312437376595096794e+03 1.926332151242610147e+00
5.332467369120605326e+03 1.932778567324908492e+00
5.352497361646113859e+03 1.791614102102925932e+00
5.372527354171621482e+03 1.602371419887349990e+00
5.392557346697130015e+03 1.550609390093168116e+00
5.412587339222638548e+03 1.592641560862138927e+00
5.432617331748147080e+03 1.604004170203224389e+00
5.452647324273655613e+03 1.641230364767698457e+00
5.472677316799163236e+03 1.637378919517097797e+00
5.492707309324671769e+03 1.612249943776486116e+00
5.512737301850180302e+03 1.648321678776957677e+00
5.532767294375688834e+03 1.529876793225065201e+00
5.552797286901197367e+03 1.437287290697173203e+00
5.572827279426704990e+03 1.285097018946516734e+00
5.592857271952213523e+03 1.094054466602515152e+00
5.612887264477722056e+03 1.008465438725648866e+00
5.632917257003229679e+03 1.019663696496476701e+00
5.652947249528738212e+03 9.803216420721154734e-01
5.672977242054246744e+03 1.035738879496516107e+00
5.693007234579755277e+03 1.050564867529609758e+00
5.713037227105263810e+03 9.701438404327726861e-01
5.733067219630771433e+03 8.951127861369295724e-01
5.753097212156279966e+03 7.597418419258804567e-01
5.773127204681788498e+03 7.178611555268752387e-01
5.793157197207297031e+03 6.662849568126005817e-01
5.813187189732805564e+03 7.548978792854632580e-01
5.833217182258313187e+03 9.717841265193356559e-01
5.853247174783821720e+03 1.304803828253531695e+00
5.873277167309330252e+03 1.672030136110884913e+00
5.893307159834838785e+03 1.665952819001091934e+00
5.913337152360347318e+03 1.660335850332006924e+00
5.933367144885854941e+03 1.498793020728034220e+00
5.953397137411363474e+03 1.325743530656207092e+00
5.973427129936872007e+03 1.147435918138564048e+00
5.993457122462379630e+03 9.803051864095911894e-01
6.013487114987888162e+03 8.995838050238778028e-01
6.033517107513396695e+03 9.028253142224136329e-01
6.053547100038905228e+03 9.076308290531950318e-01
6.073577092564413761e+03 9.177939179973837458e-01
6.093607085089921384e+03 9.648339928670597310e-01
6.113637077615429916e+03 1.105115132478592388e+00
6.133667070140938449e+03 1.117357940341610290e+00
6.153697062666446982e+03 1.132137278365678901e+00
6.173727055191955515e+03 1.064157962467042973e+00
6.193757047717463138e+03 1.100489092023191784e+00
6.213787040242971671e+03 1.199914615104360482e+00
6.233817032768480203e+03 1.228209639809128673e+00
6.253847025293988736e+03 1.162186035827309505e+00
6.273877017819497269e+03 1.180815281189593557e+00
6.293907010345004892e+03 1.137880355850369840e+00
6.313937002870513425e+03 1.094813682683460243e+00
6.333966995396021957e+03 1.043463813408576080e+00
6.353996987921529580e+03 1.076778584139417294e+00
6.374026980447038113e+03 1.123307610723411676e+00
6.394056972972546646e+03 1.190360078091090124e+00
6.414086965498055179e+03 1.287132189669914384e+00
6.434116958023563711e+03 1.326107503254094322e+00
6.454146950549071335e+03 1.355506236414146137e+00
6.474176943074579867e+03 1.382953871394537515e+00
6.494206935600088400e+03 1.312911702349566001e+00
6.514236928125596933e+03 1.307395723260458276e+00
6.534266920651105465e+03 1.342031560730391426e+00
6.554296913176613089e+03 1.415588884851014528e+00
6.574326905702121621e+03 1.286698498377220501e+00
6.594356898227630154e+03 1.121357025181213496e+00
6.614386890753138687e+03 1.012774669229648872e+00
6.634416883278647219e+03 1.051595781465315627e+00
6.654446875804154843e+03 1.210119689056671666e+00
6.674476868329663375e+03 1.229157506476020956e+00
6.694506860855171908e+03 1.190306763795061062e+00
6.714536853380679531e+03 1.104657347225193265e+00
6.734566845906188064e+03 1.048603003963251457e+00
6.754596838431696597e+03 8.715812912548200897e-01
6.774626830957205129e+03 8.255809989489395484e-01
6.794656823482713662e+03 7.905155200222606648e-01
6.814686816008221285e+03 7.496973260266089900e-01
6.834716808533729818e+03 7.408987242145278485e-01
6.854746801059238351e+03 6.576601903638202851e-01
6.874776793584746883e+03 6.400911818000577513e-01
6.894806786110255416e+03 6.208441057687965614e-01
6.914836778635763039e+03 6.066208768633026827e-01
6.934866771161271572e+03 6.110239712865604966e-01
6.954896763686780105e+03 6.502432490388174724e-01
6.974926756212287728e+03 7.313595663251116763e-01
6.994956748737797170e+03 9.744947483624180062e-01
7.014986741263304793e+03 1.318857271631673322e+00
7.035016733788813326e+03 1.569455993739261146e+00
7.055046726314321859e+03 1.703361512501971653e+00
7.075076718839829482e+03 1.576126432392371823e+00
7.095106711365338924e+03 1.560917504175303838e+00
7.115136703890846547e+03 1.456695232363951265e+00
7.135166696416354171e+03 1.170201122542755323e+00
7.155196688941863613e+03 9.514063260385534626e-01
7.175226681467371236e+03 8.245104581374352870e-01
7.195256673992880678e+03 8.574070192269294122e-01
7.215286666518388301e+03 9.028406933462681527e-01
7.235316659043895925e+03 9.638336321240779103e-01
7.255346651569405367e+03 1.101099130602749332e+00
7.275376644094912990e+03 1.155362831210578589e+00
7.295406636620421523e+03 1.141570832937961688e+00
7.315436629145930056e+03 1.169172259156896931e+00
7.335466621671437679e+03 1.109171632713918498e+00
7.355496614196947121e+03 1.045004288981324247e+00
7.375526606722454744e+03 1.000000000000000000e+00
7.395556599247963277e+03 9.474810609934513073e-01
7.415586591773471810e+03 9.433312607400752281e-01
7.435616584298979433e+03 9.491268323008558161e-01
7.455646576824488875e+03 9.264024851023707763e-01
7.475676569349996498e+03 7.036325439280322058e-01
7.495706561875504121e+03 8.177588689741195349e-01
7.515736554401013564e+03 8.006810696262660620e-01
7.535766546926521187e+03 7.906715156018904178e-01
7.555796539452030629e+03 7.408007079318291721e-01
7.575826531977538252e+03 6.698600392075382270e-01
7.595856524503045875e+03 6.618689951890510681e-01
7.615886517028555318e+03 6.398321973543498187e-01
7.635916509554062941e+03 6.141542894196292401e-01
7.655946502079571474e+03 6.738183181051811133e-01
7.675976494605080006e+03 6.648103551536954647e-01
7.696006487130587630e+03 6.406983496098289654e-01
7.716036479656097072e+03 6.209662672759465041e-01
7.736066472181604695e+03 7.447435051781252646e-01
7.756096464707113228e+03 7.833658166061010508e-01
7.776126457232621760e+03 8.214280203432999805e-01
7.796156449758129384e+03 7.989167252739444169e-01
7.816186442283638826e+03 7.859378212795091745e-01
7.836216434809146449e+03 7.723446750783297121e-01
7.856246427334654072e+03 6.834350380425696647e-01
7.876276419860163514e+03 6.366638415216144820e-01
7.896306412385671138e+03 5.818741748779653333e-01
7.916336404911180580e+03 5.774365799535274846e-01
7.936366397436688203e+03 5.612752225961570307e-01
7.956396389962195826e+03 5.785043012589914380e-01
7.976426382487705268e+03 5.924530128036844534e-01
7.996456375013212892e+03 5.696331099823174204e-01
8.016486367538721424e+03 5.963197859143937185e-01
8.036516360064229957e+03 5.747056064032110001e-01
8.056546352589737580e+03 5.714110392273773487e-01
8.076576345115247022e+03 5.561536155064219500e-01
8.096606337640754646e+03 5.255868378896294546e-01
8.116636330166263178e+03 4.889740653119606373e-01
8.136666322691771711e+03 5.250235518465893314e-01
8.156696315217279334e+03 5.071993010905900823e-01
8.176726307742788777e+03 5.259914113744922348e-01
8.196756300268296400e+03 5.193669050379600138e-01
8.216786292793804023e+03 4.985419821629845649e-01
8.236816285319313465e+03 5.268926792961057259e-01
8.256846277844822907e+03 5.307466364702695394e-01
8.276876270370328712e+03 5.603203327960379898e-01
8.296906262895838154e+03 5.685946602759229807e-01
8.316936255421347596e+03 5.975400681284933624e-01
8.336966247946853400e+03 6.011083324451889087e-01
8.356996240472362842e+03 6.323685547565758291e-01
8.377026232997872285e+03 6.821764105463262728e-01
8.397056225523378089e+03 7.963206779035771898e-01
8.417086218048887531e+03 1.054129235801595454e+00
8.437116210574396973e+03 1.325566158094419800e+00
8.457146203099906415e+03 1.501232662408802376e+00
8.477176195625412220e+03 1.802413835510940032e+00
8.497206188150921662e+03 2.025139433544831835e+00
8.517236180676431104e+03 2.178269369762991570e+00
8.537266173201936908e+03 2.151515845905894952e+00
8.557296165727446351e+03 1.941336024474952904e+00
8.577326158252955793e+03 1.745974501515177080e+00
8.597356150778461597e+03 1.620400879419312767e+00
8.617386143303971039e+03 1.677236994810519466e+00
8.637416135829480481e+03 1.842563088882672284e+00
8.657446128354988105e+03 1.934437974788797199e+00
8.677476120880495728e+03 1.893969860915817538e+00
8.697506113406005170e+03 1.876729863075046190e+00
8.717536105931514612e+03 1.744167454462285827e+00
8.737566098457020416e+03 1.457691286952253584e+00
8.757596090982529859e+03 1.155705273035069425e+00
8.777626083508039301e+03 9.627225416893443466e-01
8.797656076033545105e+03 8.206942310804608010e-01
8.817686068559054547e+03 7.209449261784112162e-01
8.837716061084563989e+03 6.433190035783632466e-01
8.857746053610069794e+03 6.208375952730315062e-01
8.877776046135579236e+03 5.813789670898539264e-01
8.897806038661088678e+03 5.397430138151181334e-01
8.917836031186596301e+03 4.947524122540243319e-01
8.937866023712103924e+03 4.786575439754512384e-01
8.957896016237613367e+03 4.542221154569267560e-01
8.977926008763122809e+03 4.474190062286989567e-01
8.997956001288628613e+03 4.535929555000437485e-01
9.017985993814138055e+03 4.622678066288432031e-01
9.038015986339647498e+03 4.959940714502815706e-01
9.058045978865153302e+03 5.138230384709294718e-01
9.078075971390662744e+03 5.022934118447859309e-01
9.098105963916172186e+03 4.875969160345462461e-01
9.118135956441677990e+03 4.912913404305938592e-01
9.138165948967187433e+03 4.991019873262690365e-01
9.158195941492696875e+03 5.097016383329378009e-01
9.178225934018206317e+03 5.232809433226484064e-01
9.198255926543712121e+03 5.005273245250938530e-01
9.218285919069221563e+03 4.718746839269649107e-01
9.238315911594731006e+03 4.906126084311534519e-01
9.258345904120236810e+03 4.924840427492480077e-01
9.278375896645746252e+03 5.283362151248248706e-01
9.298405889171255694e+03 5.555082049419993728e-01
9.318435881696761498e+03 5.523880370306746279e-01
9.338465874222270941e+03 5.941022700458291617e-01
9.358495866747780383e+03 5.702365868023636652e-01
9.378525859273288006e+03 5.703832011164423621e-01
9.398555851798795629e+03 5.405949660129052425e-01
9.418585844324305071e+03 5.071773089434782333e-01
9.438615836849814514e+03 5.084064085219210938e-01
9.458645829375320318e+03 4.915633458678318468e-01
9.478675821900829760e+03 4.890154351551289080e-01
9.498705814426339202e+03 4.480923555347903209e-01
9.518735806951845007e+03 4.184549383725185145e-01
9.538765799477354449e+03 3.765586165309279809e-01
9.558795792002863891e+03 3.841014103528058166e-01
9.578825784528369695e+03 3.771094454836459442e-01
9.598855777053879137e+03 3.855882640470481570e-01
9.618885769579388580e+03 3.992843478505597732e-01
9.638915762104896203e+03 3.591485768440735304e-01
9.658945754630403826e+03 3.884300185528624105e-01
9.678975747155913268e+03 3.564047873572118719e-01
9.699005739681422710e+03 3.531136548523724494e-01
9.719035732206928515e+03 3.884967126866442633e-01
9.739065724732437957e+03 3.229613958872019075e-01
9.759095717257947399e+03 3.266273689041189754e-01
9.779125709783453203e+03 3.472115059632809309e-01
9.799155702308962645e+03 3.513605885242105931e-01
9.819185694834472088e+03 2.724564556768780399e-01
9.839215687359977892e+03 3.351390987925695897e-01
9.859245679885487334e+03 3.223128069705160637e-01
9.879275672410996776e+03 3.735834737575499664e-01
9.899305664936506219e+03 3.994479817283704826e-01
9.919335657462012023e+03 4.089532542815609295e-01
9.939365649987521465e+03 3.976078182954465579e-01
9.959395642513030907e+03 4.257452069807073358e-01
9.979425635038536711e+03 4.722211243236580924e-01
9.999455627564046154e+03 3.663671274713547477e-01
1.001948562008955560e+04 4.024475773086769181e-01
1.003951561261506140e+04 6.291957902416690507e-01
1.005954560514057084e+04 6.992253996688259088e-01
