2.931311335449763646e+03 1.631787419473484380e-01
2.951340456509296928e+03 1.628298044795956634e-01
2.971369577568829300e+03 4.144612228057466541e-01
2.991398698628362581e+03 7.808374671498329311e-01
3.011427819687894953e+03 9.574948339855273716e-01
3.031456940747428234e+03 1.481331285590372859e+00
3.051486061806960606e+03 2.209820724869998809e+00
3.071515182866493888e+03 2.383482793877099493e+00
3.091544303926026259e+03 2.703493595347960188e+00
3.111573424985559541e+03 2.982584135619616106e+00
3.131602546045091913e+03 3.049090703930306123e+00
3.151631667104625194e+03 3.009457747212850531e+00
3.171660788164158021e+03 2.721042109370491513e+00
3.191689909223690847e+03 2.998904348410314835e+00
3.211719030283224129e+03 2.944996050658381659e+00
3.231748151342756501e+03 2.749509239392120108e+00
3.251777272402289782e+03 2.649121023848510781e+00
3.271806393461822154e+03 2.696024300725352596e+00
3.291835514521355435e+03 2.756178329355279732e+00
3.311864635580887807e+03 2.767844176293097203e+00
3.331893756640421088e+03 2.705224931586377668e+00
3.351922877699953460e+03 2.727228406317913301e+00
3.371951998759486742e+03 2.744227371822976824e+00
3.391981119819019113e+03 2.728671186516594904e+00
3.412010240878552395e+03 2.725678386635807193e+00
3.432039361938084767e+03 2.654527788807988564e+00
3.452068482997618048e+03 2.644626440519125765e+00
3.472097604057150420e+03 2.584481886863637001e+00
3.492126725116683701e+03 2.554870869018815327e+00
3.512155846176216073e+03 2.593580877089770365e+00
3.532184967235749355e+03 2.562052038282342181e+00
3.552214088295281726e+03 2.479054707641050292e+00
3.572243209354815008e+03 2.415937596095621309e+00
3.592272330414347380e+03 2.428647843625022062e+00
3.612301451473880661e+03 2.496029124348703387e+00
3.632330572533413033e+03 2.517534732241529571e+00
3.652359693592946314e+03 2.502761093687686067e+00
3.672388814652479141e+03 2.445090369722116463e+00
3.692417935712011968e+03 2.329044328237233064e+00
3.712447056771544794e+03 2.430208630323535957e+00
3.732476177831077621e+03 2.418783533872602920e+00
3.752505298890610902e+03 2.425115400881861838e+00
3.772534419950143274e+03 2.424849240236254477e+00
3.792563541009676555e+03 2.396727085420340408e+00
3.812592662069208927e+03 2.305569648383698933e+00
3.832621783128742209e+03 2.421480886823153433e+00
3.852650904188274581e+03 2.389367614365095260e+00
3.872680025247807862e+03 2.101464917184416858e+00
3.892709146307340234e+03 2.512063365183603736e+00
3.912738267366873515e+03 2.322077207259897857e+00
3.932767388426405887e+03 2.331591373638726150e+00
3.952796509485939168e+03 2.213600378309888761e+00
3.972825630545471540e+03 2.218390408569511418e+00
3.992854751605004822e+03 2.140856262053675074e+00
4.012883872664537193e+03 2.051181658516753270e+00
4.032912993724070475e+03 2.310121942921031124e+00
4.052942114783602847e+03 2.262612267680087275e+00
4.072971235843136128e+03 2.215992809355762372e+00
4.093000356902668955e+03 2.157506806907773633e+00
4.113029477962201781e+03 2.150233041303136527e+00
4.133058599021735063e+03 2.183896764123956835e+00
4.153087720081267435e+03 2.276987957307488042e+00
4.173116841140799806e+03 2.243903499969421400e+00
4.193145962200333088e+03 2.186623403359136741e+00
4.213175083259866369e+03 2.126428460066859039e+00
4.233204204319398741e+03 2.092887481233090430e+00
4.253233325378931113e+03 2.122658712282064819e+00
4.273262446438464394e+03 2.143155666077782406e+00
4.293291567497997676e+03 2.060603659235128671e+00
4.313320688557530048e+03 1.985944306100247081e+00
4.333349809617063329e+03 1.934951716391619891e+00
4.353378930676595701e+03 1.946111944238914315e+00
4.373408051736128982e+03 1.872294571787144202e+00
4.393437172795661354e+03 1.998895734797188073e+00
4.413466293855194635e+03 1.903453025230134266e+00
4.433495414914727007e+03 1.893196365399804959e+00
4.453524535974260289e+03 1.696378320224849690e+00
4.473553657033792661e+03 2.078093600688399878e+00
4.493582778093325942e+03 2.002452726337758726e+00
4.513611899152858314e+03 1.899094106307490648e+00
4.533641020212391595e+03 1.852064639998346252e+00
4.553670141271923967e+03 1.846985623018330802e+00
4.573699262331457248e+03 1.854924790236986532e+00
4.593728383390989620e+03 1.752110550556310375e+00
4.613757504450522902e+03 1.708672530240242127e+00
4.633786625510056183e+03 1.765950473447245539e+00
4.653815746569588555e+03 1.806026600560057371e+00
4.673844867629120927e+03 1.790768015587194562e+00
4.693873988688654208e+03 1.721043832093116510e+00
4.713903109748187489e+03 1.787592607108126064e+00
4.733932230807719861e+03 1.742302229289213633e+00
4.753961351867252233e+03 1.707594536557466292e+00
4.773990472926785515e+03 1.689124365930403826e+00
4.794019593986318796e+03 1.682695165092816136e+00
4.814048715045851168e+03 1.706598802880047838e+00
4.834077836105384449e+03 1.702684777075385680e+00
4.854106957164916821e+03 1.665713857494661720e+00
4.874136078224450102e+03 1.663458382897498922e+00
4.894165199283982474e+03 1.600193117206295312e+00
4.914194320343515756e+03 1.580066979455671428e+00
4.934223441403048128e+03 1.695074649878160367e+00
4.954252562462581409e+03 1.602679005954591007e+00
4.974281683522113781e+03 1.565358804361589140e+00
4.994310804581647062e+03 1.414325127718348618e+00
5.014339925641179434e+03 1.684867518323308389e+00
5.034369046700712715e+03 1.640488460773174895e+00
5.054398167760245087e+03 1.646320307540442895e+00
5.074427288819778369e+03 1.607222686878796880e+00
5.094456409879310741e+03 1.586334675047138099e+00
5.114485530938844022e+03 1.532419486404703823e+00
5.134514651998376394e+03 1.574801477751468060e+00
5.154543773057909675e+03 1.553310943681613487e+00
5.174572894117442047e+03 1.565573283328437926e+00
5.194602015176975328e+03 1.557408439445869153e+00
5.214631136236507700e+03 1.533738230574364758e+00
5.234660257296040982e+03 1.532149018952533082e+00
5.254689378355574263e+03 1.504462282280161212e+00
5.274718499415106635e+03 1.491565980707229455e+00
5.294747620474639916e+03 1.495038989519817063e+00
5.314776741534172288e+03 1.491172338587350543e+00
5.334805862593705569e+03 1.500657218681548777e+00
5.354834983653237941e+03 1.482864508726882136e+00
5.374864104712771223e+03 1.434597266211465882e+00
5.394893225772303595e+03 1.396455325926200475e+00
5.414922346831836876e+03 1.394021980217976076e+00
5.434951467891369248e+03 1.379238436009037505e+00
5.454980588950902529e+03 1.375877834847750281e+00
5.475009710010434901e+03 1.346466222146805336e+00
5.495038831069968182e+03 1.347629490599533408e+00
5.515067952129500554e+03 1.342202914329865271e+00
5.535097073189033836e+03 1.321678827652799093e+00
5.555126194248566208e+03 1.304673401937890720e+00
5.575155315308099489e+03 1.286797570616553754e+00
5.595184436367631861e+03 1.269911012762790614e+00
5.615213557427165142e+03 1.247347222497379393e+00
5.635242678486697514e+03 1.227711199333650915e+00
5.655271799546230795e+03 1.127230818129588474e+00
5.675300920605763167e+03 1.233889744029258884e+00
5.695330041665296449e+03 1.248982516949437294e+00
5.715359162724828821e+03 1.258524677570926675e+00
5.735388283784362102e+03 1.248320130100012637e+00
5.755417404843895383e+03 1.238281825362439248e+00
5.775446525903427755e+03 1.209773349997803615e+00
5.795475646962961036e+03 1.144362433276799429e+00
5.815504768022493408e+03 1.156561893547800812e+00
5.835533889082026690e+03 1.151235665871055858e+00
5.855563010141559062e+03 9.252420209948205576e-01
5.875592131201092343e+03 1.520103742356495147e+00
5.895621252260624715e+03 1.323591480447529056e+00
5.915650373320157996e+03 1.266942761679413332e+00
5.935679494379690368e+03 1.236952744857026998e+00
5.955708615439223649e+03 1.208339614092904801e+00
5.975737736498756021e+03 1.187182857531700275e+00
5.995766857558289303e+03 1.166332314917141399e+00
6.015795978617821675e+03 1.152894647759211688e+00
6.035825099677354956e+03 1.140706815865930812e+00
6.055854220736887328e+03 1.124457665383525429e+00
6.075883341796420609e+03 1.119491917416122861e+00
6.095912462855952981e+03 1.105484890430534106e+00
6.115941583915486262e+03 1.110633677676874154e+00
6.135970704975018634e+03 1.105960792555770844e+00
6.155999826034551916e+03 1.100610446762271932e+00
6.176028947094084288e+03 1.050569661304118219e+00
6.196058068153617569e+03 1.062627858319846075e+00
6.216087189213149941e+03 1.063110220654927440e+00
6.236116310272683222e+03 1.056936844127195574e+00
6.256145431332216504e+03 1.041925900531718518e+00
6.276174552391748875e+03 1.026091926202008064e+00
6.296203673451282157e+03 1.021263565363972559e+00
6.316232794510814529e+03 1.016737973027332043e+00
6.336261915570347810e+03 1.033847192780414259e+00
6.356291036629880182e+03 1.038250471810659104e+00
6.376320157689413463e+03 1.039987837578265628e+00
6.396349278748945835e+03 1.041264375043606361e+00
6.416378399808479116e+03 1.026690141633640696e+00
6.436407520868011488e+03 1.007913326379276331e+00
6.456436641927544770e+03 9.708528252220374188e-01
6.476465762987077142e+03 9.497137265677421114e-01
6.496494884046610423e+03 9.377494179350931436e-01
6.516524005106142795e+03 9.245826489099904233e-01
6.536553126165676076e+03 8.756512968225244053e-01
6.556582247225208448e+03 9.480547446795863920e-01
6.576611368284741729e+03 1.000000000000000000e+00
6.596640489344274101e+03 9.739515725442805527e-01
6.616669610403807383e+03 9.319205859324193320e-01
6.636698731463339755e+03 8.850168783749213786e-01
6.656727852522873036e+03 7.221885812776228653e-01
6.676756973582405408e+03 1.034952319344538685e+00
6.696786094641938689e+03 1.009120954939605630e+00
6.716815215701471061e+03 9.483579438616378532e-01
6.736844336761004342e+03 9.146446927653402170e-01
6.756873457820537624e+03 9.199011501757607956e-01
6.776902578880069996e+03 9.045176678125642633e-01
6.796931699939603277e+03 9.022423819052107774e-01
6.816960820999135649e+03 8.930680225642210202e-01
6.836989942058668930e+03 8.820964328443960945e-01
6.857019063118201302e+03 8.603659665809038071e-01
6.877048184177734583e+03 8.504420075575842564e-01
6.897077305237266955e+03 8.425445302264605862e-01
6.917106426296800237e+03 8.200188982671994253e-01
6.937135547356332609e+03 8.161071981380814133e-01
6.957164668415865890e+03 8.052826427943251542e-01
6.977193789475398262e+03 8.015672038402933408e-01
6.997222910534931543e+03 7.991265796289772627e-01
7.017252031594464825e+03 7.852476370705792075e-01
7.037281152653997196e+03 7.074276908712067158e-01
7.057310273713529568e+03 8.802466594254890753e-01
7.077339394773062850e+03 9.002875224061612780e-01
7.097368515832596131e+03 8.246514716788708732e-01
7.117397636892128503e+03 7.994306832404068919e-01
7.137426757951660875e+03 7.738537649672295737e-01
7.157455879011194156e+03 7.647894445339302738e-01
7.177485000070727438e+03 7.562601156119154178e-01
7.197514121130259809e+03 7.540151496227668337e-01
7.217543242189792181e+03 7.610592332333867560e-01
7.237572363249325463e+03 7.646936611559641550e-01
7.257601484308858744e+03 7.249583747145664780e-01
7.277630605368391116e+03 7.669919454103655276e-01
7.297659726427923488e+03 7.522244225218419622e-01
7.317688847487456769e+03 7.215475561887518818e-01
7.337717968546990051e+03 7.009228625103687271e-01
7.357747089606522422e+03 6.886397640559093203e-01
7.377776210666054794e+03 6.781765497828078360e-01
7.397805331725588076e+03 6.671717545843802721e-01
7.417834452785121357e+03 6.637969409614342675e-01
7.437863573844653729e+03 6.541656725121517413e-01
7.457892694904186101e+03 6.610145285812604188e-01
7.477921815963719382e+03 6.994150495325823780e-01
7.497950937023252663e+03 6.668132990741227895e-01
7.517980058082785035e+03 6.690060665677249885e-01
7.538009179142317407e+03 6.508875036284845761e-01
7.558038300201850689e+03 6.392235516855548916e-01
7.578067421261383970e+03 6.387982976055017748e-01
7.598096542320917251e+03 6.227689665300835120e-01
7.618125663380449623e+03 6.175954151460050223e-01
7.638154784439981995e+03 6.041420712121852166e-01
7.658183905499515276e+03 6.033775699791464886e-01
7.678213026559048558e+03 5.958665854690069485e-01
7.698242147618580930e+03 5.981821830857924072e-01
7.718271268678113302e+03 6.006244869516682572e-01
7.738300389737646583e+03 6.087270974793983491e-01
7.758329510797179864e+03 6.095037008388798361e-01
7.778358631856712236e+03 6.189008512833853448e-01
7.798387752916244608e+03 6.253266497437881544e-01
7.818416873975777889e+03 6.188179883251088143e-01
7.838445995035311171e+03 6.165529956854411964e-01
7.858475116094843543e+03 6.164495892598580440e-01
7.878504237154375915e+03 6.264521475029566355e-01
7.898533358213909196e+03 6.194662488490059182e-01
7.918562479273442477e+03 6.059356408054418219e-01
7.938591600332974849e+03 6.013139205463098325e-01
7.958620721392507221e+03 5.902089490272215411e-01
7.978649842452040502e+03 5.861451324902903215e-01
7.998678963511573784e+03 5.793946008150201443e-01
8.018708084571106156e+03 5.836740160885066642e-01
8.038737205630638528e+03 5.786583091649705191e-01
8.058766326690171809e+03 5.786415556874395794e-01
8.078795447749705090e+03 5.719000252378865223e-01
8.098824568809238372e+03 5.768868334893832994e-01
8.118853689868770743e+03 5.683283044188697231e-01
8.138882810928303115e+03 5.620973028193216869e-01
8.158911931987836397e+03 5.626220010629199297e-01
8.178941053047369678e+03 5.470668493901131857e-01
8.198970174106902050e+03 5.550485247895479146e-01
8.218999295166435331e+03 5.477418982508335255e-01
8.239028416225966794e+03 5.469856660863962050e-01
8.259057537285501894e+03 5.315526123796571190e-01
8.279086658345033356e+03 5.311511318718329377e-01
8.299115779404564819e+03 5.313701329855731181e-01
8.319144900464099919e+03 5.106605521498286393e-01
8.339174021523631382e+03 5.056572488291947165e-01
8.359203142583164663e+03 5.061584749770232650e-01
8.379232263642697944e+03 5.051447388481704603e-01
8.399261384702229407e+03 4.962650512122367963e-01
8.419290505761764507e+03 4.911209583850509874e-01
8.439319626821295969e+03 4.947072792783170359e-01
8.459348747880827432e+03 4.937543121900714316e-01
8.479377868940362532e+03 4.899661743412524473e-01
8.499406989999893995e+03 4.885087510002558142e-01
8.519436111059427276e+03 4.814641075047826901e-01
8.539465232118960557e+03 4.817023600438605224e-01
8.559494353178492020e+03 4.743095543058160612e-01
8.579523474238027120e+03 4.756858374111613830e-01
8.599552595297558582e+03 4.722719179846213144e-01
8.619581716357091864e+03 4.623728523032370474e-01
8.639610837416625145e+03 4.576796821232211876e-01
8.659639958476156608e+03 4.558025174145723946e-01
8.679669079535691708e+03 4.562369880606708672e-01
8.699698200595223170e+03 4.455300516041563186e-01
8.719727321654754633e+03 4.422856911520104961e-01
8.739756442714289733e+03 4.398622080308161042e-01
8.759785563773821195e+03 4.356132418797316053e-01
8.779814684833354477e+03 4.388969234757996718e-01
8.799843805892887758e+03 4.377736652560439978e-01
8.819872926952419220e+03 4.365364489346252319e-01
8.839902048011954321e+03 4.339575331645639800e-01
8.859931169071485783e+03 4.317028337925825077e-01
8.879960290131017246e+03 4.221381055047017661e-01
8.899989411190552346e+03 4.122904200256168883e-01
8.920018532250083808e+03 4.097460448441926917e-01
8.940047653309617090e+03 4.005146633843058579e-01
8.960076774369150371e+03 3.988692910048899920e-01
8.980105895428681833e+03 3.917323526447669124e-01
9.000135016488216934e+03 3.984337005890850048e-01
9.020164137547748396e+03 3.965552438384672418e-01
9.040193258607279859e+03 3.940216356734510539e-01
9.060222379666814959e+03 4.003339497809126901e-01
9.080251500726346421e+03 4.012257171478949003e-01
9.100280621785881522e+03 3.896820112442105910e-01
9.120309742845412984e+03 3.878202218349924846e-01
9.140338863904944446e+03 3.859467179119223657e-01
9.160367984964479547e+03 3.898548003235273729e-01
9.180397106024011009e+03 3.979751979623636915e-01
9.200426227083544291e+03 3.984289631018654854e-01
9.220455348143077572e+03 4.042337631239163454e-01
9.240484469202609034e+03 3.980421257363562226e-01
9.260513590262144135e+03 3.984948572422828406e-01
9.280542711321675597e+03 4.008083014557868307e-01
9.300571832381207059e+03 3.831050869415040805e-01
9.320600953440742160e+03 3.896952762084253674e-01
9.340630074500273622e+03 3.749593652800759513e-01
9.360659195559806903e+03 3.668044270526025219e-01
9.380688316619340185e+03 3.615260910648407378e-01
9.400717437678871647e+03 3.609984641927795335e-01
9.420746558738406748e+03 3.506900796156261491e-01
9.440775679797938210e+03 3.469075836834049631e-01
9.460804800857469672e+03 3.380084723498711918e-01
9.480833921917004773e+03 3.154298666698824305e-01
9.500863042976536235e+03 3.143079004920957265e-01
9.520892164036069516e+03 3.264661015562214663e-01
9.540921285095602798e+03 3.155421451169858060e-01
9.560950406155134260e+03 3.030107161960906570e-01
9.580979527214669361e+03 2.971654321923454245e-01
9.601008648274200823e+03 2.758668094229482226e-01
9.621037769333734104e+03 2.840556422180742779e-01
9.641066890393267386e+03 2.621889947310528379e-01
9.661096011452798848e+03 2.482059135899558899e-01
9.681125132512333948e+03 2.358247922181173351e-01
9.701154253571865411e+03 2.214003495404207045e-01
9.721183374631396873e+03 2.063964691077072311e-01
9.741212495690931974e+03 2.034534128427249178e-01
9.761241616750463436e+03 1.846513166338344669e-01
9.781270737809996717e+03 1.772377520881551760e-01
9.801299858869529999e+03 1.647876787432393797e-01
9.821328979929061461e+03 1.583872473734940223e-01
