3.142204177444462402e+03 3.513683598350621384e+00
3.162277204875920688e+03 2.658194157317289807e+00
3.182350232307378064e+03 3.534251903642277703e+00
3.202423259738836350e+03 5.011703388831678652e-01
3.222496287170293726e+03 1.604334802736117283e+00
3.242569314601752012e+03 3.256152048775913688e+00
3.262642342033209388e+03 2.424002173993463405e+00
3.282715369464667674e+03 4.298236501582533009e-01
3.302788396896125050e+03 1.407292449007508051e+00
3.322861424327583336e+03 9.506148822628114337e-01
3.342934451759040712e+03 5.053940115814404832e-01
3.363007479190498998e+03 3.182429194658876193e-01
3.383080506621956374e+03 1.060719327722417171e+00
3.403153534053414660e+03 1.199217207498083804e+00
3.423226561484872491e+03 5.147242998614046661e-01
3.443299588916330322e+03 1.091439137216238864e+00
3.463372616347788153e+03 1.182850959714447092e-01
3.483445643779245984e+03 5.768941574033209507e-01
3.503518671210703815e+03 9.695682317354867852e-01
3.523591698642161646e+03 9.816895680145082403e-01
3.543664726073619931e+03 5.926277576036002026e-01
3.563737753505077308e+03 6.327926524698958000e-01
3.583810780936535593e+03 6.737635465946073543e-01
3.603883808367992970e+03 7.372608026483662425e-01
3.623956835799451255e+03 9.789539559884616882e-01
3.644029863230908632e+03 9.024588192987301749e-01
3.664102890662366917e+03 7.668106496429301089e-01
3.684175918093824293e+03 7.146270099976170798e-01
3.704248945525282579e+03 6.994328217093077615e-01
3.724321972956739955e+03 7.391003521232785145e-01
3.744395000388198241e+03 8.398258482402868319e-01
3.764468027819655617e+03 9.795319203666280616e-01
3.784541055251113903e+03 9.600491600401590553e-01
3.804614082682571279e+03 8.162046392865655031e-01
3.824687110114029565e+03 8.035717435049041235e-01
3.844760137545486941e+03 8.966356225217808618e-01
3.864833164976945227e+03 9.127546936148943635e-01
3.884906192408402603e+03 8.135638222366753380e-01
3.904979219839860889e+03 8.558672229405777099e-01
3.925052247271318265e+03 1.227782595491824003e+00
3.945125274702776551e+03 1.063214645506578515e+00
3.965198302134233927e+03 9.726438797395337010e-01
3.985271329565692213e+03 1.026122118727400778e+00
4.005344356997150044e+03 8.835447750600708972e-01
4.025417384428607875e+03 9.918014443678770942e-01
4.045490411860065706e+03 1.229698927284349041e+00
4.065563439291523537e+03 9.960074270223859827e-01
4.085636466722981368e+03 9.900911021123095512e-01
4.105709494154439199e+03 8.794084234288874757e-01
4.125782521585897484e+03 1.000000000000000000e+00
4.145855549017354861e+03 1.056206000720936622e+00
4.165928576448812237e+03 1.182155187172492239e+00
4.186001603880270522e+03 1.095067155492581046e+00
4.206074631311728808e+03 1.116151429355536351e+00
4.226147658743186184e+03 1.242064214106094688e+00
4.246220686174643561e+03 1.087591418274793886e+00
4.266293713606101846e+03 1.098750125819764278e+00
4.286366741037560132e+03 1.036120488447379806e+00
4.306439768469017508e+03 1.066577366895594015e+00
4.326512795900475794e+03 1.077187091623457826e+00
4.346585823331933170e+03 1.036935198304852923e+00
4.366658850763391456e+03 9.873169376200665592e-01
4.386731878194848832e+03 1.077828826189781708e+00
4.406804905626307118e+03 1.013528313103235989e+00
4.426877933057764494e+03 9.681560930747941107e-01
4.446950960489222780e+03 8.129121403813047708e-01
4.467023987920680156e+03 1.080953350332981566e+00
4.487097015352138442e+03 1.114777090393220149e+00
4.507170042783595818e+03 1.092636038049617397e+00
4.527243070215054104e+03 1.166486862696009874e+00
4.547316097646511480e+03 1.169895287845509779e+00
4.567389125077969766e+03 1.177497705133532468e+00
4.587462152509428051e+03 1.287890030515056905e+00
4.607535179940885428e+03 1.289593436552856742e+00
4.627608207372342804e+03 1.363669553853870342e+00
4.647681234803801090e+03 1.383839967583666786e+00
4.667754262235259375e+03 1.302827094823796328e+00
4.687827289666716752e+03 1.219030056513506599e+00
4.707900317098174128e+03 1.302047442439071112e+00
4.727973344529632413e+03 1.289364380059137227e+00
4.748046371961090699e+03 1.218998332726817457e+00
4.768119399392548075e+03 1.090961667342007058e+00
4.788192426824005452e+03 1.080904151579048733e+00
4.808265454255463737e+03 1.140436794602783799e+00
4.828338481686922023e+03 1.141574011701883329e+00
4.848411509118379399e+03 1.189567799431681783e+00
4.868484536549836776e+03 1.070098545910664001e+00
4.888557563981295061e+03 1.063841808638677611e+00
4.908630591412753347e+03 1.371493499957414874e+00
4.928703618844210723e+03 1.472950471318685617e+00
4.948776646275669009e+03 1.161976170381898488e+00
4.968849673707126385e+03 1.028017910712273331e+00
4.988922701138584671e+03 1.067277279660557632e+00
5.008995728570042047e+03 1.371094533012955585e+00
5.029068756001500333e+03 1.600973694421001348e+00
5.049141783432957709e+03 1.459250096999510582e+00
5.069214810864415995e+03 1.265700048263171063e+00
5.089287838295873371e+03 1.137635422930770357e+00
5.109360865727331657e+03 1.104078108909587908e+00
5.129433893158789033e+03 1.039071015685960830e+00
5.149506920590247319e+03 1.182891286561932986e+00
5.169579948021704695e+03 1.248605228768291164e+00
5.189652975453162981e+03 1.261666288131991776e+00
5.209726002884620357e+03 1.246154431823754294e+00
5.229799030316078642e+03 1.259977399759286465e+00
5.249872057747536019e+03 1.298591162763888196e+00
5.269945085178994304e+03 1.299777847462570302e+00
5.290018112610451681e+03 1.382104300067878100e+00
5.310091140041909966e+03 1.418491483399964004e+00
5.330164167473367343e+03 1.395147615618684833e+00
5.350237194904825628e+03 1.451023420112407702e+00
5.370310222336283914e+03 1.415337923926574648e+00
5.390383249767741290e+03 1.450675533841430331e+00
5.410456277199199576e+03 1.403264603480626427e+00
5.430529304630656952e+03 1.372995809449085725e+00
5.450602332062115238e+03 1.337295257906857993e+00
5.470675359493572614e+03 1.298448674569438355e+00
5.490748386925030900e+03 1.310266591647976542e+00
5.510821414356488276e+03 1.443630164740011157e+00
5.530894441787946562e+03 1.450083535720338546e+00
5.550967469219403938e+03 1.384172260806949994e+00
5.571040496650862224e+03 1.235928618683955316e+00
5.591113524082319600e+03 1.011550254349492528e+00
5.611186551513777886e+03 9.288315021718427378e-01
5.631259578945235262e+03 9.777897467861116354e-01
5.651332606376693548e+03 9.897339675509754242e-01
5.671405633808150924e+03 1.023372365420169183e+00
5.691478661239609210e+03 1.007005902560012878e+00
5.711551688671066586e+03 9.267354739469209068e-01
5.731624716102524872e+03 8.666737426841721881e-01
5.751697743533982248e+03 7.454448943845241038e-01
5.771770770965440533e+03 7.191453375281857685e-01
5.791843798396897910e+03 6.729319532303202900e-01
5.811916825828356195e+03 7.888272264506265286e-01
5.831989853259813572e+03 9.517668321035258616e-01
5.852062880691271857e+03 1.210788324270008598e+00
5.872135908122729234e+03 1.607361467062751847e+00
5.892208935554187519e+03 1.631534992519638738e+00
5.912281962985644896e+03 1.607224893472599447e+00
5.932354990417103181e+03 1.333844355144673477e+00
5.952428017848560557e+03 1.255492516627565669e+00
5.972501045280018843e+03 1.079239997006135043e+00
5.992574072711476219e+03 9.855511056223583699e-01
6.012647100142934505e+03 8.895797146708855907e-01
6.032720127574391881e+03 9.225498697926748370e-01
6.052793155005850167e+03 8.762298075409268305e-01
6.072866182437308453e+03 9.423152944354543648e-01
6.092939209868765829e+03 9.738519645519482237e-01
6.113012237300224115e+03 9.713255682106580746e-01
6.133085264731681491e+03 1.094374931713204990e+00
6.153158292163139777e+03 1.040243182719547965e+00
6.173231319594597153e+03 9.775195569079566660e-01
6.193304347026055439e+03 1.017744243046791119e+00
6.213377374457512815e+03 1.064304223156514739e+00
6.233450401888971101e+03 1.123633403792401175e+00
6.253523429320428477e+03 1.059010007080319005e+00
6.273596456751886763e+03 9.830265374314872684e-01
6.293669484183344139e+03 8.907118774717668330e-01
6.313742511614802424e+03 8.931941831264728071e-01
6.333815539046259801e+03 9.163431915807005446e-01
6.353888566477718086e+03 9.339005869008075722e-01
6.373961593909175463e+03 9.701301729129189200e-01
6.394034621340633748e+03 9.940572206779728637e-01
6.414107648772091125e+03 1.024685730189086597e+00
6.434180676203549410e+03 1.095844442035587507e+00
6.454253703635006786e+03 1.131948799743973000e+00
6.474326731066465072e+03 1.158287608065197594e+00
6.494399758497922448e+03 1.110014220859497414e+00
6.514472785929380734e+03 1.044184890100199770e+00
6.534545813360838110e+03 1.051345755292818041e+00
6.554618840792296396e+03 1.101061123026350508e+00
6.574691868223753772e+03 8.633137097516554448e-01
6.594764895655212058e+03 8.329810917628274192e-01
6.614837923086669434e+03 8.596006287116829681e-01
6.634910950518127720e+03 8.329056536734640304e-01
6.654983977949585096e+03 9.652027698414541446e-01
6.675057005381043382e+03 1.152549366513618168e+00
6.695130032812501668e+03 1.158961335263860137e+00
6.715203060243959044e+03 9.654239760421963190e-01
6.735276087675417330e+03 8.705392054385109324e-01
6.755349115106874706e+03 6.889790274583891261e-01
6.775422142538332992e+03 6.168005302926674593e-01
6.795495169969790368e+03 5.934131632852336358e-01
6.815568197401248653e+03 6.157110601809913097e-01
6.835641224832706030e+03 5.516857912708184042e-01
6.855714252264164315e+03 5.979164892285377952e-01
6.875787279695621692e+03 5.220603448795012591e-01
6.895860307127079977e+03 5.207138045573854734e-01
6.915933334558537354e+03 4.786639790704736441e-01
6.936006361989995639e+03 5.122977527944891918e-01
6.956079389421453016e+03 5.524812517797582645e-01
6.976152416852911301e+03 6.681940325729087693e-01
6.996225444284368677e+03 7.722579464321817078e-01
7.016298471715826963e+03 9.341498068182698677e-01
7.036371499147284339e+03 1.042278935749761049e+00
7.056444526578742625e+03 1.122740298543415838e+00
7.076517554010200001e+03 1.123987204667676654e+00
7.096590581441658287e+03 1.049509647042224714e+00
7.116663608873115663e+03 8.959489369627925415e-01
7.136736636304573949e+03 7.369236702033848951e-01
7.156809663736031325e+03 7.354144244939464503e-01
7.176882691167489611e+03 7.260458525934357921e-01
7.196955718598946987e+03 7.493633197318942951e-01
7.217028746030405273e+03 7.816324867061203996e-01
7.237101773461863559e+03 7.927653312995698309e-01
7.257174800893320935e+03 8.981204032770778722e-01
7.277247828324778311e+03 1.067700012560468759e+00
7.297320855756236597e+03 1.071586821659409994e+00
7.317393883187694883e+03 1.060805197022996804e+00
7.337466910619152259e+03 9.781013388943518017e-01
7.357539938050609635e+03 9.162458156863050318e-01
7.377612965482067921e+03 9.047864849356103134e-01
7.397685992913526206e+03 8.475738723322983059e-01
7.417759020344983583e+03 8.756672749030650627e-01
7.437832047776440959e+03 8.810213360209294686e-01
7.457905075207899245e+03 8.717115875486179943e-01
7.477978102639357530e+03 4.882256896858763739e-01
7.498051130070814907e+03 5.757809213361930745e-01
7.518124157502272283e+03 6.435186798259083796e-01
7.538197184933730568e+03 7.400935754922887133e-01
7.558270212365188854e+03 7.320320773724875441e-01
7.578343239796646230e+03 7.145318386375505426e-01
7.598416267228103607e+03 6.602560421446741490e-01
7.618489294659562802e+03 6.372553827200641008e-01
7.638562322091020178e+03 6.349816475205549704e-01
7.658635349522477554e+03 6.372995809449086835e-01
7.678708376953935840e+03 5.810673946576713211e-01
7.698781404385394126e+03 5.747687712334293986e-01
7.718854431816851502e+03 6.279557966133190172e-01
7.738927459248308878e+03 7.172438460155353690e-01
7.759000486679767164e+03 7.997959138902437370e-01
7.779073514111225450e+03 8.982759036009831943e-01
7.799146541542682826e+03 9.712964791113382068e-01
