3.025927260879186178e+03 5.891654780393504875e-01
3.055958705601515248e+03 7.003687784238704639e-01
3.085990150323843864e+03 7.990816054243640165e-01
3.116021595046172479e+03 7.368933921279916532e-01
3.146053039768501549e+03 7.803497347905294923e-01
3.176084484490829709e+03 8.560036397912111905e-01
3.206115929213158779e+03 9.013996686561376315e-01
3.236147373935487849e+03 9.175760065577672764e-01
3.266178818657816009e+03 9.338613846180426892e-01
3.296210263380145079e+03 8.940724771505196289e-01
3.326241708102473694e+03 9.728271156766344907e-01
3.356273152824802310e+03 1.049205907365777790e+00
3.386304597547131380e+03 1.110784417239863320e+00
3.416336042269459540e+03 1.125322081208042002e+00
3.446367486991788610e+03 1.158803553019817301e+00
3.476398931714117680e+03 1.239430303565497882e+00
3.506430376436445840e+03 1.246849641684055987e+00
3.536461821158774910e+03 1.179339961490394550e+00
3.566493265881103525e+03 1.208356929905223254e+00
3.596524710603432140e+03 1.341321420823982535e+00
3.626556155325761210e+03 1.300055095995653609e+00
3.656587600048089371e+03 1.328442395888725258e+00
3.686619044770418441e+03 1.336601978464568630e+00
3.716650489492747056e+03 1.476885214116093303e+00
3.746681934215075671e+03 1.585443906709233186e+00
3.776713378937404741e+03 1.287575373049803407e+00
3.806744823659733356e+03 1.049537635172361982e+00
3.836776268382061971e+03 1.261768946207495024e+00
3.866807713104391041e+03 1.245499693804483998e+00
3.896839157826719202e+03 1.528309167244182643e+00
3.926870602549048272e+03 1.782668373938633977e+00
3.956902047271376887e+03 2.007260385211236287e+00
3.986933491993705502e+03 2.098585357519259453e+00
4.016964936716034572e+03 2.051613621573058044e+00
4.046996381438363187e+03 1.810058954635070716e+00
4.077027826160691802e+03 1.579300799179895298e+00
4.107059270883020872e+03 1.542280897431220987e+00
4.137090715605349033e+03 1.619714767838528413e+00
4.167122160327677193e+03 1.534683409194312231e+00
4.197153605050007172e+03 1.458300778062962877e+00
4.227185049772335333e+03 1.414556477234987231e+00
4.257216494494663493e+03 1.504629791383907511e+00
4.287247939216993473e+03 1.441286673872019808e+00
4.317279383939321633e+03 1.434840250408420781e+00
4.347310828661649794e+03 1.368653641998890391e+00
4.377342273383979773e+03 1.284526855938369128e+00
4.407373718106307933e+03 1.207134451506885142e+00
4.437405162828636094e+03 1.275869681652649357e+00
4.467436607550966073e+03 1.326766095421657132e+00
4.497468052273294234e+03 1.410206389215775014e+00
4.527499496995622394e+03 1.405174416260805526e+00
4.557530941717951464e+03 1.486512231503007264e+00
4.587562386440280534e+03 1.954798246910689041e+00
4.617593831162608694e+03 2.056574180902998705e+00
4.647625275884936855e+03 1.884329124664768873e+00
4.677656720607266834e+03 1.813583562580028508e+00
4.707688165329594995e+03 1.640040774876226015e+00
4.737719610051923155e+03 1.393183070363537723e+00
4.767751054774253134e+03 1.313512340927110111e+00
4.797782499496581295e+03 1.397958568579156902e+00
4.827813944218909455e+03 1.400239965137864750e+00
4.857845388941239435e+03 1.480626366601460076e+00
4.887876833663567595e+03 1.434086951847635349e+00
4.917908278385895755e+03 1.307928256182941729e+00
4.947939723108224825e+03 1.257989399300069699e+00
4.977971167830553895e+03 1.347131264769854120e+00
5.008002612552882056e+03 1.317769514444941503e+00
5.038034057275210216e+03 1.138019884471184184e+00
5.068065501997540196e+03 1.063718998903839363e+00
5.098096946719868356e+03 1.116876844132084434e+00
5.128128391442196516e+03 1.182761672384236018e+00
5.158159836164526496e+03 1.192689702040087729e+00
5.188191280886854656e+03 1.200270296731290820e+00
5.218222725609182817e+03 1.225876304690454610e+00
5.248254170331512796e+03 1.300595689458235560e+00
5.278285615053840957e+03 1.383136785887745912e+00
5.308317059776169117e+03 1.461518230631453807e+00
5.338348504498499096e+03 1.411521014227053117e+00
5.368379949220827257e+03 1.207368657481441065e+00
5.398411393943155417e+03 1.214458571458738367e+00
5.428442838665484487e+03 1.384299368987673473e+00
5.458474283387813557e+03 1.575960484460817490e+00
5.488505728110141717e+03 1.492047171386940985e+00
5.518537172832469878e+03 1.507282845948140659e+00
5.548568617554799857e+03 1.489983087257083394e+00
5.578600062277128018e+03 1.495561028893722444e+00
5.608631506999456178e+03 1.665887899805916339e+00
5.638662951721786158e+03 1.658738858418649098e+00
5.668694396444114318e+03 1.453626641121578134e+00
5.698725841166442478e+03 1.398561361005473014e+00
5.728757285888772458e+03 1.337291542284736678e+00
5.758788730611100618e+03 1.354085262493065045e+00
5.788820175333428779e+03 1.387038427057317280e+00
5.818851620055758758e+03 1.296249440881228843e+00
5.848883064778086919e+03 1.222878468216137549e+00
5.878914509500415079e+03 1.305742077790938538e+00
5.908945954222743239e+03 1.473504201309633332e+00
5.938977398945073219e+03 1.522076216767227930e+00
5.969008843667401379e+03 1.445380287151882603e+00
5.999040288389729540e+03 1.280070031425834420e+00
6.029071733112059519e+03 1.244183533016323340e+00
6.059103177834387679e+03 1.321781731550040417e+00
6.089134622556715840e+03 1.259879172753782361e+00
6.119166067279045819e+03 1.208223317316460266e+00
6.149197512001373980e+03 1.156022261085909442e+00
6.179228956723702140e+03 1.015844226150824703e+00
6.209260401446032120e+03 9.010817628414944380e-01
6.239291846168360280e+03 9.742799606073230256e-01
6.269323290890688440e+03 1.104412478955057342e+00
6.299354735613017510e+03 1.185386315076145669e+00
6.329386180335346580e+03 1.274685597676369353e+00
6.359417625057674741e+03 1.362481354708787729e+00
6.389449069780002901e+03 1.449946151823062968e+00
6.419480514502332881e+03 1.496880261235647547e+00
6.449511959224661041e+03 1.373317028502099246e+00
6.479543403946989201e+03 1.335044700705881437e+00
6.509574848669319181e+03 1.394935391786281231e+00
6.539606293391647341e+03 1.378130153251335699e+00
6.569637738113975502e+03 1.320661382314377352e+00
6.599669182836305481e+03 1.282491183680834812e+00
6.629700627558633641e+03 1.217854942034021226e+00
6.659732072280961802e+03 1.133022466496067304e+00
6.689763517003291781e+03 1.092501761344111921e+00
6.719794961725619942e+03 1.082324167944880955e+00
6.749826406447948102e+03 1.070899523717194324e+00
6.779857851170277172e+03 1.051377495877398927e+00
6.809889295892606242e+03 9.970455492226089067e-01
6.839920740614934402e+03 9.670863816904680110e-01
6.869952185337262563e+03 9.453635855782872577e-01
6.899983630059592542e+03 9.484435861158091452e-01
6.930015074781920703e+03 9.571230291663226364e-01
6.960046519504248863e+03 9.613533265887130863e-01
6.990077964226578842e+03 9.570792595251760293e-01
7.020109408948907003e+03 9.205231623949672315e-01
7.050140853671235163e+03 8.884031567893816428e-01
7.080172298393565143e+03 9.032963531058207929e-01
7.110203743115893303e+03 8.865018650090514818e-01
7.140235187838221464e+03 8.393450679485284782e-01
7.170266632560550534e+03 9.013889182179614101e-01
7.200298077282879603e+03 9.659460673553345034e-01
7.230329522005207764e+03 9.576398180872282007e-01
7.260360966727536834e+03 9.400367434619099072e-01
7.290392411449865904e+03 9.098533525049481430e-01
7.320423856172194064e+03 9.242474213346285605e-01
7.350455300894522225e+03 9.260258509643719549e-01
7.380486745616852204e+03 9.388165687288950734e-01
7.410518190339180364e+03 9.524550353324670038e-01
7.560675413950823895e+03 5.107371921007316518e-01
7.590706858673152965e+03 5.672560850359660289e-01
7.620738303395481125e+03 6.730411645796099407e-01
7.650769748117810195e+03 7.588096961273467222e-01
7.680801192840139265e+03 8.315893946927390701e-01
7.710832637562467426e+03 8.941193183454307913e-01
7.740864082284796496e+03 9.575215632672884336e-01
7.770895527007125565e+03 1.022458049294598270e+00
7.800926971729453726e+03 1.022237665311983346e+00
7.830958416451781886e+03 1.002954450777391093e+00
7.860989861174111866e+03 9.718933633321751309e-01
7.891021305896440026e+03 9.659468352437757810e-01
7.921052750618768187e+03 9.242589396612459485e-01
7.951084195341097256e+03 8.745926831749882835e-01
7.981115640063426326e+03 8.082716942882538502e-01
8.011147084785754487e+03 7.346096919039603046e-01
8.041178529508083557e+03 7.152942260548388331e-01
8.071209974230412627e+03 6.979046244161647428e-01
8.101241418952740787e+03 6.994649737286164903e-01
8.131272863675069857e+03 6.619858746921246651e-01
8.161304308397398927e+03 5.939594055775576642e-01
8.191335753119727087e+03 4.983764918632621055e-01
8.221367197842057067e+03 4.537598697661203717e-01
8.251398642564385227e+03 4.263239836516550807e-01
8.281430087286713388e+03 4.239673340257127943e-01
8.311461532009041548e+03 4.712577436749988413e-01
8.341492976731369708e+03 5.499993280976139820e-01
8.371524421453699688e+03 5.738476394149457649e-01
8.401555866176029667e+03 6.212079269123781389e-01
8.431587310898357828e+03 6.855139765294896437e-01
8.461618755620685988e+03 7.531088923401209057e-01
8.491650200343014149e+03 8.055088316769339896e-01
8.521681645065342309e+03 8.878356872313590831e-01
8.551713089787670469e+03 9.425124157962330163e-01
8.581744534510002268e+03 9.848629991034902886e-01
8.611775979232330428e+03 9.965625473931147837e-01
8.641807423954658589e+03 9.958223029358295175e-01
8.671838868676986749e+03 9.439452956274513307e-01
8.701870313399314909e+03 8.660207445062382270e-01
8.731901758121643070e+03 7.995623035885347507e-01
8.761933202843973049e+03 7.504304974573294817e-01
8.791964647566303029e+03 6.911763858946572414e-01
8.821996092288631189e+03 6.643248628839202308e-01
8.852027537010959350e+03 6.833930686549858358e-01
8.882058981733287510e+03 6.472470239523601121e-01
8.912090426455615670e+03 6.135920093528811625e-01
8.942121871177943831e+03 5.406625725414612171e-01
8.972153315900275629e+03 5.011378186976995774e-01
9.002184760622603790e+03 4.874194916962464319e-01
9.032216205344931950e+03 5.063840325277543242e-01
9.062247650067260111e+03 5.436412118047490027e-01
9.092279094789588271e+03 5.908625114943301115e-01
9.122310539511916431e+03 6.296531639883357068e-01
9.152341984234246411e+03 7.122879428076688280e-01
9.182373428956576390e+03 6.922084279595860368e-01
9.212404873678904551e+03 6.498086997920942132e-01
9.242436318401232711e+03 6.532826270999348983e-01
9.272467763123560871e+03 6.557252802312880657e-01
9.302499207845889032e+03 6.421574593643034623e-01
9.332530652568217192e+03 6.117767210779617715e-01
9.362562097290548991e+03 6.053241545068333007e-01
9.392593542012877151e+03 6.070764759295769197e-01
9.422624986735205312e+03 6.368636364508963865e-01
9.452656431457533472e+03 6.413304435131663706e-01
9.482687876179861632e+03 6.440695015828100667e-01
9.512719320902189793e+03 6.280091148357966890e-01
9.542750765624519772e+03 5.889535408295882846e-01
9.572782210346849752e+03 5.623200981361428097e-01
9.602813655069177912e+03 5.378183137553775861e-01
9.632845099791506073e+03 5.086078374533747892e-01
9.662876544513834233e+03 4.830640284579456600e-01
9.692907989236162393e+03 4.651975680973068350e-01
9.722939433958492373e+03 4.562293989929142590e-01
9.752970878680822352e+03 4.447640566778457982e-01
9.783002323403150513e+03 4.463750866274148188e-01
9.813033768125478673e+03 4.467498161867043405e-01
9.843065212847806833e+03 4.382853818997176631e-01
9.873096657570134994e+03 4.431008103142775600e-01
9.903128102292463154e+03 4.443079309437925062e-01
9.933159547014793134e+03 4.542674440257319368e-01
9.963190991737123113e+03 4.659270621164157133e-01
9.993222436459451274e+03 4.457538648785104862e-01
1.002325388118177943e+04 3.891881307483648356e-01
1.005328532590410759e+04 2.889518130805955876e-01
1.008331677062643575e+04 1.168809139408226727e-01
