3.148711907879097453e+03 2.517152795052067571e+00
3.178827435762727873e+03 2.306231190941463893e+00
3.208942963646358294e+03 9.657721786710953271e-01
3.239058491529988260e+03 1.765307257444613143e+00
3.269174019413618225e+03 2.013172522949602250e+00
3.299289547297248646e+03 1.870175417308534760e+00
3.329405075180879066e+03 2.005676017488598362e+00
3.359520603064508578e+03 1.913609186349245039e+00
3.389636130948138998e+03 1.795040300955967671e+00
3.419751658831769419e+03 1.755604637519371014e+00
3.449867186715399384e+03 1.613073501052820102e+00
3.479982714599029350e+03 1.660920969826266580e+00
3.510098242482659771e+03 1.539813752056597984e+00
3.540213770366290191e+03 1.494808428664430755e+00
3.570329298249919702e+03 1.480551095648055648e+00
3.600444826133550123e+03 1.438014884906808843e+00
3.630560354017180543e+03 1.370688911845691971e+00
3.660675881900810964e+03 1.391830711900516215e+00
3.690791409784440475e+03 1.578363255926743536e+00
3.720906937668070896e+03 1.546673675048964025e+00
3.751022465551701316e+03 1.468211783311556218e+00
3.781137993435330827e+03 1.313709862900819481e+00
3.811253521318961248e+03 1.320098668903759709e+00
3.841369049202591668e+03 1.423488118935115621e+00
3.871484577086222089e+03 1.795714388933227657e+00
3.901600104969851600e+03 1.997974518683901968e+00
3.931715632853482020e+03 2.239685571465367619e+00
3.961831160737112441e+03 2.271711414967013898e+00
3.991946688620742407e+03 2.255278854375853737e+00
4.022062216504372373e+03 1.970039349529461914e+00
4.052177744388002793e+03 1.877429240066693650e+00
4.082293272271632759e+03 1.847825627330190512e+00
4.112408800155262725e+03 1.899310211187268171e+00
4.142524328038893145e+03 1.827459033045478742e+00
4.172639855922523566e+03 1.645516317562083053e+00
4.202755383806153986e+03 1.760227834933844049e+00
4.232870911689784407e+03 1.760363976253129792e+00
4.262986439573413918e+03 1.641377934001703620e+00
4.293101967457043429e+03 1.561248426009628876e+00
4.323217495340673850e+03 1.446648873612135233e+00
4.353333023224304270e+03 1.418132736775125524e+00
4.383448551107934691e+03 1.439481460604232099e+00
4.413564078991565111e+03 1.530075924754389360e+00
4.443679606875195532e+03 1.647681709133381744e+00
4.473795134758825043e+03 1.740821308129631539e+00
4.503910662642454554e+03 1.796903074550839197e+00
4.534026190526084974e+03 1.843903176220183626e+00
4.564141718409715395e+03 1.893327714861061439e+00
4.594257246293345816e+03 1.875072276240573155e+00
4.624372774176976236e+03 1.790925726039541699e+00
4.654488302060606657e+03 1.758075496750349798e+00
4.684603829944236168e+03 1.661095995533167224e+00
4.714719357827865679e+03 1.520782188413335012e+00
4.744834885711496099e+03 1.465899587090089051e+00
4.774950413595126520e+03 1.466143372896129282e+00
4.805065941478756940e+03 1.448468993883476719e+00
4.835181469362387361e+03 1.427265695825544967e+00
4.865296997246017781e+03 1.343888468177587114e+00
4.895412525129647292e+03 1.264864085736121746e+00
4.925528053013276804e+03 1.245282992851339587e+00
4.955643580896907224e+03 1.323420572249490279e+00
4.985759108780537645e+03 1.320763288578598038e+00
5.015874636664168065e+03 1.261634475357685803e+00
5.045990164547798486e+03 1.250022935353924280e+00
5.076105692431428906e+03 1.284518626908621064e+00
5.106221220315058417e+03 1.331774648519148174e+00
5.136336748198688838e+03 1.330591202641711712e+00
5.166452276082318349e+03 1.336659373316043897e+00
5.196567803965948769e+03 1.351133098409122768e+00
5.226683331849579190e+03 1.337111921401691106e+00
5.256798859733209611e+03 1.394106229940757835e+00
5.286914387616840031e+03 1.383164825127808140e+00
5.317029915500470452e+03 1.252118279872356243e+00
5.347145443384099053e+03 1.206274230351112253e+00
5.377260971267729474e+03 1.232230156598367987e+00
5.407376499151359894e+03 1.254827777094466690e+00
5.437492027034990315e+03 1.199928813073831924e+00
5.467607554918620735e+03 1.156010322104294330e+00
5.497723082802251156e+03 1.092789179881383133e+00
5.527838610685881577e+03 1.061635891006785570e+00
5.557954138569510178e+03 1.093848250873611816e+00
5.588069666453140599e+03 1.142814725912868257e+00
5.618185194336771019e+03 1.150647310147207225e+00
5.648300722220401440e+03 1.141543123705117457e+00
5.678416250104031860e+03 1.117039248963220821e+00
5.708531777987662281e+03 1.106926458500062882e+00
5.738647305871292701e+03 1.080312347346604751e+00
5.768762833754921303e+03 1.031321879812862052e+00
5.798878361638551723e+03 9.718626871851214766e-01
5.828993889522182144e+03 9.782830235543784614e-01
5.859109417405812565e+03 1.053707336794503568e+00
5.889224945289442985e+03 1.102099003144028089e+00
5.919340473173073406e+03 1.174293154454119081e+00
5.949456001056703826e+03 1.160346712688131943e+00
5.979571528940333337e+03 1.095141363593660211e+00
6.009687056823962848e+03 1.090132447762088397e+00
6.039802584707593269e+03 1.066225167998020140e+00
6.069918112591223689e+03 1.000000000000000000e+00
6.100033640474854110e+03 9.480850220464365208e-01
6.130149168358484530e+03 7.793473710568885604e-01
6.160264696242114951e+03 6.792509598376672564e-01
6.190380224125744462e+03 7.334583700804584439e-01
6.220495752009373973e+03 7.668034330777626639e-01
6.250611279893004394e+03 8.456259476345882042e-01
6.280726807776634814e+03 9.400721723650221628e-01
6.310842335660265235e+03 9.482398241947668227e-01
6.340957863543895655e+03 9.545638228850156226e-01
6.371073391427526076e+03 9.382377117521489840e-01
6.401188919311155587e+03 8.931223538163048925e-01
6.431304447194785098e+03 8.857176816962638588e-01
6.461419975078415519e+03 9.453196342624586856e-01
6.491535502962045939e+03 9.599411751836344209e-01
6.521651030845676360e+03 9.482865222300113084e-01
6.551766558729306780e+03 9.248478774731802021e-01
6.581882086612937201e+03 8.974796114355766408e-01
6.611997614496566712e+03 8.521111832418033494e-01
6.642113142380196223e+03 8.244576731030899275e-01
6.672228670263826643e+03 7.920578776184222791e-01
6.702344198147457064e+03 7.976990554311192971e-01
6.732459726031087484e+03 7.825039008486724956e-01
6.762575253914717905e+03 7.812113396802213838e-01
6.792690781798348326e+03 7.468836875121915853e-01
6.822806309681977837e+03 7.194470290765132559e-01
6.852921837565607348e+03 6.786540890840400131e-01
6.883037365449237768e+03 6.987452752711289516e-01
6.913152893332868189e+03 6.913890477663906520e-01
6.943268421216498609e+03 7.103799804419802522e-01
6.973383949100129030e+03 6.928298843892696235e-01
7.003499476983759450e+03 7.113954788580161281e-01
7.033615004867388961e+03 6.952543213608027850e-01
7.063730532751018472e+03 6.593750626240876267e-01
7.093846060634648893e+03 6.764752764238718408e-01
7.123961588518279314e+03 6.935186804091263424e-01
7.154077116401909734e+03 7.112652207557691453e-01
7.184192644285540155e+03 7.090898093304511818e-01
7.214308172169170575e+03 7.285334739422205663e-01
7.244423700052800086e+03 7.033265547642015836e-01
7.274539227936429597e+03 6.717392867077350838e-01
7.304654755820060018e+03 6.604925061603716951e-01
7.334770283703690438e+03 6.352312591500111072e-01
7.364885811587320859e+03 6.349783727426141500e-01
7.395001339470951280e+03 6.120643454801542038e-01
7.545578978889101563e+03 4.287010169324501629e-01
7.575694506772731984e+03 4.713915701956959414e-01
7.605810034656362404e+03 4.569187643552793388e-01
7.635925562539992825e+03 4.613252939172499123e-01
7.666041090423623245e+03 5.066900451003741868e-01
7.696156618307252756e+03 5.756053140893303555e-01
7.726272146190882268e+03 6.014982715292189752e-01
7.756387674074512688e+03 6.264151664922844587e-01
7.786503201958143109e+03 6.715370511220305483e-01
7.816618729841773529e+03 6.413178148775895426e-01
7.846734257725403950e+03 6.842837762384584854e-01
7.876849785609034370e+03 6.166688820655826797e-01
7.906965313492663881e+03 6.308187544457356521e-01
7.937080841376293392e+03 5.506203944292553665e-01
7.967196369259923813e+03 5.084822200907817003e-01
7.997311897143554233e+03 4.765953675916738130e-01
8.027427425027184654e+03 4.441752566231694233e-01
8.057542952910815075e+03 4.487524914045279423e-01
8.087658480794445495e+03 4.388936904519615267e-01
8.117774008678075006e+03 4.102846171707940082e-01
8.147889536561704517e+03 3.537284244505764508e-01
8.178005064445334938e+03 3.327785643516391612e-01
8.208120592328965358e+03 2.780594980770153546e-01
8.238236120212595779e+03 3.254382399179585050e-01
8.268351648096226199e+03 2.925460007821001351e-01
8.298467175979856620e+03 3.552736881758919996e-01
8.328582703863485222e+03 3.747232360046999222e-01
8.358698231747115642e+03 3.541201180099797230e-01
8.388813759630746063e+03 3.695025243597359066e-01
8.418929287514376483e+03 4.279395080270061991e-01
8.449044815398006904e+03 4.325950631351921372e-01
8.479160343281637324e+03 4.917973246438216983e-01
8.509275871165267745e+03 4.669608642887071448e-01
8.539391399048898165e+03 5.035967598917561183e-01
8.569506926932526767e+03 5.025625087214096176e-01
8.599622454816157187e+03 5.399690138312593923e-01
8.629737982699787608e+03 4.633599677599706812e-01
8.659853510583418029e+03 4.747129219898290620e-01
8.689969038467048449e+03 3.755713385109319957e-01
8.720084566350678870e+03 4.167120317855507738e-01
8.750200094234307471e+03 3.373628773784972945e-01
8.780315622117937892e+03 3.400815671272306440e-01
8.810431150001568312e+03 3.092588415099938315e-01
8.840546677885198733e+03 2.858258041944027883e-01
8.870662205768829153e+03 2.884809735841716294e-01
8.900777733652459574e+03 2.092948026741427436e-01
8.930893261536089994e+03 1.524753176063910753e-01
