MJD,Mag,Mag_err,band,Instr,source
52304.17,14.417,0.0230,Bessell_B,,10;21
52304.17,14.77,0.10857362047581294,Bessell_B,,10;22
52304.17,13.699,0.0150,Bessell_I,,10;21
52304.17,13.83,0.10857362047581294,Bessell_I,,10;22
52304.17,13.596,0.0240,Bessell_R,,10;21
52304.17,13.79,0.10857362047581294,Bessell_R,,10;22
52304.17,14.014,0.0740,Bessell_U,,10;21
52304.17,14.43,0.10857362047581294,Bessell_U,,10;22
52304.17,13.841,0.0260,Bessell_V,,10;21
52304.17,14.1,0.10857362047581294,Bessell_V,,10;22
52304.38,13.7,0.10857362047581294,;;;C,,16;22
52305.13,13.451,0.0150,Bessell_B,,10;21
52305.13,13.8,0.10857362047581294,Bessell_B,,10;22
52305.13,13.281,0.0180,Bessell_I,,10;21
52305.13,13.41,0.10857362047581294,Bessell_I,,10;22
52305.13,13.136,0.0200,Bessell_R,,10;21
52305.13,13.34,0.10857362047581294,Bessell_R,,10;22
52305.13,13.2,0.0310,Bessell_U,,10;21
52305.13,13.61,0.10857362047581294,Bessell_U,,10;22
52305.13,13.13,0.0210,Bessell_V,,10;21
52305.13,13.39,0.10857362047581294,Bessell_V,,10;22
52305.37,13.41,0.10857362047581294,Bessell_R,,16;22
52305.75,13.6,0.10857362047581294,;;;C,,16;22
52305.77,13.5,0.10857362047581294,Bessell_V,,16;22
52305.78,13.23,0.10857362047581294,;;;C,,16;22
52305.78,13.1,0.10857362047581294,Bessell_R,,16;22
52305.78,13.4,0.10857362047581294,Bessell_R,,16;22
52305.79,13.3,0.10857362047581294,;;;C,,16;22
52305.8,13.04,0.10857362047581294,Bessell_R,,16;22
52305.8,13.2,0.10857362047581294,Bessell_R,,16;22
52305.86,13.4,0.10857362047581294,;;;C,,16;22
52305.9,13.0,0.10857362047581294,;;;C,,16;22
52306.06,13.3,0.10857362047581294,Bessell_V,,16;22
52306.10689,13.667,0.097,Bessell_U,,4
52306.12,13.172,0.0180,Bessell_B,,10;21
52306.12,13.52,0.10857362047581294,Bessell_B,,10;22
52306.12,13.019,0.0290,Bessell_I,,10;21
52306.12,13.15,0.10857362047581294,Bessell_I,,10;22
52306.12,12.845,0.0240,Bessell_R,,10;21
52306.12,13.04,0.10857362047581294,Bessell_R,,10;22
52306.12,13.029,0.0310,Bessell_U,,10;21
52306.12,13.44,0.10857362047581294,Bessell_U,,10;22
52306.12,12.803,0.0210,Bessell_V,,10;21
52306.12,13.07,0.10857362047581294,Bessell_V,,10;22
52306.12661,13.674,0.104,Bessell_U,,4
52306.29,13.3,0.10857362047581294,;;;C,,16;22
52306.44,12.95,0.10857362047581294,Bessell_V,,16;22
52306.45,13.13,0.10857362047581294,Bessell_I,,16;22
52306.59,13.2,0.10857362047581294,;;;C,,16;22
52306.7,13.14,0.10857362047581294,Bessell_V,,16;22
52306.73,13.527,0.0060,Bessell_B,,14;21
52306.73,13.53,0.10857362047581294,Bessell_B,,14;22
52306.73,13.07,0.10857362047581294,Bessell_I,,14;22
52306.73,13.0711,0.0040,Bessell_I,,14;21
52306.73,12.9577,0.0040,Bessell_R,,14;21
52306.73,12.96,0.10857362047581294,Bessell_R,,14;22
52306.73,13.55,0.10857362047581294,Bessell_U,,14;22
52306.73,13.552,0.0260,Bessell_U,,14;21
52306.73,12.93,0.10857362047581294,Bessell_V,,14;22
52306.73,12.9344,0.0040,Bessell_V,,14;21
52306.75,13.36,0.10857362047581294,Bessell_B,,11;22
52306.75,13.0,0.10857362047581294,;;;C,,16;22
52306.75,12.8,0.10857362047581294,Bessell_R,,11;22
52306.75,13.39,0.10857362047581294,Bessell_U,,11;22
52306.75,12.82,0.10857362047581294,Bessell_V,,11;22
52306.77,13.0,0.10857362047581294,;;;C,,16;22
52306.77,13.1,0.10857362047581294,;;;C,,16;22
52306.78,13.1,0.10857362047581294,Bessell_R,,16;22
52306.79,12.9,0.10857362047581294,;;;C,,16;22
52306.79,13.45,0.10857362047581294,;;;C,,16;22
52306.79,12.92,0.10857362047581294,Bessell_V,,16;22
52306.79,13.15,0.10857362047581294,Bessell_V,,16;22
52306.8,13.27,0.10857362047581294,Bessell_B,,17;22
52306.8,13.46,0.10857362047581294,Bessell_B,,16;22
52306.8,13.0,0.10857362047581294,;;;C,,16;22
52306.8,13.5,0.10857362047581294,;;;C,,16;22
52306.8,13.02,0.10857362047581294,Bessell_I,,17;22
52306.8,12.88,0.10857362047581294,Bessell_R,,16;22
52306.8,12.89,0.10857362047581294,Bessell_R,,17;22
52306.8,13.48,0.10857362047581294,Bessell_U,,16;22
52306.8,12.79,0.10857362047581294,Bessell_V,,17;22
52306.81,12.9,0.10857362047581294,Bessell_R,,16;22
52306.82,13.0,0.10857362047581294,;;;C,,16;22
52306.87,12.8,0.10857362047581294,;;;C,,16;22
52307.05,12.9,0.10857362047581294,Bessell_V,,16;22
52307.06,13.02,0.10857362047581294,Bessell_V,,16;22
52307.12,12.978,0.0210,Bessell_B,,10;21
52307.12,13.33,0.10857362047581294,Bessell_B,,10;22
52307.12,12.837,0.0240,Bessell_I,,10;21
52307.12,12.96,0.10857362047581294,Bessell_I,,10;22
52307.12,12.651,0.0170,Bessell_R,,10;21
52307.12,12.85,0.10857362047581294,Bessell_R,,10;22
52307.12,12.933,0.0370,Bessell_U,,10;21
52307.12,13.35,0.10857362047581294,Bessell_U,,10;22
52307.12,12.575,0.0200,Bessell_V,,10;21
52307.12,12.84,0.10857362047581294,Bessell_V,,10;22
52307.22,13.0,0.10857362047581294,;;;C,,16;22
52307.25,13.36,0.0200,Bessell_B,,11;21
52307.25,12.8,0.0200,Bessell_R,,11;21
52307.25,13.39,0.0500,Bessell_U,,11;21
52307.25,12.82,0.0100,Bessell_V,,11;21
52307.4,13.34,0.10857362047581294,Bessell_B,,16;22
52307.43,12.79,0.10857362047581294,Bessell_R,,16;22
52307.43,12.82,0.10857362047581294,Bessell_V,,16;22
52307.45,13.51,0.10857362047581294,Bessell_U,,16;22
52307.61,12.95,0.10857362047581294,Bessell_R,,16;22
52307.61,12.86,0.10857362047581294,Bessell_V,,16;22
52307.62,12.94,0.10857362047581294,Bessell_B,,16;22
52307.62,12.95,0.10857362047581294,Bessell_R,,16;22
52307.62,12.86,0.10857362047581294,Bessell_V,,16;22
52307.63,12.97,0.10857362047581294,Bessell_B,,16;22
52307.63,12.84,0.10857362047581294,Bessell_V,,16;22
52307.64,12.94,0.10857362047581294,Bessell_B,,16;22
52307.64,12.99,0.10857362047581294,Bessell_R,,16;22
52307.64,12.88,0.10857362047581294,Bessell_V,,16;22
52307.65,12.97,0.10857362047581294,Bessell_B,,16;22
52307.65,12.93,0.10857362047581294,Bessell_R,,16;22
52307.66,12.91,0.10857362047581294,Bessell_R,,16;22
52307.68,13.381,0.0070,Bessell_B,,14;21
52307.68,13.285,0.0580,Bessell_U,,14;21
52307.68,13.29,0.10857362047581294,Bessell_U,,14;22
52307.69,13.38,0.10857362047581294,Bessell_B,,14;22
52307.69,12.9291,0.0100,Bessell_I,,14;21
52307.69,12.93,0.10857362047581294,Bessell_I,,14;22
52307.69,12.79,0.10857362047581294,Bessell_R,,14;22
52307.69,12.7937,0.0050,Bessell_R,,14;21
52307.69,12.7664,0.0040,Bessell_V,,14;21
52307.69,12.77,0.10857362047581294,Bessell_V,,14;22
52307.71,12.83,0.10857362047581294,Bessell_V,,16;22
52307.73,13.0,0.10857362047581294,;;;C,,16;22
52307.73,13.02,0.10857362047581294,;;;C,,16;22
52307.73,12.85,0.10857362047581294,Bessell_I,,16;22
52307.73,12.73,0.10857362047581294,Bessell_R,,16;22
52307.73,12.71,0.10857362047581294,Bessell_V,,16;22
52307.74,12.41,0.10857362047581294,;;;C,,16;22
52307.74,12.7,0.10857362047581294,;;;C,,16;22
52307.74,12.41,0.10857362047581294,Bessell_V,,16;22
52307.75,12.7,0.10857362047581294,;;;C,,16;22
52307.75,12.9,0.10857362047581294,;;;C,,16;22
52307.75,12.7,0.10857362047581294,Bessell_R,,16;22
52307.76,12.66,0.10857362047581294,Bessell_R,,16;22
52307.77,12.7,0.10857362047581294,;;;C,,16;22
52307.77,12.8,0.10857362047581294,;;;C,,16;22
52307.77,13.4,0.10857362047581294,;;;C,,16;22
52307.78,12.6,0.10857362047581294,;;;C,,16;22
52307.78,12.95,0.10857362047581294,Bessell_R,,16;22
52307.79,12.7,0.10857362047581294,;;;C,,16;22
52307.79,13.3,0.10857362047581294,;;;C,,16;22
52307.8,13.13,0.10857362047581294,Bessell_B,,17;22
52307.8,13.3,0.10857362047581294,Bessell_B,,16;22
52307.8,12.9,0.10857362047581294,;;;C,,16;22
52307.8,12.87,0.10857362047581294,Bessell_I,,17;22
52307.8,12.6,0.10857362047581294,Bessell_R,,16;22
52307.8,12.71,0.10857362047581294,Bessell_R,,17;22
52307.8,12.79,0.10857362047581294,Bessell_R,,16;22
52307.8,13.35,0.10857362047581294,Bessell_U,,16;22
52307.8,12.62,0.10857362047581294,Bessell_V,,17;22
52307.8,13.0,0.10857362047581294,Bessell_V,,16;22
52307.81,12.9,0.10857362047581294,Bessell_R,,16;22
52307.81,13.0,0.10857362047581294,Bessell_R,,16;22
52307.84,12.85,0.10857362047581294,Bessell_R,,16;22
52307.88,13.8,0.10857362047581294,Bessell_R,,16;22
52308.1,12.7,0.10857362047581294,;;;C,,16;22
52308.12,12.857,0.0170,Bessell_B,,10;21
52308.12,13.21,0.10857362047581294,Bessell_B,,10;22
52308.12,12.718,0.0230,Bessell_I,,10;21
52308.12,12.85,0.10857362047581294,Bessell_I,,10;22
52308.12,12.49,0.0160,Bessell_R,,10;21
52308.12,12.69,0.10857362047581294,Bessell_R,,10;22
52308.12,12.859,0.0390,Bessell_U,,10;21
52308.12,13.27,0.10857362047581294,Bessell_U,,10;22
52308.12,12.41,0.0160,Bessell_V,,10;21
52308.12,12.67,0.10857362047581294,Bessell_V,,10;22
52308.13,12.66,0.10857362047581294,Bessell_V,,16;22
52308.15,12.88,0.10857362047581294,Bessell_I,,16;22
52308.16,12.66,0.10857362047581294,Bessell_R,,16;22
52308.17,12.81,0.10857362047581294,;;;C,,16;22
52308.2,12.62,0.10857362047581294,Bessell_I,,16;22
52308.26,12.5,0.10857362047581294,;;;C,,16;22
52308.55,12.7,0.10857362047581294,Bessell_V,,16;22
52308.56,12.73,0.10857362047581294,Bessell_R,,16;22
52308.58,12.79,0.10857362047581294,Bessell_B,,16;22
52308.71,12.83,0.10857362047581294,Bessell_V,,16;22
52308.74,12.5,0.10857362047581294,;;;C,,16;22
52308.74,12.8,0.10857362047581294,;;;C,,16;22
52308.74,12.9,0.10857362047581294,;;;C,,16;22
52308.74,12.53,0.10857362047581294,Bessell_R,,16;22
52308.74,12.6,0.10857362047581294,Bessell_R,,16;22
52308.75,13.15,0.10857362047581294,Bessell_B,,11;22
52308.75,12.7,0.10857362047581294,;;;C,,16;22
52308.75,12.51,0.10857362047581294,Bessell_R,,11;22
52308.75,13.19,0.10857362047581294,Bessell_U,,11;22
52308.75,12.3,0.10857362047581294,Bessell_V,,16;22
52308.75,12.55,0.10857362047581294,Bessell_V,,11;22
52308.76,12.7,0.10857362047581294,;;;C,,16;22
52308.76,12.9,0.10857362047581294,Bessell_R,,16;22
52308.77,12.75,0.10857362047581294,;;;C,,16;22
52308.78,12.8,0.10857362047581294,;;;C,,16;22
52308.78,12.7,0.10857362047581294,Bessell_V,,16;22
52308.8,13.2,0.10857362047581294,Bessell_B,,16;22
52308.8,12.65,0.10857362047581294,Bessell_R,,16;22
52308.8,13.29,0.10857362047581294,Bessell_U,,16;22
52308.86,12.67,0.10857362047581294,Bessell_I,,16;22
52308.86,12.72,0.10857362047581294,Bessell_R,,16;22
52308.88,12.8,0.10857362047581294,Bessell_R,,16;22
52309.02,12.5,0.10857362047581294,;;;C,,16;22
52309.13,12.786,0.0190,Bessell_B,,10;21
52309.13,13.13,0.10857362047581294,Bessell_B,,10;22
52309.13,12.604,0.0170,Bessell_I,,10;21
52309.13,12.73,0.10857362047581294,Bessell_I,,10;22
52309.13,12.397,0.0210,Bessell_R,,10;21
52309.13,12.6,0.10857362047581294,Bessell_R,,10;22
52309.13,12.834,0.0330,Bessell_U,,10;21
52309.13,13.25,0.10857362047581294,Bessell_U,,10;22
52309.13,12.318,0.0280,Bessell_V,,10;21
52309.13,12.58,0.10857362047581294,Bessell_V,,10;22
52309.2,12.51,0.10857362047581294,Bessell_I,,16;22
52309.25,13.15,0.0200,Bessell_B,,11;21
52309.25,12.51,0.0200,Bessell_R,,11;21
52309.25,13.19,0.0500,Bessell_U,,11;21
52309.25,12.55,0.0100,Bessell_V,,11;21
52309.39,13.15,0.10857362047581294,Bessell_B,,16;22
52309.4,12.54,0.10857362047581294,Bessell_V,,16;22
52309.41,13.23,0.10857362047581294,Bessell_U,,16;22
52309.42,12.51,0.10857362047581294,Bessell_R,,16;22
52309.71,13.2,0.10857362047581294,Bessell_B,,14;22
52309.71,13.201,0.0080,Bessell_B,,14;21
52309.71,13.34,0.10857362047581294,Bessell_B,,16;22
52309.71,12.4,0.10857362047581294,;;;C,,16;22
52309.71,12.97,0.10857362047581294,Bessell_I,,16;22
52309.71,12.55,0.10857362047581294,Bessell_R,,14;22
52309.71,12.5547,0.0030,Bessell_R,,14;21
52309.71,12.81,0.10857362047581294,Bessell_R,,16;22
52309.71,13.255,0.0550,Bessell_U,,14;21
52309.71,13.26,0.10857362047581294,Bessell_U,,14;22
52309.71,13.54,0.10857362047581294,Bessell_U,,16;22
52309.71,12.54,0.10857362047581294,Bessell_V,,14;22
52309.71,12.5404,0.0040,Bessell_V,,14;21
52309.71,12.63,0.10857362047581294,Bessell_V,,16;22
52309.72,12.6661,0.0050,Bessell_I,,14;21
52309.72,12.67,0.10857362047581294,Bessell_I,,14;22
52309.72,12.74,0.10857362047581294,Bessell_V,,16;22
52309.74,12.9,0.10857362047581294,;;;C,,16;22
52309.74,12.5,0.10857362047581294,Bessell_R,,16;22
52309.75,12.8,0.10857362047581294,;;;C,,16;22
52309.76,12.7,0.10857362047581294,;;;C,,16;22
52309.76,12.5,0.10857362047581294,Bessell_R,,16;22
52309.78,12.5,0.10857362047581294,;;;C,,16;22
52309.8,13.13,0.10857362047581294,Bessell_B,,16;22
52309.8,12.54,0.10857362047581294,Bessell_R,,16;22
52309.8,13.26,0.10857362047581294,Bessell_U,,16;22
52309.88,12.4,0.10857362047581294,Bessell_R,,16;22
52310.01,12.7,0.10857362047581294,;;;C,,16;22
52310.02,12.7,0.10857362047581294,Bessell_V,,16;22
52310.06,12.5,0.10857362047581294,;;;C,,16;22
52310.12,12.728,0.0190,Bessell_B,,10;21
52310.12,13.08,0.10857362047581294,Bessell_B,,10;22
52310.12,12.483,0.0230,Bessell_I,,10;21
52310.12,12.61,0.10857362047581294,Bessell_I,,10;22
52310.12,12.28,0.0150,Bessell_R,,10;21
52310.12,12.48,0.10857362047581294,Bessell_R,,10;22
52310.12,12.878,0.0390,Bessell_U,,10;21
52310.12,13.29,0.10857362047581294,Bessell_U,,10;22
52310.12,12.228,0.0240,Bessell_V,,10;21
52310.12,12.49,0.10857362047581294,Bessell_V,,10;22
52310.13,12.47,0.10857362047581294,Bessell_V,,16;22
52310.16,12.63,0.10857362047581294,Bessell_I,,16;22
52310.17,12.45,0.10857362047581294,Bessell_R,,16;22
52310.18,12.46,0.10857362047581294,Bessell_V,,16;22
52310.19,12.66,0.10857362047581294,;;;C,,16;22
52310.31,12.6,0.10857362047581294,;;;C,,16;22
52310.72,12.7,0.10857362047581294,;;;C,,16;22
52310.72,12.6061,0.0460,Bessell_I,,14;21
52310.72,12.61,0.10857362047581294,Bessell_I,,14;22
52310.75,12.72,0.10857362047581294,Bessell_B,,16;22
52310.75,12.06,0.10857362047581294,Bessell_R,,16;22
52310.75,12.08,0.10857362047581294,Bessell_V,,16;22
52310.78,13.34,0.10857362047581294,Bessell_B,,16;22
52310.78,12.7,0.10857362047581294,;;;C,,16;22
52310.78,12.83,0.10857362047581294,Bessell_I,,16;22
52310.78,12.68,0.10857362047581294,Bessell_R,,16;22
52310.78,13.52,0.10857362047581294,Bessell_U,,16;22
52310.78,12.47,0.10857362047581294,Bessell_V,,16;22
52310.78,12.57,0.10857362047581294,Bessell_V,,16;22
52310.8,13.1,0.10857362047581294,Bessell_B,,16;22
52310.8,12.42,0.10857362047581294,Bessell_R,,16;22
52310.8,13.34,0.10857362047581294,Bessell_U,,16;22
52310.81,12.6,0.10857362047581294,;;;C,,16;22
52311.13,12.726,0.0280,Bessell_B,,10;21
52311.13,13.07,0.10857362047581294,Bessell_B,,10;22
52311.13,12.384,0.0260,Bessell_I,,10;21
52311.13,12.51,0.10857362047581294,Bessell_I,,10;22
52311.13,12.194,0.0180,Bessell_R,,10;21
52311.13,12.39,0.10857362047581294,Bessell_R,,10;22
52311.13,12.921,0.0390,Bessell_U,,10;21
52311.13,13.33,0.10857362047581294,Bessell_U,,10;22
52311.13,12.158,0.0170,Bessell_V,,10;21
52311.13,12.42,0.10857362047581294,Bessell_V,,10;22
52311.26,12.5,0.10857362047581294,;;;C,,16;22
52311.45,12.47,0.10857362047581294,Bessell_I,,16;22
52311.45,12.42,0.10857362047581294,Bessell_V,,16;22
52311.62,13.12,0.0200,Bessell_B,,12;21
52311.62,13.12,0.10857362047581294,Bessell_B,,12;22
52311.62,12.46,0.0200,Bessell_I,,12;21
52311.62,12.46,0.10857362047581294,Bessell_I,,12;22
52311.62,12.39,0.0400,Bessell_R,,12;21
52311.62,12.39,0.10857362047581294,Bessell_R,,12;22
52311.62,12.42,0.0300,Bessell_V,,12;21
52311.62,12.42,0.10857362047581294,Bessell_V,,12;22
52311.74,13.4,0.10857362047581294,Bessell_B,,16;22
52311.74,12.81,0.10857362047581294,Bessell_I,,16;22
52311.74,12.64,0.10857362047581294,Bessell_R,,16;22
52311.74,13.71,0.10857362047581294,Bessell_U,,16;22
52311.74,12.56,0.10857362047581294,Bessell_V,,16;22
52311.8,12.2,0.10857362047581294,Bessell_R,,16;22
52311.88,12.8,0.10857362047581294,;;;C,,16;22
52312.06,12.5,0.10857362047581294,;;;C,,16;22
52312.25,12.4,0.10857362047581294,;;;C,,16;22
52312.44,13.07,0.10857362047581294,Bessell_B,,16;22
52312.44,12.41,0.10857362047581294,Bessell_I,,16;22
52312.44,12.4,0.10857362047581294,Bessell_V,,16;22
52312.61,13.16,0.0300,Bessell_B,,12;21
52312.61,13.16,0.10857362047581294,Bessell_B,,12;22
52312.61,12.42,0.0300,Bessell_I,,12;21
52312.61,12.42,0.10857362047581294,Bessell_I,,12;22
52312.61,12.33,0.0300,Bessell_R,,12;21
52312.61,12.33,0.10857362047581294,Bessell_R,,12;22
52312.61,12.42,0.0300,Bessell_V,,12;21
52312.61,12.42,0.10857362047581294,Bessell_V,,12;22
52312.68,12.35,0.10857362047581294,Bessell_V,,16;22
52312.75,13.2,0.10857362047581294,Bessell_B,,11;22
52312.75,13.41,0.10857362047581294,Bessell_B,,16;22
52312.75,12.71,0.10857362047581294,Bessell_I,,16;22
52312.75,12.24,0.10857362047581294,Bessell_R,,11;22
52312.75,12.56,0.10857362047581294,Bessell_R,,16;22
52312.75,13.58,0.10857362047581294,Bessell_U,,11;22
52312.75,13.82,0.10857362047581294,Bessell_U,,16;22
52312.75,12.38,0.10857362047581294,Bessell_V,,11;22
52312.75,12.51,0.10857362047581294,Bessell_V,,16;22
52312.78,12.2,0.10857362047581294,Bessell_R,,16;22
52312.8,12.4,0.10857362047581294,;;;C,,16;22
52312.83,12.5,0.10857362047581294,;;;C,,16;22
52312.83,12.4,0.10857362047581294,Bessell_R,,16;22
52312.83,12.7,0.10857362047581294,Bessell_R,,16;22
52312.86,12.6,0.10857362047581294,Bessell_R,,16;22
52313.01,12.5,0.10857362047581294,;;;C,,16;22
52313.03,12.5,0.10857362047581294,;;;C,,16;22
52313.05,12.3,0.10857362047581294,Bessell_V,,16;22
52313.08,13.23,0.10857362047581294,Bessell_B,,16;22
52313.08,12.68,0.10857362047581294,Bessell_I,,16;22
52313.08,12.24,0.10857362047581294,Bessell_R,,16;22
52313.08,12.36,0.10857362047581294,Bessell_V,,16;22
52313.12,12.59,0.10857362047581294,;;;C,,16;22
52313.25,13.2,0.0200,Bessell_B,,11;21
52313.25,12.6,0.10857362047581294,;;;C,,16;22
52313.25,12.24,0.0200,Bessell_R,,11;21
52313.25,13.58,0.0500,Bessell_U,,11;21
52313.25,12.38,0.0100,Bessell_V,,11;21
52313.72,12.24,0.10857362047581294,Bessell_R,,14;22
52313.72,12.2437,0.0040,Bessell_R,,14;21
52313.72,12.35,0.10857362047581294,Bessell_V,,14;22
52313.72,12.3534,0.0040,Bessell_V,,14;21
52313.75,12.6,0.10857362047581294,;;;C,,16;22
52313.75,12.68,0.10857362047581294,;;;C,,16;22
52313.77,12.2,0.10857362047581294,Bessell_R,,16;22
52313.77,12.5,0.10857362047581294,Bessell_R,,16;22
52313.78,12.37,0.10857362047581294,Bessell_V,,16;22
52313.79,12.2,0.10857362047581294,Bessell_R,,16;22
52313.8,12.7,0.10857362047581294,Bessell_V,,16;22
52313.81,12.23,0.10857362047581294,Bessell_I,,16;22
52313.81,12.65,0.10857362047581294,Bessell_R,,16;22
52313.83,12.2,0.10857362047581294,Bessell_R,,16;22
52313.84,12.45,0.10857362047581294,;;;C,,16;22
52313.84,12.46,0.10857362047581294,;;;C,,16;22
52313.86,12.45,0.10857362047581294,;;;C,,16;22
52313.99,13.05,0.10857362047581294,Bessell_B,,16;22
52313.99,12.32,0.10857362047581294,;;;C,,16;22
52313.99,12.43,0.10857362047581294,Bessell_R,,16;22
52314.04,12.6,0.10857362047581294,;;;C,,16;22
52314.07,12.3,0.10857362047581294,Bessell_V,,16;22
52314.12,12.39,0.10857362047581294,Bessell_V,,16;22
52314.13,12.885,0.0130,Bessell_B,,10;21
52314.13,13.23,0.10857362047581294,Bessell_B,,10;22
52314.13,12.24,0.0190,Bessell_I,,10;21
52314.13,12.37,0.10857362047581294,Bessell_I,,10;22
52314.13,12.079,0.0230,Bessell_R,,10;21
52314.13,12.28,0.10857362047581294,Bessell_R,,10;22
52314.13,13.35,0.0340,Bessell_U,,10;21
52314.13,13.76,0.10857362047581294,Bessell_U,,10;22
52314.13,12.143,0.0180,Bessell_V,,10;21
52314.13,12.41,0.10857362047581294,Bessell_V,,10;22
52314.14,12.38,0.10857362047581294,Bessell_I,,16;22
52314.15,12.27,0.10857362047581294,Bessell_R,,16;22
52314.16,12.37,0.10857362047581294,Bessell_V,,16;22
52314.45,12.8,0.10857362047581294,;;;C,,16;22
52314.46,12.9,0.10857362047581294,;;;C,,16;22
52314.53,12.97,0.10857362047581294,Bessell_B,,16;22
52314.53,12.47,0.10857362047581294,Bessell_R,,16;22
52314.53,12.55,0.10857362047581294,Bessell_V,,16;22
52314.66,13.29,0.0300,Bessell_B,,12;21
52314.66,13.29,0.10857362047581294,Bessell_B,,12;22
52314.66,12.29,0.0200,Bessell_I,,12;21
52314.66,12.29,0.10857362047581294,Bessell_I,,12;22
52314.66,12.25,0.0300,Bessell_R,,12;21
52314.66,12.25,0.10857362047581294,Bessell_R,,12;22
52314.66,12.42,0.0300,Bessell_V,,12;21
52314.66,12.42,0.10857362047581294,Bessell_V,,12;22
52314.71,13.59,0.10857362047581294,Bessell_B,,16;22
52314.71,12.36,0.10857362047581294,Bessell_I,,16;22
52314.71,12.5,0.10857362047581294,Bessell_R,,16;22
52314.71,12.51,0.10857362047581294,Bessell_V,,16;22
52314.74,12.3,0.10857362047581294,Bessell_R,,16;22
52314.75,13.5,0.10857362047581294,Bessell_B,,16;22
52314.75,12.42,0.10857362047581294,Bessell_V,,16;22
52314.78,12.7,0.10857362047581294,;;;C,,16;22
52314.78,12.6,0.10857362047581294,Bessell_R,,16;22
52314.8,12.35,0.10857362047581294,Bessell_R,,16;22
52314.86,12.4,0.10857362047581294,;;;C,,16;22
52315.0,12.3,0.10857362047581294,;;;C,,16;22
52315.13,12.964,0.0180,Bessell_B,,10;21
52315.13,13.31,0.10857362047581294,Bessell_B,,10;22
52315.13,12.207,0.0200,Bessell_I,,10;21
52315.13,12.33,0.10857362047581294,Bessell_I,,10;22
52315.13,12.068,0.0190,Bessell_R,,10;21
52315.13,12.27,0.10857362047581294,Bessell_R,,10;22
52315.13,13.504,0.0450,Bessell_U,,10;21
52315.13,13.92,0.10857362047581294,Bessell_U,,10;22
52315.13,12.155,0.0200,Bessell_V,,10;21
52315.13,12.41,0.10857362047581294,Bessell_V,,16;22
52315.13,12.42,0.10857362047581294,Bessell_V,,10;22
52315.14,12.33,0.10857362047581294,Bessell_I,,16;22
52315.15,12.25,0.10857362047581294,Bessell_R,,16;22
52315.16,12.4,0.10857362047581294,Bessell_V,,16;22
52315.45,12.9,0.10857362047581294,;;;C,,16;22
52315.68,12.41,0.10857362047581294,Bessell_V,,16;22
52315.74,12.5,0.10857362047581294,;;;C,,16;22
52315.77,12.34,0.10857362047581294,Bessell_V,,16;22
52315.79,12.5,0.10857362047581294,;;;C,,16;22
52315.8,13.35,0.10857362047581294,Bessell_B,,17;22
52315.8,12.4,0.10857362047581294,Bessell_I,,17;22
52315.8,12.34,0.10857362047581294,Bessell_R,,17;22
52315.8,12.53,0.10857362047581294,Bessell_V,,17;22
52315.82,12.7,0.10857362047581294,Bessell_V,,16;22
52315.83,12.5,0.10857362047581294,;;;C,,16;22
52315.87,12.4,0.10857362047581294,;;;C,,16;22
52316.13,13.064,0.0150,Bessell_B,,10;21
52316.13,13.41,0.10857362047581294,Bessell_B,,10;22
52316.13,12.217,0.0180,Bessell_I,,10;21
52316.13,12.34,0.10857362047581294,Bessell_I,,10;22
52316.13,12.089,0.0160,Bessell_R,,10;21
52316.13,12.29,0.10857362047581294,Bessell_R,,10;22
52316.13,13.683,0.0500,Bessell_U,,10;21
52316.13,14.1,0.10857362047581294,Bessell_U,,10;22
52316.13,12.231,0.0210,Bessell_V,,10;21
52316.13,12.49,0.10857362047581294,Bessell_V,,10;22
52316.49,12.9,0.10857362047581294,;;;C,,16;22
52316.76,12.2,0.10857362047581294,Bessell_R,,16;22
52316.77,12.47,0.10857362047581294,Bessell_V,,16;22
52316.78,12.26,0.10857362047581294,Bessell_R,,16;22
52316.8,13.54,0.10857362047581294,Bessell_B,,16;22
52316.81,12.18,0.10857362047581294,Bessell_I,,16;22
52316.88,13.41,0.10857362047581294,Bessell_R,,16;22
52317.12,12.47,0.10857362047581294,Bessell_V,,16;22
52317.13,13.152,0.0230,Bessell_B,,10;21
52317.13,13.5,0.10857362047581294,Bessell_B,,10;22
52317.13,12.177,0.0270,Bessell_I,,10;21
52317.13,12.3,0.10857362047581294,Bessell_I,,10;16;22
52317.13,12.092,0.0160,Bessell_R,,10;21
52317.13,12.29,0.10857362047581294,Bessell_R,,10;22
52317.13,13.866,0.0580,Bessell_U,,10;21
52317.13,14.28,0.10857362047581294,Bessell_U,,10;22
52317.13,12.241,0.0240,Bessell_V,,10;21
52317.13,12.5,0.10857362047581294,Bessell_V,,10;22
52317.14,12.31,0.10857362047581294,Bessell_R,,16;22
52317.15,12.5,0.10857362047581294,Bessell_V,,16;22
52317.43,13.49,0.10857362047581294,Bessell_B,,16;22
52317.43,12.28,0.10857362047581294,Bessell_I,,16;22
52317.43,12.55,0.10857362047581294,Bessell_V,,16;22
52317.47,12.5,0.10857362047581294,;;;C,,16;22
52317.65,13.58,0.0200,Bessell_B,,12;21
52317.65,13.58,0.10857362047581294,Bessell_B,,12;22
52317.65,12.26,0.0300,Bessell_I,,12;21
52317.65,12.26,0.10857362047581294,Bessell_I,,12;22
52317.65,12.31,0.0300,Bessell_R,,12;21
52317.65,12.31,0.10857362047581294,Bessell_R,,12;22
52317.65,12.53,0.0300,Bessell_V,,12;21
52317.65,12.53,0.10857362047581294,Bessell_V,,12;22
52317.75,12.6,0.10857362047581294,;;;C,,16;22
52317.8,12.3,0.10857362047581294,Bessell_R,,16;22
52317.81,12.26,0.10857362047581294,Bessell_R,,16;22
52317.81,12.55,0.10857362047581294,Bessell_V,,16;22
52317.82,13.55,0.10857362047581294,Bessell_B,,16;22
52317.82,12.3,0.10857362047581294,Bessell_I,,16;22
52317.86,12.6,0.10857362047581294,Bessell_R,,16;22
52318.12,12.56,0.10857362047581294,Bessell_V,,16;22
52318.13,13.278,0.0160,Bessell_B,,10;21
52318.13,13.63,0.10857362047581294,Bessell_B,,10;22
52318.13,12.222,0.0260,Bessell_I,,10;21
52318.13,12.31,0.10857362047581294,Bessell_I,,16;22
52318.13,12.35,0.10857362047581294,Bessell_I,,10;22
52318.13,12.13,0.0180,Bessell_R,,10;21
52318.13,12.33,0.10857362047581294,Bessell_R,,10;22
52318.13,14.013,0.0410,Bessell_U,,10;21
52318.13,14.43,0.10857362047581294,Bessell_U,,10;22
52318.13,12.331,0.0200,Bessell_V,,10;21
52318.13,12.59,0.10857362047581294,Bessell_V,,10;22
52318.14,12.34,0.10857362047581294,Bessell_R,,16;22
52318.15,12.55,0.10857362047581294,Bessell_V,,16;22
52318.38,12.29,0.10857362047581294,Bessell_R,,16;22
52318.58,13.7,0.0200,Bessell_B,,12;21
52318.58,13.7,0.10857362047581294,Bessell_B,,12;22
52318.58,12.6,0.0300,Bessell_V,,12;21
52318.58,12.6,0.10857362047581294,Bessell_V,,12;22
52318.74,13.97,0.10857362047581294,Bessell_B,,16;22
52318.74,12.6,0.10857362047581294,Bessell_I,,16;22
52318.74,12.55,0.10857362047581294,Bessell_R,,16;22
52318.74,12.72,0.10857362047581294,Bessell_V,,16;22
52318.77,13.76,0.10857362047581294,Bessell_B,,11;22
52318.77,12.32,0.10857362047581294,Bessell_I,,11;22
52318.77,12.32,0.10857362047581294,Bessell_R,,11;22
52318.77,12.65,0.10857362047581294,Bessell_V,,11;22
52318.81,12.8,0.10857362047581294,Bessell_V,,16;22
52318.83,12.5,0.10857362047581294,;;;C,,16;22
52318.84,12.8,0.10857362047581294,;;;C,,16;22
52319.03,12.8,0.10857362047581294,;;;C,,16;22
52319.27,13.76,0.0200,Bessell_B,,11;21
52319.27,12.32,0.0100,Bessell_I,,11;21
52319.27,12.32,0.0200,Bessell_R,,11;21
52319.27,12.65,0.0100,Bessell_V,,11;21
52319.57,13.8,0.0200,Bessell_B,,12;21
52319.57,13.8,0.10857362047581294,Bessell_B,,12;22
52319.57,12.28,0.0400,Bessell_I,,12;21
52319.57,12.28,0.10857362047581294,Bessell_I,,12;22
52319.57,12.38,0.0300,Bessell_R,,12;21
52319.57,12.38,0.10857362047581294,Bessell_R,,12;22
52319.57,14.64,0.0200,Bessell_U,,12;21
52319.57,14.64,0.10857362047581294,Bessell_U,,12;22
52319.57,12.61,0.0400,Bessell_V,,12;21
52319.57,12.61,0.10857362047581294,Bessell_V,,12;22
52319.75,13.86,0.10857362047581294,Bessell_B,,11;22
52319.75,13.0,0.10857362047581294,;;;C,,16;22
52319.75,12.34,0.10857362047581294,Bessell_I,,11;22
52319.75,12.36,0.10857362047581294,Bessell_R,,11;22
52319.75,14.63,0.10857362047581294,Bessell_U,,11;22
52319.75,12.72,0.10857362047581294,Bessell_V,,11;22
52319.77,12.6,0.10857362047581294,;;;C,,16;22
52319.8,12.9,0.10857362047581294,Bessell_V,,16;22
52319.85,12.7,0.10857362047581294,;;;C,,16;22
52320.02,12.46,0.10857362047581294,;;;C,,16;22
52320.10345,14.991,0.039,Bessell_U,,4
52320.10666,13.849,0.025,Bessell_B,,4
52320.10821,12.759,0.030,Bessell_V,,4
52320.10929,12.542,0.037,Bessell_R,,4
52320.11038,12.04,0.039,Bessell_I,,4
52320.13,13.482,0.0170,Bessell_B,,10;21
52320.13,13.83,0.10857362047581294,Bessell_B,,10;22
52320.13,12.245,0.0230,Bessell_I,,10;21
52320.13,12.37,0.10857362047581294,Bessell_I,,10;22
52320.13,12.209,0.0180,Bessell_R,,10;21
52320.13,12.41,0.10857362047581294,Bessell_R,,10;22
52320.13,14.287,0.0410,Bessell_U,,10;21
52320.13,14.7,0.10857362047581294,Bessell_U,,10;22
52320.13,12.47,0.0220,Bessell_V,,10;21
52320.13,12.68,0.10857362047581294,Bessell_V,,16;22
52320.13,12.73,0.10857362047581294,Bessell_V,,10;22
52320.14,12.39,0.10857362047581294,Bessell_I,,16;22
52320.15,12.43,0.10857362047581294,Bessell_R,,16;22
52320.16,12.71,0.10857362047581294,Bessell_V,,16;22
52320.25,13.86,0.0200,Bessell_B,,11;21
52320.25,12.34,0.0100,Bessell_I,,11;21
52320.25,12.36,0.0200,Bessell_R,,11;21
52320.25,14.63,0.0600,Bessell_U,,11;21
52320.25,12.72,0.0100,Bessell_V,,11;21
52320.45,12.5,0.10857362047581294,;;;C,,16;22
52320.73,12.39,0.10857362047581294,Bessell_R,,16;22
52320.73,12.74,0.10857362047581294,Bessell_V,,16;22
52320.74,12.5,0.10857362047581294,;;;C,,16;22
52320.75,13.95,0.10857362047581294,Bessell_B,,11;22
52320.75,13.0,0.10857362047581294,;;;C,,16;22
52320.75,12.35,0.10857362047581294,Bessell_I,,11;22
52320.75,12.4,0.10857362047581294,Bessell_R,,11;22
52320.75,14.76,0.10857362047581294,Bessell_U,,11;22
52320.75,12.78,0.10857362047581294,Bessell_V,,11;22
52320.77,13.6,0.10857362047581294,;;;C,,16;22
52320.79,12.5,0.10857362047581294,;;;C,,16;22
52320.79,12.7,0.10857362047581294,;;;C,,16;22
52320.8,12.7,0.10857362047581294,;;;C,,16;22
52320.8,12.83,0.10857362047581294,;;;C,,16;22
52321.03,12.9,0.10857362047581294,;;;C,,16;22
52321.13,13.56,0.0260,Bessell_B,,10;21
52321.13,13.91,0.10857362047581294,Bessell_B,,10;22
52321.13,12.271,0.0220,Bessell_I,,10;21
52321.13,12.4,0.10857362047581294,Bessell_I,,10;22
52321.13,12.253,0.0240,Bessell_R,,10;21
52321.13,12.45,0.10857362047581294,Bessell_R,,10;22
52321.13,14.417,0.0470,Bessell_U,,10;21
52321.13,14.83,0.10857362047581294,Bessell_U,,10;22
52321.13,12.528,0.0260,Bessell_V,,10;21
52321.13,12.79,0.10857362047581294,Bessell_V,,10;22
52321.25,13.95,0.0200,Bessell_B,,11;21
52321.25,12.35,0.0100,Bessell_I,,11;21
52321.25,12.4,0.0200,Bessell_R,,11;21
52321.25,14.76,0.0600,Bessell_U,,11;21
52321.25,12.78,0.0100,Bessell_V,,11;21
52321.26,13.2,0.10857362047581294,;;;C,,16;22
52321.64,13.97,0.0200,Bessell_B,,12;21
52321.64,13.97,0.10857362047581294,Bessell_B,,12;22
52321.64,12.45,0.0400,Bessell_R,,12;21
52321.64,12.45,0.10857362047581294,Bessell_R,,12;22
52321.64,12.77,0.0300,Bessell_V,,12;21
52321.64,12.77,0.10857362047581294,Bessell_V,,12;22
52321.7,14.81,0.10857362047581294,Bessell_U,,14;22
52321.7,14.812,0.0810,Bessell_U,,14;21
52321.71,13.98,0.10857362047581294,Bessell_B,,14;22
52321.71,13.981,0.0100,Bessell_B,,14;21
52321.71,12.3581,0.0070,Bessell_I,,14;21
52321.71,12.36,0.10857362047581294,Bessell_I,,14;22
52321.71,12.4977,0.0060,Bessell_R,,14;21
52321.71,12.5,0.10857362047581294,Bessell_R,,14;22
52321.71,12.82,0.10857362047581294,Bessell_V,,14;22
52321.71,12.8234,0.0050,Bessell_V,,14;21
52321.72,12.33,0.10857362047581294,Bessell_I,,14;22
52321.72,12.3301,0.0070,Bessell_I,,14;21
52321.72,12.3491,0.0080,Bessell_I,,14;21
52321.72,12.35,0.10857362047581294,Bessell_I,,14;22
52321.72,12.81,0.10857362047581294,Bessell_V,,14;22
52321.72,12.8154,0.0080,Bessell_V,,14;21
52321.72,12.83,0.10857362047581294,Bessell_V,,14;22
52321.72,12.8314,0.0100,Bessell_V,,14;21
52321.75,14.05,0.10857362047581294,Bessell_B,,11;22
52321.75,12.38,0.10857362047581294,Bessell_I,,11;22
52321.75,12.45,0.10857362047581294,Bessell_R,,11;22
52321.75,14.84,0.10857362047581294,Bessell_U,,11;22
52321.75,12.85,0.10857362047581294,Bessell_V,,11;22
52321.77,13.1,0.10857362047581294,;;;C,,16;22
52321.78,13.0,0.10857362047581294,;;;C,,16;22
52321.79,12.7,0.10857362047581294,;;;C,,16;22
52321.79,13.3,0.10857362047581294,;;;C,,16;22
52321.8,12.39,0.10857362047581294,Bessell_I,,17;22
52321.8,12.55,0.10857362047581294,Bessell_R,,17;22
52321.8,12.91,0.10857362047581294,Bessell_V,,17;22
52321.88,13.3,0.10857362047581294,;;;C,,16;22
52322.02,12.9,0.10857362047581294,;;;C,,16;22
52322.24,12.9,0.10857362047581294,;;;C,,16;22
52322.25,14.05,0.0200,Bessell_B,,11;21
52322.25,12.38,0.0100,Bessell_I,,11;21
52322.25,12.45,0.0200,Bessell_R,,11;21
52322.25,14.84,0.0700,Bessell_U,,11;21
52322.25,12.85,0.0100,Bessell_V,,11;21
52322.63,14.04,0.0300,Bessell_B,,12;21
52322.63,14.04,0.10857362047581294,Bessell_B,,12;22
52322.63,12.86,0.0300,Bessell_V,,12;21
52322.63,12.86,0.10857362047581294,Bessell_V,,12;22
52322.72,12.82,0.10857362047581294,Bessell_V,,16;22
52322.74,13.1,0.10857362047581294,;;;C,,16;22
52322.8,12.8,0.10857362047581294,;;;C,,16;22
52322.8,12.45,0.10857362047581294,Bessell_I,,17;22
52322.8,12.89,0.10857362047581294,Bessell_V,,17;22
52322.81,13.0,0.10857362047581294,Bessell_V,,16;22
52322.82,12.9,0.10857362047581294,;;;C,,16;22
52322.9,14.15,0.10857362047581294,Bessell_B,,11;22
52322.9,12.41,0.10857362047581294,Bessell_I,,11;22
52322.9,12.5,0.10857362047581294,Bessell_R,,11;22
52322.9,14.92,0.10857362047581294,Bessell_U,,11;22
52322.9,12.91,0.10857362047581294,Bessell_V,,11;22
52323.02,13.0,0.10857362047581294,;;;C,,16;22
52323.04,12.95,0.10857362047581294,Bessell_V,,16;22
52323.12,12.91,0.10857362047581294,Bessell_V,,16;22
52323.13,12.33,0.10857362047581294,Bessell_I,,16;22
52323.14,12.48,0.10857362047581294,Bessell_R,,16;22
52323.15,12.83,0.10857362047581294,Bessell_V,,16;22
52323.16,13.15,0.10857362047581294,Bessell_V,,16;22
52323.17,12.38,0.10857362047581294,Bessell_I,,16;22
52323.17,12.81,0.10857362047581294,Bessell_R,,16;22
52323.4,14.15,0.0200,Bessell_B,,11;21
52323.4,12.41,0.0100,Bessell_I,,11;21
52323.4,12.5,0.0200,Bessell_R,,11;21
52323.4,14.92,0.0700,Bessell_U,,11;21
52323.4,12.91,0.0100,Bessell_V,,11;21
52323.58,14.17,0.0200,Bessell_B,,12;21
52323.58,14.17,0.10857362047581294,Bessell_B,,12;22
52323.58,12.4,0.0300,Bessell_I,,12;21
52323.58,12.4,0.10857362047581294,Bessell_I,,12;22
52323.58,12.58,0.0300,Bessell_R,,12;21
52323.58,12.58,0.10857362047581294,Bessell_R,,12;22
52323.58,15.12,0.0200,Bessell_U,,12;21
52323.58,15.12,0.10857362047581294,Bessell_U,,12;22
52323.58,12.92,0.0300,Bessell_V,,12;21
52323.58,12.92,0.10857362047581294,Bessell_V,,12;22
52323.72,14.878,0.1150,Bessell_U,,14;21
52323.72,14.88,0.10857362047581294,Bessell_U,,14;22
52323.73,14.17,0.10857362047581294,Bessell_B,,14;22
52323.73,14.172,0.0230,Bessell_B,,14;21
52323.73,12.4,0.10857362047581294,Bessell_I,,14;22
52323.73,12.4031,0.0070,Bessell_I,,14;21
52323.73,12.5987,0.0070,Bessell_R,,14;21
52323.73,12.6,0.10857362047581294,Bessell_R,,14;22
52323.73,12.96,0.10857362047581294,Bessell_V,,14;22
52323.73,12.9624,0.0090,Bessell_V,,14;21
52323.74,12.9494,0.0100,Bessell_V,,14;21
52323.74,12.95,0.10857362047581294,Bessell_V,,14;22
52323.74,12.9534,0.0080,Bessell_V,,14;21
52323.74,12.9564,0.0070,Bessell_V,,14;21
52323.74,12.96,0.10857362047581294,Bessell_V,,14;22
52323.74,12.9614,0.0080,Bessell_V,,14;21
52323.74,12.9624,0.0080,Bessell_V,,14;21
52323.74,12.9654,0.0080,Bessell_V,,14;21
52323.74,12.97,0.10857362047581294,Bessell_V,,14;22
52323.74,12.9714,0.0120,Bessell_V,,14;21
52323.75,12.9494,0.0070,Bessell_V,,14;21
52323.75,12.95,0.10857362047581294,Bessell_V,,14;22
52323.75,12.9504,0.0080,Bessell_V,,14;21
52323.75,12.9664,0.0080,Bessell_V,,14;21
52323.75,12.9684,0.0100,Bessell_V,,14;21
52323.75,12.97,0.10857362047581294,Bessell_V,,14;22
52323.78,13.3,0.10857362047581294,;;;C,,16;22
52323.86,12.6,0.10857362047581294,Bessell_R,,16;22
52324.04,13.13,0.10857362047581294,Bessell_R,,16;22
52324.25,13.1,0.10857362047581294,;;;C,,16;22
52324.69,13.0194,0.0080,Bessell_V,,14;21
52324.69,13.02,0.10857362047581294,Bessell_V,,14;22
52324.69,13.0264,0.0080,Bessell_V,,14;21
52324.69,13.0264,0.0060,Bessell_V,,14;21
52324.69,13.0294,0.0070,Bessell_V,,14;21
52324.69,13.03,0.10857362047581294,Bessell_V,,14;22
52324.7,13.0054,0.0050,Bessell_V,,14;21
52324.7,13.0094,0.0050,Bessell_V,,14;21
52324.7,13.01,0.10857362047581294,Bessell_V,,14;22
52324.7,13.0124,0.0050,Bessell_V,,14;21
52324.7,13.0144,0.0060,Bessell_V,,14;21
52324.7,13.02,0.10857362047581294,Bessell_V,,14;22
52324.7,13.0214,0.0050,Bessell_V,,14;21
52324.7,13.0234,0.0060,Bessell_V,,14;21
52324.7,13.0244,0.0060,Bessell_V,,14;21
52324.7,13.0284,0.0060,Bessell_V,,14;21
52324.7,13.03,0.10857362047581294,Bessell_V,,14;22
52324.7,13.0314,0.0040,Bessell_V,,14;21
52324.7,13.0344,0.0050,Bessell_V,,14;21
52324.7,13.0354,0.0050,Bessell_V,,14;21
52324.7,13.04,0.10857362047581294,Bessell_V,,14;22
52324.71,13.01,0.10857362047581294,Bessell_V,,14;22
52324.71,13.0104,0.0080,Bessell_V,,14;21
52324.71,13.0144,0.0070,Bessell_V,,14;21
52324.71,13.0174,0.0050,Bessell_V,,14;21
52324.71,13.0184,0.0050,Bessell_V,,14;21
52324.71,13.02,0.10857362047581294,Bessell_V,,14;22
52324.71,13.0204,0.0060,Bessell_V,,14;21
52324.71,13.0274,0.0060,Bessell_V,,14;21
52324.71,13.0294,0.0060,Bessell_V,,14;21
52324.71,13.03,0.10857362047581294,Bessell_V,,14;22
52324.71,13.0304,0.0090,Bessell_V,,14;21
52324.72,13.01,0.10857362047581294,Bessell_V,,14;22
52324.72,13.0104,0.0110,Bessell_V,,14;21
52324.72,13.0164,0.0070,Bessell_V,,14;21
52324.72,13.0184,0.0070,Bessell_V,,14;21
52324.72,13.02,0.10857362047581294,Bessell_V,,14;22
52324.72,13.0224,0.0100,Bessell_V,,14;21
52324.72,13.0244,0.0070,Bessell_V,,14;21
52324.72,13.0254,0.0050,Bessell_V,,14;21
52324.72,13.0254,0.0060,Bessell_V,,14;21
52324.72,13.0274,0.0050,Bessell_V,,14;21
52324.72,13.03,0.10857362047581294,Bessell_V,,14;22
52324.72,13.0324,0.0070,Bessell_V,,14;21
52324.72,13.0354,0.0050,Bessell_V,,14;21
52324.72,13.04,0.10857362047581294,Bessell_V,,14;22
52324.73,13.4,0.10857362047581294,;;;C,,16;22
52324.73,13.0084,0.0060,Bessell_V,,14;21
52324.73,13.01,0.10857362047581294,Bessell_V,,14;22
52324.73,13.0104,0.0070,Bessell_V,,14;21
52324.73,13.0134,0.0070,Bessell_V,,14;21
52324.73,13.02,0.10857362047581294,Bessell_V,,14;22
52324.73,13.0214,0.0100,Bessell_V,,14;21
52324.73,13.0244,0.0050,Bessell_V,,14;21
52324.73,13.0254,0.0060,Bessell_V,,14;21
52324.73,13.0274,0.0080,Bessell_V,,14;21
52324.73,13.0274,0.0060,Bessell_V,,14;21
52324.73,13.03,0.10857362047581294,Bessell_V,,14;22
52324.73,13.0334,0.0070,Bessell_V,,14;21
52324.74,13.01,0.10857362047581294,Bessell_V,,14;22
52324.74,13.0134,0.0080,Bessell_V,,14;21
52324.74,13.0154,0.0050,Bessell_V,,14;21
52324.74,13.0164,0.0050,Bessell_V,,14;21
52324.74,13.0174,0.0070,Bessell_V,,14;21
52324.74,13.02,0.10857362047581294,Bessell_V,,14;22
52324.74,13.0204,0.0090,Bessell_V,,14;21
52324.74,13.0224,0.0090,Bessell_V,,14;21
52324.74,13.0244,0.0060,Bessell_V,,14;21
52324.74,13.0294,0.0070,Bessell_V,,14;21
52324.74,13.0294,0.0050,Bessell_V,,14;21
52324.74,13.03,0.10857362047581294,Bessell_V,,14;22
52324.75,13.01,0.10857362047581294,Bessell_V,,14;22
52324.75,13.0104,0.0080,Bessell_V,,14;21
52324.75,13.0114,0.0080,Bessell_V,,14;21
52324.75,13.0134,0.0060,Bessell_V,,14;21
52324.75,13.0144,0.0090,Bessell_V,,14;21
52324.75,13.0154,0.0080,Bessell_V,,14;21
52324.75,13.0184,0.0060,Bessell_V,,14;21
52324.75,13.02,0.10857362047581294,Bessell_V,,14;22
52324.75,13.0204,0.0050,Bessell_V,,14;21
52324.75,13.0224,0.0070,Bessell_V,,14;21
52324.75,13.0234,0.0050,Bessell_V,,14;21
52324.75,13.0244,0.0060,Bessell_V,,14;21
52324.75,13.0274,0.0060,Bessell_V,,14;21
52324.75,13.03,0.10857362047581294,Bessell_V,,14;22
52324.76,13.0,0.10857362047581294,Bessell_V,,14;22
52324.76,13.0004,0.0080,Bessell_V,,14;21
52324.76,13.0094,0.0050,Bessell_V,,14;21
52324.76,13.01,0.10857362047581294,Bessell_V,,14;22
52324.76,13.0144,0.0100,Bessell_V,,14;21
52324.76,13.0194,0.0070,Bessell_V,,14;21
52324.76,13.02,0.10857362047581294,Bessell_V,,14;22
52324.76,13.0224,0.0070,Bessell_V,,14;21
52324.76,13.0234,0.0070,Bessell_V,,14;21
52324.76,13.0254,0.0070,Bessell_V,,14;21
52324.76,13.0264,0.0090,Bessell_V,,14;21
52324.76,13.03,0.10857362047581294,Bessell_V,,14;22
52324.76,13.0364,0.0080,Bessell_V,,14;21
52324.76,13.0394,0.0070,Bessell_V,,14;21
52324.76,13.04,0.10857362047581294,Bessell_V,,14;22
52324.77,13.0,0.10857362047581294,Bessell_V,,14;22
52324.77,13.0044,0.0140,Bessell_V,,14;21
52324.77,13.0164,0.0100,Bessell_V,,14;21
52324.77,13.0184,0.0070,Bessell_V,,14;21
52324.77,13.02,0.10857362047581294,Bessell_V,,14;22
52324.77,13.0204,0.0100,Bessell_V,,14;21
52324.77,13.0224,0.0080,Bessell_V,,14;21
52324.77,13.0234,0.0060,Bessell_V,,14;21
52324.77,13.0264,0.0060,Bessell_V,,14;21
52324.77,13.0284,0.0110,Bessell_V,,14;21
52324.77,13.03,0.10857362047581294,Bessell_V,,14;22
52324.77,13.0364,0.0080,Bessell_V,,14;21
52324.77,13.0394,0.0090,Bessell_V,,14;21
52324.77,13.04,0.10857362047581294,Bessell_V,,14;22
52324.78,13.0094,0.0090,Bessell_V,,14;21
52324.78,13.01,0.10857362047581294,Bessell_V,,14;22
52324.78,13.0194,0.0110,Bessell_V,,14;21
52324.78,13.02,0.10857362047581294,Bessell_V,,14;22
52324.78,13.0224,0.0090,Bessell_V,,14;21
52324.78,13.0284,0.0140,Bessell_V,,14;21
52324.78,13.03,0.10857362047581294,Bessell_V,,14;22
52324.78,13.0304,0.0070,Bessell_V,,14;21
52324.8,12.53,0.10857362047581294,Bessell_I,,17;22
52324.8,12.74,0.10857362047581294,Bessell_R,,17;22
52324.8,12.99,0.10857362047581294,Bessell_V,,17;22
52325.41,14.14,0.10857362047581294,Bessell_B,,16;22
52325.41,12.48,0.10857362047581294,Bessell_I,,16;22
52325.41,13.11,0.10857362047581294,Bessell_V,,16;22
52325.44,13.0,0.10857362047581294,;;;C,,16;22
52325.69,14.339,0.0090,Bessell_B,,14;21
52325.69,14.34,0.10857362047581294,Bessell_B,,14;22
52325.69,15.2,0.0890,Bessell_U,,14;21
52325.69,15.2,0.10857362047581294,Bessell_U,,14;22
52325.7,12.47,0.10857362047581294,Bessell_I,,14;22
52325.7,12.4751,0.0050,Bessell_I,,14;21
52325.7,12.6977,0.0040,Bessell_R,,14;21
52325.7,12.7,0.10857362047581294,Bessell_R,,14;22
52325.7,13.09,0.10857362047581294,Bessell_V,,14;22
52325.7,13.0904,0.0050,Bessell_V,,14;21
52325.7,13.0914,0.0060,Bessell_V,,14;21
52325.7,13.0994,0.0060,Bessell_V,,14;21
52325.7,13.1,0.10857362047581294,Bessell_V,,14;22
52325.7,13.1024,0.0050,Bessell_V,,14;21
52325.7,13.1044,0.0050,Bessell_V,,14;21
52325.7,13.1094,0.0060,Bessell_V,,14;21
52325.7,13.11,0.10857362047581294,Bessell_V,,14;22
52325.71,13.08,0.10857362047581294,Bessell_V,,14;22
52325.71,13.0844,0.0050,Bessell_V,,14;21
52325.71,13.0884,0.0080,Bessell_V,,14;21
52325.71,13.0894,0.0050,Bessell_V,,14;21
52325.71,13.09,0.10857362047581294,Bessell_V,,14;22
52325.71,13.0904,0.0050,Bessell_V,,14;21
52325.71,13.0914,0.0060,Bessell_V,,14;21
52325.71,13.0924,0.0050,Bessell_V,,14;21
52325.71,13.0934,0.0070,Bessell_V,,14;21
52325.71,13.1,0.10857362047581294,Bessell_V,,14;22
52325.71,13.1004,0.0070,Bessell_V,,14;21
52325.71,13.1004,0.0060,Bessell_V,,14;21
52325.71,13.1094,0.0050,Bessell_V,,14;21
52325.71,13.11,0.10857362047581294,Bessell_V,,14;22
52325.72,13.08,0.10857362047581294,Bessell_V,,14;22
52325.72,13.0804,0.0050,Bessell_V,,14;21
52325.72,13.09,0.10857362047581294,Bessell_V,,14;22
52325.72,13.0904,0.0060,Bessell_V,,14;21
52325.72,13.0914,0.0050,Bessell_V,,14;21
52325.72,13.0914,0.0040,Bessell_V,,14;21
52325.72,13.0924,0.0070,Bessell_V,,14;21
52325.72,13.0954,0.0060,Bessell_V,,14;21
52325.72,13.0974,0.0050,Bessell_V,,14;21
52325.72,13.1,0.10857362047581294,Bessell_V,,14;22
52325.72,13.1004,0.0070,Bessell_V,,14;21
52325.72,13.1014,0.0060,Bessell_V,,14;21
52325.72,13.1024,0.0060,Bessell_V,,14;21
52325.72,13.1034,0.0060,Bessell_V,,14;21
52325.73,13.0874,0.0070,Bessell_V,,14;21
52325.73,13.0884,0.0070,Bessell_V,,14;21
52325.73,13.09,0.10857362047581294,Bessell_V,,14;22
52325.73,13.0914,0.0060,Bessell_V,,14;21
52325.73,13.0924,0.0060,Bessell_V,,14;21
52325.73,13.0934,0.0060,Bessell_V,,14;21
52325.73,13.0974,0.0040,Bessell_V,,14;21
52325.73,13.0984,0.0070,Bessell_V,,14;21
52325.73,13.1,0.10857362047581294,Bessell_V,,14;22
52325.73,13.1004,0.0070,Bessell_V,,14;21
52325.73,13.1014,0.0070,Bessell_V,,14;21
52325.73,13.1014,0.0060,Bessell_V,,14;21
52325.73,13.1014,0.0090,Bessell_V,,14;21
52325.73,13.1034,0.0070,Bessell_V,,14;21
52325.74,14.4,0.10857362047581294,Bessell_B,,11;22
52325.74,12.51,0.10857362047581294,Bessell_I,,11;22
52325.74,12.67,0.10857362047581294,Bessell_R,,11;22
52325.74,15.18,0.10857362047581294,Bessell_U,,11;22
52325.74,13.0864,0.0070,Bessell_V,,14;21
52325.74,13.0874,0.0050,Bessell_V,,14;21
52325.74,13.09,0.10857362047581294,Bessell_V,,14;22
52325.74,13.0924,0.0050,Bessell_V,,14;21
52325.74,13.0954,0.0060,Bessell_V,,14;21
52325.74,13.0984,0.0050,Bessell_V,,14;21
52325.74,13.0994,0.0060,Bessell_V,,14;21
52325.74,13.1,0.10857362047581294,Bessell_V,,14;22
52325.74,13.1024,0.0080,Bessell_V,,14;21
52325.74,13.1024,0.0070,Bessell_V,,14;21
52325.74,13.1054,0.0050,Bessell_V,,14;21
52325.74,13.11,0.10857362047581294,Bessell_V,,14;22
52325.74,13.14,0.10857362047581294,Bessell_V,,11;22
52325.75,13.3,0.10857362047581294,;;;C,,16;22
52325.75,13.0784,0.0070,Bessell_V,,14;21
52325.75,13.08,0.10857362047581294,Bessell_V,,14;22
52325.75,13.0854,0.0070,Bessell_V,,14;21
52325.75,13.09,0.10857362047581294,Bessell_V,,14;22
52325.75,13.0914,0.0060,Bessell_V,,14;21
52325.75,13.0934,0.0090,Bessell_V,,14;21
52325.75,13.0954,0.0050,Bessell_V,,14;21
52325.75,13.0954,0.0060,Bessell_V,,14;21
52325.75,13.0954,0.0070,Bessell_V,,14;21
52325.75,13.0974,0.0080,Bessell_V,,14;21
52325.75,13.0994,0.0060,Bessell_V,,14;21
52325.75,13.1,0.10857362047581294,Bessell_V,,14;22
52325.75,13.1024,0.0060,Bessell_V,,14;21
52325.75,13.1064,0.0060,Bessell_V,,14;21
52325.75,13.11,0.10857362047581294,Bessell_V,,14;22
52325.75,13.1104,0.0070,Bessell_V,,14;21
52325.76,13.08,0.10857362047581294,Bessell_V,,14;22
52325.76,13.0824,0.0090,Bessell_V,,14;21
52325.76,13.0844,0.0050,Bessell_V,,14;21
52325.76,13.0844,0.0080,Bessell_V,,14;21
52325.76,13.0874,0.0080,Bessell_V,,14;21
52325.76,13.09,0.10857362047581294,Bessell_V,,14;22
52325.76,13.0904,0.0070,Bessell_V,,14;21
52325.76,13.0914,0.0080,Bessell_V,,14;21
52325.76,13.0924,0.0090,Bessell_V,,14;21
52325.76,13.1,0.10857362047581294,Bessell_V,,14;22
52325.76,13.1034,0.0060,Bessell_V,,14;21
52325.76,13.1044,0.0050,Bessell_V,,14;21
52325.76,13.1054,0.0110,Bessell_V,,14;21
52325.76,13.1054,0.0090,Bessell_V,,14;21
52325.76,13.11,0.10857362047581294,Bessell_V,,14;22
52325.77,13.0684,0.0070,Bessell_V,,14;21
52325.77,13.07,0.10857362047581294,Bessell_V,,14;22
52325.77,13.0854,0.0070,Bessell_V,,14;21
52325.77,13.09,0.10857362047581294,Bessell_V,,14;22
52325.77,13.0904,0.0090,Bessell_V,,14;21
52325.77,13.0914,0.0070,Bessell_V,,14;21
52325.77,13.0924,0.0080,Bessell_V,,14;21
52325.77,13.0934,0.0070,Bessell_V,,14;21
52325.77,13.0934,0.0100,Bessell_V,,14;21
52325.77,13.0954,0.0070,Bessell_V,,14;21
52325.77,13.0964,0.0080,Bessell_V,,14;21
52325.77,13.1,0.10857362047581294,Bessell_V,,14;22
52325.77,13.1034,0.0060,Bessell_V,,14;21
52325.78,13.0764,0.0100,Bessell_V,,14;21
52325.78,13.08,0.10857362047581294,Bessell_V,,14;22
52325.78,13.09,0.10857362047581294,Bessell_V,,14;22
52325.78,13.0904,0.0080,Bessell_V,,14;21
52325.78,13.0944,0.0080,Bessell_V,,14;21
52325.78,13.1,0.10857362047581294,Bessell_V,,14;22
52325.78,13.1024,0.0100,Bessell_V,,14;21
52325.78,13.11,0.10857362047581294,Bessell_V,,14;22
52325.78,13.1104,0.0060,Bessell_V,,14;21
52325.79,13.3,0.10857362047581294,;;;C,,16;22
52326.14,14.027,0.0210,Bessell_B,,10;21
52326.14,14.38,0.10857362047581294,Bessell_B,,10;22
52326.14,12.411,0.0220,Bessell_I,,10;21
52326.14,12.54,0.10857362047581294,Bessell_I,,10;22
52326.14,12.505,0.0210,Bessell_R,,10;21
52326.14,12.7,0.10857362047581294,Bessell_R,,10;22
52326.14,14.923,0.0570,Bessell_U,,10;21
52326.14,15.34,0.10857362047581294,Bessell_U,,10;22
52326.14,12.87,0.0240,Bessell_V,,10;21
52326.14,13.13,0.10857362047581294,Bessell_V,,10;22
52326.15,12.5,0.10857362047581294,Bessell_I,,16;22
52326.15,12.7,0.10857362047581294,Bessell_R,,16;22
52326.24,14.4,0.0200,Bessell_B,,11;21
52326.24,12.51,0.0100,Bessell_I,,11;21
52326.24,12.67,0.0200,Bessell_R,,11;21
52326.24,15.18,0.0500,Bessell_U,,11;21
52326.24,13.14,0.0100,Bessell_V,,11;21
52326.58,14.41,0.0200,Bessell_B,,12;21
52326.58,14.41,0.10857362047581294,Bessell_B,,12;22
52326.58,12.5,0.0200,Bessell_I,,12;21
52326.58,12.5,0.10857362047581294,Bessell_I,,12;22
52326.58,12.74,0.0300,Bessell_R,,12;21
52326.58,12.74,0.10857362047581294,Bessell_R,,12;22
52326.58,13.14,0.0300,Bessell_V,,12;21
52326.58,13.14,0.10857362047581294,Bessell_V,,12;22
52326.74,14.48,0.10857362047581294,Bessell_B,,11;22
52326.74,12.55,0.10857362047581294,Bessell_I,,11;22
52326.74,12.74,0.10857362047581294,Bessell_R,,11;22
52326.74,15.28,0.10857362047581294,Bessell_U,,11;22
52326.74,13.21,0.10857362047581294,Bessell_V,,11;22
52326.78,13.24,0.10857362047581294,;;;C,,16;22
52326.79,13.22,0.10857362047581294,;;;C,,16;22
52326.8,12.8,0.10857362047581294,Bessell_R,,16;22
52327.13,14.07,0.0240,Bessell_B,,10;21
52327.13,14.42,0.10857362047581294,Bessell_B,,10;22
52327.13,12.451,0.0200,Bessell_I,,10;21
52327.13,12.58,0.10857362047581294,Bessell_I,,10;22
52327.13,12.574,0.0230,Bessell_R,,10;21
52327.13,12.77,0.10857362047581294,Bessell_R,,10;22
52327.13,15.092,0.0400,Bessell_U,,10;21
52327.13,15.51,0.10857362047581294,Bessell_U,,10;22
52327.13,12.942,0.0230,Bessell_V,,10;21
52327.13,13.21,0.10857362047581294,Bessell_V,,10;22
52327.24,14.48,0.0200,Bessell_B,,11;21
52327.24,12.55,0.0100,Bessell_I,,11;21
52327.24,12.74,0.0200,Bessell_R,,11;21
52327.24,15.28,0.0500,Bessell_U,,11;21
52327.24,13.21,0.0100,Bessell_V,,11;21
52327.77,12.8,0.10857362047581294,Bessell_R,,16;22
52327.8,14.43,0.10857362047581294,Bessell_B,,17;22
52327.8,13.2,0.10857362047581294,;;;C,,16;22
52327.8,12.59,0.10857362047581294,Bessell_I,,17;22
52327.8,12.87,0.10857362047581294,Bessell_R,,17;22
52327.8,13.33,0.10857362047581294,Bessell_V,,17;22
52327.83,13.04,0.10857362047581294,Bessell_R,,16;22
52328.04,12.95,0.10857362047581294,;;;C,,16;22
52328.06,13.1,0.10857362047581294,;;;C,,16;22
52328.57,14.59,0.0200,Bessell_B,,12;21
52328.57,14.59,0.10857362047581294,Bessell_B,,12;22
52328.57,12.56,0.0200,Bessell_I,,12;21
52328.57,12.56,0.10857362047581294,Bessell_I,,12;22
52328.57,12.87,0.0300,Bessell_R,,12;21
52328.57,12.87,0.10857362047581294,Bessell_R,,12;22
52328.57,13.29,0.0300,Bessell_V,,12;21
52328.57,13.29,0.10857362047581294,Bessell_V,,12;22
52328.7,15.609,0.1620,Bessell_U,,14;21
52328.7,15.61,0.10857362047581294,Bessell_U,,14;22
52328.71,14.559,0.0190,Bessell_B,,14;21
52328.71,14.56,0.10857362047581294,Bessell_B,,14;22
52328.71,12.58,0.10857362047581294,Bessell_I,,14;22
52328.71,12.5831,0.0090,Bessell_I,,14;21
52328.71,12.8897,0.0060,Bessell_R,,14;21
52328.71,12.89,0.10857362047581294,Bessell_R,,14;22
52328.71,13.34,0.10857362047581294,Bessell_V,,14;22
52328.71,13.3414,0.0100,Bessell_V,,14;21
52328.77,13.5,0.10857362047581294,;;;C,,16;22
52328.8,13.11,0.10857362047581294,Bessell_R,,16;22
52328.8,13.3,0.10857362047581294,Bessell_V,,16;22
52329.13,14.237,0.0290,Bessell_B,,10;21
52329.13,14.59,0.10857362047581294,Bessell_B,,10;22
52329.13,12.527,0.0240,Bessell_I,,10;21
52329.13,12.65,0.10857362047581294,Bessell_I,,10;22
52329.13,12.687,0.0190,Bessell_R,,10;21
52329.13,12.89,0.10857362047581294,Bessell_R,,10;22
52329.13,15.116,0.0510,Bessell_U,,10;21
52329.13,15.53,0.10857362047581294,Bessell_U,,10;22
52329.13,13.093,0.0230,Bessell_V,,10;21
52329.13,13.36,0.10857362047581294,Bessell_V,,10;22
52329.6,14.65,0.0200,Bessell_B,,12;21
52329.6,14.65,0.10857362047581294,Bessell_B,,12;22
52329.6,12.62,0.0200,Bessell_I,,12;21
52329.6,12.62,0.10857362047581294,Bessell_I,,12;22
52329.6,12.93,0.0300,Bessell_R,,12;21
52329.6,12.93,0.10857362047581294,Bessell_R,,12;22
52329.6,13.38,0.0300,Bessell_V,,12;21
52329.6,13.38,0.10857362047581294,Bessell_V,,12;22
52329.81,13.0,0.10857362047581294,Bessell_R,,16;22
52330.13,14.311,0.0230,Bessell_B,,10;21
52330.13,14.66,0.10857362047581294,Bessell_B,,10;22
52330.13,12.561,0.0270,Bessell_I,,10;21
52330.13,12.69,0.10857362047581294,Bessell_I,,10;22
52330.13,12.751,0.0180,Bessell_R,,10;21
52330.13,12.95,0.10857362047581294,Bessell_R,,10;22
52330.13,15.106,0.0660,Bessell_U,,10;21
52330.13,15.52,0.10857362047581294,Bessell_U,,10;22
52330.13,13.179,0.0250,Bessell_V,,10;21
52330.13,13.44,0.10857362047581294,Bessell_V,,10;22
52330.56,14.74,0.0200,Bessell_B,,12;21
52330.56,14.74,0.10857362047581294,Bessell_B,,12;22
52330.56,12.68,0.0300,Bessell_I,,12;21
52330.56,12.68,0.10857362047581294,Bessell_I,,12;22
52330.56,13.0,0.0300,Bessell_R,,12;21
52330.56,13.0,0.10857362047581294,Bessell_R,,12;22
52330.56,13.45,0.0300,Bessell_V,,12;21
52330.56,13.45,0.10857362047581294,Bessell_V,,12;22
52330.81,13.5,0.10857362047581294,Bessell_V,,16;22
52331.58,14.79,0.0200,Bessell_B,,12;21
52331.58,14.79,0.10857362047581294,Bessell_B,,12;22
52331.58,12.72,0.0200,Bessell_I,,12;21
52331.58,12.72,0.10857362047581294,Bessell_I,,12;22
52331.58,13.06,0.0400,Bessell_R,,12;21
52331.58,13.06,0.10857362047581294,Bessell_R,,12;22
52331.58,16.1,0.1200,Bessell_U,,12;21
52331.58,16.1,0.10857362047581294,Bessell_U,,12;22
52331.58,13.52,0.0300,Bessell_V,,12;21
52331.58,13.52,0.10857362047581294,Bessell_V,,12;22
52331.69,13.55,0.10857362047581294,Bessell_V,,14;22
52331.69,13.5544,0.0090,Bessell_V,,14;21
52331.69,13.5594,0.0070,Bessell_V,,14;21
52331.69,13.56,0.10857362047581294,Bessell_V,,14;22
52331.69,13.5604,0.0080,Bessell_V,,14;21
52331.69,13.5624,0.0090,Bessell_V,,14;21
52331.69,13.5624,0.0070,Bessell_V,,14;21
52331.69,13.5654,0.0090,Bessell_V,,14;21
52331.69,13.5854,0.0100,Bessell_V,,14;21
52331.69,13.59,0.10857362047581294,Bessell_V,,14;22
52331.7,13.54,0.10857362047581294,Bessell_V,,14;22
52331.7,13.5454,0.0090,Bessell_V,,14;21
52331.7,13.5464,0.0080,Bessell_V,,14;21
52331.7,13.55,0.10857362047581294,Bessell_V,,14;22
52331.7,13.5504,0.0090,Bessell_V,,14;21
52331.7,13.5574,0.0070,Bessell_V,,14;21
52331.7,13.5584,0.0070,Bessell_V,,14;21
52331.7,13.56,0.10857362047581294,Bessell_V,,14;22
52331.7,13.5654,0.0100,Bessell_V,,14;21
52331.7,13.5654,0.0090,Bessell_V,,14;21
52331.7,13.57,0.10857362047581294,Bessell_V,,14;22
52331.7,13.5704,0.0080,Bessell_V,,14;21
52331.71,13.5484,0.0120,Bessell_V,,14;21
52331.71,13.55,0.10857362047581294,Bessell_V,,14;22
52331.71,13.5584,0.0090,Bessell_V,,14;21
52331.71,13.56,0.10857362047581294,Bessell_V,,14;22
52331.71,13.5624,0.0070,Bessell_V,,14;21
52331.71,13.5644,0.0080,Bessell_V,,14;21
52331.71,13.5664,0.0090,Bessell_V,,14;21
52331.71,13.5694,0.0070,Bessell_V,,14;21
52331.71,13.57,0.10857362047581294,Bessell_V,,14;22
52331.72,13.5564,0.0080,Bessell_V,,14;21
52331.72,13.5584,0.0080,Bessell_V,,14;21
52331.72,13.56,0.10857362047581294,Bessell_V,,14;22
52331.72,13.5614,0.0080,Bessell_V,,14;21
52331.72,13.5614,0.0140,Bessell_V,,14;21
52331.72,13.5674,0.0070,Bessell_V,,14;21
52331.72,13.5694,0.0090,Bessell_V,,14;21
52331.72,13.57,0.10857362047581294,Bessell_V,,14;22
52331.72,13.5794,0.0090,Bessell_V,,14;21
52331.72,13.58,0.10857362047581294,Bessell_V,,14;22
52331.73,13.54,0.10857362047581294,Bessell_V,,14;22
52331.73,13.5454,0.0090,Bessell_V,,14;21
52331.73,13.5484,0.0090,Bessell_V,,14;21
52331.73,13.5494,0.0090,Bessell_V,,14;21
52331.73,13.55,0.10857362047581294,Bessell_V,,14;22
52331.73,13.5514,0.0130,Bessell_V,,14;21
52331.73,13.5524,0.0110,Bessell_V,,14;21
52331.73,13.5554,0.0090,Bessell_V,,14;21
52331.73,13.56,0.10857362047581294,Bessell_V,,14;22
52331.73,13.5604,0.0080,Bessell_V,,14;21
52331.73,13.5694,0.0120,Bessell_V,,14;21
52331.73,13.57,0.10857362047581294,Bessell_V,,14;22
52331.74,13.5274,0.0120,Bessell_V,,14;21
52331.74,13.53,0.10857362047581294,Bessell_V,,14;22
52331.74,13.55,0.10857362047581294,Bessell_V,,14;22
52331.74,13.5534,0.0120,Bessell_V,,14;21
52331.74,13.5544,0.0100,Bessell_V,,14;21
52331.74,13.5554,0.0120,Bessell_V,,14;21
52331.74,13.5584,0.0090,Bessell_V,,14;21
52331.74,13.56,0.10857362047581294,Bessell_V,,14;22
52331.75,13.54,0.10857362047581294,Bessell_V,,14;22
52331.75,13.5454,0.0130,Bessell_V,,14;21
52331.75,13.55,0.10857362047581294,Bessell_V,,14;22
52331.75,13.5534,0.0120,Bessell_V,,14;21
52331.75,13.5554,0.0130,Bessell_V,,14;21
52331.75,13.56,0.10857362047581294,Bessell_V,,14;22
52331.75,13.5644,0.0120,Bessell_V,,14;21
52331.75,13.5684,0.0140,Bessell_V,,14;21
52331.75,13.5694,0.0160,Bessell_V,,14;21
52331.75,13.57,0.10857362047581294,Bessell_V,,14;22
52331.76,13.5154,0.0130,Bessell_V,,14;21
52331.76,13.52,0.10857362047581294,Bessell_V,,14;22
52331.76,13.5394,0.0150,Bessell_V,,14;21
52331.76,13.54,0.10857362047581294,Bessell_V,,14;22
52331.76,13.5464,0.0140,Bessell_V,,14;21
52331.76,13.55,0.10857362047581294,Bessell_V,,14;22
52332.41,13.13,0.10857362047581294,Bessell_R,,16;22
52332.58,14.86,0.0200,Bessell_B,,12;21
52332.58,14.86,0.10857362047581294,Bessell_B,,12;22
52332.58,12.76,0.0200,Bessell_I,,12;21
52332.58,12.76,0.10857362047581294,Bessell_I,,12;22
52332.58,13.12,0.0300,Bessell_R,,12;21
52332.58,13.12,0.10857362047581294,Bessell_R,,12;22
52332.58,13.6,0.0300,Bessell_V,,12;21
52332.58,13.6,0.10857362047581294,Bessell_V,,12;22
52332.76,13.5,0.10857362047581294,;;;C,,16;22
52332.8,13.9,0.10857362047581294,;;;C,,16;22
52333.14,14.499,0.0400,Bessell_B,,10;21
52333.14,14.85,0.10857362047581294,Bessell_B,,10;22
52333.14,12.658,0.0250,Bessell_I,,10;21
52333.14,12.79,0.10857362047581294,Bessell_I,,10;22
52333.14,12.94,0.0180,Bessell_R,,10;21
52333.14,13.14,0.10857362047581294,Bessell_R,,10;22
52333.14,15.47,0.0370,Bessell_U,,10;21
52333.14,15.88,0.10857362047581294,Bessell_U,,10;22
52333.14,13.421,0.0260,Bessell_V,,10;21
52333.14,13.68,0.10857362047581294,Bessell_V,,10;22
52333.6,14.94,0.0200,Bessell_B,,12;21
52333.6,14.94,0.10857362047581294,Bessell_B,,12;22
52333.6,12.79,0.0300,Bessell_I,,12;21
52333.6,12.79,0.10857362047581294,Bessell_I,,12;22
52333.6,13.18,0.0300,Bessell_R,,12;21
52333.6,13.18,0.10857362047581294,Bessell_R,,12;22
52333.6,13.64,0.0300,Bessell_V,,12;21
52333.6,13.64,0.10857362047581294,Bessell_V,,12;22
52333.69,13.7064,0.0140,Bessell_V,,14;21
52333.69,13.71,0.10857362047581294,Bessell_V,,14;22
52333.69,13.7164,0.0090,Bessell_V,,14;21
52333.69,13.72,0.10857362047581294,Bessell_V,,14;22
52333.69,13.7254,0.0160,Bessell_V,,14;21
52333.69,13.7264,0.0110,Bessell_V,,14;21
52333.69,13.7274,0.0100,Bessell_V,,14;21
52333.69,13.73,0.10857362047581294,Bessell_V,,14;22
52333.69,13.7314,0.0100,Bessell_V,,14;21
52333.69,13.7334,0.0100,Bessell_V,,14;21
52333.69,13.7344,0.0180,Bessell_V,,14;21
52333.69,13.7344,0.0110,Bessell_V,,14;21
52333.69,13.7384,0.0090,Bessell_V,,14;21
52333.69,13.75,0.10857362047581294,Bessell_V,,14;22
52333.69,13.7504,0.0150,Bessell_V,,14;21
52333.7,13.7164,0.0090,Bessell_V,,14;21
52333.7,13.7184,0.0110,Bessell_V,,14;21
52333.7,13.72,0.10857362047581294,Bessell_V,,14;22
52333.7,13.7254,0.0090,Bessell_V,,14;21
52333.7,13.7264,0.0110,Bessell_V,,14;21
52333.7,13.7284,0.0080,Bessell_V,,14;21
52333.7,13.7294,0.0080,Bessell_V,,14;21
52333.7,13.73,0.10857362047581294,Bessell_V,,14;22
52333.7,13.7304,0.0100,Bessell_V,,14;21
52333.7,13.7324,0.0090,Bessell_V,,14;21
52333.7,13.7394,0.0090,Bessell_V,,14;21
52333.7,13.74,0.10857362047581294,Bessell_V,,14;22
52333.7,13.7554,0.0080,Bessell_V,,14;21
52333.7,13.76,0.10857362047581294,Bessell_V,,14;22
52333.71,13.7,0.10857362047581294,Bessell_V,,14;22
52333.71,13.7014,0.0110,Bessell_V,,14;21
52333.71,13.71,0.10857362047581294,Bessell_V,,14;22
52333.71,13.7144,0.0090,Bessell_V,,14;21
52333.71,13.7154,0.0100,Bessell_V,,14;21
52333.71,13.72,0.10857362047581294,Bessell_V,,14;22
52333.71,13.7234,0.0110,Bessell_V,,14;21
52333.71,13.7244,0.0120,Bessell_V,,14;21
52333.71,13.7254,0.0090,Bessell_V,,14;21
52333.71,13.7284,0.0110,Bessell_V,,14;21
52333.71,13.7294,0.0090,Bessell_V,,14;21
52333.71,13.73,0.10857362047581294,Bessell_V,,14;22
52333.71,13.74,0.10857362047581294,Bessell_V,,14;22
52333.71,13.7424,0.0080,Bessell_V,,14;21
52333.71,13.7484,0.0120,Bessell_V,,14;21
52333.71,13.75,0.10857362047581294,Bessell_V,,14;22
52333.71,13.7514,0.0130,Bessell_V,,14;21
52333.72,13.6884,0.0160,Bessell_V,,14;21
52333.72,13.69,0.10857362047581294,Bessell_V,,14;22
52333.72,13.7164,0.0180,Bessell_V,,14;21
52333.72,13.72,0.10857362047581294,Bessell_V,,14;22
52333.72,13.7224,0.0140,Bessell_V,,14;21
52333.72,13.7264,0.0140,Bessell_V,,14;21
52333.72,13.7284,0.0170,Bessell_V,,14;21
52333.72,13.7294,0.0140,Bessell_V,,14;21
52333.72,13.73,0.10857362047581294,Bessell_V,,14;22
52333.72,13.74,0.10857362047581294,Bessell_V,,14;22
52333.72,13.7424,0.0120,Bessell_V,,14;21
52333.72,13.7424,0.0170,Bessell_V,,14;21
52333.72,13.7454,0.0170,Bessell_V,,14;21
52333.72,13.75,0.10857362047581294,Bessell_V,,14;22
52333.72,13.7504,0.0150,Bessell_V,,14;21
52333.73,13.6774,0.0210,Bessell_V,,14;21
52333.73,13.68,0.10857362047581294,Bessell_V,,14;22
52333.73,13.6974,0.0230,Bessell_V,,14;21
52333.73,13.6994,0.0200,Bessell_V,,14;21
52333.73,13.7,0.10857362047581294,Bessell_V,,14;22
52333.73,13.7194,0.0190,Bessell_V,,14;21
52333.73,13.72,0.10857362047581294,Bessell_V,,14;22
52333.73,13.7204,0.0200,Bessell_V,,14;21
52333.73,13.7264,0.0310,Bessell_V,,14;21
52333.73,13.7274,0.0290,Bessell_V,,14;21
52333.73,13.73,0.10857362047581294,Bessell_V,,14;22
52333.73,13.7314,0.0250,Bessell_V,,14;21
52333.73,13.7384,0.0170,Bessell_V,,14;21
52333.73,13.74,0.10857362047581294,Bessell_V,,14;22
52333.73,13.7424,0.0220,Bessell_V,,14;21
52333.73,13.7424,0.0250,Bessell_V,,14;21
52333.74,13.67,0.10857362047581294,Bessell_V,,14;22
52333.74,13.6744,0.0500,Bessell_V,,14;21
52333.74,13.6954,0.0290,Bessell_V,,14;21
52333.74,13.7,0.10857362047581294,Bessell_V,,14;22
52333.74,13.72,0.10857362047581294,Bessell_V,,14;22
52333.74,13.7224,0.0260,Bessell_V,,14;21
52333.74,13.74,0.10857362047581294,Bessell_V,,14;22
52333.74,13.7434,0.0390,Bessell_V,,14;21
52333.74,13.7474,0.0300,Bessell_V,,14;21
52333.74,13.7474,0.0420,Bessell_V,,14;21
52333.74,13.75,0.10857362047581294,Bessell_V,,14;22
52333.74,13.7674,0.0350,Bessell_V,,14;21
52333.74,13.77,0.10857362047581294,Bessell_V,,14;22
52333.74,13.7784,0.0280,Bessell_V,,14;21
52333.74,13.78,0.10857362047581294,Bessell_V,,14;22
52333.74,13.7974,0.0340,Bessell_V,,14;21
52333.74,13.8,0.10857362047581294,Bessell_V,,14;22
52333.75,13.65,0.10857362047581294,Bessell_V,,14;22
52333.75,13.6544,0.0640,Bessell_V,,14;21
52333.75,13.7,0.10857362047581294,Bessell_V,,14;22
52333.75,13.7004,0.0440,Bessell_V,,14;21
52333.75,13.72,0.10857362047581294,Bessell_V,,14;22
52333.75,13.7234,0.0530,Bessell_V,,14;21
52333.75,13.73,0.10857362047581294,Bessell_V,,14;22
52333.75,13.7344,0.0470,Bessell_V,,14;21
52333.75,13.74,0.10857362047581294,Bessell_V,,14;22
52333.75,13.7424,0.0640,Bessell_V,,14;21
52333.75,13.7584,0.0540,Bessell_V,,14;21
52333.75,13.76,0.10857362047581294,Bessell_V,,14;22
52333.75,13.7674,0.0690,Bessell_V,,14;21
52333.75,13.77,0.10857362047581294,Bessell_V,,14;22
52333.75,13.78,0.10857362047581294,Bessell_V,,14;22
52333.75,13.7804,0.0410,Bessell_V,,14;21
52333.75,13.84,0.10857362047581294,Bessell_V,,14;22
52333.75,13.8434,0.0710,Bessell_V,,14;21
52333.75,13.9,0.10857362047581294,Bessell_V,,14;22
52333.75,13.9024,0.0530,Bessell_V,,14;21
52333.77,13.6,0.10857362047581294,;;;C,,16;22
52334.14,14.604,0.0230,Bessell_B,,10;21
52334.14,14.95,0.10857362047581294,Bessell_B,,10;22
52334.14,12.744,0.0220,Bessell_I,,10;21
52334.14,12.87,0.10857362047581294,Bessell_I,,10;22
52334.14,13.033,0.0220,Bessell_R,,10;21
52334.14,13.23,0.10857362047581294,Bessell_R,,10;22
52334.14,15.518,0.0590,Bessell_U,,10;21
52334.14,15.93,0.10857362047581294,Bessell_U,,10;22
52334.14,13.495,0.0220,Bessell_V,,10;21
52334.14,13.76,0.10857362047581294,Bessell_V,,10;22
52334.69,15.04,0.10857362047581294,Bessell_B,,14;22
52334.69,15.045,0.0310,Bessell_B,,14;21
52334.69,12.8621,0.0060,Bessell_I,,14;21
52334.69,13.3097,0.0050,Bessell_R,,14;21
52334.69,13.31,0.10857362047581294,Bessell_R,,14;22
52334.69,13.8074,0.0080,Bessell_V,,14;21
52334.69,13.81,0.10857362047581294,Bessell_V,,14;22
52334.7,12.86,0.10857362047581294,Bessell_I,,14;22
52334.75,13.8,0.10857362047581294,;;;C,,16;22
52334.8,13.8,0.10857362047581294,;;;C,,16;22
52335.14,14.65,0.0260,Bessell_B,,10;21
52335.14,15.0,0.10857362047581294,Bessell_B,,10;22
52335.14,12.789,0.0260,Bessell_I,,10;21
52335.14,12.92,0.10857362047581294,Bessell_I,,10;22
52335.14,13.095,0.0310,Bessell_R,,10;21
52335.14,13.29,0.10857362047581294,Bessell_R,,10;22
52335.14,15.543,0.0660,Bessell_U,,10;21
52335.14,15.96,0.10857362047581294,Bessell_U,,10;22
52335.14,13.591,0.0270,Bessell_V,,10;21
52335.14,13.85,0.10857362047581294,Bessell_V,,10;22
52335.69,15.09,0.10857362047581294,Bessell_B,,14;22
52335.69,15.093,0.0270,Bessell_B,,14;21
52335.69,13.89,0.10857362047581294,Bessell_V,,14;22
52335.69,13.8904,0.0070,Bessell_V,,14;21
52335.7,12.9,0.10857362047581294,Bessell_I,,14;22
52335.7,12.9041,0.0070,Bessell_I,,14;21
52335.7,13.3697,0.0050,Bessell_R,,14;21
52335.7,13.37,0.10857362047581294,Bessell_R,,14;22
52335.8,13.6,0.10857362047581294,Bessell_R,,16;22
52335.82,14.0,0.10857362047581294,;;;C,,16;22
52336.28,13.93,0.10857362047581294,Bessell_V,,16;22
52336.58,15.1,0.0200,Bessell_B,,12;21
52336.58,15.1,0.10857362047581294,Bessell_B,,12;22
52336.58,12.92,0.0200,Bessell_I,,12;21
52336.58,12.92,0.10857362047581294,Bessell_I,,12;22
52336.58,13.41,0.0300,Bessell_R,,12;21
52336.58,13.41,0.10857362047581294,Bessell_R,,12;22
52336.58,13.91,0.0300,Bessell_V,,12;21
52336.58,13.91,0.10857362047581294,Bessell_V,,12;22
52336.69,15.12,0.10857362047581294,Bessell_B,,14;22
52336.69,15.125,0.0290,Bessell_B,,14;21
52336.7,15.05,0.10857362047581294,Bessell_B,,17;22
52336.7,12.9561,0.0070,Bessell_I,,14;21
52336.7,12.96,0.10857362047581294,Bessell_I,,14;22
52336.7,13.01,0.10857362047581294,Bessell_I,,17;22
52336.7,13.4467,0.0050,Bessell_R,,14;21
52336.7,13.45,0.10857362047581294,Bessell_R,,14;22
52336.7,13.48,0.10857362047581294,Bessell_R,,17;22
52336.7,13.96,0.10857362047581294,Bessell_V,,14;22
52336.7,13.9604,0.0090,Bessell_V,,14;21
52336.7,13.99,0.10857362047581294,Bessell_V,,17;22
52336.73,12.98,0.10857362047581294,Bessell_I,,11;22
52336.73,15.95,0.10857362047581294,Bessell_U,,11;22
52336.73,14.0,0.10857362047581294,Bessell_V,,11;22
52336.77,13.5,0.10857362047581294,Bessell_R,,16;22
52336.78,13.4,0.10857362047581294,Bessell_R,,16;22
52336.79,12.9,0.10857362047581294,Bessell_I,,16;22
52336.79,13.4,0.10857362047581294,Bessell_R,,16;22
52337.14,14.778,0.0230,Bessell_B,,10;21
52337.14,15.13,0.10857362047581294,Bessell_B,,10;22
52337.14,12.886,0.0150,Bessell_I,,10;21
52337.14,13.01,0.10857362047581294,Bessell_I,,10;22
52337.14,13.241,0.0230,Bessell_R,,10;21
52337.14,13.44,0.10857362047581294,Bessell_R,,10;22
52337.14,15.691,0.0750,Bessell_U,,10;21
52337.14,16.1,0.10857362047581294,Bessell_U,,10;22
52337.14,13.728,0.0290,Bessell_V,,10;21
52337.14,13.99,0.10857362047581294,Bessell_V,,10;22
52337.23,12.98,0.0100,Bessell_I,,11;21
52337.23,15.95,0.0800,Bessell_U,,11;21
52337.23,14.0,0.0100,Bessell_V,,11;21
52337.58,15.2,0.0200,Bessell_B,,12;21
52337.58,15.2,0.10857362047581294,Bessell_B,,12;22
52337.58,13.01,0.0200,Bessell_I,,12;21
52337.58,13.01,0.10857362047581294,Bessell_I,,12;22
52337.58,13.48,0.0300,Bessell_R,,12;21
52337.58,13.48,0.10857362047581294,Bessell_R,,12;22
52337.58,13.99,0.0300,Bessell_V,,12;21
52337.58,13.99,0.10857362047581294,Bessell_V,,12;22
52337.69,15.188,0.0510,Bessell_B,,14;21
52337.69,15.19,0.10857362047581294,Bessell_B,,14;22
52337.69,14.0154,0.0120,Bessell_V,,14;21
52337.69,14.02,0.10857362047581294,Bessell_V,,14;22
52337.7,13.0051,0.0080,Bessell_I,,14;21
52337.7,13.01,0.10857362047581294,Bessell_I,,14;22
52337.7,13.07,0.10857362047581294,Bessell_I,,17;22
52337.7,13.51,0.10857362047581294,Bessell_R,,14;17;22
52337.7,13.5147,0.0070,Bessell_R,,14;21
52337.7,14.01,0.10857362047581294,Bessell_V,,17;22
52337.74,15.23,0.10857362047581294,Bessell_B,,11;22
52337.74,13.04,0.10857362047581294,Bessell_I,,11;22
52337.74,13.5,0.10857362047581294,Bessell_R,,11;22
52337.74,16.08,0.10857362047581294,Bessell_U,,11;22
52337.74,14.08,0.10857362047581294,Bessell_V,,11;22
52337.82,13.4,0.10857362047581294,Bessell_R,,16;22
52338.14,14.837,0.0230,Bessell_B,,10;21
52338.14,15.19,0.10857362047581294,Bessell_B,,10;22
52338.14,12.933,0.0200,Bessell_I,,10;21
52338.14,13.06,0.10857362047581294,Bessell_I,,10;22
52338.14,13.307,0.0240,Bessell_R,,10;21
52338.14,13.51,0.10857362047581294,Bessell_R,,10;22
52338.14,15.647,0.0870,Bessell_U,,10;21
52338.14,16.06,0.10857362047581294,Bessell_U,,10;22
52338.14,13.808,0.0330,Bessell_V,,10;21
52338.14,14.07,0.10857362047581294,Bessell_V,,10;22
52338.24,15.23,0.0200,Bessell_B,,11;21
52338.24,13.04,0.0100,Bessell_I,,11;21
52338.24,13.5,0.0200,Bessell_R,,11;21
52338.24,16.08,0.0900,Bessell_U,,11;21
52338.24,14.08,0.0100,Bessell_V,,11;21
52338.58,15.25,0.0200,Bessell_B,,12;21
52338.58,15.25,0.10857362047581294,Bessell_B,,12;22
52338.58,13.04,0.0200,Bessell_I,,12;21
52338.58,13.04,0.10857362047581294,Bessell_I,,12;22
52338.58,13.56,0.0300,Bessell_R,,12;21
52338.58,13.56,0.10857362047581294,Bessell_R,,12;22
52338.58,14.07,0.0300,Bessell_V,,12;21
52338.58,14.07,0.10857362047581294,Bessell_V,,12;22
52338.69,15.32,0.10857362047581294,Bessell_B,,14;22
52338.69,15.321,0.0890,Bessell_B,,14;21
52338.69,13.06,0.10857362047581294,Bessell_I,,14;22
52338.69,13.0641,0.0120,Bessell_I,,14;21
52338.69,13.59,0.10857362047581294,Bessell_R,,14;22
52338.69,13.5927,0.0100,Bessell_R,,14;21
52338.69,14.1054,0.0150,Bessell_V,,14;21
52338.69,14.11,0.10857362047581294,Bessell_V,,14;22
52338.7,14.96,0.10857362047581294,Bessell_B,,17;22
52338.7,13.08,0.10857362047581294,Bessell_I,,17;22
52338.7,13.59,0.10857362047581294,Bessell_R,,17;22
52338.7,14.1,0.10857362047581294,Bessell_V,,17;22
52338.75,14.1,0.10857362047581294,;;;C,,16;22
52338.75,13.0,0.10857362047581294,Bessell_I,,16;22
52339.57,15.28,0.0200,Bessell_B,,12;21
52339.57,15.28,0.10857362047581294,Bessell_B,,12;22
52339.57,13.08,0.0200,Bessell_I,,12;21
52339.57,13.08,0.10857362047581294,Bessell_I,,12;22
52339.57,13.62,0.0300,Bessell_R,,12;21
52339.57,13.62,0.10857362047581294,Bessell_R,,12;22
52339.57,14.14,0.0300,Bessell_V,,12;21
52339.57,14.14,0.10857362047581294,Bessell_V,,12;22
52340.51,13.17,0.0300,Bessell_I,,12;21
52340.51,13.17,0.10857362047581294,Bessell_I,,12;22
52340.51,13.67,0.0400,Bessell_R,,12;21
52340.51,13.67,0.10857362047581294,Bessell_R,,12;22
52340.81,13.6,0.10857362047581294,Bessell_R,,16;22
52341.57,15.4,0.0200,Bessell_B,,12;21
52341.57,15.4,0.10857362047581294,Bessell_B,,12;22
52341.57,13.2,0.0200,Bessell_I,,12;21
52341.57,13.2,0.10857362047581294,Bessell_I,,12;22
52341.57,13.74,0.0300,Bessell_R,,12;21
52341.57,13.74,0.10857362047581294,Bessell_R,,12;22
52341.57,14.26,0.0300,Bessell_V,,12;21
52341.57,14.26,0.10857362047581294,Bessell_V,,12;22
52341.78,14.2,0.10857362047581294,;;;C,,16;22
52341.78,13.8,0.10857362047581294,Bessell_R,,16;22
52341.79,14.15,0.10857362047581294,Bessell_V,,16;22
52341.8,13.69,0.10857362047581294,Bessell_R,,16;22
52342.14,15.003,0.0300,Bessell_B,,10;21
52342.14,15.35,0.10857362047581294,Bessell_B,,10;22
52342.14,14.041,0.0470,Bessell_V,,10;21
52342.14,14.3,0.10857362047581294,Bessell_V,,10;22
52342.57,15.38,0.0300,Bessell_B,,12;21
52342.57,15.38,0.10857362047581294,Bessell_B,,12;22
52342.57,13.24,0.0300,Bessell_I,,12;21
52342.57,13.24,0.10857362047581294,Bessell_I,,12;22
52342.57,13.77,0.0300,Bessell_R,,12;21
52342.57,13.77,0.10857362047581294,Bessell_R,,12;22
52342.57,14.3,0.0300,Bessell_V,,12;21
52342.57,14.3,0.10857362047581294,Bessell_V,,12;22
52342.74,13.24,0.10857362047581294,Bessell_I,,11;22
52342.74,13.8,0.10857362047581294,Bessell_R,,11;22
52342.74,14.36,0.10857362047581294,Bessell_V,,11;22
52343.09644,16.57,0.056,Bessell_U,,4
52343.09966,15.427,0.020,Bessell_B,,4
52343.10122,14.353,0.016,Bessell_V,,4
52343.1023,13.861,0.021,Bessell_R,,4
52343.10341,12.87,0.031,Bessell_I,,4
52343.24,13.24,0.0100,Bessell_I,,11;21
52343.24,13.8,0.0200,Bessell_R,,11;21
52343.24,14.36,0.0100,Bessell_V,,11;21
52343.57,15.48,0.0300,Bessell_B,,12;21
52343.57,15.48,0.10857362047581294,Bessell_B,,12;22
52343.57,13.26,0.0200,Bessell_I,,12;21
52343.57,13.26,0.10857362047581294,Bessell_I,,12;22
52343.57,13.84,0.0300,Bessell_R,,12;21
52343.57,13.84,0.10857362047581294,Bessell_R,,12;22
52343.57,14.32,0.0300,Bessell_V,,12;21
52343.57,14.32,0.10857362047581294,Bessell_V,,12;22
52343.73,15.48,0.10857362047581294,Bessell_B,,11;22
52343.73,13.27,0.10857362047581294,Bessell_I,,11;22
52343.73,13.83,0.10857362047581294,Bessell_R,,11;22
52343.78,13.8,0.10857362047581294,Bessell_R,,16;22
52343.79,13.8,0.10857362047581294,Bessell_R,,16;22
52343.79,13.9,0.10857362047581294,Bessell_R,,16;22
52344.23,15.48,0.0400,Bessell_B,,11;21
52344.23,13.27,0.0100,Bessell_I,,11;21
52344.23,13.83,0.0200,Bessell_R,,11;21
52344.57,15.49,0.0300,Bessell_B,,12;21
52344.57,15.49,0.10857362047581294,Bessell_B,,12;22
52344.57,13.32,0.0200,Bessell_I,,12;21
52344.57,13.32,0.10857362047581294,Bessell_I,,12;22
52344.57,13.87,0.0300,Bessell_R,,12;21
52344.57,13.87,0.10857362047581294,Bessell_R,,12;22
52344.57,14.38,0.0300,Bessell_V,,12;21
52344.57,14.38,0.10857362047581294,Bessell_V,,12;22
52344.76,14.5,0.10857362047581294,;;;C,,16;22
52345.76,13.29,0.10857362047581294,Bessell_I,,16;22
52345.76,13.9,0.10857362047581294,Bessell_R,,16;22
52345.76,14.6,0.10857362047581294,Bessell_V,,16;22
52346.57,15.55,0.0200,Bessell_B,,12;21
52346.57,15.55,0.10857362047581294,Bessell_B,,12;22
52346.57,13.33,0.0200,Bessell_I,,12;21
52346.57,13.33,0.10857362047581294,Bessell_I,,12;22
52346.57,13.94,0.0300,Bessell_R,,12;21
52346.57,13.94,0.10857362047581294,Bessell_R,,12;22
52346.57,14.46,0.0300,Bessell_V,,12;21
52346.57,14.46,0.10857362047581294,Bessell_V,,12;22
52347.58,15.58,0.0200,Bessell_B,,12;21
52347.58,15.58,0.10857362047581294,Bessell_B,,12;22
52347.58,13.38,0.0200,Bessell_I,,12;21
52347.58,13.38,0.10857362047581294,Bessell_I,,12;22
52347.58,14.48,0.0300,Bessell_V,,12;21
52347.58,14.48,0.10857362047581294,Bessell_V,,12;22
52347.83,14.5,0.10857362047581294,;;;C,,16;22
52348.58,15.62,0.0400,Bessell_B,,12;21
52348.58,15.62,0.10857362047581294,Bessell_B,,12;22
52348.58,13.97,0.0300,Bessell_R,,12;21
52348.58,13.97,0.10857362047581294,Bessell_R,,12;22
52348.58,14.53,0.0300,Bessell_V,,12;21
52348.58,14.53,0.10857362047581294,Bessell_V,,12;22
52349.58,15.55,0.1400,Bessell_B,,12;21
52349.58,15.55,0.10857362047581294,Bessell_B,,12;22
52349.58,13.41,0.0200,Bessell_I,,12;21
52349.58,13.41,0.10857362047581294,Bessell_I,,12;22
52349.58,13.98,0.0300,Bessell_R,,12;21
52349.58,13.98,0.10857362047581294,Bessell_R,,12;22
52349.58,14.55,0.0300,Bessell_V,,12;21
52349.58,14.55,0.10857362047581294,Bessell_V,,12;22
52350.58,13.41,0.0300,Bessell_I,,12;21
52350.58,13.41,0.10857362047581294,Bessell_I,,12;22
52350.58,14.03,0.0300,Bessell_R,,12;21
52350.58,14.03,0.10857362047581294,Bessell_R,,12;22
52350.58,14.54,0.0400,Bessell_V,,12;21
52350.58,14.54,0.10857362047581294,Bessell_V,,12;22
52351.58,14.07,0.0400,Bessell_R,,12;21
52351.58,14.07,0.10857362047581294,Bessell_R,,12;22
52356.57,14.14,0.0500,Bessell_R,,12;21
52356.57,14.14,0.10857362047581294,Bessell_R,,12;22
52436.5,16.364,0.0160,Bessell_B,,10;21
52436.5,16.71,0.10857362047581294,Bessell_B,,10;22
52436.5,14.945,0.0270,Bessell_I,,10;21
52436.5,15.07,0.10857362047581294,Bessell_I,,10;22
52436.5,15.195,0.0230,Bessell_R,,10;21
52436.5,15.39,0.10857362047581294,Bessell_R,,10;22
52436.5,15.87,0.0210,Bessell_V,,10;21
52436.5,16.13,0.10857362047581294,Bessell_V,,10;22
52437.11,16.14,0.10857362047581294,Bessell_V,,11;22
52437.49,16.353,0.0200,Bessell_B,,10;21
52437.49,16.7,0.10857362047581294,Bessell_B,,10;22
52437.49,15.001,0.0170,Bessell_I,,10;21
52437.49,15.13,0.10857362047581294,Bessell_I,,10;22
52437.49,15.203,0.0200,Bessell_R,,10;21
52437.49,15.4,0.10857362047581294,Bessell_R,,10;22
52437.49,15.903,0.0170,Bessell_V,,10;21
52437.49,16.17,0.10857362047581294,Bessell_V,,10;22
52437.61,16.14,0.0300,Bessell_V,,11;21
52437.61,16.14,0.10857362047581294,Bessell_V,,16;22
52438.1,16.78,0.10857362047581294,Bessell_B,,11;22
52438.6,16.78,0.0400,Bessell_B,,11;21
52438.61,16.73,0.10857362047581294,Bessell_B,,16;22
52439.1,15.41,0.10857362047581294,Bessell_R,,11;22
52439.59,15.43,0.10857362047581294,Bessell_R,,16;22
52439.6,15.41,0.0300,Bessell_R,,11;21
52441.1,15.08,0.10857362047581294,Bessell_I,,11;22
52441.6,15.08,0.0400,Bessell_I,,11;21
52443.1,15.12,0.10857362047581294,Bessell_I,,11;22
52443.6,15.12,0.0300,Bessell_I,,11;21
52443.6,15.13,0.10857362047581294,Bessell_I,,16;22
52453.46443,16.894,0.038,Bessell_B,,4
52453.46586,14.988,0.025,Bessell_I,,4
52453.47336,16.466,0.032,Bessell_V,,4
52453.47515,15.747,0.022,Bessell_R,,4
52453.47661,14.983,0.021,Bessell_I,,4
52463.1,14.7,0.10857362047581294,Bessell_V,,16;22
52464.49,16.778,0.0260,Bessell_B,,10;21
52464.49,17.13,0.10857362047581294,Bessell_B,,10;22
52464.49,15.494,0.0260,Bessell_I,,10;21
52464.49,15.62,0.10857362047581294,Bessell_I,,10;22
52464.49,15.576,0.0200,Bessell_R,,10;21
52464.49,15.78,0.10857362047581294,Bessell_R,,10;22
52464.49,16.457,0.0170,Bessell_V,,10;21
52464.49,16.72,0.10857362047581294,Bessell_V,,10;22
52465.49,16.802,0.0240,Bessell_B,,10;21
52465.49,17.15,0.10857362047581294,Bessell_B,,10;22
52465.49,15.538,0.0290,Bessell_I,,10;21
52465.49,15.66,0.10857362047581294,Bessell_I,,10;22
52465.49,15.604,0.0250,Bessell_R,,10;21
52465.49,15.8,0.10857362047581294,Bessell_R,,10;22
52465.49,16.481,0.0150,Bessell_V,,10;21
52465.49,16.74,0.10857362047581294,Bessell_V,,10;22
52467.12,15.7,0.10857362047581294,Bessell_R,,16;22
52468.44644,17.191,0.023,Bessell_B,,4
52468.44959,16.772,0.019,Bessell_V,,4
52468.45207,16.007,0.023,Bessell_R,,4
52468.45385,15.239,0.028,Bessell_I,,4
52480.9,16.14,0.10857362047581294,Bessell_I,,17;22
52480.9,16.19,0.10857362047581294,Bessell_R,,17;22
52480.9,17.18,0.10857362047581294,Bessell_V,,17;22
52481.9,16.08,0.10857362047581294,Bessell_I,,17;22
52481.9,16.25,0.10857362047581294,Bessell_R,,17;22
52481.9,17.16,0.10857362047581294,Bessell_V,,17;22
52482.05,16.05,0.10857362047581294,Bessell_I,,16;22
52482.05,16.24,0.10857362047581294,Bessell_R,,16;22
52482.05,17.12,0.10857362047581294,Bessell_V,,16;22
52483.9,16.08,0.10857362047581294,Bessell_I,,17;22
52483.9,16.28,0.10857362047581294,Bessell_R,,17;22
52483.9,17.03,0.10857362047581294,Bessell_V,,17;22
52492.48,17.302,0.0200,Bessell_B,,10;21
52492.48,17.65,0.10857362047581294,Bessell_B,,10;22
52492.48,16.042,0.0170,Bessell_I,,10;21
52492.48,16.17,0.10857362047581294,Bessell_I,,10;22
52492.48,16.077,0.0200,Bessell_R,,10;21
52492.48,16.28,0.10857362047581294,Bessell_R,,10;22
52492.48,17.135,0.0230,Bessell_V,,10;21
52492.48,17.4,0.10857362047581294,Bessell_V,,10;22
52499.11,16.6,0.10857362047581294,Bessell_R,,16;22
52500.01,16.5,0.10857362047581294,Bessell_R,,16;22
52500.02,16.61,0.10857362047581294,Bessell_R,,16;22
52500.09,16.6,0.10857362047581294,Bessell_R,,16;22
52500.1,16.3,0.10857362047581294,Bessell_R,,16;22
52501.9,16.37,0.0300,Bessell_I,,12;21
52501.9,16.37,0.10857362047581294,Bessell_I,,12;22
52501.9,16.46,0.0300,Bessell_R,,12;21
52501.9,16.46,0.10857362047581294,Bessell_R,,12;22
52501.9,17.32,0.0300,Bessell_V,,12;21
52501.9,17.32,0.10857362047581294,Bessell_V,,12;22
52505.05,17.0,0.10857362047581294,Bessell_R,,16;22
52514.1,16.65,0.10857362047581294,Bessell_I,,17;22
52514.1,16.55,0.10857362047581294,Bessell_R,,17;22
52514.1,17.61,0.10857362047581294,Bessell_V,,17;22
52517.36,18.07,0.10857362047581294,Bessell_B,,16;22
52517.36,16.51,0.10857362047581294,Bessell_I,,16;22
52517.36,16.64,0.10857362047581294,Bessell_R,,16;22
52517.36,17.74,0.10857362047581294,Bessell_V,,16;22
52518.0,17.0,0.10857362047581294,Bessell_R,,16;22
52524.46,17.802,0.0230,Bessell_B,,10;21
52524.46,18.15,0.10857362047581294,Bessell_B,,10;22
52524.46,16.672,0.0190,Bessell_I,,10;21
52524.46,16.8,0.10857362047581294,Bessell_I,,10;22
52524.46,16.525,0.0180,Bessell_R,,10;21
52524.46,16.72,0.10857362047581294,Bessell_R,,10;22
52524.46,17.797,0.0170,Bessell_V,,10;21
52524.46,18.06,0.10857362047581294,Bessell_V,,10;22
52524.95,16.9,0.10857362047581294,Bessell_R,,16;22
52525.5,17.868,0.0230,Bessell_B,,10;21
52525.5,18.22,0.10857362047581294,Bessell_B,,10;22
52525.5,16.64,0.0380,Bessell_I,,10;21
52525.5,16.77,0.10857362047581294,Bessell_I,,10;22
52525.5,16.524,0.0260,Bessell_R,,10;21
52525.5,16.72,0.10857362047581294,Bessell_R,,10;22
52525.5,17.781,0.0340,Bessell_V,,10;21
52525.5,18.04,0.10857362047581294,Bessell_V,,10;22
52526.0,18.32,0.10857362047581294,Bessell_B,,17;22
52526.0,16.83,0.10857362047581294,Bessell_I,,17;22
52526.0,16.78,0.10857362047581294,Bessell_R,,17;22
52526.0,17.8,0.10857362047581294,Bessell_V,,17;22
52529.98,17.1,0.10857362047581294,Bessell_R,,16;22
52531.01,17.0,0.10857362047581294,Bessell_R,,16;22
52533.06,17.0,0.10857362047581294,Bessell_R,,16;22
52534.11,17.2,0.10857362047581294,Bessell_R,,16;22
52548.0,17.5,0.10857362047581294,Bessell_R,,16;22
52551.35,18.284,0.0320,Bessell_B,,10;21
52551.35,18.63,0.10857362047581294,Bessell_B,,10;22
52551.35,17.133,0.0640,Bessell_I,,10;21
52551.35,17.26,0.10857362047581294,Bessell_I,,10;22
52551.35,17.011,0.0300,Bessell_R,,10;21
52551.35,17.21,0.10857362047581294,Bessell_R,,10;22
52551.35,18.217,0.0270,Bessell_V,,10;21
52551.35,18.48,0.10857362047581294,Bessell_V,,10;22
52551.37,18.316,0.0320,Bessell_B,,10;21
52551.37,18.66,0.10857362047581294,Bessell_B,,10;22
52551.37,17.169,0.0640,Bessell_I,,10;21
52551.37,17.3,0.10857362047581294,Bessell_I,,10;22
52551.37,16.906,0.0300,Bessell_R,,10;21
52551.37,17.11,0.10857362047581294,Bessell_R,,10;22
52551.37,18.317,0.0270,Bessell_V,,10;21
52551.37,18.58,0.10857362047581294,Bessell_V,,10;22
52551.98,17.5,0.10857362047581294,Bessell_R,,16;22
52552.32,18.316,0.0290,Bessell_B,,10;21
52552.32,18.66,0.10857362047581294,Bessell_B,,10;22
52552.32,17.098,0.0640,Bessell_I,,10;21
52552.32,17.23,0.10857362047581294,Bessell_I,,10;22
52552.32,16.97,0.0370,Bessell_R,,10;21
52552.32,17.17,0.10857362047581294,Bessell_R,,10;22
52552.32,18.285,0.0410,Bessell_V,,10;21
52552.32,18.55,0.10857362047581294,Bessell_V,,10;22
52572.17,17.42,0.10857362047581294,Bessell_R,,16;22
52573.84,17.7,0.10857362047581294,Bessell_R,,16;22
52576.09,18.2,0.10857362047581294,;;;C,,16;22
52579.26427,19.072,0.059,Bessell_B,,4
52579.27126,17.89,0.040,Bessell_R,,4
52579.2737,17.247,0.045,Bessell_I,,4
52579.28403,17.895,0.092,Bessell_R,,4
52580.36126,17.839,0.033,Bessell_R,,4
52580.36453,19.106,0.043,Bessell_B,,4
52582.06,17.8,0.10857362047581294,Bessell_R,,16;22
52582.25,18.614,0.0960,Bessell_B,,10;21
52582.25,18.96,0.10857362047581294,Bessell_B,,10;22
52582.25,17.628,0.0530,Bessell_I,,10;21
52582.25,17.75,0.10857362047581294,Bessell_I,,10;22
52582.25,17.46,0.0380,Bessell_R,,10;21
52582.25,17.66,0.10857362047581294,Bessell_R,,10;22
52582.25,18.751,0.0430,Bessell_V,,10;21
52582.25,19.01,0.10857362047581294,Bessell_V,,10;22
52583.3,18.785,0.0730,Bessell_B,,10;21
52583.3,19.13,0.10857362047581294,Bessell_B,,10;22
52583.3,17.664,0.0470,Bessell_I,,10;21
52583.3,17.79,0.10857362047581294,Bessell_I,,10;22
52583.3,17.456,0.0370,Bessell_R,,10;21
52583.3,17.66,0.10857362047581294,Bessell_R,,10;22
52583.3,18.814,0.0370,Bessell_V,,10;21
52583.3,19.08,0.10857362047581294,Bessell_V,,10;22
52601.9,17.8,0.10857362047581294,Bessell_I,,17;22
52601.9,18.35,0.10857362047581294,Bessell_R,,17;22
52601.9,18.94,0.10857362047581294,Bessell_V,,17;22
52604.79,18.7,0.10857362047581294,;;;C,,16;22
52613.24,19.281,0.0950,Bessell_B,,10;21
52613.24,19.63,0.10857362047581294,Bessell_B,,10;22
52613.24,18.156,0.0630,Bessell_I,,10;21
52613.24,18.28,0.10857362047581294,Bessell_I,,10;22
52613.24,17.927,0.0620,Bessell_R,,10;21
52613.24,18.13,0.10857362047581294,Bessell_R,,10;22
52613.24,19.201,0.0500,Bessell_V,,10;21
52613.24,19.46,0.10857362047581294,Bessell_V,,10;22
52614.19352,18.367,0.029,Bessell_R,,4
52620.19,19.256,0.0910,Bessell_B,,10;21
52620.19,19.6,0.10857362047581294,Bessell_B,,10;22
52620.19,18.307,0.0710,Bessell_I,,10;21
52620.19,18.43,0.10857362047581294,Bessell_I,,10;22
52620.19,18.053,0.0500,Bessell_R,,10;21
52620.19,18.25,0.10857362047581294,Bessell_R,,10;22
52620.19,19.328,0.0830,Bessell_V,,10;21
52620.19,19.59,0.10857362047581294,Bessell_V,,10;22
52629.99,19.3,0.10857362047581294,;;;C,,16;22
52639.2,19.5,0.10857362047581294,Bessell_V,,16;22
