3.071313467089873484e+03 2.430432433149858351e+00
3.081322540020100405e+03 2.557894317714268340e+00
3.091331612950327326e+03 2.318800328396639188e+00
3.101340685880553792e+03 2.646421860749965216e+00
3.111349758810780259e+03 2.364199457349202227e+00
3.121358831741007634e+03 2.131291156232995032e+00
3.131367904671234101e+03 2.216301138959938299e+00
3.141376977601460567e+03 2.294759874177823011e+00
3.151386050531687943e+03 2.386383295001431204e+00
3.161395123461914409e+03 2.236074712131525644e+00
3.171404196392140875e+03 2.282490126296190081e+00
3.181413269322368251e+03 2.295971832214345199e+00
3.191422342252594717e+03 2.165653731150848138e+00
3.201431415182821183e+03 2.229681216356882878e+00
3.211440488113048104e+03 2.245278919097250192e+00
3.221449561043275025e+03 2.305230645549675383e+00
3.231458633973501492e+03 2.263826882639914384e+00
3.241467706903728413e+03 2.180838852431973951e+00
3.251476779833955334e+03 2.249557934893280375e+00
3.261485852764181800e+03 2.274437203622980963e+00
3.271494925694408266e+03 2.307437652987897270e+00
3.281503998624635642e+03 2.157619010600840603e+00
3.291513071554862108e+03 2.152843986947560850e+00
3.301522144485088575e+03 2.165767494420859585e+00
3.311531217415315950e+03 2.226242531915337164e+00
3.321540290345542417e+03 2.233432370580059612e+00
3.331549363275768883e+03 2.166551702562138360e+00
3.341558436205996259e+03 2.151676775797243035e+00
3.351567509136222725e+03 2.082915980136932799e+00
3.361576582066449191e+03 2.124380416790700110e+00
3.371585654996676112e+03 1.954801852824457287e+00
3.381594727926903033e+03 2.167109901006994299e+00
3.391603800857129499e+03 2.128548703003918963e+00
3.401612873787356421e+03 2.035632931432981074e+00
3.411621946717583342e+03 2.112664316823122501e+00
3.421631019647809808e+03 2.067492714410583243e+00
3.431640092578036274e+03 2.038696955505288955e+00
3.441649165508263650e+03 1.985495183073542114e+00
3.451658238438490116e+03 2.043864841651008568e+00
3.461667311368716582e+03 2.027799951081793672e+00
3.471676384298943958e+03 2.030231451372838336e+00
3.481685457229170424e+03 2.051508216552176300e+00
3.491694530159396891e+03 2.037403087914358757e+00
3.501703603089624266e+03 1.984736761273465877e+00
3.511712676019850733e+03 2.032163910119432426e+00
3.521721748950077199e+03 2.123260986213787671e+00
3.531730821880304120e+03 2.041701822677190581e+00
3.541739894810531041e+03 2.086266687649669826e+00
3.551748967740757507e+03 1.984418224117433738e+00
3.561758040670984428e+03 2.015323912470539991e+00
3.571767113601211349e+03 1.970580059953243257e+00
3.581776186531437816e+03 1.980080051420997966e+00
3.591785259461664282e+03 2.040180428546237934e+00
3.601794332391891658e+03 2.017761480135984886e+00
3.611803405322118124e+03 2.040095485304629364e+00
3.621812478252344590e+03 2.017358758160144649e+00
3.631821551182571966e+03 1.974367618422823822e+00
3.641830624112798432e+03 2.014745995058881967e+00
3.651839697043024898e+03 2.086984154672541614e+00
3.661848769973252274e+03 1.998479364290847160e+00
3.671857842903478740e+03 1.982608629702451886e+00
3.681866915833705207e+03 1.983737161340965338e+00
3.691875988763932583e+03 1.984739794960666437e+00
3.701885061694159049e+03 1.973088919267895314e+00
3.711894134624385515e+03 1.932903940190856762e+00
3.721903207554611981e+03 1.952114005964987520e+00
3.731912280484839357e+03 2.006978238982501050e+00
3.741921353415065823e+03 1.917485983417107187e+00
3.751930426345292290e+03 1.919275858865287399e+00
3.761939499275519665e+03 1.893990076050745985e+00
3.771948572205746132e+03 1.906774033912830957e+00
3.781957645135972598e+03 1.951458729529721436e+00
3.791966718066199974e+03 1.881278926681468455e+00
3.801975790996426440e+03 1.870274984784162431e+00
3.811984863926652906e+03 1.897104155961858885e+00
3.821993936856880282e+03 1.839074270350826934e+00
3.832003009787106748e+03 1.747760285621650089e+00
3.842012082717333215e+03 1.776971659673385551e+00
3.852021155647560590e+03 1.836187716979736706e+00
3.862030228577787057e+03 1.842878514100009468e+00
3.872039301508013523e+03 1.834095989655126768e+00
3.882048374438239989e+03 1.769950190648279964e+00
3.892057447368467365e+03 1.779209003983610149e+00
3.902066520298693831e+03 1.772587981668945156e+00
3.912075593228920297e+03 1.776926154365380928e+00
3.922084666159147673e+03 1.773502638359836903e+00
3.932093739089374139e+03 1.646582266960681551e+00
3.942102812019600606e+03 1.752940306516170388e+00
3.952111884949827981e+03 1.727428514005206361e+00
3.962120957880054448e+03 1.615998149450807775e+00
3.972130030810280914e+03 1.509567908139951564e+00
3.982139103740508290e+03 1.645197388753742329e+00
3.992148176670734756e+03 1.675447800671582277e+00
4.002157249600961222e+03 1.731869832066452952e+00
4.012166322531188598e+03 1.764292364019711457e+00
4.022175395461415064e+03 1.752379074384114110e+00
4.032184468391641531e+03 1.622315803045442539e+00
4.042193541321867997e+03 1.648856015517310203e+00
4.052202614252095373e+03 1.643733634679595212e+00
4.062211687182321839e+03 1.657147082635743063e+00
4.072220760112548305e+03 1.685394502579582232e+00
4.082229833042775681e+03 1.664116978978443795e+00
4.092238905973002147e+03 1.651880601656013914e+00
4.102247978903228613e+03 1.544252964007197360e+00
4.112257051833455989e+03 1.641992298226620406e+00
4.122266124763682456e+03 1.672596134703295823e+00
4.132275197693908922e+03 1.636983680658916862e+00
4.142284270624136298e+03 1.673309051195367658e+00
4.152293343554362764e+03 1.650783923733103897e+00
4.162302416484589230e+03 1.640075007916027561e+00
4.172311489414816606e+03 1.609906505552595624e+00
4.182320562345043072e+03 1.547374628136311214e+00
4.192329635275269538e+03 1.553168970688893591e+00
4.202338708205496005e+03 1.508323641334746723e+00
4.212347781135723380e+03 1.505543873753107054e+00
4.222356854065949847e+03 1.462245876555475554e+00
4.232365926996176313e+03 1.479193115046898876e+00
4.242374999926403689e+03 1.440095106093729260e+00
4.252384072856630155e+03 1.469519596671286399e+00
4.262393145786856621e+03 1.477910699625150093e+00
4.272402218717083997e+03 1.483086397515410271e+00
4.282411291647310463e+03 1.502932020758004583e+00
4.292420364577536930e+03 1.504819125880954234e+00
4.302429437507764305e+03 1.433887878713185682e+00
4.312438510437990772e+03 1.492613388799247653e+00
4.322447583368217238e+03 1.550875503165463076e+00
4.332456656298444614e+03 1.561073242689287710e+00
4.342465729228671080e+03 1.453821478884589125e+00
4.352474802158897546e+03 1.563624573624744052e+00
4.362483875089124012e+03 1.601167969572117489e+00
4.372492948019351388e+03 1.562088011057789716e+00
4.382502020949577854e+03 1.560216226055201716e+00
4.392511093879804321e+03 1.586023803068195237e+00
4.402520166810031697e+03 1.567255897203509107e+00
4.412529239740258163e+03 1.538220477009391018e+00
4.422538312670484629e+03 1.531452320865511085e+00
4.432547385600712005e+03 1.492977734632004339e+00
4.442556458530938471e+03 1.490632846110528487e+00
4.452565531461164937e+03 1.504878737834440372e+00
4.462574604391392313e+03 1.493662892886193028e+00
4.472583677321618779e+03 1.507381529774691753e+00
4.482592750251845246e+03 1.469640185737498550e+00
4.492601823182072621e+03 1.473599299218256720e+00
4.502610896112299088e+03 1.502842678669955800e+00
4.512619969042525554e+03 1.515989010468116849e+00
4.522629041972752020e+03 1.509614778607196284e+00
4.532638114902979396e+03 1.499054740989475221e+00
4.542647187833205862e+03 1.505449071028097663e+00
4.552656260763432329e+03 1.449764680675981188e+00
4.562665333693659704e+03 1.480817957911381821e+00
4.572674406623886171e+03 1.471368022282432353e+00
4.582683479554112637e+03 1.447637914264207737e+00
4.592692552484340013e+03 1.469271441058301653e+00
4.602701625414566479e+03 1.445882622850110932e+00
4.612710698344792945e+03 1.496280964940056135e+00
4.622719771275020321e+03 1.514839925598821191e+00
4.632728844205246787e+03 1.548369677538011357e+00
4.642737917135473253e+03 1.521104413825270951e+00
4.652746990065700629e+03 1.562198740640600825e+00
4.662756062995927095e+03 1.455477113674155332e+00
4.672765135926153562e+03 1.513417202144058171e+00
4.682774208856380028e+03 1.555310753852308547e+00
4.692783281786607404e+03 1.538918225065461165e+00
4.702792354716833870e+03 1.496853421714753551e+00
4.712801427647060336e+03 1.548894505423664025e+00
4.722810500577287712e+03 1.546795193881052910e+00
4.732819573507514178e+03 1.440564417503616745e+00
4.742828646437740645e+03 1.486120994821874985e+00
4.752837719367968020e+03 1.467856225979359497e+00
4.762846792298194487e+03 1.477391104849917758e+00
4.772855865228420953e+03 1.452763328789122843e+00
4.782864938158648329e+03 1.441099711610110523e+00
4.792874011088874795e+03 1.489458050742210604e+00
4.802883084019101261e+03 1.512219350753017943e+00
4.812892156949328637e+03 1.504760499875808399e+00
4.822901229879555103e+03 1.542692131942640543e+00
4.832910302809781570e+03 1.562263964915407533e+00
4.842919375740008036e+03 1.548433384969217341e+00
4.852928448670235412e+03 1.517453371279704255e+00
4.862937521600461878e+03 1.479286400928308209e+00
4.872946594530688344e+03 1.550628257658638098e+00
4.882955667460915720e+03 1.540885571214859029e+00
4.892964740391142186e+03 1.581436868021334208e+00
4.902973813321368652e+03 1.652927982161919163e+00
4.912982886251596028e+03 1.652481271721674361e+00
4.922991959181822494e+03 1.613076708676913995e+00
4.933001032112048961e+03 1.616556347895663936e+00
4.943010105042276336e+03 1.527999984831563962e+00
4.953019177972502803e+03 1.494331972598220259e+00
4.963028250902729269e+03 1.456235080421151684e+00
4.973037323832956645e+03 1.443256208156447284e+00
4.983046396763183111e+03 1.389145391355129044e+00
4.993055469693409577e+03 1.376994336485207526e+00
5.003064542623636044e+03 1.339418100873891682e+00
5.013073615553863419e+03 1.289620428849606704e+00
5.023082688484089886e+03 1.295526714459880546e+00
5.033091761414316352e+03 1.368567587706740918e+00
5.043100834344543728e+03 1.399337063504553447e+00
5.053109907274770194e+03 1.325397612108962342e+00
5.063118980204996660e+03 1.378230943230231986e+00
5.073128053135224036e+03 1.375182087593925795e+00
5.083137126065450502e+03 1.340908551395401327e+00
5.093146198995676968e+03 1.343131182322704564e+00
5.103155271925904344e+03 1.335533161045181272e+00
5.113164344856130811e+03 1.355691405753767009e+00
5.123173417786357277e+03 1.292595565886945685e+00
5.133182490716583743e+03 1.279793557586019093e+00
5.143191563646811119e+03 1.269838664722578780e+00
5.153200636577037585e+03 1.255719581123639683e+00
5.163209709507264961e+03 1.250900417321595404e+00
5.173218782437491427e+03 1.109029276977537393e+00
5.183227855367717893e+03 1.152626699101839014e+00
5.193236928297944360e+03 1.155819503195799847e+00
5.203246001228171735e+03 1.162004281291061369e+00
5.213255074158398202e+03 1.161421661664242766e+00
5.223264147088624668e+03 1.181003657489130720e+00
5.233273220018852044e+03 1.198007474246839621e+00
5.243282292949078510e+03 1.192391815870355254e+00
5.253291365879304976e+03 1.177303317526558812e+00
5.263300438809532352e+03 1.133106742180197024e+00
5.273309511739758818e+03 1.129843177332289228e+00
5.283318584669985285e+03 1.149846931520199567e+00
5.293327657600212660e+03 1.145257721207938451e+00
5.303336730530439127e+03 1.163476226320649287e+00
5.313345803460665593e+03 1.188585903593212922e+00
5.323354876390892059e+03 1.120093134197049256e+00
5.333363949321119435e+03 1.154356355859092798e+00
5.343373022251345901e+03 1.147337162099387298e+00
5.353382095181572367e+03 1.176665939845774833e+00
5.363391168111799743e+03 1.165061631251528729e+00
5.373400241042026209e+03 1.132154922821101639e+00
5.383409313972252676e+03 1.102869981854758485e+00
5.393418386902480052e+03 1.061977698606968668e+00
5.403427459832706518e+03 1.065004104957992803e+00
5.413436532762932984e+03 1.092653433470291757e+00
5.423445605693160360e+03 1.118429308452042026e+00
5.433454678623386826e+03 1.078990464741918398e+00
5.443463751553613292e+03 9.831887465373304602e-01
5.453472824483839759e+03 1.115918704767249636e+00
5.463481897414067134e+03 1.032889643939925328e+00
5.473490970344293601e+03 1.032729465255749268e+00
5.483500043274520976e+03 1.038777879111357105e+00
5.493509116204747443e+03 1.041442973316825116e+00
5.503518189134973909e+03 1.007639810318707863e+00
5.513527262065200375e+03 1.017557540513944536e+00
5.523536334995427751e+03 1.028822076141756581e+00
5.533545407925654217e+03 1.009613678895586286e+00
5.543554480855880684e+03 1.020990460949809497e+00
5.553563553786108059e+03 1.020122371357442326e+00
5.563572626716334526e+03 1.017668876834195713e+00
5.573581699646560992e+03 1.025528553632745643e+00
5.583590772576788368e+03 9.966901714222874409e-01
5.593599845507014834e+03 9.923880996035349122e-01
5.603608918437241300e+03 9.810327050440738050e-01
5.613617991367468676e+03 1.014018744394788785e+00
5.623627064297695142e+03 9.950316546298807463e-01
5.633636137227921608e+03 1.000097457201309936e+00
5.643645210158148075e+03 9.979637133089753753e-01
5.653654283088375450e+03 1.009311978703515855e+00
5.663663356018601917e+03 1.017725000047401407e+00
5.673672428948828383e+03 1.029031703927297592e+00
5.683681501879055759e+03 1.003838751941085849e+00
5.693690574809282225e+03 1.007344784238478175e+00
5.703699647739508691e+03 9.947586227818532301e-01
5.713708720669736067e+03 9.878677539907205762e-01
5.723717793599962533e+03 9.930075785298373425e-01
5.733726866530189000e+03 9.939465047183315694e-01
5.743735939460416375e+03 1.023793436238531251e+00
5.753745012390642842e+03 9.990294476224425013e-01
5.763754085320869308e+03 1.023460792437017819e+00
5.773763158251095774e+03 9.933931601729959482e-01
5.783772231181323150e+03 9.970798485431664471e-01
5.793781304111549616e+03 1.002884505632229750e+00
5.803790377041776992e+03 1.014029058931269933e+00
5.813799449972003458e+03 1.022037689771354785e+00
5.823808522902229925e+03 1.054536291431160899e+00
5.833817595832456391e+03 1.031148155802590338e+00
5.843826668762683767e+03 1.070386927841853852e+00
5.853835741692910233e+03 1.054626316098829841e+00
5.863844814623136699e+03 1.029690924155923781e+00
5.873853887553364075e+03 1.041267626196647367e+00
5.883862960483590541e+03 1.023346119060846382e+00
5.893872033413817007e+03 9.801721996697072559e-01
5.903881106344044383e+03 1.082293695049970417e+00
5.913890179274270849e+03 1.062326193424103726e+00
5.923899252204497316e+03 1.045938291010236831e+00
5.933908325134724691e+03 1.053586671495285509e+00
5.943917398064951158e+03 1.083202132682101748e+00
5.953926470995177624e+03 1.061292540352779756e+00
5.963935543925404090e+03 1.036003117113598160e+00
5.973944616855631466e+03 1.026918892476645251e+00
5.983953689785857932e+03 1.017475479275176120e+00
5.993962762716084399e+03 1.010263798062611462e+00
6.003971835646311774e+03 9.883234896503864109e-01
6.013980908576538241e+03 9.856750048823402777e-01
6.023989981506764707e+03 9.851896149302915573e-01
6.033999054436992083e+03 1.022830392236794506e+00
6.044008127367218549e+03 1.014989675983246409e+00
6.054017200297445015e+03 1.023945727335986655e+00
6.064026273227672391e+03 9.879029447622443838e-01
6.074035346157898857e+03 9.851300029768055300e-01
6.084044419088125323e+03 9.618707232120679018e-01
6.094053492018351790e+03 9.957648968261944011e-01
6.104062564948579166e+03 9.706382309053090962e-01
6.114071637878805632e+03 9.988868643240280676e-01
6.124080710809033008e+03 9.687121429018356045e-01
6.134089783739259474e+03 9.800554027124956935e-01
6.144098856669485940e+03 9.700883751002539190e-01
6.154107929599712406e+03 9.629275081482943088e-01
6.164117002529939782e+03 9.434846068815401221e-01
6.174126075460166248e+03 9.709103526471766221e-01
6.184135148390392715e+03 9.352395759663716390e-01
6.194144221320620090e+03 9.417314390484841091e-01
6.204153294250846557e+03 9.441024172798824221e-01
6.214162367181073023e+03 9.394088481279305736e-01
6.224171440111300399e+03 9.476962748217234722e-01
6.234180513041526865e+03 9.270028876910038074e-01
6.244189585971753331e+03 9.147819821732954271e-01
6.254198658901980707e+03 9.263840155021415557e-01
6.264207731832207173e+03 9.413670932157273130e-01
6.274216804762433640e+03 9.250906029642915751e-01
6.284225877692660106e+03 9.670238959748657104e-01
6.294234950622887482e+03 9.518973248567056400e-01
6.304244023553113948e+03 9.832048250794920286e-01
6.314253096483340414e+03 9.665999381886232200e-01
6.324262169413567790e+03 9.707306066805583278e-01
6.334271242343794256e+03 9.465873104656519210e-01
6.344280315274020722e+03 9.801257842555425315e-01
6.354289388204248098e+03 1.019851766459175080e+00
6.364298461134474564e+03 9.843764350762497228e-01
6.374307534064701031e+03 1.005177897313480395e+00
6.384316606994928406e+03 1.000684020621488646e+00
6.394325679925154873e+03 1.006283600455811555e+00
6.404334752855381339e+03 1.011028590605808297e+00
6.414343825785607805e+03 1.027977800993911561e+00
6.424352898715835181e+03 1.027522596229506036e+00
6.434361971646061647e+03 1.021689574165119740e+00
6.444371044576289023e+03 1.030562654172931358e+00
6.454380117506515489e+03 1.054431553380570374e+00
6.464389190436741956e+03 1.062890231716820510e+00
6.474398263366968422e+03 1.090284882188653715e+00
6.484407336297195798e+03 1.128461408654730214e+00
6.494416409227422264e+03 1.117890222236547881e+00
6.504425482157648730e+03 1.128220533891026056e+00
6.514434555087876106e+03 1.129047820390549406e+00
6.524443628018102572e+03 1.158487934457188118e+00
6.534452700948329039e+03 1.168981458483042468e+00
6.544461773878556414e+03 1.161197017127060249e+00
6.554470846808782881e+03 1.150159932197091006e+00
6.564479919739009347e+03 1.123971854966999251e+00
6.574488992669236723e+03 1.181114993809381897e+00
6.584498065599463189e+03 1.078179256784556950e+00
6.594507138529689655e+03 1.181114387071942051e+00
6.604516211459916121e+03 1.184763002667748699e+00
6.614525284390143497e+03 1.213161500234162693e+00
6.624534357320369963e+03 1.222322780526003294e+00
6.634543430250596430e+03 1.210475928640092791e+00
6.644552503180823805e+03 1.201804285462381383e+00
6.654561576111050272e+03 1.201833408859504182e+00
6.664570649041276738e+03 1.143382447465069784e+00
6.674579721971504114e+03 1.096427492031830875e+00
6.684588794901730580e+03 1.062091461876980114e+00
6.694597867831957046e+03 1.047903968631674232e+00
6.704606940762184422e+03 1.021280784814878828e+00
6.714616013692410888e+03 1.011955382045501617e+00
6.724625086622637355e+03 1.008783055340142676e+00
6.734634159552863821e+03 1.012081204222134101e+00
6.744643232483091197e+03 9.843788620260099931e-01
6.754652305413317663e+03 9.970563374673642176e-01
6.764661378343545039e+03 9.999025427986901748e-01
6.774670451273771505e+03 9.958505984896028895e-01
6.784679524203997971e+03 1.005574021019659980e+00
6.794688597134224437e+03 9.684372908414879966e-01
6.804697670064451813e+03 9.602047738860204351e-01
6.814706742994678280e+03 9.729154682022179701e-01
6.824715815924904746e+03 9.803628669102463222e-01
6.834724888855132122e+03 9.767097007836392786e-01
6.844733961785358588e+03 9.563398563928321439e-01
6.854743034715585054e+03 9.551263815127101209e-01
6.864752107645812430e+03 9.474742089186610761e-01
6.874761180576038896e+03 9.340836653008752766e-01
6.884770253506265362e+03 9.366597207870143160e-01
6.894779326436492738e+03 9.180374319079427359e-01
6.904788399366719204e+03 8.770690031114253271e-01
6.914797472296945671e+03 8.863449567794376982e-01
6.924806545227172137e+03 8.937156032012983919e-01
6.934815618157399513e+03 8.609752925138079993e-01
6.944824691087625979e+03 8.611906843050296523e-01
6.954833764017852445e+03 8.526302257632093484e-01
6.964842836948079821e+03 8.473959018678032251e-01
6.974851909878306287e+03 8.508144122894668593e-01
6.984860982808532754e+03 8.465637614687596679e-01
6.994870055738760129e+03 8.473397786545977528e-01
7.004879128668986596e+03 8.248631901875388417e-01
7.014888201599213062e+03 8.163510431143832236e-01
7.024897274529440438e+03 8.359793785112559217e-01
7.034906347459666904e+03 8.395048264067301869e-01
7.044915420389893370e+03 8.528914262311555472e-01
7.054924493320119836e+03 8.371026011971688385e-01
7.064933566250347212e+03 8.314849709240040854e-01
7.074942639180573678e+03 8.341650818811136014e-01
7.084951712110801054e+03 7.970492841446235044e-01
7.094960785041027520e+03 7.975753255051561963e-01
7.104969857971253987e+03 8.097172793134765900e-01
7.114978930901480453e+03 8.118024083684260983e-01
7.124988003831707829e+03 7.968622573287247324e-01
7.134997076761934295e+03 8.004307835824432393e-01
7.145006149692160761e+03 7.961707283314150008e-01
7.155015222622388137e+03 7.985817512338574398e-01
7.165024295552614603e+03 7.861665380509696988e-01
7.175033368482841070e+03 7.779460041599435272e-01
7.185042441413068445e+03 7.831319407445046510e-01
7.195051514343294912e+03 7.579871485425976330e-01
7.205060587273521378e+03 7.749209629681595990e-01
7.215069660203747844e+03 7.748243400308297835e-01
7.225078733133975220e+03 7.764940814658776169e-01
7.235087806064201686e+03 7.866120350163343655e-01
7.245096878994429062e+03 7.634029627747619395e-01
7.255105951924655528e+03 7.757477944146026205e-01
7.265115024854881995e+03 7.741948499367665715e-01
7.365205754157149386e+03 7.587345732265728948e-01
7.375214827087376761e+03 7.572182605216803974e-01
7.385223900017603228e+03 7.557017961324280497e-01
7.395232972947829694e+03 7.541483966015120055e-01
7.405242045878056160e+03 7.525948453862358889e-01
7.415251118808283536e+03 7.510414458553197337e-01
7.425260191738510002e+03 7.494883496931235012e-01
7.435269264668737378e+03 7.479349501622074570e-01
7.445278337598963844e+03 7.463813989469312293e-01
7.455287410529190311e+03 7.452718278534197216e-01
7.465296483459416777e+03 7.312680243680923509e-01
7.475305556389644153e+03 7.499503802537300645e-01
7.485314629319870619e+03 7.559055082279285687e-01
7.495323702250097085e+03 7.460005195189330918e-01
7.505332775180324461e+03 7.410324016753536691e-01
7.515341848110550927e+03 7.440060218690925931e-01
7.525350921040777394e+03 7.457221787183050399e-01
7.535359993971003860e+03 7.111009819666256337e-01
7.545369066901231236e+03 7.372104108560495472e-01
7.555378139831457702e+03 7.486810855291224920e-01
7.565387212761685078e+03 7.397411127185438140e-01
7.575396285691911544e+03 7.182251413034616006e-01
7.585405358622138010e+03 7.363806974067662603e-01
7.595414431552364476e+03 7.333063587979772313e-01
7.605423504482591852e+03 7.265127196816144606e-01
7.615432577412818318e+03 7.140975064987268306e-01
7.625441650343044785e+03 7.048264067302350000e-01
7.635450723273272160e+03 7.178057340480195059e-01
7.645459796203498627e+03 7.426366154668749830e-01
7.655468869133725093e+03 7.293907028863636510e-01
7.665477942063951559e+03 7.028558752092770590e-01
7.675487014994178935e+03 6.931159190839780715e-01
7.685496087924405401e+03 7.035346627203452607e-01
7.695505160854632777e+03 7.102336507960583800e-01
7.705514233784859243e+03 7.126373928492200083e-01
7.715523306715085710e+03 7.090580970059402466e-01
7.725532379645312176e+03 7.014581038317365680e-01
7.735541452575539552e+03 7.150748088303050531e-01
7.745550525505766018e+03 6.775669070231753466e-01
7.755559598435993394e+03 6.988937280413187736e-01
7.765568671366219860e+03 7.021594923124470089e-01
7.775577744296446326e+03 7.239400012513959037e-01
7.785586817226672792e+03 6.893315459859578054e-01
7.795595890156900168e+03 6.841368117085157019e-01
7.805604963087126634e+03 6.750732161445247570e-01
7.815614036017353101e+03 6.853953368435621307e-01
7.825623108947580477e+03 6.825814402809193826e-01
7.835632181877806943e+03 6.870225308156258093e-01
7.845641254808033409e+03 7.298473486521894760e-01
7.855650327738259875e+03 7.105769125027728839e-01
7.865659400668487251e+03 7.430698259990784482e-01
7.875668473598713717e+03 7.118154153022973052e-01
7.885677546528941093e+03 6.239219128914641477e-01
7.895686619459167559e+03 7.017892307896498316e-01
7.905695692389394026e+03 6.813702406661976685e-01
7.915704765319620492e+03 6.842901645964911683e-01
7.925713838249847868e+03 6.919245901204182925e-01
7.935722911180074334e+03 6.676764800127414912e-01
7.945731984110300800e+03 6.686087320893951969e-01
7.955741057040528176e+03 6.776562491112244624e-01
7.965750129970754642e+03 6.756261056367803830e-01
7.975759202900981109e+03 6.708839974896239067e-01
7.985768275831207575e+03 6.948813733501956191e-01
7.995777348761434951e+03 6.893037877480749920e-01
8.005786421691661417e+03 6.764617347761043842e-01
8.015795494621888793e+03 6.941375132486807820e-01
8.025804567552115259e+03 6.794113888409608615e-01
8.035813640482341725e+03 6.795095286218906239e-01
8.045822713412568191e+03 6.570637320799148640e-01
8.055831786342795567e+03 6.703990625906550704e-01
8.065840859273022033e+03 6.759889346259368992e-01
8.075849932203249409e+03 6.838657517571684608e-01
8.085859005133475875e+03 6.990983502429793939e-01
8.095868078063702342e+03 6.250539332702579332e-01
8.105877150993928808e+03 7.028431337230356402e-01
8.115886223924156184e+03 6.660985834576828024e-01
8.125895296854382650e+03 6.749638517209539668e-01
8.135904369784609116e+03 6.858274855852455332e-01
8.145913442714836492e+03 6.689354602008680262e-01
8.155922515645062958e+03 6.736501134788617229e-01
8.165931588575289425e+03 6.543059587304778102e-01
8.175940661505515891e+03 6.954941781646570842e-01
8.185949734435743267e+03 6.632113475069726372e-01
8.195958807365968823e+03 6.699869361844936755e-01
8.205967880296197109e+03 6.619120192790821644e-01
8.215976953226423575e+03 6.498916404853141149e-01
8.225986026156650041e+03 6.580894217223379750e-01
8.235995099086876507e+03 6.606908084965993355e-01
8.246004172017102974e+03 6.669732713197108476e-01
8.256013244947331259e+03 6.382832364133473879e-01
8.266022317877555906e+03 6.214966316591804540e-01
8.276031390807784192e+03 6.803422757583744707e-01
8.286040463738010658e+03 6.558696727978748919e-01
8.296049536668237124e+03 6.378802869109668761e-01
8.306058609598463590e+03 6.302944762244245824e-01
8.316067682528690057e+03 6.054015559023228077e-01
8.326076755458918342e+03 6.596720963347371125e-01
8.336085828389144808e+03 6.339206425349489527e-01
8.346094901319371274e+03 6.784039013217395553e-01
8.356103974249597741e+03 6.424401462995651402e-01
8.366113047179824207e+03 6.531554328597620751e-01
8.376122120110052492e+03 6.210977017923402510e-01
8.386131193040277140e+03 6.324670513129229121e-01
8.396140265970505425e+03 6.341731969943743552e-01
8.406149338900731891e+03 6.572938372540579888e-01
8.416158411830958357e+03 6.481164784200557083e-01
8.426167484761184824e+03 6.573627019535049909e-01
8.436176557691411290e+03 5.951698390818545015e-01
8.446185630621639575e+03 6.237128918433630931e-01
8.456194703551864222e+03 5.598615121793060201e-01
8.466203776482092508e+03 6.385488357277341320e-01
8.476212849412318974e+03 6.284951963459237678e-01
8.486221922342545440e+03 6.471001932079535335e-01
8.496230995272771906e+03 5.998323129400031650e-01
8.506240068202998373e+03 6.254240431086951491e-01
8.516249141133226658e+03 5.849649703931090183e-01
8.526258214063453124e+03 5.896415508967389751e-01
8.536267286993679591e+03 5.950052615512380072e-01
8.546276359923906057e+03 6.430502207955465233e-01
8.556285432854132523e+03 5.657204722692549259e-01
8.566294505784360808e+03 5.944309845642202772e-01
8.576303578714585456e+03 6.088670126334111421e-01
8.586312651644813741e+03 5.902030863975153974e-01
8.596321724575040207e+03 5.824743132016586555e-01
8.606330797505266673e+03 6.066361149084869009e-01
8.616339870435493140e+03 5.479532281275892869e-01
8.626348943365719606e+03 6.298150019624163543e-01
8.636358016295947891e+03 6.090853622696530412e-01
8.646367089226172538e+03 5.830397924957955169e-01
8.656376162156400824e+03 5.993042996827900870e-01
8.666385235086627290e+03 5.285582591185999934e-01
8.676394308016853756e+03 5.715202754587977996e-01
8.686403380947080223e+03 5.834456998431962749e-01
8.696412453877306689e+03 5.556707766808048898e-01
8.706421526807534974e+03 6.016196097540627008e-01
8.716430599737761440e+03 6.207547434543458920e-01
8.726439672667987907e+03 6.075181594619756265e-01
8.736448745598214373e+03 5.967766315074959360e-01
8.746457818528440839e+03 5.672773605404513031e-01
8.756466891458669124e+03 5.902134009339964349e-01
8.766475964388893772e+03 6.290042490581349011e-01
8.776485037319122057e+03 6.188134870148707112e-01
8.786494110249348523e+03 5.715748818284032140e-01
8.796503183179574989e+03 5.783660939950058255e-01
8.806512256109801456e+03 5.680005915690040652e-01
8.816521329040027922e+03 5.953203099669895915e-01
8.826530401970256207e+03 5.859172448052846205e-01
8.836539474900480855e+03 6.001277940733128480e-01
8.846548547830709140e+03 5.883310738683872332e-01
8.856557620760935606e+03 5.541378545384908483e-01
8.866566693691162072e+03 5.360161240474695665e-01
8.876575766621388539e+03 5.543840382547956525e-01
8.886584839551615005e+03 5.748391292559312804e-01
8.896593912481843290e+03 5.530317721852596735e-01
8.906602985412067937e+03 5.748294214568903104e-01
8.916612058342296223e+03 5.667552629732789393e-01
8.926621131272522689e+03 5.280684703201108388e-01
8.936630204202749155e+03 4.964375031995919563e-01
8.946639277132975621e+03 4.604733689665175822e-01
8.956648350063202088e+03 5.270385335156073658e-01
8.966657422993430373e+03 4.871767938097612549e-01
8.976666495923656839e+03 6.622590730947970350e-01
8.986675568853883306e+03 6.742532104942824400e-01
8.996684641784109772e+03 6.444331271058054700e-01
9.006693714714336238e+03 5.570025653617387551e-01
9.016702787644564523e+03 5.683409712728783036e-01
9.026711860574789171e+03 5.676455743243883356e-01
9.036720933505017456e+03 5.517985783383357878e-01
9.046730006435243922e+03 4.863331253993564141e-01
9.056739079365470388e+03 7.392394925399735639e-01
9.066748152295696855e+03 5.239842172423404554e-01
9.076757225225923321e+03 4.869656491806200194e-01
9.086766298156151606e+03 4.714436369359000789e-01
9.096775371086376254e+03 6.222603624118571153e-01
9.106784444016604539e+03 5.595963679179994932e-01
9.116793516946831005e+03 5.361122919317192759e-01
9.126802589877057471e+03 4.987067012254200460e-01
9.136811662807283938e+03 6.145164207799987954e-01
9.146820735737510404e+03 5.995319779071729416e-01
9.156829808667738689e+03 5.885432044458686063e-01
9.166838881597965155e+03 6.199006088230999412e-01
9.176847954528191622e+03 6.066303509028062591e-01
9.186857027458418088e+03 4.271392140095674472e-01
9.196866100388644554e+03 4.953201203615397175e-01
9.206875173318872839e+03 4.856957477185723793e-01
9.216884246249097487e+03 5.515121982666268963e-01
9.226893319179325772e+03 5.283888276884630697e-01
9.236902392109552238e+03 5.052398224534565552e-01
9.246911465039778705e+03 5.237864208368805397e-01
9.256920537970005171e+03 5.090618132727607881e-01
9.266929610900231637e+03 5.435822916093899781e-01
9.276938683830459922e+03 5.849713411362296167e-01
9.286947756760684570e+03 5.777185534621007701e-01
9.296956829690912855e+03 5.793955757464293033e-01
9.306965902621139321e+03 4.462816285591312826e-01
9.316974975551365787e+03 4.468927648456327284e-01
9.326984048481592254e+03 4.743907123666362691e-01
9.336993121411818720e+03 5.348254018213499661e-01
9.347002194342047005e+03 4.856736018020101353e-01
9.357011267272273471e+03 4.665008503804433104e-01
9.367020340202499938e+03 5.029302763878644722e-01
9.377029413132726404e+03 4.569673366691252570e-01
9.387038486062952870e+03 4.309555925075509997e-01
9.397047558993181156e+03 5.156820771656260849e-01
9.407056631923405803e+03 4.889537760873398087e-01
9.417065704853634088e+03 4.457155425275544092e-01
9.427074777783860554e+03 4.953079856127384217e-01
9.437083850714087021e+03 3.869941279192128936e-01
9.447092923644313487e+03 5.642837180111904827e-01
9.457101996574539953e+03 6.815464978925352968e-01
9.467111069504768238e+03 6.282418834646982253e-01
9.477120142434992886e+03 5.207644133322968383e-01
9.487129215365221171e+03 4.844997165398522432e-01
9.497138288295447637e+03 5.006237640094727270e-01
9.507147361225674103e+03 5.882936836736434305e-01
9.517156434155900570e+03 6.745590061640730495e-01
9.527165507086127036e+03 5.128979107375463142e-01
9.537174580016355321e+03 3.818897975203399686e-01
9.547183652946579969e+03 3.302461268346696954e-01
9.557192725876808254e+03 4.618257867204135225e-01
9.567201798807034720e+03 4.669942796035729815e-01
9.577210871737261186e+03 6.029469995885561318e-01
