3.251222174994009947e+03 3.323164209544851033e+00
3.261225877130160370e+03 4.019440818627767698e+00
3.271229579266310338e+03 3.662518001382139676e+00
3.281233281402460307e+03 3.643110347629911594e+00
3.291236983538610730e+03 3.462593930072804138e+00
3.301240685674760243e+03 3.317812396275503950e+00
3.311244387810910666e+03 3.294107464442804556e+00
3.321248089947060180e+03 3.612728760121690641e+00
3.331251792083210603e+03 3.045698771794109749e+00
3.341255494219361026e+03 3.254475033724364863e+00
3.351259196355510539e+03 3.403172045083739050e+00
3.361262898491660962e+03 3.581863315953680793e+00
3.371266600627810476e+03 3.313931431754640222e+00
3.381270302763960899e+03 3.228212901244438271e+00
3.391274004900110867e+03 3.020593904727289836e+00
3.401277707036260836e+03 2.827272609614632337e+00
3.411281409172411259e+03 2.853253919185017917e+00
3.421285111308560772e+03 2.787134077502809060e+00
3.431288813444711195e+03 2.741477098844541160e+00
3.441292515580861163e+03 2.880655521291176413e+00
3.451296217717011132e+03 2.706951789325925617e+00
3.461299919853161555e+03 2.662632191014584038e+00
3.471303621989311068e+03 2.649729706264360107e+00
3.481307324125461491e+03 2.633602948492252072e+00
3.491311026261611460e+03 2.718591447290901630e+00
3.501314728397761428e+03 2.856508930384229927e+00
3.511318430533911851e+03 2.826257171230252663e+00
3.521322132670061364e+03 2.671860924307777996e+00
3.531325834806211788e+03 2.673073868963150357e+00
3.541329536942361301e+03 2.744010571775936214e+00
3.551333239078511724e+03 2.482409673574039299e+00
3.561336941214662147e+03 2.583166318075963197e+00
3.571340643350811661e+03 2.372863528154957269e+00
3.581344345486962084e+03 2.330488793642482293e+00
3.591348047623111597e+03 2.420199512341512982e+00
3.601351749759262020e+03 2.441171577539883675e+00
3.611355451895411989e+03 2.344619592136743425e+00
3.621359154031561957e+03 2.151501870040604114e+00
3.631362856167712380e+03 2.386695438319668128e+00
3.641366558303861893e+03 2.390519779882294582e+00
3.651370260440012316e+03 2.527402815455263685e+00
3.661373962576162285e+03 2.368366047472149294e+00
3.671377664712312253e+03 2.135851756241939903e+00
3.681381366848462676e+03 2.409284223792266033e+00
3.691385068984612190e+03 2.411017021130879456e+00
3.701388771120762613e+03 2.207702987238533865e+00
3.711392473256912581e+03 2.153427185437222224e+00
3.721396175393062549e+03 2.320982338220793473e+00
3.731399877529212972e+03 1.994482227536391816e+00
3.741403579665362486e+03 2.110620363826773982e+00
3.751407281801512909e+03 2.164089625514628690e+00
3.761410983937662422e+03 2.403311715047389274e+00
3.771414686073812845e+03 2.486825590233672223e+00
3.781418388209962814e+03 2.698773546724591021e+00
3.791422090346112782e+03 2.439008984984940120e+00
3.801425792482263205e+03 2.496620822742368517e+00
3.811429494618412718e+03 2.657498645767582435e+00
3.821433196754563141e+03 2.425070030465847903e+00
3.831436898890713110e+03 1.961594804493058897e+00
3.841440601026863078e+03 2.296170629779415773e+00
3.851444303163013501e+03 2.601990620541784427e+00
3.861448005299163015e+03 2.437722160850725128e+00
3.871451707435313438e+03 2.335722103149234119e+00
3.881455409571463406e+03 2.121198071691675846e+00
3.891459111707613374e+03 1.942335044515082432e+00
3.901462813843763797e+03 2.381135603087083830e+00
3.911466515979913311e+03 2.513024763376702442e+00
3.921470218116063734e+03 2.397982146511635104e+00
3.931473920252213702e+03 1.910295617679629077e+00
3.941477622388363670e+03 2.320978832990045149e+00
3.951481324524513639e+03 2.326169405644986199e+00
3.961485026660663607e+03 1.894749649679150050e+00
3.971488728796814030e+03 1.864361658383986375e+00
3.981492430932963543e+03 2.325934824818004287e+00
3.991496133069113966e+03 2.448538494039625313e+00
4.001499835205263935e+03 2.561805981163968848e+00
4.011503537341413903e+03 2.570671923074745457e+00
4.021507239477564326e+03 2.622464538524238886e+00
4.031510941613713840e+03 2.498491672245825690e+00
4.041514643749864263e+03 2.472866952495765158e+00
4.051518345886014231e+03 2.499034039295794152e+00
4.061522048022164199e+03 2.382546862912852337e+00
4.071525750158314622e+03 2.382908440946164497e+00
4.081529452294464136e+03 2.361370280981993197e+00
4.091533154430614559e+03 2.153618355329554923e+00
4.101536856566764982e+03 2.024075947025717248e+00
4.111540558702914495e+03 2.392629119893182388e+00
4.121544260839064009e+03 2.440107874824435363e+00
4.131547962975215341e+03 2.443453887206528119e+00
4.141551665111364855e+03 2.349604232485238420e+00
4.151555367247514369e+03 2.445612165631320778e+00
4.161559069383664792e+03 2.266150350671372937e+00
4.171562771519815215e+03 2.241625329660211108e+00
4.181566473655964728e+03 2.179543716024539890e+00
4.191570175792114242e+03 2.237003548102416417e+00
4.201573877928265574e+03 2.253098286939806627e+00
4.211577580064415088e+03 2.155879835836562730e+00
4.221581282200564601e+03 2.064805852009697240e+00
4.231584984336715024e+03 2.026301364100990821e+00
4.241588686472865447e+03 2.102389407947652611e+00
4.251592388609014961e+03 2.064322062758190857e+00
4.261596090745165384e+03 2.044593747800805161e+00
4.271599792881315807e+03 2.061997892547421163e+00
4.281603495017465320e+03 2.078692295475852436e+00
4.291607197153614834e+03 2.010066483441963925e+00
4.301610899289766166e+03 1.906027999243948834e+00
4.311614601425915680e+03 1.869720684339680528e+00
4.321618303562065194e+03 1.815131299202991544e+00
4.331622005698215617e+03 1.646732531749975914e+00
4.341625707834366040e+03 1.592452820268215108e+00
4.351629409970515553e+03 1.836813510669248695e+00
4.361633112106665067e+03 1.944226790586460529e+00
4.371636814242816399e+03 2.059327580800287549e+00
4.381640516378965913e+03 2.076745207203626986e+00
4.391644218515115426e+03 2.228519811159737962e+00
4.401647920651266759e+03 2.072076913930137820e+00
4.411651622787416272e+03 2.070056687670189355e+00
4.421655324923565786e+03 2.030248995414349444e+00
4.431659027059715299e+03 2.017861442542662420e+00
4.441662729195866632e+03 1.966198992488829900e+00
4.451666431332016145e+03 1.947120763018629575e+00
4.461670133468165659e+03 1.860698692252334752e+00
4.471673835604316992e+03 1.989493205649461638e+00
4.481677537740466505e+03 1.939087380818784290e+00
4.491681239876616019e+03 1.980533566224459641e+00
4.501684942012766442e+03 1.977845121649033366e+00
4.511688644148916865e+03 2.047429681700781323e+00
4.521692346285066378e+03 2.017690697360265073e+00
4.531696048421215892e+03 1.912518945098110379e+00
4.541699750557367224e+03 1.902325868899516825e+00
4.551703452693516738e+03 1.897257777095905817e+00
4.561707154829666251e+03 2.002043414709512081e+00
4.571710856965817584e+03 1.910555409204682364e+00
4.581714559101967097e+03 1.902859675097465786e+00
4.591718261238116611e+03 1.916422356577417219e+00
4.601721963374267034e+03 1.921788392994607797e+00
4.611725665510417457e+03 1.989500890193793614e+00
4.621729367646566971e+03 1.921614209989745969e+00
4.631733069782716484e+03 1.959894834988566314e+00
4.641736771918867817e+03 1.912327101122941242e+00
4.651740474055017330e+03 1.943287658379132976e+00
4.661744176191166844e+03 1.942605890998648777e+00
4.671747878327317267e+03 1.963915671697931353e+00
4.681751580463467690e+03 2.034200603816441522e+00
4.691755282599617203e+03 1.992421623714557999e+00
4.701758984735766717e+03 1.905987284640645152e+00
4.711762686871918049e+03 2.058974361394143582e+00
4.721766389008067563e+03 1.912196598685862226e+00
4.731770091144217076e+03 1.873788639439292636e+00
4.741773793280368409e+03 1.849040766642498612e+00
4.751777495416517922e+03 1.941340772331757725e+00
4.761781197552667436e+03 1.847905071880149297e+00
4.771784899688817859e+03 1.858575533543305847e+00
4.781788601824968282e+03 1.820906706126577124e+00
4.791792303961117796e+03 1.779756645310823782e+00
4.801796006097267309e+03 1.737401189567462589e+00
4.811799708233418642e+03 1.736921916670958632e+00
4.821803410369568155e+03 1.706107635390211597e+00
4.831807112505717669e+03 1.678854398916290735e+00
4.841810814641869001e+03 1.649839244725234577e+00
4.851814516778018515e+03 1.470731121029416277e+00
4.861818218914168028e+03 1.377800510846936666e+00
4.871821921050317542e+03 1.558155350748218648e+00
4.881825623186468874e+03 1.625305460637202382e+00
4.891829325322618388e+03 1.639395881569577718e+00
4.901833027458767901e+03 1.645578030076497722e+00
4.911836729594919234e+03 1.622216071590832920e+00
4.921840431731068747e+03 1.597556368829007756e+00
4.931844133867218261e+03 1.635629780763994789e+00
4.941847836003368684e+03 1.635200996671918316e+00
4.951851538139519107e+03 1.644735965797576416e+00
4.961855240275668621e+03 1.551016746105082111e+00
4.971858942411818134e+03 1.552028207400728554e+00
4.981862644547969467e+03 1.533757596576522220e+00
4.991866346684118980e+03 1.514779400999206604e+00
5.001870048820268494e+03 1.517053689080100964e+00
5.011873750956419826e+03 1.480743947477622724e+00
5.021877453092569340e+03 1.449600781181117126e+00
5.031881155228718853e+03 1.438353506835065465e+00
5.041884857364868367e+03 1.480410209065443627e+00
5.051888559501019699e+03 1.550545427386044395e+00
5.061892261637169213e+03 1.470068295376627976e+00
5.071895963773318726e+03 1.431065053577452062e+00
5.081899665909470059e+03 1.452178810987981850e+00
5.091903368045619573e+03 1.444066291463172114e+00
5.101907070181769086e+03 1.431591647089054398e+00
5.111910772317919509e+03 1.438374133769851682e+00
5.121914474454069932e+03 1.405946367812490827e+00
5.131918176590219446e+03 1.376847829574602500e+00
5.141921878726368959e+03 1.335220518110853183e+00
5.151925580862520292e+03 1.310446288675165771e+00
5.161929282998669805e+03 1.301580009722971054e+00
5.171932985134819319e+03 1.269135391694706350e+00
5.181936687270970651e+03 1.301449776919026302e+00
5.191940389407120165e+03 1.263878421880405556e+00
5.201944091543269678e+03 1.220805741999378302e+00
5.211947793679419192e+03 1.289495524494417733e+00
5.221951495815570524e+03 1.270546381887340370e+00
5.231955197951720038e+03 1.280269891982269925e+00
5.241958900087869551e+03 1.368748656889948956e+00
5.251962602224020884e+03 1.312403285965083377e+00
5.261966304360170398e+03 1.257332066417112371e+00
5.271970006496319911e+03 1.298281587589110719e+00
5.281973708632470334e+03 1.303902629543217229e+00
5.291977410768620757e+03 1.333379126027335992e+00
5.301981112904770271e+03 1.304736402603254186e+00
5.311984815040919784e+03 1.319324094443858897e+00
5.321988517177071117e+03 1.306163570783955841e+00
5.331992219313220630e+03 1.240526709453850129e+00
5.341995921449370144e+03 1.277248180852650128e+00
5.351999623585521476e+03 1.297515087996121697e+00
5.362003325721670990e+03 1.253715612001155222e+00
5.372007027857820503e+03 1.226278081279829957e+00
5.382010729993970017e+03 1.245241918892735722e+00
5.392014432130121349e+03 1.212931106307447271e+00
5.402018134266270863e+03 1.202114301260562179e+00
5.412021836402420377e+03 1.259571639231944706e+00
5.422025538538571709e+03 1.241542484879647912e+00
5.432029240674721223e+03 1.262356140611522681e+00
5.442032942810870736e+03 1.256634121048560093e+00
5.452036644947022069e+03 1.248711760291829398e+00
5.462040347083171582e+03 1.232605764271075266e+00
5.472044049219321096e+03 1.193286107988609679e+00
5.482047751355470609e+03 1.244546737263811487e+00
5.492051453491621942e+03 1.245819405658467049e+00
5.502055155627771455e+03 1.205716599936959899e+00
5.512058857763920969e+03 1.227191261297965408e+00
5.522062559900072301e+03 1.221270656931472631e+00
5.532066262036221815e+03 1.243523749151666857e+00
5.542069964172371328e+03 1.229902422464969725e+00
5.552073666308521751e+03 1.216910823963806676e+00
5.562077368444672175e+03 1.218455956640835058e+00
5.572081070580821688e+03 1.186786062016160326e+00
5.582084772716971202e+03 1.184297145960235165e+00
5.592088474853122534e+03 1.147624275933921689e+00
5.602092176989272048e+03 1.203033278391088423e+00
5.612095879125421561e+03 1.234601453915787683e+00
5.622099581261572894e+03 1.208840771657675006e+00
5.632103283397722407e+03 1.225706930892758173e+00
5.642106985533871921e+03 1.226400966580860397e+00
5.652110687670021434e+03 1.208602213741960751e+00
5.662114389806172767e+03 1.232734379276213099e+00
5.672118091942322280e+03 1.244767836434069519e+00
5.682121794078471794e+03 1.203617775618316177e+00
5.692125496214623126e+03 1.210925642461610385e+00
5.702129198350772640e+03 1.182440924054322551e+00
5.712132900486922154e+03 1.205938036148635817e+00
5.722136602623072577e+03 1.244802753924982186e+00
5.732140304759223000e+03 1.277402478413845355e+00
5.742144006895372513e+03 1.225264530327391466e+00
5.752147709031522027e+03 1.220636951657205760e+00
5.762151411167673359e+03 1.222497218060135227e+00
5.772155113303822873e+03 1.234470884070425267e+00
5.782158815439972386e+03 1.182688514680041214e+00
5.792162517576123719e+03 1.189052732961005887e+00
5.802166219712273232e+03 1.131782857426357092e+00
5.812169921848422746e+03 1.211940339354870666e+00
5.822173623984572259e+03 1.208403022263877746e+00
5.832177326120723592e+03 1.191612158081592820e+00
5.842181028256873105e+03 1.180017056992086033e+00
5.852184730393022619e+03 1.146817668412181801e+00
5.862188432529173951e+03 1.176233295216196018e+00
5.872192134665323465e+03 1.160829558694145280e+00
5.882195836801472979e+03 1.146200882617102401e+00
5.892199538937623402e+03 1.121300161537210904e+00
5.902203241073773825e+03 1.157252470715819159e+00
5.912206943209923338e+03 1.187918588589179869e+00
5.922210645346072852e+03 1.162243784484392917e+00
5.932214347482224184e+03 1.149650838572529699e+00
5.942218049618373698e+03 1.159601716808093874e+00
5.952221751754523211e+03 1.155548456714309946e+00
5.962225453890674544e+03 1.142644151940428232e+00
5.972229156026824057e+03 1.109320664710388371e+00
5.982232858162973571e+03 1.080464998518366082e+00
5.992236560299123084e+03 1.119558061855459030e+00
6.002240262435274417e+03 1.096660175698343176e+00
6.012243964571423930e+03 1.075433677933467003e+00
6.022247666707573444e+03 1.071612201222894134e+00
6.032251368843724777e+03 1.110231620255164753e+00
6.042255070979874290e+03 1.070348228496825094e+00
6.052258773116023804e+03 1.076433241667055452e+00
6.062262475252174227e+03 1.059414537486150998e+00
6.072266177388324650e+03 1.022060439345621852e+00
6.082269879524474163e+03 1.033350854993187795e+00
6.092273581660623677e+03 1.032272423567769382e+00
6.102277283796775009e+03 1.012857725649903617e+00
6.112280985932924523e+03 1.028304738290035214e+00
6.122284688069074036e+03 1.006442411889958422e+00
6.132288390205225369e+03 1.032749775328190678e+00
6.142292092341374882e+03 1.019927236802334436e+00
6.152295794477524396e+03 1.009626105125105866e+00
6.162299496613673909e+03 9.765023486394177610e-01
6.172303198749825242e+03 9.967247663157033921e-01
6.182306900885974756e+03 1.015474582628130396e+00
6.192310603022124269e+03 9.948734315103529013e-01
6.202314305158275602e+03 1.012581655024357374e+00
6.212318007294425115e+03 9.989116932610321298e-01
6.222321709430574629e+03 1.036857332794426600e+00
6.232325411566725961e+03 9.747088838455509885e-01
6.242329113702875475e+03 9.809017839737075306e-01
6.252332815839024988e+03 9.799038380389258895e-01
6.262336517975174502e+03 9.763480510782226451e-01
6.272340220111325834e+03 1.014597027887885528e+00
6.282343922247475348e+03 1.001424404441073612e+00
6.292347624383624861e+03 9.910502021844058707e-01
6.302351326519776194e+03 1.008984816418932340e+00
6.312355028655925707e+03 9.633028966957268846e-01
6.322358730792075221e+03 1.009173492204771483e+00
6.332362432928225644e+03 9.934444096018517634e-01
6.342366135064376067e+03 9.599773427277112914e-01
6.352369837200525581e+03 9.741996816711214757e-01
6.362373539336675094e+03 9.799570568788400493e-01
6.372377241472826427e+03 9.715347962908188473e-01
6.382380943608975940e+03 1.001088306738967981e+00
6.392384645745125454e+03 1.011049060288081503e+00
6.402388347881276786e+03 9.869260285762588847e-01
6.412392050017426300e+03 9.912764917925022123e-01
6.422395752153575813e+03 1.003942373467236804e+00
6.432399454289725327e+03 1.009652765101275662e+00
6.442403156425876659e+03 1.017002121743135090e+00
6.452406858562026173e+03 9.801189378719421530e-01
6.462410560698175686e+03 1.021842440956410414e+00
6.472414262834327019e+03 1.033731004008635823e+00
6.482417964970476532e+03 1.022978000902192486e+00
6.492421667106626046e+03 9.828714203168027463e-01
6.502425369242776469e+03 1.018961815364397117e+00
6.512429071378926892e+03 1.027553810010561675e+00
6.522432773515076406e+03 1.037353356649409308e+00
6.532436475651225919e+03 1.050476536120189541e+00
6.542440177787377252e+03 1.062978346032604771e+00
6.552443879923526765e+03 9.792950064213131744e-01
6.562447582059676279e+03 9.592143483654705927e-01
6.572451284195827611e+03 1.016168685724516463e+00
6.582454986331977125e+03 1.071355308254036576e+00
6.592458688468126638e+03 1.055302901818756300e+00
6.602462390604276152e+03 1.048042355590560026e+00
6.612466092740427484e+03 1.101334704238066786e+00
6.622469794876576998e+03 1.085149267555072017e+00
6.632473497012726511e+03 1.069652136856072300e+00
6.642477199148877844e+03 1.085748965350254780e+00
6.652480901285027358e+03 1.084645323226764546e+00
6.662484603421176871e+03 1.056497376604418337e+00
6.672488305557327294e+03 1.022100412457805918e+00
6.682492007693477717e+03 1.060567859514665923e+00
6.692495709829627231e+03 1.034312063413399319e+00
6.702499411965776744e+03 1.003331384784548419e+00
6.712503114101928077e+03 9.801873909839534660e-01
6.722506816238077590e+03 9.663001049142526666e-01
6.732510518374227104e+03 9.782551662382645841e-01
6.742514220510378436e+03 9.556847832270934928e-01
6.752517922646527950e+03 9.364501665389055596e-01
6.762521624782677463e+03 9.357665791347635764e-01
6.772525326918826977e+03 9.729408993828907448e-01
6.782529029054978309e+03 9.184509414645339875e-01
6.792532731191127823e+03 9.085361266607041575e-01
6.802536433327277337e+03 9.407023484776380062e-01
6.812540135463428669e+03 9.350030792103956045e-01
6.822543837599578183e+03 9.170495232481732373e-01
6.832547539735727696e+03 8.760787010585527890e-01
6.842551241871879029e+03 9.031714721133279333e-01
6.852554944008028542e+03 9.130425726452332524e-01
6.862558646144178056e+03 9.162583185192395563e-01
6.872562348280327569e+03 8.374729996119979480e-01
6.882566050416478902e+03 8.678459925640574779e-01
6.892569752552628415e+03 9.153468237081945347e-01
6.902573454688777929e+03 9.074893771285852395e-01
6.912577156824929261e+03 8.755098425531239181e-01
6.922580858961078775e+03 8.670446428884396317e-01
6.932584561097228288e+03 8.991999445634275556e-01
6.942588263233377802e+03 8.964499562250608511e-01
6.952591965369529134e+03 8.803152442754864637e-01
6.962595667505678648e+03 8.877788579580737638e-01
6.972599369641828162e+03 9.057595794585930893e-01
6.982603071777979494e+03 8.833796922569184806e-01
6.992606773914129008e+03 9.024219257036684150e-01
7.002610476050278521e+03 8.669405307943959249e-01
7.012614178186429854e+03 8.717450225049295787e-01
7.022617880322579367e+03 9.038221305709239761e-01
7.032621582458728881e+03 8.885403019297913874e-01
7.042625284594878394e+03 8.724412826663914267e-01
7.052628986731029727e+03 8.770008463784091379e-01
7.062632688867179240e+03 9.024928392180315839e-01
7.072636391003328754e+03 8.880761284888168960e-01
7.082640093139480086e+03 8.489679656961941490e-01
7.092643795275629600e+03 8.582670732374825251e-01
7.102647497411779113e+03 8.803078293642887520e-01
7.112651199547929536e+03 8.271186153907131855e-01
7.122654901684079960e+03 8.501216584702688817e-01
7.132658603820229473e+03 8.646233710451223242e-01
7.142662305956378987e+03 8.544914678639097261e-01
7.152666008092530319e+03 8.750012470532469999e-01
7.162669710228679833e+03 8.248718635936758137e-01
7.172673412364829346e+03 8.427899290945747302e-01
7.182677114500980679e+03 8.601786373442431577e-01
7.192680816637130192e+03 8.471590644053795804e-01
7.202684518773279706e+03 8.376401384512219828e-01
7.212688220909429219e+03 8.279870026043865128e-01
7.222691923045580552e+03 8.362569878797211365e-01
7.232695625181730065e+03 8.738843592020262285e-01
7.242699327317879579e+03 8.674976939626176664e-01
7.252703029454030911e+03 8.025967962730229388e-01
7.262706731590180425e+03 8.355015769493869815e-01
7.272710433726329939e+03 8.374431377423564582e-01
7.282714135862480362e+03 8.175417183126466592e-01
7.292717837998630785e+03 7.956226004336239832e-01
7.302721540134780298e+03 8.308218242676832510e-01
7.312725242270929812e+03 8.301725813840430401e-01
7.322728944407081144e+03 8.084568342966875765e-01
7.332732646543230658e+03 8.306222957481821378e-01
7.342736348679380171e+03 8.315075350327590931e-01
7.352740050815530594e+03 8.237250464645300418e-01
7.362743752951681017e+03 8.051353922339725688e-01
7.372747455087830531e+03 8.229630969306852561e-01
7.382751157223980954e+03 8.392624199088479786e-01
7.392754859360131377e+03 8.272575438632442379e-01
7.402758561496280890e+03 8.132796947645064556e-01
7.412762263632430404e+03 7.861335363491080974e-01
7.422765965768581736e+03 8.503336575222386617e-01
7.432769667904731250e+03 8.471578510562743913e-01
7.442773370040880764e+03 8.141947285104415011e-01
7.452777072177031187e+03 8.105196288877392075e-01
7.462780774313181610e+03 9.032524294619498351e-01
7.562817795674682202e+03 8.343314365541101285e-01
7.572821497810831715e+03 8.601500899361320673e-01
7.582825199946981229e+03 8.467729497568313723e-01
7.592828902083132562e+03 8.018857736974496220e-01
7.602832604219282075e+03 8.314177471989837587e-01
7.612836306355431589e+03 8.244291259868911093e-01
7.622840008491582012e+03 8.670777066515529263e-01
7.632843710627732435e+03 8.590809271497109600e-01
7.642847412763881948e+03 8.038208969993337893e-01
7.652851114900032371e+03 8.280769926630129341e-01
7.662854817036182794e+03 7.871212699289220627e-01
7.672858519172332308e+03 8.329046391189683929e-01
7.682862221308481821e+03 8.511981687596041901e-01
7.692865923444632244e+03 8.276247504882382477e-01
7.702869625580782667e+03 7.647461013071006342e-01
7.712873327716932181e+03 7.851636996685940062e-01
7.722877029853082604e+03 8.297651657178727325e-01
7.732880731989233027e+03 8.739561153199345567e-01
7.742884434125382541e+03 7.895550460088499589e-01
7.752888136261532054e+03 7.810691520010958344e-01
7.762891838397683387e+03 7.915527579020708027e-01
7.772895540533832900e+03 8.208885732982846850e-01
7.782899242669982414e+03 8.194609332595976792e-01
7.792902944806132837e+03 8.434276788658584545e-01
7.802906646942283260e+03 8.603009496748630358e-01
7.812910349078432773e+03 7.816677038554572521e-01
7.822914051214583196e+03 7.835920755361048817e-01
7.832917753350733619e+03 7.692893185103416576e-01
7.842921455486883133e+03 8.436740224383303399e-01
7.852925157623032646e+03 8.174942965851232923e-01
7.862928859759183979e+03 7.932920601400528238e-01
7.872932561895333492e+03 7.733895621778053009e-01
7.882936264031483006e+03 8.011883338910246177e-01
7.892939966167633429e+03 8.235974088795045001e-01
7.902943668303783852e+03 7.941756816258230822e-01
7.912947370439933366e+03 7.730447351029715586e-01
7.922951072576082879e+03 7.788895388545392651e-01
7.932954774712234212e+03 7.047330456707300295e-01
7.942958476848383725e+03 7.316135480404009073e-01
7.952962178984533239e+03 7.595238130547197208e-01
7.962965881120683662e+03 7.984421541206819795e-01
7.972969583256834085e+03 7.657357897271394043e-01
7.982973285392983598e+03 7.215756794148313613e-01
7.992976987529134021e+03 7.055939168607801015e-01
8.002980689665284444e+03 7.432588345970591037e-01
8.012984391801433958e+03 7.642582001502935540e-01
8.022988093937583471e+03 7.685095731896226523e-01
8.032991796073734804e+03 7.874262924122810148e-01
8.042995498209884317e+03 7.678590495485938527e-01
8.052999200346033831e+03 7.561305474658126524e-01
8.063002902482184254e+03 7.164998693627464554e-01
8.073006604618334677e+03 7.583168677365890176e-01
8.083010306754484191e+03 7.593340587363428540e-01
8.093014008890633704e+03 7.653684819897200731e-01
8.103017711026785037e+03 7.727142659925478885e-01
8.113021413162934550e+03 7.489052557699468204e-01
8.123025115299084064e+03 7.528578415921513001e-01
8.133028817435234487e+03 7.218123161944627331e-01
8.143032519571384910e+03 7.537138930899228706e-01
8.153036221707534423e+03 7.941155197326964510e-01
8.163039923843684846e+03 7.573028786303069859e-01
8.173043625979835269e+03 7.969989764726216341e-01
8.183047328115984783e+03 7.298111853530968585e-01
8.193051030252136115e+03 7.091167748749375166e-01
8.203054732388285629e+03 7.195335791668497905e-01
8.213058434524435143e+03 6.884896378638261094e-01
8.223062136660584656e+03 7.139313104197299031e-01
8.233065838796734170e+03 7.748888909261171243e-01
8.243069540932883683e+03 7.362224883201666792e-01
8.253073243069036835e+03 7.308741128732836323e-01
8.263076945205186348e+03 6.937612352756715728e-01
8.273080647341335862e+03 6.976535580923239888e-01
8.283084349477485375e+03 7.317039088445870254e-01
8.293088051613634889e+03 7.464885339857737501e-01
8.303091753749784402e+03 7.576373248294638874e-01
8.313095455885933916e+03 6.796752969941567413e-01
8.323099158022087067e+03 6.901625766465889766e-01
8.333102860158236581e+03 7.147549722372245062e-01
8.343106562294386094e+03 7.331420645755178933e-01
8.353110264430535608e+03 7.359322282509196400e-01
8.363113966566685122e+03 7.391924298879701816e-01
8.373117668702834635e+03 6.969281775523405997e-01
8.383121370838985968e+03 7.004058046081921285e-01
8.393125072975137300e+03 7.125952782384761264e-01
8.403128775111286814e+03 7.631699945237511162e-01
8.413132477247436327e+03 7.735725419636788613e-01
8.423136179383585841e+03 7.192838651801972683e-01
8.433139881519735354e+03 6.773115244167633442e-01
8.443143583655884868e+03 6.681810049927968675e-01
8.453147285792036200e+03 6.951221074094378061e-01
8.463150987928187533e+03 7.246264435146895222e-01
8.473154690064337046e+03 7.073971558557711203e-01
8.483158392200486560e+03 7.024260645722824048e-01
8.493162094336636073e+03 6.088693999557261982e-01
8.503165796472785587e+03 6.221093979820118136e-01
8.513169498608935100e+03 6.283340811158929506e-01
8.523173200745086433e+03 6.332183842342271607e-01
8.533176902881237766e+03 6.517427872462449034e-01
8.543180605017387279e+03 6.145777019329731194e-01
8.553184307153536793e+03 6.754062966886624775e-01
8.563188009289686306e+03 6.665864957480203135e-01
8.573191711425835820e+03 6.562379760474101875e-01
8.583195413561985333e+03 6.832980540846320672e-01
8.593199115698138485e+03 7.053172058565395641e-01
8.603202817834287998e+03 7.347844337016612437e-01
8.613206519970437512e+03 7.582475720210326564e-01
8.623210222106587025e+03 7.193507679016853951e-01
8.633213924242736539e+03 7.144160433872068783e-01
8.643217626378886052e+03 6.707003895929161130e-01
8.653221328515037385e+03 5.986117803255712744e-01
8.663225030651188717e+03 6.321033164066640619e-01
8.673228732787338231e+03 6.903799346571062312e-01
8.683232434923487745e+03 7.230544823407824007e-01
8.693236137059637258e+03 6.614287846313428032e-01
8.703239839195786772e+03 6.924143840648976367e-01
8.713243541331936285e+03 6.954633955493816355e-01
8.723247243468087618e+03 7.139454661592889995e-01
8.733250945604238950e+03 7.029147072202091007e-01
8.743254647740388464e+03 7.289352484116587982e-01
8.753258349876537977e+03 7.197404888934069156e-01
8.763262052012687491e+03 7.015308151575885276e-01
8.773265754148837004e+03 6.959989206585628363e-01
8.783269456284986518e+03 6.133487815143837674e-01
8.793273158421137850e+03 6.934542579520879269e-01
8.803276860557289183e+03 6.749730636498674219e-01
8.813280562693438696e+03 7.423022773484171388e-01
8.823284264829588210e+03 7.704805914025317781e-01
8.833287966965737724e+03 7.214534681966371377e-01
8.843291669101887237e+03 6.901517576170687063e-01
8.853295371238036751e+03 6.870437638844212325e-01
8.863299073374188083e+03 6.357562724081987637e-01
8.873302775510339416e+03 6.461366425228172172e-01
8.883306477646488929e+03 6.859183488853232147e-01
8.893310179782638443e+03 6.942494734738967610e-01
8.903313881918787956e+03 6.707199716993063054e-01
8.913317584054937470e+03 7.480144890061134477e-01
8.923321286191086983e+03 6.991688963079945029e-01
8.933324988327240135e+03 6.866420779223580961e-01
8.943328690463389648e+03 6.809316525841774270e-01
8.953332392599539162e+03 6.390925105891673841e-01
8.963336094735688675e+03 6.703451142341219082e-01
8.973339796871838189e+03 6.820178696663532492e-01
8.983343499007987702e+03 7.071206470763814478e-01
8.993347201144139035e+03 7.173450007185724342e-01
9.003350903280290368e+03 7.743554554737278606e-01
9.013354605416439881e+03 6.371131674532315436e-01
9.023358307552589395e+03 6.411667308842915469e-01
9.033362009688738908e+03 6.724837094400988313e-01
9.043365711824888422e+03 6.692741988323267499e-01
9.053369413961037935e+03 6.712074347022698451e-01
9.063373116097189268e+03 7.121081522769304728e-01
9.073376818233340600e+03 7.066265443574818450e-01
9.083380520369490114e+03 6.530220953568366404e-01
9.093384222505639627e+03 6.680783084727089927e-01
9.103387924641789141e+03 6.248896526397219597e-01
9.113391626777938654e+03 6.691412696970376883e-01
9.123395328914088168e+03 6.860306847899679816e-01
9.133399031050239500e+03 6.728810812720105172e-01
9.143402733186390833e+03 6.494088765384929962e-01
9.153406435322540347e+03 6.897392863296271104e-01
9.163410137458689860e+03 6.611214702663409382e-01
9.173413839594839374e+03 6.116821117019972665e-01
9.183417541730988887e+03 5.928626626325955717e-01
9.193421243867138401e+03 5.798269117056642497e-01
9.203424946003291552e+03 5.847994859713925297e-01
9.213428648139441066e+03 5.295515556079243291e-01
9.223432350275590579e+03 5.460357458039017953e-01
9.233436052411740093e+03 5.603320653385797101e-01
9.243439754547889606e+03 6.175735619858265801e-01
9.253443456684039120e+03 6.321430872939968193e-01
9.263447158820188633e+03 6.021816893216920263e-01
9.273450860956341785e+03 5.949782716138595218e-01
9.283454563092491298e+03 6.109048941919136277e-01
9.293458265228640812e+03 5.657109935900115349e-01
9.303461967364790326e+03 6.396604253786256633e-01
9.313465669500939839e+03 6.327697146984841980e-01
9.323469371637089353e+03 5.861230139160356067e-01
9.333473073773240685e+03 5.679646715881904173e-01
9.343476775909392018e+03 5.843885650744741200e-01
9.353480478045541531e+03 6.110127474456980012e-01
9.363484180181691045e+03 5.066578656164636429e-01
9.373487882317840558e+03 6.040907930261009140e-01
9.383491584453990072e+03 6.054501821776273607e-01
9.393495286590139585e+03 5.991063549024563395e-01
9.403498988726290918e+03 6.192527360348237808e-01
9.413502690862442250e+03 6.023562093679718510e-01
9.423506392998591764e+03 5.735483862052453974e-01
9.433510095134741277e+03 5.900333010402716294e-01
9.443513797270890791e+03 5.718792391384358575e-01
9.453517499407040305e+03 6.005551611421983127e-01
9.463521201543189818e+03 6.343841430910689416e-01
9.473524903679341151e+03 6.265472897421041631e-01
9.483528605815492483e+03 6.288635394795486500e-01
9.493532307951641997e+03 6.375427941488531758e-01
9.503536010087791510e+03 6.626177993460319327e-01
9.513539712223941024e+03 6.598068065109929936e-01
9.523543414360090537e+03 6.500399191855569248e-01
9.533547116496240051e+03 6.026427282774783345e-01
9.543550818632393202e+03 5.401557549282871573e-01
9.553554520768542716e+03 6.139471648480361310e-01
9.563558222904692229e+03 6.465389351594327261e-01
9.573561925040841743e+03 6.101721324448742267e-01
9.583565627176991256e+03 6.133170322128009833e-01
9.593569329313140770e+03 6.653674843471225619e-01
9.603573031449292102e+03 5.904765105050417962e-01
9.613576733585443435e+03 6.224471134829241414e-01
9.623580435721592949e+03 5.608648435602036075e-01
9.633584137857742462e+03 5.478149031895712673e-01
9.643587839993891976e+03 4.832512491429037382e-01
9.653591542130041489e+03 5.989695160867173351e-01
9.663595244266191003e+03 5.782375591945841942e-01
9.673598946402342335e+03 5.507804126627270369e-01
9.683602648538493668e+03 5.776191893048400194e-01
9.693606350674643181e+03 5.223460650953706264e-01
9.703610052810792695e+03 5.482250825953699502e-01
9.713613754946942208e+03 5.535535557465157686e-01
9.723617457083091722e+03 6.422981789247732554e-01
9.733621159219241235e+03 5.868066687284614336e-01
9.743624861355392568e+03 5.670291288719655487e-01
9.753628563491543900e+03 5.841497712297671896e-01
9.763632265627693414e+03 5.352153007097014692e-01
9.773635967763842928e+03 6.168036582745151097e-01
9.783639669899992441e+03 7.529300021597614689e-01
9.793643372036141955e+03 5.101856612873958419e-01
9.803647074172291468e+03 6.438289536373915656e-01
9.813650776308444620e+03 6.152542788756191205e-01
9.823654478444594133e+03 5.962542093102705110e-01
9.833658180580743647e+03 6.339668184072071444e-01
