3.267751417598275111e+03 2.138220920368811839e+00
3.277765435253712894e+03 2.394726438906870758e+00
3.287779452909151587e+03 2.335353610860024354e+00
3.297793470564589825e+03 2.535173013709131951e+00
3.307807488220028063e+03 2.617181860706224050e+00
3.317821505875466755e+03 2.675044303488569586e+00
3.327835523530904538e+03 2.637026728443610413e+00
3.337849541186343231e+03 2.559382247797959309e+00
3.347863558841781014e+03 2.909450678691876568e+00
3.357877576497219707e+03 2.901404254940338490e+00
3.367891594152657945e+03 2.976825184132408708e+00
3.377905611808096182e+03 2.914627804255013999e+00
3.387919629463534875e+03 2.808048084574325642e+00
3.397933647118972658e+03 2.823556026371453420e+00
3.407947664774411351e+03 2.810947681648599872e+00
3.417961682429849134e+03 2.945895836109450716e+00
3.427975700085287826e+03 2.894274869567978747e+00
3.437989717740726064e+03 2.951551892764753937e+00
3.448003735396164302e+03 2.972493294136662190e+00
3.458017753051602995e+03 2.823742003248927990e+00
3.468031770707040778e+03 2.822707907307596020e+00
3.478045788362479470e+03 2.881906028730798930e+00
3.488059806017917253e+03 2.706080225048093535e+00
3.498073823673355946e+03 2.805348439467016064e+00
3.508087841328794639e+03 2.692519763353810713e+00
3.518101858984232422e+03 2.590119904674462514e+00
3.528115876639671114e+03 2.467968450706945038e+00
3.538129894295108897e+03 2.520280607274012485e+00
3.548143911950547590e+03 2.461173298784420371e+00
3.558157929605985828e+03 2.403283705748057386e+00
3.568171947261424066e+03 2.342928009164488845e+00
3.578185964916862758e+03 2.388150681600411218e+00
3.588199982572300542e+03 2.341475363337378823e+00
3.598214000227739234e+03 2.352436951019299283e+00
3.608228017883177017e+03 2.285136394734016196e+00
3.618242035538615710e+03 2.280300150329616304e+00
3.628256053194053948e+03 2.211162549630459218e+00
3.638270070849492186e+03 2.257321568513154464e+00
3.648284088504930878e+03 2.228207667435260220e+00
3.658298106160368661e+03 2.185305378786445818e+00
3.668312123815807354e+03 2.175239070994227308e+00
3.678326141471245137e+03 2.249823446894242629e+00
3.688340159126683830e+03 2.261063192375274422e+00
3.698354176782122067e+03 2.260548816093081559e+00
3.708368194437560305e+03 2.279601365584779327e+00
3.718382212092998998e+03 2.372435734390139217e+00
3.728396229748436781e+03 2.661771877805742204e+00
3.738410247403875474e+03 2.205518197398186775e+00
3.748424265059313257e+03 2.144471225128385505e+00
3.758438282714751949e+03 2.191840263619486251e+00
3.768452300370190187e+03 2.187617337869538492e+00
3.778466318025628425e+03 2.204491048486812321e+00
3.788480335681067118e+03 2.176861382125628630e+00
3.798494353336504901e+03 2.167905065907988149e+00
3.808508370991943593e+03 2.181389556608994695e+00
3.818522388647381376e+03 2.230167724060519330e+00
3.828536406302820069e+03 2.141809502956259159e+00
3.838550423958258307e+03 2.101018275451712825e+00
3.848564441613696545e+03 2.164374535017898893e+00
3.858578459269135237e+03 2.200140573276315514e+00
3.868592476924573020e+03 2.188479204904316244e+00
3.878606494580011713e+03 2.092147825939497441e+00
3.888620512235449496e+03 2.082020606487675174e+00
3.898634529890888189e+03 2.088257994257483485e+00
3.908648547546326427e+03 2.069746302646625846e+00
3.918662565201764664e+03 2.131070658906965232e+00
3.928676582857203357e+03 1.856352640537837884e+00
3.938690600512641140e+03 1.911692709294825265e+00
3.948704618168079833e+03 1.989867958657024483e+00
3.958718635823518071e+03 1.946015399343475449e+00
3.968732653478956308e+03 1.808932496453124816e+00
3.978746671134394546e+03 1.896663638694778387e+00
3.988760688789832784e+03 1.913674174385378679e+00
3.998774706445271477e+03 2.153543420148206877e+00
4.008788724100709260e+03 2.123297865613043456e+00
4.018802741756147952e+03 2.068380409405246478e+00
4.028816759411586190e+03 2.049223797395626878e+00
4.038830777067024428e+03 2.000877496466373362e+00
4.048844794722462666e+03 1.972557301058625701e+00
4.058858812377900904e+03 1.993551225199676757e+00
4.068872830033339596e+03 1.973404560583104983e+00
4.078886847688777380e+03 1.919114611499000089e+00
4.088900865344216072e+03 1.906327687755623668e+00
4.098914882999653855e+03 1.910711945632497466e+00
4.108928900655092548e+03 1.833703548488893720e+00
4.118942918310531240e+03 1.828035505954180406e+00
4.128956935965969024e+03 1.847510991018748827e+00
4.138970953621406807e+03 1.830064179177590677e+00
4.148984971276846409e+03 1.828359417577910540e+00
4.158998988932284192e+03 1.843844003098562334e+00
4.169013006587721975e+03 1.832103446842364702e+00
4.179027024243160668e+03 1.803292812318604055e+00
4.189041041898599360e+03 1.837658281070520649e+00
4.199055059554037143e+03 1.808029490616688717e+00
4.209069077209474926e+03 1.780001178118360672e+00
4.219083094864914528e+03 1.789636721735737845e+00
4.229097112520352312e+03 1.792247968377427725e+00
4.239111130175790095e+03 1.793334059974667660e+00
4.249125147831228787e+03 1.787694778251478933e+00
4.259139165486667480e+03 1.796126821253859918e+00
4.269153183142105263e+03 1.786289257955897325e+00
4.279167200797543046e+03 1.778963243081703949e+00
4.289181218452982648e+03 1.731236976634535463e+00
4.299195236108420431e+03 1.686124168737147100e+00
4.309209253763858214e+03 1.679833385719907257e+00
4.319223271419296907e+03 1.664250658271200223e+00
4.329237289074735600e+03 1.666291915665295331e+00
4.339251306730173383e+03 1.756734963992860221e+00
4.349265324385611166e+03 1.626790581555925375e+00
4.359279342041050768e+03 1.627275115953989104e+00
4.369293359696488551e+03 1.634843773929217203e+00
4.379307377351926334e+03 1.601177471325282209e+00
4.389321395007365936e+03 1.588186911098895093e+00
4.399335412662803719e+03 1.570055683537473490e+00
4.409349430318241502e+03 1.568992164977607295e+00
4.419363447973679285e+03 1.558551190693904687e+00
4.429377465629118888e+03 1.548740298124407611e+00
4.439391483284556671e+03 1.537027622118135151e+00
4.449405500939994454e+03 1.555545500562896200e+00
4.459419518595434056e+03 1.512651965704261636e+00
4.469433536250871839e+03 1.516029574295904458e+00
4.479447553906309622e+03 1.505907904962919375e+00
4.489461571561747405e+03 1.491887203470637191e+00
4.499475589217187007e+03 1.511087460753697043e+00
4.509489606872624790e+03 1.523731908207395236e+00
4.519503624528062574e+03 1.503628406672341544e+00
4.529517642183502176e+03 1.479139071253445792e+00
4.539531659838939959e+03 1.496187607035550204e+00
4.549545677494377742e+03 1.479439514655270349e+00
4.559559695149815525e+03 1.480150537419862466e+00
4.569573712805255127e+03 1.461844265602216808e+00
4.579587730460692910e+03 1.442736520375852205e+00
4.589601748116130693e+03 1.439156677222287684e+00
4.599615765771570295e+03 1.441233392296247251e+00
4.609629783427008078e+03 1.449341928949069658e+00
4.619643801082445862e+03 1.434700479117348104e+00
4.629657818737883645e+03 1.443639785467630610e+00
4.639671836393323247e+03 1.422777022623548548e+00
4.649685854048761030e+03 1.408396176082471918e+00
4.659699871704198813e+03 1.413378389917414379e+00
4.669713889359638415e+03 1.370365902816369941e+00
4.679727907015076198e+03 1.378659512601684733e+00
4.689741924670513981e+03 1.357187904948847557e+00
4.699755942325951764e+03 1.345301882195580223e+00
4.709769959981391366e+03 1.341494851834005519e+00
4.719783977636829150e+03 1.337105914744827428e+00
4.729797995292266933e+03 1.335097415892548378e+00
4.739812012947706535e+03 1.329338008724252340e+00
4.749826030603144318e+03 1.317489768921755067e+00
4.759840048258582101e+03 1.325226127493728923e+00
4.769854065914020794e+03 1.316432835775973142e+00
4.779868083569459486e+03 1.333587243165784697e+00
4.789882101224897269e+03 1.359518816054969381e+00
4.799896118880335052e+03 1.354468894839932824e+00
4.809910136535774654e+03 1.344795288022289093e+00
4.819924154191212438e+03 1.336971411967300405e+00
4.829938171846650221e+03 1.336230685576868193e+00
4.839952189502088913e+03 1.327355352720692938e+00
4.849966207157527606e+03 1.335208166844661593e+00
4.859980224812965389e+03 1.657335168351797394e+00
4.869994242468403172e+03 1.321586837991083563e+00
4.880008260123842774e+03 1.307680788672654471e+00
4.890022277779280557e+03 1.322986904522010843e+00
4.900036295434718340e+03 1.319956885703505778e+00
4.910050313090157033e+03 1.322953620719383716e+00
4.920064330745595726e+03 1.311041433665470990e+00
4.930078348401033509e+03 1.343349134286321522e+00
4.940092366056471292e+03 1.306451208898409710e+00
4.950106383711910894e+03 1.371309046134382204e+00
4.960120401367348677e+03 1.350634295814790109e+00
4.970134419022786460e+03 1.313536470622526098e+00
4.980148436678225153e+03 1.307245145027105648e+00
4.990162454333663845e+03 1.281982213319940112e+00
5.000176471989101628e+03 1.377840973402009839e+00
5.010190489644539412e+03 1.358763653419378548e+00
5.020204507299979014e+03 1.285462619265116846e+00
5.030218524955416797e+03 1.290895590417089345e+00
5.040232542610854580e+03 1.281050064763627816e+00
5.050246560266293272e+03 1.271074739893109928e+00
5.060260577921731965e+03 1.309889258493291520e+00
5.070274595577169748e+03 1.279256258917604194e+00
5.080288613232607531e+03 1.275146672168432582e+00
5.090302630888047133e+03 1.284326741744863387e+00
5.100316648543484916e+03 1.276288359217234936e+00
5.110330666198922700e+03 1.275013245102704307e+00
5.120344683854361392e+03 1.274741591126761886e+00
5.130358701509800085e+03 1.246155235741842171e+00
5.140372719165237868e+03 1.221260355936377273e+00
5.150386736820675651e+03 1.217042108668990430e+00
5.160400754476115253e+03 1.236428677557165123e+00
5.170414772131553036e+03 1.199914577697020590e+00
5.180428789786990819e+03 1.214179258436294928e+00
5.190442807442429512e+03 1.223460643397943137e+00
5.200456825097868204e+03 1.217876662422289646e+00
5.210470842753305988e+03 1.216815724753989247e+00
5.220484860408743771e+03 1.202063321704957666e+00
5.230498878064183373e+03 1.169129150181874577e+00
5.240512895719621156e+03 1.209468549176387242e+00
5.250526913375058939e+03 1.204134821794692556e+00
5.260540931030497632e+03 1.181286034016917341e+00
5.270554948685936324e+03 1.179353779053843088e+00
5.280568966341374107e+03 1.195197190036891843e+00
5.290582983996811890e+03 1.182416078376165913e+00
5.300597001652251492e+03 1.178348346138432312e+00
5.310611019307689276e+03 1.207555268970652795e+00
5.320625036963127059e+03 1.175266559975439495e+00
5.330639054618566661e+03 1.166641815244394254e+00
5.340653072274004444e+03 1.183247394075986891e+00
5.350667089929442227e+03 1.184881771484863178e+00
5.360681107584880010e+03 1.091228913453211158e+00
5.370695125240319612e+03 1.157760902546375537e+00
5.380709142895757395e+03 1.171776188796029849e+00
5.390723160551195178e+03 1.156567458537894222e+00
5.400737178206634781e+03 1.135237789606523329e+00
5.410751195862072564e+03 1.126184359584942563e+00
5.420765213517510347e+03 1.148283505052790643e+00
5.430779231172948130e+03 1.125195795499962736e+00
5.440793248828387732e+03 1.143702117028075671e+00
5.450807266483825515e+03 1.116780037771938572e+00
5.460821284139263298e+03 1.145269593296907695e+00
5.470835301794702900e+03 1.118868454055251371e+00
5.480849319450140683e+03 1.097376406755558031e+00
5.490863337105578466e+03 1.106676474577224623e+00
5.500877354761016250e+03 1.116996261218305753e+00
5.510891372416455852e+03 1.096534477149874176e+00
5.520905390071893635e+03 1.109807734220828346e+00
5.530919407727331418e+03 1.119864926971865016e+00
5.540933425382771020e+03 1.124435230757123705e+00
5.550947443038208803e+03 1.123689186390426142e+00
5.560961460693646586e+03 1.104853020074678227e+00
5.570975478349084369e+03 1.093466646780274720e+00
5.580989496004523971e+03 1.093189844970525071e+00
5.591003513659961754e+03 1.077985215729425850e+00
5.601017531315399538e+03 1.087372436527326514e+00
5.611031548970839140e+03 1.095582624092917845e+00
5.621045566626276923e+03 1.082106982596027667e+00
5.631059584281714706e+03 1.094776711080301723e+00
5.641073601937152489e+03 1.079478173755499038e+00
5.651087619592592091e+03 1.073443675309792900e+00
5.661101637248029874e+03 1.054707961724441923e+00
5.671115654903467657e+03 1.080315854865831149e+00
5.681129672558907259e+03 1.072719629026946064e+00
5.691143690214345042e+03 1.062814915802606119e+00
5.701157707869782826e+03 1.076023315028802330e+00
5.711171725525220609e+03 1.067774863808072405e+00
5.721185743180660211e+03 1.082821492088162696e+00
5.731199760836097994e+03 1.078560610269879261e+00
5.741213778491535777e+03 1.090061719714749522e+00
5.751227796146975379e+03 1.067935504699687010e+00
5.761241813802413162e+03 1.014237731796174602e+00
5.771255831457850945e+03 1.007418838980352005e+00
5.781269849113288728e+03 1.040070849290453792e+00
5.791283866768728330e+03 1.054739749090187750e+00
5.801297884424166114e+03 1.073861146213960449e+00
5.811311902079603897e+03 1.050987052790806286e+00
5.821325919735043499e+03 1.051547333056336520e+00
5.831339937390481282e+03 1.056069255955113473e+00
5.841353955045919065e+03 1.042070603193674172e+00
5.851367972701356848e+03 1.031033841650770277e+00
5.861381990356796450e+03 1.042512327649844917e+00
5.871396008012234233e+03 1.069736605172052046e+00
5.881410025667672016e+03 1.029978779707156455e+00
5.891424043323111619e+03 8.975764464713491542e-01
5.901438060978549402e+03 9.914587079554614268e-01
5.911452078633987185e+03 1.006247351404219170e+00
5.921466096289424968e+03 1.010557611415477952e+00
5.931480113944864570e+03 1.027713867076678333e+00
5.941494131600302353e+03 1.038625783110579848e+00
5.951508149255740136e+03 1.015625315562669329e+00
5.961522166911179738e+03 1.012948414252666796e+00
5.971536184566617521e+03 1.020358201749671734e+00
5.981550202222055304e+03 1.019524110457157962e+00
5.991564219877493997e+03 1.020306867451700850e+00
6.001578237532932690e+03 9.996474077382745405e-01
6.011592255188370473e+03 1.002486006243324956e+00
6.021606272843808256e+03 9.967636832544847225e-01
6.031620290499247858e+03 9.985717297884947330e-01
6.041634308154685641e+03 9.938160571984032687e-01
6.051648325810123424e+03 9.973542160110547838e-01
6.061662343465562117e+03 9.951197480747764335e-01
6.071676361121000809e+03 9.782505195128121667e-01
6.081690378776438592e+03 1.000352592261725571e+00
6.091704396431876376e+03 9.636630566100072848e-01
6.101718414087315978e+03 9.755184598253862083e-01
6.111732431742753761e+03 9.710535513359601634e-01
6.121746449398191544e+03 9.410908666366278874e-01
6.131760467053630236e+03 9.539735054484651533e-01
6.141774484709068929e+03 9.118766183323780972e-01
6.151788502364506712e+03 9.111110428492383839e-01
6.161802520019944495e+03 9.016714196617724442e-01
6.171816537675384097e+03 9.032155569995655719e-01
6.181830555330821880e+03 9.267236517987164079e-01
6.191844572986259664e+03 9.204128167405833949e-01
6.201858590641698356e+03 9.291935845616450251e-01
6.211872608297137049e+03 9.077667542526838274e-01
6.221886625952574832e+03 8.984147830455374573e-01
6.231900643608012615e+03 9.045141307755513171e-01
6.241914661263452217e+03 8.872137931367993779e-01
6.251928678918890000e+03 8.824642748930014990e-01
6.261942696574327783e+03 8.907469344028906555e-01
6.271956714229767385e+03 8.949346666961844887e-01
6.281970731885205169e+03 8.814693198564949039e-01
6.291984749540642952e+03 8.983688267171519026e-01
6.301998767196080735e+03 9.195298003976192236e-01
6.312012784851520337e+03 8.851457595803651213e-01
6.322026802506958120e+03 8.826823204241993626e-01
6.332040820162395903e+03 8.602413819412543239e-01
6.342054837817835505e+03 8.629924219152288467e-01
6.352068855473273288e+03 8.647653455391158817e-01
6.362082873128711071e+03 8.678247872427916620e-01
6.372096890784148854e+03 8.548649378002732835e-01
6.382110908439588457e+03 8.658132665234882230e-01
6.392124926095026240e+03 8.717709078430104785e-01
6.402138943750464023e+03 8.400021186951714958e-01
6.412152961405903625e+03 8.408782535307059991e-01
6.422166979061341408e+03 8.512449859338592217e-01
6.432180996716779191e+03 8.587252994023718555e-01
6.442195014372216974e+03 8.546745440672460781e-01
6.452209032027656576e+03 8.470776883335873197e-01
6.462223049683094359e+03 8.608903929862782300e-01
6.472237067338532142e+03 8.633519647573945077e-01
6.482251084993971745e+03 8.498504470400621846e-01
6.492265102649409528e+03 8.218057633541365758e-01
6.502279120304847311e+03 8.333627713326107189e-01
6.512293137960285094e+03 8.577737826869111792e-01
6.522307155615724696e+03 8.396842634216292733e-01
6.532321173271162479e+03 8.519782495763196239e-01
6.542335190926600262e+03 1.027428853704091649e+00
6.552349208582039864e+03 1.811957967834126437e+00
6.562363226237477647e+03 2.680292203276273710e+00
6.572377243892915430e+03 1.260576741573057991e+00
6.582391261548353214e+03 1.536384896253959464e+00
6.592405279203792816e+03 8.469112619247854967e-01
6.602419296859230599e+03 8.245879668475327717e-01
6.612433314514668382e+03 8.309323694521365544e-01
6.622447332170107984e+03 8.086878067448914909e-01
6.632461349825545767e+03 8.207702415505213622e-01
6.642475367480983550e+03 8.237172672102985871e-01
6.652489385136421333e+03 8.291313221668316080e-01
6.662503402791860935e+03 8.172381167326523421e-01
6.672517420447298718e+03 8.088455655153243828e-01
6.682531438102736502e+03 8.184504671552063071e-01
6.692545455758176104e+03 8.106621899854110636e-01
6.702559473413613887e+03 8.311091206902178063e-01
6.712573491069051670e+03 1.046571438587909464e+00
6.722587508724489453e+03 9.745235304982975411e-01
6.732601526379929055e+03 8.436151370178448516e-01
6.742615544035366838e+03 7.496282549165517173e-01
6.752629561690804621e+03 7.262949655651279590e-01
6.762643579346244223e+03 7.436726653685650223e-01
6.772657597001682007e+03 7.656825259572148656e-01
6.782671614657119790e+03 7.769735807565426589e-01
6.792685632312557573e+03 7.731907776621786965e-01
6.802699649967997175e+03 7.796694494562843580e-01
6.812713667623434958e+03 7.961247133762909822e-01
6.822727685278872741e+03 7.919935104796876901e-01
6.832741702934312343e+03 7.891696282307216759e-01
6.842755720589750126e+03 7.924800935198108576e-01
6.852769738245187909e+03 7.608550266702757137e-01
6.862783755900625692e+03 7.835751124842531556e-01
6.872797773556065295e+03 7.793465317710021045e-01
6.882811791211503078e+03 7.891957932330432302e-01
6.892825808866940861e+03 7.838918700835300069e-01
6.902839826522380463e+03 7.719540511468803157e-01
6.912853844177818246e+03 7.725915756112836652e-01
6.922867861833256029e+03 7.676688213029028152e-01
6.932881879488693812e+03 7.730033192654600649e-01
6.942895897144133414e+03 7.666461740516735679e-01
6.952909914799571197e+03 7.659701087559773747e-01
6.962923932455008980e+03 7.717013984656734271e-01
6.972937950110448583e+03 7.564601422573662415e-01
6.982951967765886366e+03 7.762169319706452297e-01
6.992965985421324149e+03 7.540230529250472324e-01
7.002980003076762841e+03 7.481779886841237737e-01
7.012994020732201534e+03 7.246244220359738808e-01
7.023008038387639317e+03 6.998009105643603345e-01
7.033022056043077100e+03 6.889168891226472580e-01
7.043036073698516702e+03 6.944264227108102316e-01
7.053050091353954485e+03 7.199786523520741444e-01
7.063064109009392268e+03 7.169789808912387929e-01
7.073078126664830961e+03 7.141045287223466431e-01
7.083092144320269654e+03 6.845674954478613294e-01
7.093106161975707437e+03 6.908803049949073793e-01
7.103120179631145220e+03 6.835491709293315399e-01
7.113134197286584822e+03 6.748094304556722101e-01
7.123148214942022605e+03 6.596659581661616922e-01
7.133162232597460388e+03 6.938864723499701403e-01
7.143176250252899081e+03 6.755281630845791918e-01
7.153190267908337773e+03 6.716951998492215470e-01
7.163204285563775557e+03 6.701877437743453125e-01
7.173218303219213340e+03 6.873436099069897276e-01
7.183232320874652942e+03 6.807610000021624419e-01
7.193246338530090725e+03 6.957090649414724437e-01
7.203260356185528508e+03 6.901188474392023764e-01
7.213274373840967201e+03 6.947189858532580864e-01
7.223288391496405893e+03 6.890062815267147256e-01
7.233302409151843676e+03 6.877340473020351341e-01
7.243316426807281459e+03 7.035966178499154511e-01
7.253330444462721061e+03 6.763936752713648470e-01
7.263344462118158845e+03 6.608496363848689326e-01
7.273358479773596628e+03 6.705825322498111252e-01
7.283372497429036230e+03 6.934322029889177230e-01
7.293386515084474013e+03 6.722675155746055120e-01
7.303400532739911796e+03 6.767754825677210206e-01
7.313414550395349579e+03 6.665327314890951982e-01
7.323428568050789181e+03 6.530296039861001045e-01
7.333442585706226964e+03 6.607241186559810187e-01
7.343456603361664747e+03 6.601806450242985180e-01
7.353470621017104349e+03 6.453098939462801331e-01
7.363484638672542133e+03 6.552577792616615104e-01
7.373498656327979916e+03 6.682849226145244348e-01
7.383512673983418608e+03 6.428050383211285634e-01
7.393526691638857301e+03 6.374036127372648686e-01
7.403540709294295084e+03 6.520731711443649159e-01
7.413554726949732867e+03 6.373773342598595404e-01
7.423568744605171560e+03 6.415844267272262647e-01
7.523708921159554848e+03 6.229812423567021584e-01
7.533722938814993540e+03 6.301912784538822310e-01
7.543736956470431323e+03 6.473967053416301853e-01
7.553750974125869107e+03 6.297391627617910936e-01
7.563764991781307799e+03 6.146255163722249559e-01
7.573779009436746492e+03 6.239410465844376086e-01
7.583793027092184275e+03 6.241724588798804874e-01
7.593807044747622967e+03 6.430671000599017528e-01
7.603821062403061660e+03 6.215248871601739555e-01
7.613835080058499443e+03 6.180280949132930246e-01
7.623849097713937226e+03 6.395574720773653521e-01
7.633863115369375919e+03 5.838227389293411118e-01
7.643877133024814611e+03 5.968900843600962736e-01
7.653891150680252395e+03 5.727702077739594833e-01
7.663905168335691087e+03 5.980807950308291154e-01
7.673919185991129780e+03 5.800658617060309163e-01
7.683933203646567563e+03 5.711213579414969876e-01
7.693947221302005346e+03 5.957929409268096776e-01
7.703961238957444039e+03 5.838180105856658475e-01
7.713975256612882731e+03 5.764312564256576232e-01
7.723989274268320514e+03 5.798294505847504388e-01
7.734003291923759207e+03 5.902944218174496216e-01
7.744017309579197899e+03 5.662488957173125170e-01
7.754031327234635683e+03 6.115116529950587188e-01
7.764045344890073466e+03 5.628402483221858210e-01
7.774059362545512158e+03 5.731575815943439345e-01
7.784073380200950851e+03 5.893907150064352507e-01
7.794087397856388634e+03 5.935585571355478374e-01
7.804101415511827327e+03 6.147482272557596161e-01
7.814115433167266019e+03 6.039267182638232700e-01
7.824129450822703802e+03 5.929202868173530927e-01
7.834143468478141585e+03 6.034783563151571162e-01
7.844157486133580278e+03 7.523389625534541159e-01
7.854171503789018971e+03 5.974067424233012735e-01
7.864185521444456754e+03 5.759595837533380003e-01
7.874199539099895446e+03 5.745278701357815487e-01
7.884213556755334139e+03 5.762920581148369692e-01
7.894227574410771922e+03 5.934895357684324413e-01
7.904241592066209705e+03 6.120106394540637540e-01
7.914255609721648398e+03 5.978843618860785192e-01
7.924269627377087090e+03 5.869882653257695315e-01
7.934283645032524873e+03 5.605350387331525797e-01
7.944297662687963566e+03 5.580092665879285985e-01
7.954311680343402259e+03 5.653871878227093584e-01
7.964325697998840042e+03 5.667515438878849565e-01
7.974339715654277825e+03 5.655201412429325947e-01
7.984353733309716517e+03 4.999760644897759398e-01
7.994367750965155210e+03 5.047228588824881346e-01
8.004381768620592993e+03 5.529815296956543946e-01
8.014395786276031686e+03 5.644098178035529267e-01
8.024409803931470378e+03 5.734331047394553016e-01
8.034423821586908161e+03 5.981091164807497140e-01
8.044437839242345945e+03 5.298095241817972756e-01
8.054451856897784637e+03 4.904976429698654217e-01
8.064465874553223330e+03 5.301486706143974104e-01
8.074479892208661113e+03 5.852184338768678940e-01
8.084493909864099805e+03 5.880515595316699873e-01
8.094507927519538498e+03 5.832737630331417122e-01
8.104521945174976281e+03 5.366821012093666576e-01
8.114535962830414064e+03 5.497656690021859305e-01
8.124549980485852757e+03 5.464483128032051606e-01
8.134563998141291449e+03 5.878788818049162090e-01
8.144578015796729233e+03 5.735347811932400841e-01
8.154592033452167925e+03 5.711885025351346457e-01
8.164606051107606618e+03 5.240427719506708382e-01
8.174620068763044401e+03 5.973662229211050834e-01
8.184634086418483093e+03 5.688000266107744451e-01
8.194648104073921786e+03 5.951840633497739175e-01
8.204662121729359569e+03 5.770449730428145463e-01
8.214676139384797352e+03 5.103056363991641531e-01
8.224690157040236954e+03 5.756279670928253767e-01
8.234704174695674737e+03 5.796321823049219724e-01
8.244718192351112521e+03 5.855318536583363764e-01
8.254732210006550304e+03 5.695616159693471792e-01
8.264746227661989906e+03 5.136929093322279982e-01
8.274760245317427689e+03 5.517977153798208079e-01
8.284774262972865472e+03 5.841387820818555454e-01
8.294788280628305074e+03 5.529288093906118418e-01
8.304802298283742857e+03 5.277681956096627047e-01
8.314816315939180640e+03 5.098845315136747436e-01
8.324830333594618423e+03 5.429855050949593531e-01
8.334844351250058025e+03 5.243655474342432399e-01
8.344858368905495809e+03 5.210168091296539794e-01
8.354872386560933592e+03 5.091587170908680182e-01
8.364886404216373194e+03 5.068797969534566406e-01
8.374900421871810977e+03 5.583899190234047349e-01
8.384914439527248760e+03 5.217402968501351213e-01
8.394928457182686543e+03 4.923383445624778809e-01
8.404942474838126145e+03 4.977654417860548075e-01
8.414956492493563928e+03 5.131858996543262608e-01
8.424970510149001711e+03 5.287955126847676546e-01
8.434984527804441313e+03 5.334792638797841713e-01
8.444998545459879097e+03 5.390053968125958495e-01
8.455012563115316880e+03 4.938809277715683899e-01
8.465026580770754663e+03 4.977736565345020625e-01
8.475040598426194265e+03 5.303385267792125601e-01
8.485054616081632048e+03 5.299468133437977846e-01
8.495068633737069831e+03 4.887161214822964284e-01
8.505082651392509433e+03 4.771256405713777959e-01
8.515096669047947216e+03 4.565368415372667577e-01
8.525110686703384999e+03 4.771147329859353192e-01
8.535124704358822783e+03 4.788766696507619769e-01
8.545138722014262385e+03 4.907784523754755157e-01
8.555152739669700168e+03 4.869306707480377527e-01
8.565166757325137951e+03 4.666744587646320386e-01
8.575180774980577553e+03 4.372558130094734707e-01
8.585194792636015336e+03 5.110931490746892791e-01
8.595208810291453119e+03 5.149588869202494923e-01
8.605222827946890902e+03 5.161501857781193303e-01
8.615236845602330504e+03 5.073595025839396921e-01
8.625250863257768287e+03 4.734742163918560509e-01
8.635264880913206071e+03 4.307327609921848821e-01
8.645278898568645673e+03 4.731417499733323595e-01
8.655292916224083456e+03 4.993626535789295606e-01
8.665306933879521239e+03 4.852458742655962887e-01
8.675320951534959022e+03 4.612506404180580777e-01
8.685334969190398624e+03 4.784584828684125268e-01
8.695348986845836407e+03 4.493218279452070862e-01
8.705363004501274190e+03 5.501479005460391258e-01
8.715377022156713792e+03 5.351343331460296504e-01
8.725391039812151575e+03 5.335527432487475741e-01
8.735405057467589359e+03 5.040562201020637456e-01
8.745419075123027142e+03 4.920769491916098248e-01
8.755433092778466744e+03 4.911207735001884012e-01
8.765447110433904527e+03 5.375101110176488950e-01
8.775461128089342310e+03 4.782970802089890339e-01
8.785475145744781912e+03 4.692047028610278891e-01
8.795489163400219695e+03 4.409948648211485245e-01
8.805503181055657478e+03 4.181983895341770396e-01
8.815517198711095261e+03 4.628466466469264851e-01
8.825531216366534863e+03 5.303338862573372392e-01
8.835545234021972647e+03 5.148762364882717435e-01
8.845559251677410430e+03 4.896404418015092852e-01
8.855573269332850032e+03 4.840846629346789443e-01
8.865587286988287815e+03 4.912477253711391434e-01
8.875601304643725598e+03 4.806229996604041155e-01
8.885615322299163381e+03 4.925464172532722507e-01
8.895629339954602983e+03 6.436297687191340211e-01
8.905643357610040766e+03 6.011272885622462869e-01
8.915657375265478549e+03 5.655832907305473611e-01
8.925671392920918152e+03 5.577247727645076036e-01
8.935685410576355935e+03 5.740479926226832452e-01
