2.880210759018114004e+03 1.311297559607381924e+00
2.890227090668604433e+03 1.168161733618084064e+00
2.900243422319094407e+03 1.324795527351891433e+00
2.910259753969584835e+03 1.057627288741752603e+00
2.920276085620074809e+03 7.663661950885392038e-01
2.930292417270565238e+03 1.000725260817937778e+00
2.940308748921055667e+03 9.510504300059248184e-01
2.950325080571545641e+03 1.035219954099785067e+00
2.960341412222036070e+03 1.227763633862006154e+00
2.970357743872526044e+03 1.080880291918484559e+00
2.980374075523016472e+03 9.896445878889084113e-01
2.990390407173506901e+03 1.187799824797658443e+00
3.000406738823997330e+03 1.349700866434309088e+00
3.010423070474487304e+03 1.305696134721975099e+00
3.020439402124977732e+03 1.276922952383278131e+00
3.030455733775467706e+03 1.043697815337075063e+00
3.040472065425958135e+03 1.149479988502832173e+00
3.050488397076448564e+03 9.842727471741646861e-01
3.060504728726938538e+03 1.199536146158027616e+00
3.070521060377428967e+03 1.145016727478550322e+00
3.080537392027918941e+03 1.124909603745763098e+00
3.090553723678409369e+03 1.029776517434096705e+00
3.100570055328899798e+03 8.976778599828197924e-01
3.110586386979390227e+03 1.219843207815972885e+00
3.120602718629880201e+03 1.124121351357357357e+00
3.130619050280370629e+03 1.162383128187658210e+00
3.140635381930860603e+03 9.477907904662071781e-01
3.150651713581351032e+03 1.069071758093927738e+00
3.160668045231841461e+03 1.011023283587594745e+00
3.170684376882331435e+03 9.608306620663342734e-01
3.180700708532821864e+03 9.778724015407577186e-01
3.190717040183311838e+03 8.603055241275272547e-01
3.200733371833802266e+03 1.164020292506584564e+00
3.210749703484292695e+03 9.339175805961732468e-01
3.220766035134782669e+03 9.012795571526406313e-01
3.230782366785273098e+03 9.100716257044100255e-01
3.240798698435763072e+03 8.874785061369471206e-01
3.250815030086253500e+03 9.992747391820622216e-01
3.260831361736743929e+03 8.780179495954320013e-01
3.270847693387234358e+03 9.323904504886391109e-01
3.280864025037724332e+03 9.464934321638015513e-01
3.290880356688214761e+03 9.601399795998448727e-01
3.300896688338704735e+03 9.360653787097444889e-01
3.310913019989195163e+03 1.009277371693609204e+00
3.320929351639685592e+03 9.187770875480167909e-01
3.330945683290175566e+03 8.060258754896825195e-01
3.340962014940665995e+03 8.626681100939328495e-01
3.350978346591155969e+03 8.797912293164164010e-01
3.360994678241646398e+03 9.840973625590273555e-01
3.371011009892136826e+03 8.831278257917994923e-01
3.381027341542627255e+03 1.016341300015742632e+00
3.391043673193117229e+03 9.458414560069955401e-01
3.401060004843607658e+03 1.086887730981712430e+00
3.411076336494097632e+03 1.001922154266677634e+00
3.421092668144588060e+03 1.196810567916184675e+00
3.431108999795078489e+03 1.164223661461963877e+00
3.441125331445568463e+03 1.190889494316806907e+00
3.451141663096058892e+03 1.204925892561738321e+00
3.461157994746548866e+03 1.234524612937573318e+00
3.471174326397039295e+03 1.207495868222063784e+00
3.481190658047529723e+03 1.297111107400118479e+00
3.491206989698019697e+03 1.438212654127305701e+00
3.501223321348510126e+03 1.313482107271213506e+00
3.511239652999000555e+03 1.572748442037529282e+00
3.521255984649490529e+03 1.175101501534085990e+00
3.531272316299980957e+03 1.419470865983182284e+00
3.541288647950471386e+03 1.360683165293714136e+00
3.551304979600961360e+03 1.469241765641389863e+00
3.561321311251451789e+03 1.425628037349659261e+00
3.571337642901941763e+03 1.574571712941033930e+00
3.581353974552432192e+03 1.435112289443639444e+00
3.591370306202922620e+03 1.392737270281469764e+00
3.601386637853412594e+03 1.446530007482058400e+00
3.611402969503903023e+03 1.459235139196225939e+00
3.621419301154393452e+03 1.463627393977882774e+00
3.631435632804883426e+03 1.426005691918307505e+00
3.641451964455373854e+03 1.442225163556272616e+00
3.651468296105864283e+03 1.352700980703698486e+00
3.661484627756354257e+03 1.423641336826944048e+00
3.671500959406844686e+03 1.222361423168819794e+00
3.681517291057334660e+03 1.381591943876709028e+00
3.691533622707825089e+03 1.256752274176627049e+00
3.701549954358315517e+03 1.315923553322860373e+00
3.711566286008805491e+03 1.323759597469390314e+00
3.721582617659295920e+03 1.327382953017482770e+00
3.731598949309786349e+03 1.400477620850735239e+00
3.741615280960276323e+03 1.222396376789198547e+00
3.751631612610766751e+03 1.323878691744960090e+00
3.761647944261257180e+03 1.213474706431806771e+00
3.771664275911747154e+03 1.201696757025081386e+00
3.781680607562237583e+03 1.250297782597541429e+00
3.791696939212727557e+03 1.229199332375128906e+00
3.801713270863217986e+03 1.237882760571533680e+00
3.811729602513708414e+03 1.223522156775618930e+00
3.821745934164198388e+03 1.188243017404517321e+00
3.831762265814688817e+03 1.100980687615447318e+00
3.841778597465179246e+03 1.083131449817470671e+00
3.851794929115669220e+03 1.104960602257312408e+00
3.861811260766159648e+03 1.176877274112965610e+00
3.871827592416650077e+03 1.173319054529229355e+00
3.881843924067140051e+03 1.241052791251644916e+00
3.891860255717630480e+03 1.067234843484308859e+00
3.901876587368120454e+03 1.165102782541385107e+00
3.911892919018610883e+03 1.147156001626415733e+00
3.921909250669101311e+03 1.142699736687194045e+00
3.931925582319591285e+03 1.269378840659713292e+00
3.941941913970081714e+03 1.248434786797256502e+00
3.951958245620572143e+03 1.209947366120061485e+00
3.961974577271062117e+03 1.244435331366084529e+00
3.971990908921552546e+03 1.305150145233096914e+00
3.982007240572042519e+03 1.230322780333195753e+00
3.992023572222532948e+03 1.300419424681100056e+00
4.002039903873023377e+03 1.272020653515295585e+00
4.012056235523513351e+03 1.251348481992948347e+00
4.022072567174003780e+03 1.473741937045474071e+00
4.032088898824494208e+03 1.272399621525200697e+00
4.042105230474984182e+03 1.249155705217570356e+00
4.052121562125474611e+03 1.418734615146566957e+00
4.062137893775965040e+03 1.464453200064256944e+00
4.072154225426455014e+03 1.438018157601639313e+00
4.082170557076945443e+03 1.400729533522760306e+00
4.092186888727435417e+03 1.369862967065406778e+00
4.102203220377925390e+03 1.641378535405243255e+00
4.112219552028416729e+03 1.448801403098364915e+00
4.122235883678906248e+03 1.648998263818293397e+00
4.132252215329396677e+03 1.391703538402703666e+00
4.142268546979887105e+03 1.582927450946386871e+00
4.152284878630376625e+03 1.604533237957841196e+00
4.162301210280867963e+03 1.450280203928641987e+00
4.172317541931357482e+03 1.505876215559727394e+00
4.182333873581847911e+03 1.463322032288192798e+00
4.192350205232338340e+03 1.396516630484934129e+00
4.202366536882827859e+03 1.366433357505119961e+00
4.212382868533319197e+03 1.337922729393118626e+00
4.222399200183808716e+03 1.370074967206186489e+00
4.232415531834299145e+03 1.362316282069176099e+00
4.242431863484789574e+03 1.458231375222048820e+00
4.252448195135279093e+03 1.311605280130349271e+00
4.262464526785770431e+03 1.348802150955733525e+00
4.272480858436259950e+03 1.541227647809787493e+00
4.282497190086750379e+03 1.370482696899117947e+00
4.292513521737240808e+03 1.401965428135343084e+00
4.302529853387731237e+03 1.373986958171640405e+00
4.312546185038221665e+03 1.394582253173093589e+00
4.322562516688711185e+03 1.436808344179722363e+00
4.332578848339202523e+03 1.375543895354221613e+00
4.342595179989692042e+03 1.484457473305177855e+00
4.352611511640182471e+03 1.323380388215172454e+00
4.362627843290672899e+03 1.339997778944030271e+00
4.372644174941162419e+03 1.260352657905191576e+00
4.382660506591653757e+03 1.304213581202393391e+00
4.392676838242143276e+03 1.276283788979954315e+00
4.402693169892633705e+03 1.390748612999332057e+00
4.412709501543124134e+03 1.292687437247998616e+00
4.422725833193613653e+03 1.347985190494148666e+00
4.432742164844104991e+03 1.282744794155476153e+00
4.442758496494594510e+03 1.314775578859696648e+00
4.452774828145084939e+03 1.289896803456569874e+00
4.462791159795575368e+03 1.163558256038432326e+00
4.472807491446064887e+03 1.218507598887584864e+00
4.482823823096556225e+03 1.286277468647018196e+00
4.492840154747045744e+03 1.294043873602026329e+00
4.502856486397536173e+03 1.309042193335390181e+00
4.512872818048026602e+03 1.472285196667322493e+00
4.522889149698517031e+03 1.523409074844412903e+00
4.532905481349007459e+03 1.271031444614634909e+00
4.542921812999496979e+03 1.473635575108615647e+00
4.552938144649988317e+03 1.738057488466042688e+00
4.562954476300477836e+03 1.511600219360772712e+00
4.572970807950968265e+03 1.425448792825522837e+00
4.582987139601458694e+03 1.467703752734872857e+00
4.593003471251948213e+03 1.476041745880800615e+00
4.603019802902439551e+03 1.275962880434574398e+00
4.613036134552929070e+03 1.370947387054706867e+00
4.623052466203419499e+03 1.390451748470424187e+00
4.633068797853909928e+03 1.349699821042288583e+00
4.643085129504399447e+03 1.327305915667046365e+00
4.653101461154890785e+03 1.277177518742739881e+00
4.663117792805380304e+03 1.294672181011290446e+00
4.673134124455870733e+03 1.345690286959841719e+00
4.683150456106361162e+03 1.268469456821543773e+00
4.693166787756850681e+03 1.151786739813371874e+00
4.703183119407342019e+03 1.266373660259762834e+00
4.713199451057831538e+03 1.205725510237751985e+00
4.723215782708321967e+03 1.120774676230699152e+00
4.733232114358812396e+03 1.170868253559244954e+00
4.743248446009301915e+03 1.181798363232394067e+00
4.753264777659793253e+03 1.084506703227867686e+00
4.763281109310282773e+03 1.082528687500400544e+00
4.773297440960773201e+03 1.265069815165845490e+00
4.783313772611263630e+03 1.221905846687255881e+00
4.793330104261754059e+03 1.243684820310112293e+00
4.803346435912244488e+03 1.231437945569868520e+00
4.813362767562734007e+03 1.205781773772395482e+00
4.823379099213225345e+03 1.149391800304176980e+00
4.833395430863714864e+03 1.177419269668226631e+00
4.843411762514205293e+03 1.024172331641558520e+00
4.853428094164695722e+03 1.241432751043723304e+00
4.863444425815185241e+03 1.352981869498138590e+00
4.873460757465676579e+03 1.292922677257542174e+00
4.883477089116166098e+03 1.184885513088723696e+00
4.893493420766656527e+03 1.163348105437381541e+00
4.903509752417146956e+03 1.080541209634901190e+00
4.913526084067636475e+03 1.091483837207372964e+00
4.923542415718127813e+03 1.022540340672887682e+00
4.933558747368617333e+03 1.098253313443722678e+00
4.943575079019107761e+03 1.262651662592809920e+00
4.953591410669598190e+03 1.165363621252969883e+00
4.963607742320088619e+03 1.113986356133056521e+00
4.973624073970579047e+03 1.142340738345373419e+00
4.983640405621068567e+03 1.075901867067468265e+00
4.993656737271558995e+03 1.149622000988083093e+00
5.003673068922049424e+03 1.127407634991136609e+00
5.013689400572539853e+03 1.181914589381138470e+00
5.023705732223030282e+03 1.135377221267058534e+00
5.033722063873519801e+03 1.111923797676543924e+00
5.043738395524010230e+03 1.155767136943862017e+00
5.053754727174500658e+03 1.127413398049711413e+00
5.063771058824991087e+03 1.069555050866497492e+00
5.073787390475481516e+03 1.201012748984569445e+00
5.083803722125971035e+03 1.095417754600334748e+00
5.093820053776461464e+03 1.113713482010773692e+00
5.103836385426951892e+03 1.174004885304546608e+00
5.113852717077442321e+03 1.053574679147074811e+00
5.123869048727932750e+03 9.773723020810888285e-01
5.133885380378422269e+03 9.331073481704125205e-01
5.143901712028913607e+03 8.851407683347219946e-01
5.153918043679403127e+03 9.353137418469809061e-01
5.163934375329893555e+03 9.318847756048606046e-01
5.173950706980383984e+03 1.036519617625620393e+00
5.183967038630874413e+03 1.176973879057632288e+00
5.193983370281364842e+03 1.251914628784376315e+00
5.203999701931854361e+03 1.342253466875105161e+00
5.214016033582344789e+03 1.314203159716145652e+00
5.224032365232835218e+03 1.031645597952039584e+00
5.234048696883325647e+03 9.691819772592925597e-01
5.244065028533816076e+03 1.081570116627418532e+00
5.254081360184305595e+03 1.396706436148969832e+00
5.264097691834796024e+03 1.373569096217586605e+00
5.274114023485286452e+03 1.544029083985428041e+00
5.284130355135776881e+03 1.444558344521485349e+00
5.294146686786267310e+03 1.319901162741295764e+00
5.304163018436756829e+03 1.225987083940342171e+00
5.314179350087247258e+03 1.222191372733479442e+00
5.324195681737737686e+03 1.247453485349058644e+00
5.334212013388228115e+03 1.268227837240182510e+00
5.344228345038718544e+03 1.234755939428270777e+00
5.354244676689208063e+03 1.327656604482549740e+00
5.364261008339699401e+03 1.341271414889046776e+00
5.374277339990188921e+03 1.274543827779009098e+00
5.384293671640679349e+03 1.256887049332505280e+00
5.394310003291169778e+03 1.217528120174192319e+00
5.404326334941659297e+03 1.188575130407963920e+00
5.414342666592150636e+03 1.153502281728914447e+00
5.424358998242640155e+03 1.080663306061914852e+00
5.434375329893130584e+03 1.151952635485553378e+00
5.444391661543621012e+03 1.199345321906894801e+00
5.454407993194111441e+03 1.089676944112190071e+00
5.464424324844601870e+03 1.149954087186605856e+00
5.474440656495091389e+03 1.171492138156114526e+00
5.484456988145581818e+03 1.120520243895855694e+00
5.494473319796072246e+03 1.074867733114848400e+00
5.504489651446562675e+03 1.138285689502647635e+00
5.514505983097053104e+03 1.063248388441084602e+00
5.524522314747542623e+03 1.154958486008593965e+00
5.534538646398033052e+03 1.030373704327057105e+00
5.544554978048523481e+03 1.140261775275615674e+00
5.554571309699013909e+03 1.083942352366321416e+00
5.564587641349504338e+03 9.450756393396456678e-01
5.574603972999993857e+03 1.120868144999304317e+00
5.584620304650484286e+03 1.125065903255294542e+00
5.594636636300974715e+03 1.002866464920302736e+00
5.604652967951465143e+03 1.120593287312674935e+00
5.614669299601955572e+03 1.082329339283561787e+00
5.624685631252445091e+03 1.092472885278492178e+00
5.634701962902936430e+03 1.033313721957727749e+00
5.644718294553425949e+03 1.030818934108109985e+00
5.654734626203916378e+03 1.020854471807774333e+00
5.664750957854406806e+03 1.020111278495945850e+00
5.674767289504897235e+03 1.079449873975311558e+00
5.684783621155387664e+03 9.578991952062932969e-01
5.694799952805877183e+03 1.049258845202611701e+00
5.704816284456367612e+03 1.022641663284108882e+00
5.714832616106858040e+03 1.048249210950165322e+00
5.724848947757348469e+03 9.894453468917642214e-01
5.734865279407838898e+03 9.066925166201919017e-01
5.744881611058328417e+03 9.789596360470361747e-01
5.754897942708818846e+03 9.441719381452801096e-01
5.764914274359309275e+03 9.855924339779319476e-01
5.774930606009799703e+03 9.311933694054338462e-01
5.784946937660290132e+03 9.584867859366039688e-01
5.794963269310779651e+03 9.453046069970661991e-01
5.804979600961270080e+03 9.163817727698914117e-01
5.814995932611760509e+03 9.950472542657960995e-01
5.825012264262250937e+03 9.845713808280305290e-01
5.835028595912741366e+03 9.297437055271136064e-01
5.845044927563230885e+03 9.652866589563199318e-01
5.855061259213722224e+03 1.028313987192446932e+00
5.865077590864211743e+03 1.022149712521215337e+00
5.875093922514702172e+03 9.128721237077246364e-01
5.885110254165192600e+03 9.962751342062214910e-01
5.895126585815682120e+03 1.109231779199052248e+00
5.905142917466173458e+03 9.777296385176459381e-01
5.915159249116662977e+03 9.208780038502055731e-01
5.925175580767153406e+03 9.579797708066452033e-01
5.935191912417643834e+03 8.557789766786175756e-01
5.945208244068134263e+03 9.551846337880512960e-01
5.955224575718624692e+03 9.366069989960751352e-01
5.965240907369114211e+03 9.258015590226057467e-01
5.975257239019604640e+03 9.511313540702833746e-01
5.985273570670095069e+03 8.955841274001564711e-01
5.995289902320585497e+03 9.175576511585262773e-01
6.005306233971075926e+03 8.895844081549262317e-01
6.015322565621565445e+03 9.371394788034571599e-01
6.025338897272055874e+03 9.224263098473863831e-01
6.035355228922546303e+03 9.344986845349717575e-01
6.045371560573036732e+03 9.005102290402987597e-01
6.055387892223527160e+03 8.713472495025609277e-01
6.065404223874016679e+03 8.772552154942966363e-01
6.075420555524507108e+03 8.879088055755528508e-01
6.085436887174997537e+03 8.791414511633457440e-01
6.095453218825487966e+03 9.412218150584111820e-01
6.105469550475978394e+03 9.010491688342693317e-01
6.115485882126467914e+03 8.577533737413982617e-01
6.125502213776959252e+03 8.306323396739218046e-01
6.135518545427448771e+03 8.369571222276906974e-01
6.145534877077939200e+03 8.144204270244129740e-01
6.235681861932351239e+03 8.397763032627569846e-01
6.245698193582841668e+03 8.107784152494925678e-01
6.255714525233332097e+03 7.791368380359935397e-01
6.265730856883822526e+03 7.967388272186523013e-01
6.275747188534312954e+03 8.571204290803506876e-01
6.285763520184802474e+03 8.269574918675873798e-01
6.295779851835292902e+03 8.024779221916864547e-01
6.305796183485783331e+03 8.723305881249524552e-01
6.315812515136273760e+03 8.384787841308097844e-01
6.325828846786764188e+03 8.570249767473989699e-01
6.335845178437253708e+03 7.856260419911459403e-01
6.345861510087745046e+03 8.589598901577119028e-01
6.355877841738234565e+03 7.745076009247593429e-01
6.365894173388724994e+03 8.564004220274392676e-01
6.375910505039215423e+03 7.965399882953621002e-01
6.385926836689704942e+03 8.518416818652818634e-01
6.395943168340196280e+03 7.932511313889166749e-01
6.405959499990685799e+03 8.193418914127719166e-01
6.415975831641176228e+03 7.389640577872338412e-01
6.425992163291666657e+03 8.750413968538902632e-01
6.436008494942157085e+03 8.555462027220454013e-01
6.446024826592647514e+03 7.495824261988750514e-01
6.456041158243137033e+03 8.234921781490606163e-01
6.466057489893627462e+03 7.846502891621340847e-01
6.476073821544117891e+03 8.532783453556543884e-01
6.486090153194608320e+03 8.683755216472677230e-01
6.496106484845098748e+03 9.052177365284552746e-01
6.506122816495588268e+03 8.241345581432165668e-01
6.516139148146078696e+03 8.424617545339657676e-01
6.526155479796569125e+03 8.922702346950653896e-01
6.536171811447059554e+03 9.366080979979429788e-01
6.546188143097549982e+03 1.036361924260061462e+00
6.556204474748039502e+03 1.150085056043332221e+00
6.566220806398530840e+03 1.734439493902670604e+00
6.576237138049020359e+03 1.232386545011270096e+00
6.586253469699510788e+03 9.703387973472454853e-01
6.596269801350001217e+03 9.304618362353728189e-01
6.606286133000490736e+03 8.302299709657110505e-01
6.616302464650982074e+03 8.830488584868636526e-01
6.626318796301471593e+03 8.594427004416567151e-01
6.636335127951962022e+03 7.555400617140478614e-01
6.646351459602452451e+03 8.690113880449880090e-01
6.656367791252942880e+03 7.582720999424794606e-01
6.666384122903433308e+03 8.208727205997633503e-01
6.676400454553922827e+03 8.175303878707291805e-01
6.686416786204413256e+03 7.816945370413085348e-01
6.696433117854903685e+03 7.475276143652840322e-01
6.706449449505394114e+03 7.262181825891889098e-01
6.716465781155884542e+03 7.205480834895100495e-01
6.726482112806374062e+03 8.455261470101560484e-01
6.736498444456864490e+03 8.501158200541519827e-01
6.746514776107354919e+03 7.631278118532391908e-01
6.756531107757845348e+03 6.561121565180233484e-01
6.766547439408335777e+03 7.182774920209114011e-01
6.776563771058825296e+03 7.200012898529238869e-01
6.786580102709315724e+03 7.109436649230154170e-01
6.796596434359806153e+03 8.289867854139079117e-01
6.806612766010296582e+03 7.690800863836912971e-01
6.816629097660787011e+03 8.388694926972533050e-01
6.826645429311276530e+03 9.117013918644215620e-01
6.836661760961767868e+03 7.126775146013789586e-01
6.846678092612257387e+03 7.772716978418202638e-01
6.856694424262747816e+03 7.388174080501994645e-01
6.866710755913238245e+03 6.887534501622354366e-01
6.876727087563727764e+03 7.410719701744832300e-01
6.886743419214219102e+03 6.661861437362028848e-01
6.896759750864708622e+03 7.154702927866958273e-01
6.906776082515199050e+03 6.745409167643059423e-01
6.916792414165689479e+03 7.747612827217419396e-01
6.926808745816179908e+03 7.458611522648592729e-01
6.936825077466670336e+03 8.308806872911076447e-01
6.946841409117159856e+03 8.428155527206072639e-01
6.956857740767650284e+03 7.832614724603937928e-01
6.966874072418140713e+03 7.822534465033634810e-01
6.976890404068631142e+03 8.500770065247741369e-01
6.986906735719121571e+03 7.330560649905745185e-01
6.996923067369611999e+03 6.905720033991860074e-01
7.006939399020101519e+03 7.060673668309281892e-01
7.016955730670591947e+03 6.843044761622341099e-01
7.026972062321082376e+03 7.036316570329326225e-01
7.036988393971572805e+03 6.910644902605517226e-01
7.047004725622063233e+03 6.649772952915357083e-01
7.057021057272552753e+03 6.649772952915357083e-01
7.067037388923043181e+03 6.649772952915357083e-01
7.077053720573533610e+03 6.649772952915357083e-01
7.087070052224024039e+03 6.649772952915357083e-01
7.097086383874514468e+03 6.649772952915357083e-01
7.107102715525003987e+03 6.649772952915357083e-01
7.117119047175494416e+03 6.649772952915357083e-01
7.127135378825984844e+03 6.649772952915357083e-01
7.137151710476475273e+03 6.649772952915357083e-01
7.147168042126965702e+03 6.649772952915357083e-01
7.157184373777455221e+03 6.649772952915357083e-01
7.167200705427945650e+03 6.649772952915357083e-01
7.177217037078436078e+03 6.649772952915357083e-01
7.187233368728926507e+03 6.649772952915357083e-01
7.197249700379416936e+03 6.649772952915357083e-01
7.207266032029907365e+03 6.649772952915357083e-01
7.217282363680397793e+03 6.649772952915357083e-01
7.227298695330887313e+03 6.649772952915357083e-01
7.237315026981377741e+03 6.649772952915357083e-01
7.247331358631868170e+03 6.649772952915357083e-01
7.257347690282358599e+03 6.649772952915357083e-01
7.267364021932849028e+03 6.649772952915357083e-01
7.277380353583338547e+03 6.649772952915357083e-01
7.287396685233828975e+03 6.649772952915357083e-01
7.297413016884319404e+03 6.649772952915357083e-01
7.307429348534809833e+03 6.649772952915357083e-01
7.317445680185300262e+03 6.649772952915357083e-01
7.327462011835789781e+03 6.649772952915357083e-01
7.337478343486280210e+03 6.649772952915357083e-01
7.347494675136770638e+03 6.649772952915357083e-01
7.357511006787261067e+03 6.649772952915357083e-01
7.367527338437751496e+03 6.649772952915357083e-01
7.377543670088241015e+03 6.649772952915357083e-01
7.387560001738731444e+03 6.649772952915357083e-01
7.397576333389221872e+03 6.649772952915357083e-01
7.407592665039712301e+03 6.649772952915357083e-01
7.417608996690202730e+03 6.649772952915357083e-01
7.427625328340692249e+03 6.649772952915357083e-01
7.437641659991182678e+03 6.649772952915357083e-01
7.447657991641673107e+03 6.649772952915357083e-01
7.457674323292163535e+03 6.649772952915357083e-01
7.467690654942653964e+03 6.649772952915357083e-01
7.477706986593144393e+03 6.649772952915357083e-01
7.487723318243634822e+03 6.649772952915357083e-01
7.497739649894124341e+03 6.649772952915357083e-01
7.507755981544614770e+03 6.649772952915357083e-01
7.517772313195105198e+03 6.649772952915357083e-01
7.527788644845595627e+03 6.649772952915357083e-01
7.537804976496086056e+03 6.649772952915357083e-01
7.547821308146575575e+03 6.649772952915357083e-01
7.557837639797066004e+03 6.649772952915357083e-01
7.567853971447556432e+03 6.649772952915357083e-01
7.577870303098046861e+03 6.649772952915357083e-01
7.587886634748537290e+03 6.649772952915357083e-01
7.597902966399026809e+03 6.649772952915357083e-01
7.607919298049517238e+03 6.649772952915357083e-01
7.617935629700007667e+03 6.649772952915357083e-01
7.627951961350498095e+03 6.649772952915357083e-01
7.637968293000988524e+03 6.649772952915357083e-01
7.647984624651478043e+03 6.649772952915357083e-01
7.658000956301968472e+03 6.649772952915357083e-01
7.668017287952458901e+03 6.649772952915357083e-01
7.678033619602949329e+03 6.649772952915357083e-01
7.688049951253439758e+03 6.649772952915357083e-01
7.698066282903930187e+03 6.649772952915357083e-01
7.708082614554420616e+03 6.649772952915357083e-01
7.718098946204910135e+03 6.649772952915357083e-01
7.728115277855400564e+03 6.649772952915357083e-01
7.738131609505890992e+03 6.649772952915357083e-01
7.748147941156381421e+03 6.649772952915357083e-01
7.758164272806871850e+03 6.649772952915357083e-01
7.768180604457361369e+03 6.649772952915357083e-01
7.778196936107851798e+03 6.649772952915357083e-01
7.788213267758342226e+03 6.649772952915357083e-01
7.798229599408832655e+03 6.649772952915357083e-01
7.808245931059323084e+03 6.649772952915357083e-01
7.818262262709812603e+03 6.649772952915357083e-01
7.828278594360303032e+03 6.649772952915357083e-01
7.838294926010793461e+03 6.649772952915357083e-01
7.848311257661283889e+03 6.649772952915357083e-01
7.858327589311774318e+03 6.649772952915357083e-01
7.868343920962263837e+03 6.649772952915357083e-01
7.878360252612754266e+03 6.649772952915357083e-01
7.888376584263244695e+03 6.649772952915357083e-01
7.898392915913735123e+03 6.649772952915357083e-01
7.908409247564225552e+03 6.649772952915357083e-01
7.918425579214715071e+03 6.649772952915357083e-01
7.928441910865205500e+03 6.649772952915357083e-01
7.938458242515695929e+03 6.649772952915357083e-01
7.948474574166186358e+03 6.649772952915357083e-01
7.958490905816676786e+03 6.649772952915357083e-01
7.968507237467167215e+03 6.649772952915357083e-01
7.978523569117657644e+03 6.649772952915357083e-01
7.988539900768147163e+03 6.649772952915357083e-01
7.998556232418637592e+03 6.649772952915357083e-01
8.008572564069128020e+03 6.649772952915357083e-01
8.018588895719618449e+03 6.649772952915357083e-01
8.028605227370108878e+03 6.649772952915357083e-01
8.038621559020598397e+03 6.649772952915357083e-01
8.048637890671088826e+03 6.649772952915357083e-01
8.058654222321579255e+03 6.649772952915357083e-01
8.068670553972069683e+03 6.649772952915357083e-01
8.078686885622560112e+03 6.649772952915357083e-01
8.088703217273049631e+03 6.649772952915357083e-01
8.098719548923540060e+03 6.649772952915357083e-01
