3.602237280278241087e+03 7.015367508562041499e-01
3.622272343621768414e+03 7.096924587544203300e-01
3.642307406965296650e+03 7.491059631680737629e-01
3.662342470308823977e+03 7.258182594787339070e-01
3.682377533652352213e+03 7.531307530436232023e-01
3.702412596995880449e+03 7.626587022514781378e-01
3.722447660339407776e+03 7.736658943987813064e-01
3.742482723682936012e+03 7.934057297625798366e-01
3.762517787026463338e+03 8.559431598607624148e-01
3.782552850369991575e+03 8.796051508837625654e-01
3.802587913713518901e+03 8.605088538935328213e-01
3.822622977057047137e+03 8.230237808938546396e-01
3.842658040400574464e+03 8.342923627368353801e-01
3.862693103744102700e+03 8.450674268586537696e-01
3.882728167087630027e+03 8.280867049492293130e-01
3.902763230431158263e+03 8.903891682031774835e-01
3.922798293774686499e+03 9.161466442050594239e-01
3.942833357118213826e+03 1.005738672103222875e+00
3.962868420461742062e+03 9.896456269798714622e-01
3.982903483805269389e+03 1.064160033384508708e+00
4.002938547148797625e+03 1.062857670690255496e+00
4.022973610492324951e+03 1.023609472876124027e+00
4.043008673835853187e+03 9.706840646949324025e-01
4.063043737179380514e+03 9.977478340631827924e-01
4.083078800522908750e+03 9.638202376986614306e-01
4.103113863866436077e+03 9.650341602703168542e-01
4.123148927209964313e+03 9.497543275335175172e-01
4.143183990553492549e+03 9.236955000027843310e-01
4.163219053897019876e+03 9.534576757782922130e-01
4.183254117240548112e+03 9.902603404245933216e-01
4.203289180584075439e+03 9.704951740627176804e-01
4.223324243927603675e+03 9.507289158474764301e-01
4.243359307271131911e+03 9.806295386297175787e-01
4.263394370614659238e+03 9.909669879226823408e-01
4.283429433958186564e+03 9.768943082666728950e-01
4.303464497301714800e+03 1.008043574557589306e+00
4.323499560645243037e+03 1.049480283257334889e+00
4.343534623988770363e+03 1.140250202566095661e+00
4.363569687332298599e+03 1.074861724960171960e+00
4.383604750675825926e+03 1.007825422255181680e+00
4.403639814019354162e+03 1.002714019910382781e+00
4.423674877362882398e+03 9.945224992217815974e-01
4.443709940706409725e+03 9.405991370646114014e-01
4.463745004049937052e+03 9.605667330404327187e-01
4.483780067393465288e+03 9.725286417704446240e-01
4.503815130736993524e+03 9.957676487996874881e-01
4.523850194080520851e+03 1.045056530162067121e+00
4.543885257424049087e+03 1.066713660035513822e+00
4.563920320767576413e+03 1.130542752664968287e+00
4.583955384111104649e+03 1.216041859037581663e+00
4.603990447454631976e+03 1.264260505731193085e+00
4.624025510798160212e+03 1.301415402273173427e+00
4.644060574141687539e+03 1.365159985452145897e+00
4.664095637485215775e+03 1.413173145342388359e+00
4.684130700828744011e+03 1.403246669656161183e+00
4.704165764172271338e+03 1.289743489797012366e+00
4.724200827515799574e+03 1.245212468659714133e+00
4.744235890859326901e+03 1.210888966264897393e+00
4.764270954202855137e+03 1.144630718268093483e+00
4.784306017546382463e+03 1.053051298874222663e+00
4.804341080889910700e+03 1.022138091280906602e+00
4.824376144233438026e+03 1.050611661714565770e+00
4.844411207576966262e+03 1.254259565645445385e+00
4.864446270920494499e+03 1.505785458019930578e+00
4.884481334264021825e+03 1.242572148851495806e+00
4.904516397607549152e+03 1.090982284788331702e+00
4.924551460951077388e+03 1.123753826809564149e+00
4.944586524294605624e+03 1.169585900417077218e+00
4.964621587638132951e+03 1.161286504615973936e+00
4.984656650981661187e+03 1.117971808127734556e+00
5.004691714325188514e+03 1.138403005042506466e+00
5.024726777668716750e+03 1.192718779299202669e+00
5.044761841012244986e+03 1.156793309646666268e+00
5.064796904355772313e+03 1.022307546923217236e+00
5.084831967699299639e+03 9.859828956802897393e-01
5.104867031042827875e+03 9.647574846275235316e-01
5.124902094386356111e+03 9.741520093541262693e-01
5.144937157729883438e+03 1.002252165936817097e+00
5.164972221073411674e+03 1.046185069800547929e+00
5.185007284416939001e+03 1.100291644952432923e+00
5.205042347760467237e+03 1.099091479733181664e+00
5.225077411103994564e+03 1.122407571610021915e+00
5.245112474447522800e+03 1.176154053521996756e+00
5.265147537791050127e+03 1.249447549493440057e+00
5.285182601134578363e+03 1.251725810725690557e+00
5.305217664478106599e+03 1.298973144665439561e+00
5.325252727821633925e+03 1.371553442018601077e+00
5.345287791165162162e+03 1.413066143712578882e+00
5.365322854508689488e+03 1.440466422288046555e+00
5.385357917852217724e+03 1.427246480110416993e+00
5.405392981195745051e+03 1.451845718062279245e+00
5.425428044539273287e+03 1.483003937550791740e+00
5.445463107882800614e+03 1.490924678604773179e+00
5.465498171226328850e+03 1.450059009215133310e+00
5.485533234569857086e+03 1.476748709620396394e+00
5.505568297913384413e+03 1.496622187836120332e+00
5.525603361256912649e+03 1.534162290245415061e+00
5.545638424600439976e+03 1.550255116998093596e+00
5.565673487943968212e+03 1.489840468212927593e+00
5.585708551287495538e+03 1.464935511318752548e+00
5.605743614631023775e+03 1.412414088882760099e+00
5.625778677974551101e+03 1.369450532436834456e+00
5.645813741318079337e+03 1.302251543580398963e+00
5.665848804661606664e+03 1.266386562604306265e+00
5.685883868005134900e+03 1.176496240366714296e+00
5.705918931348663136e+03 1.162032895576563529e+00
5.725953994692190463e+03 1.124188384448994604e+00
5.745989058035718699e+03 1.150492005504251347e+00
5.766024121379246026e+03 1.103757187534222695e+00
5.786059184722774262e+03 1.054337283767994959e+00
5.806094248066301589e+03 1.094338860404254321e+00
5.826129311409829825e+03 1.094749397269646041e+00
5.846164374753357151e+03 1.148192343946039085e+00
5.866199438096885387e+03 1.258719131531098379e+00
5.886234501440413624e+03 1.221105874946321945e+00
5.906269564783940950e+03 1.181139674359101388e+00
5.926304628127469186e+03 1.126363356352877876e+00
5.946339691470996513e+03 1.113590855684390535e+00
5.966374754814524749e+03 1.098303598344706700e+00
5.986409818158052076e+03 1.101392014774086325e+00
6.006444881501580312e+03 1.104562975317890272e+00
6.026479944845107639e+03 1.108351706495839695e+00
6.046515008188635875e+03 1.099532806863477541e+00
6.066550071532164111e+03 1.087246617683941041e+00
6.086585134875691438e+03 1.073677064058709441e+00
6.106620198219219674e+03 1.109855406950672974e+00
6.126655261562747000e+03 1.118298927396009557e+00
6.146690324906275237e+03 1.166291778813655533e+00
6.166725388249802563e+03 1.184282901827423906e+00
6.186760451593330799e+03 1.203771610917179657e+00
6.206795514936858126e+03 1.181487102099972430e+00
6.226830578280386362e+03 1.200681229151742357e+00
6.246865641623914598e+03 1.217700821040975212e+00
6.266900704967441925e+03 1.179340518383589886e+00
6.286935768310970161e+03 1.134761018956867540e+00
6.306970831654497488e+03 1.109155965684795797e+00
6.327005894998025724e+03 1.095863087702357408e+00
6.347040958341553051e+03 1.091317047030164522e+00
6.367076021685081287e+03 1.100602823161572763e+00
6.387111085028608613e+03 1.157754140608221238e+00
6.407146148372136850e+03 1.184554336574063393e+00
6.427181211715664176e+03 1.241999144205332195e+00
6.447216275059192412e+03 1.303970120777544039e+00
6.467251338402720648e+03 1.387365662456371052e+00
6.487286401746247975e+03 1.448444813199721182e+00
6.507321465089776211e+03 1.566427430675773058e+00
6.527356528433303538e+03 1.907227839989763085e+00
6.547391591776831774e+03 2.821013242106801044e+00
6.567426655120359101e+03 3.343067861197922763e+00
6.587461718463887337e+03 2.080933193969169537e+00
6.607496781807414663e+03 1.619619469448796645e+00
6.627531845150942900e+03 1.415639423724161183e+00
6.647566908494470226e+03 1.286332103142146632e+00
6.667601971837998462e+03 1.235230745193197421e+00
6.687637035181526699e+03 1.183900316408186715e+00
6.707672098525054025e+03 1.032206944645982283e+00
6.727707161868582261e+03 8.975809879504154098e-01
6.747742225212109588e+03 8.403383915624192957e-01
6.767777288555637824e+03 8.425738521427458272e-01
6.787812351899165151e+03 8.368464261291866935e-01
6.807847415242693387e+03 8.294299029593485972e-01
6.827882478586220714e+03 8.159295728374835743e-01
6.847917541929748950e+03 8.168786117826920545e-01
6.867952605273277186e+03 8.180313905658846974e-01
6.887987668616804513e+03 8.145586417518829725e-01
6.908022731960332749e+03 8.152021801254517586e-01
6.928057795303860075e+03 8.023244247925396255e-01
6.948092858647388312e+03 8.069324827358875796e-01
6.968127921990915638e+03 8.084457915003363526e-01
6.988162985334443874e+03 8.131411977129165969e-01
7.008198048677971201e+03 8.042229394243028961e-01
7.028233112021499437e+03 8.084364015613939580e-01
7.048268175365027673e+03 8.189930950101319551e-01
7.068303238708555000e+03 9.136030626050157810e-01
7.088338302052083236e+03 8.955302689595151522e-01
7.108373365395610563e+03 8.372512853570780456e-01
7.128408428739138799e+03 8.315238593435190229e-01
7.148443492082666125e+03 8.745483412072337925e-01
7.168478555426194362e+03 8.798091090924199387e-01
7.188513618769721688e+03 9.015210500048095321e-01
7.208548682113249924e+03 9.236297704301871248e-01
7.228583745456777251e+03 9.477820036142530213e-01
7.248618808800305487e+03 9.597305917332069614e-01
7.268653872143833723e+03 9.578698552278869238e-01
7.288688935487361050e+03 9.959901685155567730e-01
7.308723998830889286e+03 1.005117189167635372e+00
7.328759062174416613e+03 1.074741184348631640e+00
7.348794125517944849e+03 1.016788009790430936e+00
7.368829188861472176e+03 1.007615786409024272e+00
7.388864252205000412e+03 1.041150533932673650e+00
7.408899315548527738e+03 1.032996354629168945e+00
7.428934378892055975e+03 1.025635515980966472e+00
7.448969442235584211e+03 8.684695567806879346e-01
7.469004505579111537e+03 8.501004341318166846e-01
7.489039568922639774e+03 9.790721189893063503e-01
7.509074632266167100e+03 1.059365486886349794e+00
7.529109695609695336e+03 1.041528096826429994e+00
7.549144758953222663e+03 9.824832872734990952e-01
7.569179822296750899e+03 9.450744256387261233e-01
7.589214885640278226e+03 9.294853800288447321e-01
7.609249948983806462e+03 9.257623784234926267e-01
7.629285012327333789e+03 9.197916874801214115e-01
7.649320075670862025e+03 9.061240854226767505e-01
7.669355139014390261e+03 9.177975264935490651e-01
7.689390202357917588e+03 9.105757899640988251e-01
7.709425265701445824e+03 9.441494074675564896e-01
7.729460329044973150e+03 9.610181052216905107e-01
7.749495392388501386e+03 9.404604716872049242e-01
7.769530455732028713e+03 9.259198236787840042e-01
7.789565519075556949e+03 9.257145552460880333e-01
7.809600582419085185e+03 8.684597301003992298e-01
7.829635645762612512e+03 8.792972482347188867e-01
7.849670709106139839e+03 8.754565448365764224e-01
7.869705772449668075e+03 8.535201188722596477e-01
7.889740835793196311e+03 8.378876174984352110e-01
7.909775899136723638e+03 8.114427106176953508e-01
7.929810962480251874e+03 7.743264656848501959e-01
7.949846025823779200e+03 7.792732165421463186e-01
7.969881089167307437e+03 7.412221267578430473e-01
7.989916152510835673e+03 7.084250353678601675e-01
8.009951215854362999e+03 6.962871198753451951e-01
8.029986279197890326e+03 6.952457101354236890e-01
8.050021342541418562e+03 7.107375807957844183e-01
8.070056405884946798e+03 7.246574009806372452e-01
8.090091469228474125e+03 7.199063102464214881e-01
8.110126532572001452e+03 7.481501547319996392e-01
8.130161595915529688e+03 7.318808844754720599e-01
8.150196659259057924e+03 7.483724560771958245e-01
8.170231722602586160e+03 7.339067092096411837e-01
8.190266785946113487e+03 7.583321241057311424e-01
8.210301849289640813e+03 7.017603624254387107e-01
8.230336912633169050e+03 7.188828069016924838e-01
8.250371975976697286e+03 6.743777718744906613e-01
8.270407039320223703e+03 6.398723667089978306e-01
8.290442102663751939e+03 6.830479610784847555e-01
8.310477166007280175e+03 6.955298103811016208e-01
8.330512229350808411e+03 7.394823676054095296e-01
8.350547292694336647e+03 7.125234161602378435e-01
8.370582356037863065e+03 7.283507041744502475e-01
8.390617419381391301e+03 7.141843434996892892e-01
8.410652482724919537e+03 7.826287003047035506e-01
8.430687546068447773e+03 8.174509613168362554e-01
8.450722609411976009e+03 8.925619564003298700e-01
8.470757672755502426e+03 8.843365882574010239e-01
8.490792736099030662e+03 9.677867226044983839e-01
8.510827799442558899e+03 1.013342338939891230e+00
8.530862862786085316e+03 1.036005939245566498e+00
8.550897926129615371e+03 1.055015543078583251e+00
8.570932989473141788e+03 1.042003053040380545e+00
8.590968052816670024e+03 1.058880267250764451e+00
8.611003116160198260e+03 1.022287020079947872e+00
8.631038179503724677e+03 1.067009770668210900e+00
8.651073242847252914e+03 1.066628713843685405e+00
8.671108306190781150e+03 1.133723321518388172e+00
8.691143369534309386e+03 1.045610099818326644e+00
8.711178432877837622e+03 1.018595900592865533e+00
8.731213496221364039e+03 9.625587103202745132e-01
8.751248559564892275e+03 9.321405490428322782e-01
8.771283622908420512e+03 8.718182710523796342e-01
8.791318686251948748e+03 8.068320322262704236e-01
8.811353749595476984e+03 8.365859099162014090e-01
8.831388812939003401e+03 7.796900861570572605e-01
8.851423876282531637e+03 8.006444992045304021e-01
8.871458939626059873e+03 8.109740871532643558e-01
8.891494002969586290e+03 7.408229451674515076e-01
8.911529066313116346e+03 6.957376992618744538e-01
8.931564129656642763e+03 7.165569408627106007e-01
8.951599193000170999e+03 6.668861291931127422e-01
8.971634256343699235e+03 6.847486318804368866e-01
8.991669319687225652e+03 6.678851750224568118e-01
9.011704383030753888e+03 7.226837668373342627e-01
9.031739446374282124e+03 6.870701305059572217e-01
9.051774509717810361e+03 6.148313648854936142e-01
9.071809573061338597e+03 6.096505206666550380e-01
