3.592889270042354383e+03 1.008064706788097231e+00
3.612929149361606051e+03 9.976457728204793929e-01
3.632969028680857718e+03 9.984505510659057448e-01
3.653008908000109386e+03 1.024235558810533409e+00
3.673048787319361054e+03 1.014283876038850840e+00
3.693088666638612722e+03 1.033397468416270337e+00
3.713128545957864844e+03 1.036563278470284510e+00
3.733168425277116512e+03 1.105261504948404694e+00
3.753208304596368180e+03 1.120825261923694915e+00
3.773248183915619848e+03 1.163145518301180514e+00
3.793288063234871515e+03 1.113626226087290227e+00
3.813327942554123183e+03 1.169532011635915802e+00
3.833367821873374851e+03 1.131340333086592764e+00
3.853407701192626519e+03 1.207747506386973146e+00
3.873447580511878186e+03 1.220185844888480364e+00
3.893487459831129854e+03 1.263215876420956896e+00
3.913527339150381522e+03 1.402655811829323973e+00
3.933567218469633190e+03 1.397359280488990940e+00
3.953607097788884857e+03 1.386884426428655726e+00
3.973646977108136980e+03 1.310658622664561790e+00
3.993686856427388648e+03 1.335409501268670862e+00
4.013726735746640315e+03 1.311146462225366571e+00
4.033766615065891983e+03 1.264813655669193793e+00
4.053806494385143651e+03 1.281612103864811170e+00
4.073846373704395319e+03 1.289541503221075747e+00
4.093886253023646987e+03 1.137991770760770516e+00
4.113926132342898200e+03 1.252444672040869733e+00
4.133966011662150777e+03 1.368732380481706645e+00
4.154005890981401535e+03 1.420013548190949937e+00
4.174045770300654112e+03 1.486920935880765349e+00
4.194085649619904871e+03 1.480970462239324936e+00
4.214125528939157448e+03 1.499763539139921109e+00
4.234165408258408206e+03 1.555656064385749326e+00
4.254205287577660783e+03 1.585708185227237443e+00
4.274245166896911542e+03 1.596277955139173921e+00
4.294285046216164119e+03 1.615529995546457265e+00
4.314324925535415787e+03 1.607153584403790081e+00
4.334364804854667454e+03 1.483520540601607651e+00
4.354404684173919122e+03 1.673890594650427444e+00
4.374444563493170790e+03 1.726016147035820403e+00
4.394484442812422458e+03 1.695149128244139547e+00
4.414524322131674126e+03 1.733443835856643522e+00
4.434564201450926703e+03 1.670973153557359536e+00
4.454604080770177461e+03 1.671268544249935761e+00
4.474643960089430038e+03 1.665922112296444491e+00
4.494683839408680797e+03 1.670883908229980452e+00
4.514723718727933374e+03 1.695877049076642384e+00
4.534763598047184132e+03 1.695138485106367998e+00
4.554803477366436709e+03 1.759445021432400225e+00
4.574843356685687468e+03 1.818073879951512595e+00
4.594883236004940045e+03 1.878836600354975017e+00
4.614923115324190803e+03 1.874530491499229568e+00
4.634962994643443380e+03 1.906186847262685058e+00
4.655002873962694139e+03 1.813479010554590598e+00
4.675042753281946716e+03 1.683830500179493761e+00
4.695082632601197474e+03 1.429101740981794322e+00
4.715122511920450052e+03 1.347160223279072033e+00
4.735162391239700810e+03 1.359425043739370453e+00
4.755202270558953387e+03 1.189311759751229713e+00
4.775242149878204145e+03 1.148715517215057158e+00
4.795282029197456723e+03 1.139337953211196020e+00
4.815321908516708390e+03 1.282105701188672731e+00
4.835361787835960058e+03 1.405011260352523550e+00
4.855401667155211726e+03 1.564104011372454250e+00
4.875441546474463394e+03 1.736075308051228339e+00
4.895481425793715061e+03 1.651793870337792569e+00
4.915521305112966729e+03 1.692586923683903732e+00
4.935561184432218397e+03 1.811218652360660819e+00
4.955601063751470065e+03 1.721171512856605190e+00
4.975640943070722642e+03 1.646303494307884030e+00
4.995680822389973400e+03 1.674703137152096843e+00
5.015720701709225978e+03 1.830294295845206864e+00
5.035760581028476736e+03 1.877742625374200003e+00
5.055800460347729313e+03 1.800455997386324558e+00
5.075840339666980071e+03 1.674899686245532537e+00
5.095880218986232649e+03 1.646430863005805323e+00
5.115920098305483407e+03 1.698664329829094433e+00
5.135959977624735984e+03 1.727759789614827124e+00
5.155999856943986742e+03 1.799546968734037966e+00
5.176039736263239320e+03 1.929412442089771140e+00
5.196079615582490078e+03 1.954120224709788856e+00
5.216119494901742655e+03 1.928137882722217977e+00
5.236159374220993413e+03 1.957977925957784304e+00
5.256199253540245991e+03 1.937544846213201888e+00
5.276239132859496749e+03 1.946269602020800127e+00
5.296279012178749326e+03 1.905262115620243835e+00
5.316318891498000994e+03 1.903788651710731417e+00
5.336358770817252662e+03 1.857530259880124879e+00
5.356398650136504330e+03 1.806443198576960008e+00
5.376438529455755997e+03 1.725054862321852456e+00
5.396478408775007665e+03 1.658310960207314277e+00
5.416518288094259333e+03 1.638674283780076069e+00
5.436558167413511001e+03 1.564427492969640010e+00
5.456598046732762668e+03 1.433630832297735580e+00
5.476637926052015246e+03 1.399402152269278332e+00
5.496677805371266004e+03 1.383373412307741912e+00
5.516717684690518581e+03 1.416284611462223175e+00
5.536757564009769339e+03 1.461050172362126753e+00
5.556797443329021917e+03 1.195426591356288926e+00
5.576837322648272675e+03 1.026258103942453870e+00
5.596877201967525252e+03 8.894189326590352662e-01
5.616917081286776011e+03 7.821824277433450101e-01
5.636956960606028588e+03 6.990152044202172510e-01
5.656996839925279346e+03 6.701638388925552636e-01
5.677036719244531923e+03 5.850813742035639864e-01
5.697076598563782682e+03 5.306424224130523726e-01
5.717116477883035259e+03 5.069572534074398007e-01
5.737156357202286017e+03 4.875350972734810995e-01
5.757196236521538594e+03 4.740967400156244627e-01
5.777236115840790262e+03 3.815484631352677458e-01
5.797275995160041930e+03 3.786359074169148298e-01
5.817315874479293598e+03 3.825889607106824353e-01
5.837355753798545265e+03 3.993029617148013410e-01
5.857395633117796933e+03 4.737208278790887017e-01
5.877435512437048601e+03 5.629746174249974366e-01
5.897475391756300269e+03 5.968714409281862254e-01
5.917515271075551937e+03 5.458343674770136378e-01
5.937555150394803604e+03 5.266556949292863221e-01
5.957595029714055272e+03 5.526426605750696108e-01
5.977634909033306940e+03 6.254379716622094909e-01
5.997674788352558608e+03 6.742673791753051038e-01
6.017714667671810275e+03 6.079417872707199022e-01
6.037754546991061943e+03 6.124861453826447866e-01
6.057794426310314520e+03 6.710283757394035486e-01
6.077834305629565279e+03 7.663374127666181534e-01
6.097874184948817856e+03 8.373093449802992971e-01
6.117914064268068614e+03 9.169905917279265184e-01
6.137953943587321191e+03 1.061279174301881900e+00
6.157993822906571950e+03 1.085420427932653364e+00
6.178033702225824527e+03 1.048378469979154293e+00
6.198073581545075285e+03 1.045855784610807859e+00
6.218113460864327863e+03 1.136785606639224122e+00
6.238153340183578621e+03 1.298350967936675149e+00
6.258193219502831198e+03 1.239949628297136952e+00
6.278233098822082866e+03 1.124669441152389870e+00
6.298272978141334534e+03 1.076527737369234350e+00
6.318312857460586201e+03 1.025568044763990549e+00
6.338352736779837869e+03 1.001549448934094144e+00
6.358392616099089537e+03 1.027968072331462146e+00
6.378432495418341205e+03 1.094384567101275962e+00
6.398472374737592872e+03 1.178033436027980718e+00
6.418512254056844540e+03 1.301722138206378387e+00
6.438552133376096208e+03 1.411816412852548552e+00
6.458592012695347876e+03 1.489710048648735796e+00
6.478631892014599543e+03 1.527049142071494892e+00
6.498671771333851211e+03 1.835037471260256403e+00
6.518711650653102879e+03 2.751764078275916070e+00
6.538751529972354547e+03 4.570386690494499859e+00
6.558791409291607124e+03 7.486495646564075734e+00
6.578831288610857882e+03 5.007198512403399526e+00
6.598871167930110460e+03 2.599298512534257366e+00
6.618911047249361218e+03 1.650540073812777342e+00
6.638950926568613795e+03 1.028469695628069447e+00
6.658990805887864553e+03 7.630541792417810942e-01
6.679030685207117131e+03 6.440329291703542625e-01
6.699070564526367889e+03 4.777637371720745985e-01
6.719110443845620466e+03 3.930629423826757507e-01
6.739150323164871224e+03 3.302169586186951555e-01
6.759190202484123802e+03 3.299609998791742105e-01
6.779230081803374560e+03 3.097560496860056189e-01
6.799269961122627137e+03 2.910707999844714400e-01
6.819309840441878805e+03 2.954803740975687765e-01
6.839349719761130473e+03 2.865239991851892820e-01
6.859389599080382141e+03 2.798316464977751994e-01
6.879429478399633808e+03 2.771628360821563053e-01
6.899469357718885476e+03 2.779932625448353067e-01
6.919509237038137144e+03 2.889905899831498037e-01
6.939549116357388812e+03 3.059984113808293382e-01
6.959588995676640479e+03 3.142526881556271245e-01
6.979628874995892147e+03 3.338907604042123944e-01
6.999668754315143815e+03 3.593034328045060510e-01
7.019708633634395483e+03 3.805412035556803851e-01
7.039748512953647150e+03 4.350188893885735819e-01
7.059788392272899728e+03 6.020667752208559431e-01
7.079828271592150486e+03 5.595492718392607312e-01
7.099868150911403063e+03 4.892831890330316402e-01
7.119908030230653821e+03 5.049425597705966551e-01
7.139947909549906399e+03 6.144730098313804234e-01
7.159987788869157157e+03 6.868381462271165860e-01
7.180027668188409734e+03 6.455585619027138788e-01
7.200067547507660493e+03 6.226982360743920086e-01
7.220107426826913070e+03 6.606992977710041126e-01
7.240147306146163828e+03 6.351022897140615742e-01
7.260187185465416405e+03 6.402163174132637913e-01
7.280227064784667164e+03 6.833635107000609610e-01
7.300266944103919741e+03 7.921252993927740960e-01
7.320306823423171409e+03 8.201663906284554217e-01
7.340346702742423076e+03 6.893525439062148097e-01
7.360386582061674744e+03 6.568924567633431799e-01
7.380426461380926412e+03 6.712914008244941222e-01
7.400466340700178080e+03 6.474977939479803490e-01
7.420506220019429747e+03 6.622624432020663976e-01
7.440546099338681415e+03 7.285090839617073266e-01
7.460585978657933083e+03 6.289120837562598432e-01
7.480625857977184751e+03 6.491901400924818821e-01
7.500665737296436419e+03 5.409800497872025993e-01
7.520705616615688086e+03 5.572180757119670202e-01
7.540745495934939754e+03 5.209775809281950165e-01
7.560785375254191422e+03 4.540593756229397426e-01
7.580825254573443090e+03 4.083103713451834982e-01
7.600865133892695667e+03 3.910861103998722887e-01
7.620905013211946425e+03 3.884707773896134420e-01
7.640944892531199002e+03 4.165039298913832400e-01
7.660984771850449761e+03 4.719203928190225938e-01
7.681024651169702338e+03 5.263794095413985019e-01
7.701064530488953096e+03 5.948393867633389176e-01
7.721104409808205673e+03 6.425731617578100963e-01
7.741144289127456432e+03 5.288854322924141371e-01
7.761184168446709009e+03 4.705584201396083022e-01
7.781224047765959767e+03 4.143418898635889414e-01
7.801263927085212345e+03 3.759313290792769546e-01
7.821303806404463103e+03 3.505584375873750935e-01
7.841343685723715680e+03 3.250335760463097801e-01
7.861383565042966438e+03 3.186267560632080054e-01
7.881423444362219016e+03 2.969814054786859558e-01
7.901463323681469774e+03 3.081571363329242974e-01
7.921503203000722351e+03 3.225620998736345446e-01
7.941543082319974019e+03 3.101467924243541119e-01
7.961582961639225687e+03 3.046758706544700490e-01
7.981622840958478264e+03 3.144797708410303483e-01
8.001662720277729022e+03 3.302276017564666488e-01
8.021702599596981599e+03 3.569507759240009848e-01
8.041742478916232358e+03 3.369212630263936359e-01
8.061782358235484935e+03 3.450838517864550092e-01
8.081822237554735693e+03 3.292222614312315665e-01
8.101862116873988271e+03 3.086025778203115300e-01
8.121901996193239029e+03 2.978800527097035800e-01
8.141941875512491606e+03 2.862150864733133959e-01
8.161981754831742364e+03 2.773715113735449322e-01
8.182021634150994942e+03 2.977579183418340159e-01
8.202061513470245700e+03 2.982830088848390515e-01
8.222101392789496458e+03 3.401075742064428309e-01
8.242141272108750854e+03 3.446188688002086442e-01
8.262181151428001613e+03 3.560052814390219922e-01
8.282221030747252371e+03 3.916619739443773507e-01
8.302260910066503129e+03 4.357155787184353590e-01
8.322300789385757525e+03 5.125645294751667302e-01
8.342340668705008284e+03 5.520619988946839918e-01
8.362380548024259042e+03 6.099951277111103076e-01
8.382420427343509800e+03 6.781728000656035427e-01
8.402460306662764197e+03 7.675560520414540511e-01
8.422500185982014955e+03 8.403758772410019340e-01
8.442540065301265713e+03 1.123281035106215464e+00
8.462579944620518290e+03 1.163550742686005224e+00
8.482619823939770868e+03 1.268115907259884878e+00
8.502659703259021626e+03 1.494541335286319939e+00
8.522699582578272384e+03 1.456136270548562095e+00
8.542739461897526780e+03 1.512020682582810194e+00
8.562779341216777539e+03 1.369349246278282362e+00
8.582819220536028297e+03 1.247006377594973570e+00
8.602859099855279055e+03 1.188391477289332254e+00
8.622898979174533451e+03 1.185223835219800348e+00
8.642938858493784210e+03 1.169628933980703556e+00
8.662978737813034968e+03 1.320787225791986819e+00
8.683018617132285726e+03 1.168034731524668857e+00
8.703058496451540123e+03 9.851652979620570960e-01
8.723098375770790881e+03 8.742627555170929821e-01
8.743138255090041639e+03 7.913591679508950039e-01
8.763178134409292397e+03 6.631115387752626322e-01
8.783218013728546794e+03 5.752062871283024625e-01
8.803257893047797552e+03 5.362494367642767212e-01
8.823297772367048310e+03 5.076515872887784608e-01
8.843337651686299068e+03 4.726668082843741292e-01
8.863377531005553465e+03 4.740027837911990338e-01
8.883417410324804223e+03 4.143397961315682942e-01
8.903457289644054981e+03 3.855599664479443245e-01
8.923497168963305739e+03 3.907914176179697607e-01
8.943537048282560136e+03 3.571132146332675616e-01
8.963576927601810894e+03 3.324138941801664804e-01
8.983616806921061652e+03 3.601582861407589542e-01
9.003656686240316048e+03 3.888653586366663806e-01
9.023696565559566807e+03 3.868853860558319480e-01
9.043736444878817565e+03 3.375147488154056630e-01
9.063776324198068323e+03 3.323224678819326483e-01
