3.145618043333116020e+03 1.789838755889644695e+00
3.155620173054555835e+03 1.902596182223064591e+00
3.165622302775995649e+03 1.669339625946310024e+00
3.175624432497435464e+03 1.500723541507362979e+00
3.185626562218875279e+03 1.932700622210050678e+00
3.195628691940315093e+03 1.831359578311675396e+00
3.205630821661754453e+03 1.964028562097535957e+00
3.215632951383194268e+03 1.981666430464237960e+00
3.225635081104634082e+03 2.010713060511128525e+00
3.235637210826073897e+03 1.988953347090844037e+00
3.245639340547513711e+03 1.869332324771496578e+00
3.255641470268953526e+03 1.730391705570414995e+00
3.265643599990393341e+03 1.671268906078744232e+00
3.275645729711833155e+03 1.756670526619972694e+00
3.285647859433272970e+03 1.869837507069171956e+00
3.295649989154712785e+03 2.109895587054401833e+00
3.305652118876152599e+03 2.057445495931069512e+00
3.315654248597592414e+03 2.020914792954538353e+00
3.325656378319031774e+03 1.931397964791374822e+00
3.335658508040471588e+03 1.985522286590285956e+00
3.345660637761911403e+03 1.967287295206040731e+00
3.355662767483351217e+03 1.962653876253936280e+00
3.365664897204791032e+03 2.051136740064778419e+00
3.375667026926230847e+03 2.067411968297168112e+00
3.385669156647670661e+03 1.973218700791586899e+00
3.395671286369110476e+03 2.032614618304044996e+00
3.405673416090550290e+03 1.993167132864296365e+00
3.415675545811990105e+03 2.053762704689480412e+00
3.425677675533429920e+03 1.941626738622980852e+00
3.435679805254869734e+03 1.969643337610379241e+00
3.445681934976309549e+03 2.055383344250269584e+00
3.455684064697748909e+03 2.019116048977853684e+00
3.465686194419188723e+03 2.055807771129556372e+00
3.475688324140628538e+03 2.050511100674227816e+00
3.485690453862068352e+03 2.023300335055090660e+00
3.495692583583508167e+03 2.101671686326779920e+00
3.505694713304947982e+03 2.125455570568988595e+00
3.515696843026387796e+03 2.089758725672122619e+00
3.525698972747827611e+03 2.079225982054105248e+00
3.535701102469267425e+03 2.005307978672210556e+00
3.545703232190707240e+03 1.993066833897166434e+00
3.555705361912147055e+03 2.064304912793366586e+00
3.565707491633586415e+03 2.032473265593016887e+00
3.575709621355026229e+03 2.136722242045744569e+00
3.585711751076466044e+03 2.295606130872697825e+00
3.595713880797905858e+03 2.306587392788577606e+00
3.605716010519345673e+03 2.392822502663269013e+00
3.615718140240785488e+03 2.390612606670594165e+00
3.625720269962225302e+03 2.435437886730261958e+00
3.635722399683665117e+03 2.433903902527103646e+00
3.645724529405104931e+03 2.397859207045707208e+00
3.655726659126544746e+03 2.345019597016941404e+00
3.665728788847984561e+03 2.304359428231971041e+00
3.675730918569424375e+03 2.266876130898510144e+00
3.685733048290864190e+03 2.153493802666944568e+00
3.695735178012304004e+03 2.195064037080134423e+00
3.705737307733743364e+03 2.269801763270591355e+00
3.715739437455183179e+03 2.220337410150377888e+00
3.725741567176622993e+03 2.249846693766234473e+00
3.735743696898062808e+03 2.289165363865846459e+00
3.745745826619502623e+03 2.402968554430073400e+00
3.755747956340942437e+03 2.448267919190989961e+00
3.765750086062382252e+03 2.427906122625074214e+00
3.775752215783822066e+03 2.425007039979586221e+00
3.785754345505261881e+03 2.294629936758796784e+00
3.795756475226701696e+03 2.098017657288999693e+00
3.805758604948141056e+03 1.892949535730093391e+00
3.815760734669580870e+03 2.106410812523653142e+00
3.825762864391020685e+03 2.175310548833243818e+00
3.835764994112460499e+03 2.160632852066275422e+00
3.845767123833900314e+03 2.181294562210372323e+00
3.855769253555340129e+03 2.260150200161584078e+00
3.865771383276779943e+03 1.989104287203142141e+00
3.875773512998219758e+03 1.719010722770827337e+00
3.885775642719659572e+03 2.225450936658375234e+00
3.895777772441099387e+03 2.162258654073901720e+00
3.905779902162539202e+03 1.935572417636540532e+00
3.915782031883979016e+03 1.691618534019971198e+00
3.925784161605418831e+03 1.992568043200338090e+00
3.935786291326858645e+03 2.106112865591885708e+00
3.945788421048298005e+03 1.918884193657147019e+00
3.955790550769737820e+03 2.018444930888971811e+00
3.965792680491177634e+03 2.326151837148893176e+00
3.975794810212617449e+03 2.331901819602720138e+00
3.985796939934057264e+03 2.230159702751227435e+00
3.995799069655497078e+03 2.102580522800990614e+00
4.005801199376936893e+03 1.899580084115925160e+00
4.015803329098376707e+03 2.036955498602021297e+00
4.025805458819816522e+03 2.410382319750402402e+00
4.035807588541256337e+03 2.431975851548678680e+00
4.045809718262695696e+03 2.340430919270762189e+00
4.055811847984135511e+03 2.298611412424558686e+00
4.065813977705575326e+03 2.253630644382759840e+00
4.075816107427015140e+03 2.176015837403574071e+00
4.085818237148454955e+03 2.063867825627787145e+00
4.095820366869894769e+03 2.028960589266264769e+00
4.105822496591334129e+03 1.958274154689277458e+00
4.115824626312774853e+03 1.999305527984948094e+00
4.125826756034213759e+03 2.014888988341105414e+00
4.135828885755654483e+03 2.117621803323804119e+00
4.145831015477093388e+03 2.204664221551568382e+00
4.155833145198534112e+03 2.231383817228731914e+00
4.165835274919973017e+03 2.264564338038493663e+00
4.175837404641413741e+03 2.268735349252434030e+00
4.185839534362852646e+03 2.275586162036668192e+00
4.195841664084293370e+03 2.212679289013071315e+00
4.205843793805732275e+03 2.174289613513417319e+00
4.215845923527172090e+03 2.123170696181768236e+00
4.225848053248611905e+03 2.117831865743932340e+00
4.235850182970051719e+03 2.136009086889757214e+00
4.245852312691491534e+03 2.230783006749161412e+00
4.255854442412931348e+03 2.270770090798835295e+00
4.265856572134371163e+03 2.285620237873258187e+00
4.275858701855810068e+03 2.281991283577260887e+00
4.285860831577250792e+03 2.244966214858333142e+00
4.295862961298689697e+03 2.185978007730640993e+00
4.305865091020130421e+03 2.122246003620841481e+00
4.315867220741569326e+03 2.064823369954337462e+00
4.325869350463010051e+03 2.014636274276867312e+00
4.335871480184448956e+03 2.073457685205545076e+00
4.345873609905889680e+03 2.106476449347730817e+00
4.355875739627328585e+03 2.007296012366272198e+00
4.365877869348769309e+03 1.821638445085762115e+00
4.375879999070208214e+03 1.876574500192177641e+00
4.385882128791648938e+03 1.996413082771107739e+00
4.395884258513087843e+03 1.990565997150574917e+00
4.405886388234528567e+03 1.938065879459078822e+00
4.415888517955967473e+03 1.877145073483128535e+00
4.425890647677408197e+03 1.789255399397001511e+00
4.435892777398847102e+03 1.726566824125392197e+00
4.445894907120287826e+03 1.566820683761166677e+00
4.455897036841726731e+03 1.441671541286606795e+00
4.465899166563166546e+03 1.953248389777519245e+00
4.475901296284606360e+03 2.184726114372534500e+00
4.485903426006046175e+03 2.181096176753329452e+00
4.495905555727485989e+03 2.110940982539006416e+00
4.505907685448925804e+03 2.044024363307441750e+00
4.515909815170365619e+03 2.047816795086628616e+00
4.525911944891804524e+03 2.037605843988152365e+00
4.535914074613245248e+03 2.047790737021639274e+00
4.545916204334684153e+03 2.103355627319029253e+00
4.555918334056124877e+03 2.114683756496232192e+00
4.565920463777563782e+03 2.090291441019597851e+00
4.575922593499004506e+03 2.098079852481852026e+00
4.585924723220443411e+03 2.104307238352751241e+00
4.595926852941884135e+03 2.057970836354491073e+00
4.605928982663323040e+03 2.036925384328802213e+00
4.615931112384763765e+03 2.008719864370229757e+00
4.625933242106202670e+03 2.081265271470339684e+00
4.635935371827643394e+03 2.103130937966195102e+00
4.645937501549082299e+03 1.972609777895557803e+00
4.655939631270523023e+03 1.990476514738724001e+00
4.665941760991961928e+03 1.975609405338977664e+00
4.675943890713402652e+03 1.926809409960596575e+00
4.685946020434841557e+03 1.869664196353910901e+00
4.695948150156281372e+03 1.807647722494390541e+00
4.705950279877721186e+03 1.999669357571594475e+00
4.715952409599161001e+03 2.049071269668153672e+00
4.725954539320600816e+03 1.989158124148733719e+00
4.735956669042040630e+03 1.973938985040826655e+00
4.745958798763480445e+03 1.931534892547970950e+00
4.755960928484920260e+03 1.887810319903309608e+00
4.765963058206360074e+03 1.830420750479646363e+00
4.775965187927798979e+03 1.807527511232316586e+00
4.785967317649239703e+03 1.794196352682142948e+00
4.795969447370678608e+03 1.819734239695110611e+00
4.805971577092119333e+03 1.847744692912463904e+00
4.815973706813558238e+03 1.858314188235348885e+00
4.825975836534998962e+03 1.851518441550715321e+00
4.835977966256437867e+03 1.792918278343645699e+00
4.845980095977878591e+03 1.717969383494452718e+00
4.855982225699317496e+03 1.799185734635236456e+00
4.865984355420758220e+03 1.751324690004285811e+00
4.875986485142197125e+03 1.730828546905192722e+00
4.885988614863637849e+03 1.693165301424822689e+00
4.895990744585076754e+03 1.552580811652183312e+00
4.905992874306517479e+03 1.540813628662986323e+00
4.915995004027956384e+03 1.880273516266685041e+00
4.925997133749397108e+03 1.954204671596475373e+00
4.935999263470836013e+03 1.874195349692471479e+00
4.946001393192275827e+03 1.775613510713367704e+00
4.956003522913715642e+03 1.699956131493420619e+00
4.966005652635155457e+03 1.640392557374143356e+00
4.976007782356595271e+03 1.537937408282064045e+00
4.986009912078035086e+03 1.495111593048740417e+00
4.996012041799474900e+03 1.354741590650661243e+00
5.006014171520913806e+03 1.678175030793380706e+00
5.016016301242354530e+03 1.882252454221080562e+00
5.026018430963793435e+03 1.888086264978316997e+00
5.036020560685234159e+03 1.866805675790717656e+00
5.046022690406673064e+03 1.827723003260822265e+00
5.056024820128113788e+03 1.810882118353518644e+00
5.066026949849552693e+03 1.760875093738357267e+00
5.076029079570993417e+03 1.718949510901182309e+00
5.086031209292432322e+03 1.676816323951896948e+00
5.096033339013873046e+03 1.662713994176513888e+00
5.106035468735311952e+03 1.648035191170937219e+00
5.116037598456752676e+03 1.648929769458644667e+00
5.126039728178191581e+03 1.678391116068152389e+00
5.136041857899632305e+03 1.681748796074376884e+00
5.146043987621071210e+03 1.628914963069453048e+00
5.156046117342511934e+03 1.681240295060877799e+00
5.166048247063950839e+03 1.770885446902574323e+00
5.176050376785391563e+03 1.759309028615565706e+00
5.186052506506830468e+03 1.754701421897648883e+00
5.196054636228270283e+03 1.743394434169399432e+00
5.206056765949710098e+03 1.728577228422416123e+00
5.216058895671149912e+03 1.729366714042358977e+00
5.226061025392589727e+03 1.726682364602232678e+00
5.236063155114029541e+03 1.754201156216009583e+00
5.246065284835469356e+03 1.739879053703828005e+00
5.256067414556909171e+03 1.716003966234155964e+00
5.266069544278348985e+03 1.725613000614453663e+00
5.276071673999788800e+03 1.720057961986445116e+00
5.286073803721228614e+03 1.738198308512001855e+00
5.296075933442667520e+03 1.722964296640586923e+00
5.306078063164108244e+03 1.730842805091696412e+00
5.316080192885547149e+03 1.723825564854651660e+00
5.326082322606987873e+03 1.726884929182906037e+00
5.336084452328426778e+03 1.711997907488214787e+00
5.346086582049867502e+03 1.687119338685643122e+00
5.356088711771306407e+03 1.685559542248296960e+00
5.366090841492747131e+03 1.653221483596263308e+00
5.376092971214186036e+03 1.589674467164809757e+00
5.386095100935626760e+03 1.548269676881222967e+00
5.396097230657065666e+03 1.499196440566654465e+00
5.406099360378505480e+03 1.483537510154348427e+00
5.416101490099945295e+03 1.531667247851653535e+00
5.426103619821385109e+03 1.499962695175828475e+00
5.436105749542824924e+03 1.545609541775072593e+00
5.446107879264264739e+03 1.527423716551185251e+00
5.456110008985704553e+03 1.536445215315209500e+00
5.466112138707144368e+03 1.516681893836247408e+00
5.476114268428584182e+03 1.511522888629919459e+00
5.486116398150023997e+03 1.469725998217480623e+00
5.496118527871463812e+03 1.456483830417554470e+00
5.506120657592903626e+03 1.394868060764949069e+00
5.516122787314343441e+03 1.360747482969149047e+00
5.526124917035782346e+03 1.359427002817343633e+00
5.536127046757223070e+03 1.360158964029668072e+00
5.546129176478661975e+03 1.330281671703534618e+00
5.556131306200102699e+03 1.315045078608700679e+00
5.566133435921541604e+03 1.291526691632423285e+00
5.576135565642982328e+03 1.267293428684545642e+00
5.586137695364421234e+03 1.202143841256234635e+00
5.596139825085861958e+03 1.228809108326203159e+00
5.606141954807300863e+03 1.209855430592930325e+00
5.616144084528741587e+03 1.229529638406244407e+00
5.626146214250180492e+03 1.245278542892005014e+00
5.636148343971620307e+03 1.229033060186632165e+00
5.646150473693060121e+03 1.254763678548201700e+00
5.656152603414499936e+03 1.241843549098618160e+00
5.666154733135939750e+03 1.247088595085571461e+00
5.676156862857379565e+03 1.240170670492449334e+00
5.686158992578819380e+03 1.210899596923525889e+00
5.696161122300259194e+03 1.197218866973209339e+00
5.706163252021699009e+03 1.168050796510234912e+00
5.716165381743138823e+03 1.146884518645467255e+00
5.726167511464578638e+03 1.161475805885607393e+00
5.736169641186018453e+03 1.168232957134359928e+00
5.746171770907458267e+03 1.168230007164738682e+00
5.756173900628898082e+03 1.151662731939824935e+00
5.766176030350337896e+03 1.121993904133608000e+00
5.776178160071776801e+03 1.114941755922709055e+00
5.786180289793217526e+03 1.059975463627673475e+00
5.796182419514656431e+03 1.026683827295503448e+00
5.806184549236097155e+03 1.017497621894281057e+00
5.816186678957536060e+03 9.993154841324205506e-01
5.826188808678976784e+03 9.886218442546328422e-01
5.836190938400415689e+03 9.363471534083764869e-01
5.846193068121856413e+03 7.770271607390508706e-01
5.856195197843295318e+03 8.808122544688044009e-01
5.866197327564736042e+03 1.335883664014684724e+00
5.876199457286174948e+03 1.547725161655262305e+00
5.886201587007614762e+03 1.510767942237627892e+00
5.896203716729054577e+03 1.326444007056818863e+00
5.906205846450494391e+03 1.315172910625630687e+00
5.916207976171934206e+03 1.239545276932700002e+00
5.926210105893374021e+03 1.196951894722467324e+00
5.936212235614813835e+03 1.151580132790424038e+00
5.946214365336253650e+03 1.138880021908440954e+00
5.956216495057693464e+03 1.132973199403073616e+00
5.966218624779133279e+03 1.117552233206898338e+00
5.976220754500573094e+03 1.111033537835879992e+00
5.986222884222012908e+03 1.098513252185405076e+00
5.996225013943452723e+03 1.076436048284610925e+00
6.006227143664892537e+03 1.075949303297070170e+00
6.016229273386332352e+03 1.050346762783232135e+00
6.026231403107771257e+03 1.050989118668304911e+00
6.036233532829211981e+03 1.042768044994903054e+00
6.046235662550650886e+03 1.028204536635365374e+00
6.056237792272091610e+03 1.031990330982903936e+00
6.066239921993530515e+03 1.011793241054186110e+00
6.076242051714971240e+03 1.011686919232412718e+00
6.086244181436410145e+03 1.009064150408134353e+00
6.096246311157850869e+03 1.022312955639708809e+00
6.106248440879289774e+03 1.040332845072388990e+00
6.116250570600730498e+03 1.048951427152282401e+00
6.126252700322169403e+03 1.043272981461776050e+00
6.136254830043609218e+03 1.073984623529178783e+00
6.146256959765049032e+03 1.059543784739733097e+00
6.156259089486488847e+03 1.080361720358366862e+00
6.166261219207928661e+03 1.070270120114158896e+00
6.176263348929368476e+03 1.025926422595193843e+00
6.186265478650808291e+03 1.034394556224392803e+00
6.196267608372248105e+03 1.027283408621064709e+00
6.206269738093687920e+03 1.050496719572323157e+00
6.216271867815127735e+03 1.022446564680480563e+00
6.226273997536567549e+03 1.015978387539229866e+00
6.236276127258007364e+03 1.010772674480562516e+00
6.246278256979447178e+03 9.869578155573284217e-01
6.256280386700886083e+03 9.520849955080565863e-01
6.266282516422326808e+03 9.323524028793177543e-01
6.276284646143765713e+03 9.108761323734950732e-01
6.286286775865206437e+03 8.738382804528743719e-01
6.296288905586645342e+03 8.815255325401930575e-01
6.306291035308086066e+03 8.868587088695876197e-01
6.316293165029524971e+03 8.946800616592814892e-01
6.326295294750965695e+03 9.178587104674876818e-01
6.336297424472404600e+03 9.751928450453476449e-01
6.346299554193845324e+03 1.000684515867579227e+00
6.356301683915284229e+03 1.049284036227101868e+00
6.366303813636724954e+03 1.083386422543569427e+00
6.376305943358163859e+03 1.090274847440477091e+00
6.386308073079603673e+03 1.079075779434212734e+00
6.396310202801043488e+03 1.088613277051190487e+00
6.406312332522483302e+03 1.074105572283658772e+00
6.416314462243923117e+03 1.080393432531797870e+00
6.426316591965362932e+03 1.073209273180338652e+00
6.436318721686802746e+03 1.070191454257586550e+00
6.446320851408242561e+03 1.048344716733468962e+00
6.456322981129682375e+03 1.045239136214478393e+00
6.466325110851122190e+03 1.040562451041259218e+00
6.476327240572562005e+03 1.019377244204753730e+00
6.486329370294001819e+03 9.820734033565982068e-01
6.496331500015441634e+03 9.435672040568964247e-01
6.506333629736880539e+03 9.182483522883220228e-01
6.516335759458321263e+03 9.011960528914803037e-01
6.526337889179760168e+03 8.604797117683014029e-01
6.536340018901200892e+03 7.755347219413945004e-01
6.546342148622639797e+03 8.977126304301411563e-01
6.556344278344080521e+03 1.032090875780835360e+00
6.566346408065519427e+03 1.098865404808966550e+00
6.576348537786960151e+03 1.102480592580064256e+00
6.586350667508399056e+03 1.054852349718406801e+00
6.596352797229839780e+03 1.014268388481990968e+00
6.606354926951278685e+03 9.656768576235263968e-01
6.616357056672718500e+03 9.206729814863592321e-01
6.626359186394158314e+03 8.856986333159488911e-01
6.636361316115598129e+03 8.312424399346236559e-01
6.646363445837037943e+03 6.973194732288411357e-01
6.656365575558477758e+03 7.520711552339158779e-01
6.666367705279917573e+03 1.018401787583258278e+00
6.676369835001357387e+03 1.146609679809067917e+00
6.686371964722797202e+03 1.145792538223924018e+00
6.696374094444237016e+03 1.098035725852931188e+00
6.706376224165676831e+03 1.029728933437254135e+00
6.716378353887116646e+03 9.831240842034411065e-01
6.726380483608556460e+03 9.444086828914175502e-01
6.736382613329996275e+03 9.131043427609033536e-01
6.746384743051436089e+03 9.034886709489570178e-01
6.756386872772874995e+03 8.172055011525161117e-01
6.766389002494315719e+03 8.665491513490516384e-01
6.776391132215754624e+03 8.628385812268603017e-01
6.786393261937195348e+03 8.775097634775812505e-01
6.796395391658634253e+03 8.626062711191704313e-01
6.806397521380074977e+03 8.741091859964448263e-01
6.816399651101513882e+03 8.586289745770387949e-01
6.826401780822954606e+03 8.538596111915455200e-01
6.836403910544393511e+03 8.617719213779013732e-01
6.846406040265834235e+03 8.649748508943999603e-01
6.856408169987273141e+03 8.457683361814878342e-01
6.866410299708712955e+03 8.478264316540589096e-01
6.876412429430152770e+03 8.321232516974308435e-01
6.886414559151592584e+03 8.241679211207622036e-01
6.896416688873032399e+03 8.240243559325178824e-01
6.906418818594472214e+03 8.160230549959147650e-01
6.916420948315912028e+03 8.235848104589205132e-01
6.926423078037351843e+03 7.997561850107862691e-01
6.936425207758791657e+03 7.870029746756168620e-01
6.946427337480231472e+03 7.828415508629459341e-01
6.956429467201671287e+03 7.817276915000435089e-01
6.966431596923111101e+03 7.860548052731197721e-01
6.976433726644550916e+03 7.812834752412121109e-01
6.986435856365989821e+03 8.100765308160585709e-01
6.996437986087430545e+03 8.231086361958568354e-01
7.006440115808869450e+03 8.047027924043689273e-01
7.016442245530310174e+03 7.954332503613403826e-01
7.026444375251749079e+03 7.555572818340746677e-01
7.036446504973189803e+03 6.943596703753110999e-01
7.046448634694628709e+03 7.944936850369058723e-01
7.056450764416069433e+03 9.712283317049090758e-01
7.066452894137508338e+03 1.014089177827487420e+00
7.076455023858949062e+03 9.736079738662190008e-01
7.086457153580387967e+03 9.109796271410479651e-01
7.096459283301828691e+03 8.599975146505937085e-01
7.106461413023267596e+03 8.391670416610688132e-01
7.116463542744707411e+03 8.043020881974541902e-01
7.126465672466147225e+03 7.797644867169627458e-01
7.136467802187587040e+03 7.633924011486689087e-01
7.146469931909026855e+03 7.406149482089811054e-01
7.156472061630466669e+03 7.445556159616463221e-01
7.166474191351906484e+03 7.453115456771450820e-01
7.176476321073346298e+03 7.250968788460996350e-01
7.186478450794786113e+03 7.427907966356086522e-01
7.196480580516225928e+03 7.455708971730317103e-01
7.206482710237665742e+03 7.583422989875334697e-01
7.216484839959105557e+03 7.834858733944327636e-01
7.226486969680545371e+03 7.803616097345064118e-01
7.236489099401984276e+03 7.753311740375138372e-01
7.246491229123425001e+03 7.323673248089862531e-01
7.256493358844863906e+03 7.247615656324605249e-01
7.266495488566304630e+03 8.057296276634382526e-01
7.276497618287743535e+03 8.528106511603150697e-01
7.286499748009184259e+03 8.496583627889846557e-01
7.296501877730623164e+03 8.393264629360284168e-01
7.306504007452063888e+03 8.123365762922986066e-01
7.316506137173502793e+03 7.974557003676521205e-01
7.326508266894943517e+03 7.809198914853674456e-01
7.336510396616382423e+03 7.754113148788968068e-01
7.346512526337823147e+03 7.603293493583875851e-01
7.356514656059262052e+03 7.482629902834144753e-01
7.366516785780702776e+03 7.370239747718597689e-01
7.376518915502141681e+03 7.447675221127878498e-01
7.386521045223582405e+03 7.421327075792216732e-01
7.396523174945021310e+03 7.253456596175092974e-01
7.406525304666461125e+03 7.329086442345239538e-01
7.416527434387900939e+03 7.441045164403650158e-01
7.426529564109339844e+03 7.445084164477030475e-01
7.436531693830780569e+03 7.469438622010189377e-01
7.446533823552219474e+03 7.497323209857027493e-01
7.456535953273660198e+03 7.446355109722275767e-01
7.556557250488058344e+03 7.265347432057588373e-01
7.566559380209497249e+03 7.161274962120545151e-01
7.576561509930937973e+03 7.128510632858211515e-01
7.586563639652376878e+03 7.019592837817920650e-01
7.596565769373817602e+03 6.943304165098981295e-01
7.606567899095256507e+03 6.899629864853286110e-01
7.616570028816697231e+03 6.846046124987507087e-01
7.626572158538136136e+03 6.694130064406440539e-01
7.636574288259576861e+03 6.639464669012792308e-01
7.646576417981015766e+03 6.517549799481959782e-01
7.656578547702455580e+03 6.356166794724027458e-01
7.666580677423895395e+03 6.266389385910968723e-01
7.676582807145334300e+03 6.134895719188456775e-01
7.686584936866775024e+03 6.054554525702039447e-01
7.696587066588213929e+03 6.040630669088755678e-01
7.706589196309654653e+03 6.029654323788911086e-01
7.716591326031093558e+03 6.253822515323554931e-01
7.726593455752534283e+03 6.311029801207691525e-01
7.736595585473973188e+03 6.531483489327316594e-01
7.746597715195413912e+03 6.643769166352105904e-01
7.756599844916852817e+03 6.733942362756043520e-01
7.766601974638293541e+03 6.968184700547968013e-01
7.776604104359732446e+03 6.977902392142656396e-01
7.786606234081173170e+03 7.062716477067610965e-01
7.796608363802612075e+03 7.087928884099011784e-01
7.806610493524052799e+03 7.193245257893102762e-01
7.816612623245491704e+03 7.278346964856150514e-01
7.826614752966932429e+03 7.184446973497103928e-01
7.836616882688371334e+03 7.235346241007354351e-01
7.846619012409812058e+03 7.098211986537812379e-01
7.856621142131250963e+03 7.315826328896782860e-01
7.866623271852691687e+03 7.312308490123193838e-01
7.876625401574130592e+03 7.339438377408540326e-01
7.886627531295571316e+03 7.379609588728754943e-01
7.896629661017010221e+03 7.329536312712511270e-01
7.906631790738449126e+03 7.217605861196306760e-01
7.916633920459889850e+03 7.131595809420652188e-01
7.926636050181328756e+03 6.986749842699014890e-01
7.936638179902769480e+03 6.875976025105224876e-01
7.946640309624208385e+03 6.755545973617191891e-01
7.956642439345649109e+03 6.565206558716624174e-01
7.966644569067088014e+03 6.359785424126349618e-01
7.976646698788528738e+03 6.346323729420426663e-01
7.986648828509967643e+03 6.193944277777989615e-01
7.996650958231408367e+03 6.004540249078225145e-01
8.006653087952847272e+03 5.805468924098141636e-01
8.016655217674287996e+03 5.872101362922839130e-01
8.026657347395726902e+03 5.834661331810492291e-01
8.036659477117167626e+03 5.876314902865489298e-01
8.046661606838606531e+03 5.986960888442349749e-01
8.056663736560047255e+03 6.053900615769283178e-01
8.066665866281486160e+03 6.171018097203219144e-01
8.076667996002926884e+03 6.224160570779788682e-01
8.086670125724365789e+03 5.638790723869691046e-01
8.096672255445806513e+03 6.043767470119572049e-01
8.106674385167245418e+03 6.348162543817803538e-01
8.116676514888686143e+03 6.164708849675324398e-01
8.126678644610125048e+03 6.239375039102461606e-01
8.136680774331564862e+03 5.836605853452637716e-01
8.146682904053004677e+03 6.113285962557263309e-01
8.156685033774443582e+03 6.094986317672147491e-01
8.166687163495884306e+03 6.120978008345216992e-01
8.176689293217323211e+03 5.921174107575803980e-01
8.186691422938763935e+03 6.235444204581866989e-01
8.196693552660202840e+03 6.054416860453039062e-01
8.206695682381643564e+03 6.246189468928030619e-01
8.216697812103084289e+03 6.154521621249219310e-01
8.226699941824521375e+03 6.230753752883747554e-01
8.236702071545962099e+03 6.126440368760952548e-01
8.246704201267402823e+03 6.104109098726508975e-01
8.256706330988843547e+03 6.155767983414286437e-01
8.266708460710280633e+03 6.005808736015452176e-01
8.276710590431721357e+03 6.124104976143963652e-01
8.286712720153162081e+03 6.038587815125894265e-01
8.296714849874602805e+03 6.034300525942707383e-01
8.306716979596039891e+03 5.985606360724496922e-01
8.316719109317480616e+03 5.946226724586041179e-01
8.326721239038921340e+03 5.991828338317757296e-01
8.336723368760362064e+03 5.954309641348839444e-01
8.346725498481799150e+03 6.040198006877607328e-01
8.356727628203239874e+03 5.940496408596358524e-01
8.366729757924680598e+03 5.951728417930062243e-01
8.376731887646121322e+03 6.013441782410977599e-01
8.386734017367558408e+03 5.934476012260564426e-01
8.396736147088999132e+03 5.945818645455073215e-01
8.406738276810439856e+03 5.843774279632781843e-01
8.416740406531876943e+03 5.861004560530118646e-01
8.426742536253317667e+03 5.837667842516363059e-01
8.436744665974758391e+03 5.857435097288153925e-01
8.446746795696199115e+03 5.840026589059521545e-01
8.456748925417636201e+03 5.802968824843954820e-01
8.466751055139076925e+03 5.788027228711266625e-01
8.476753184860517649e+03 5.749512916995106471e-01
8.486755314581958373e+03 5.813630506717509805e-01
8.496757444303395459e+03 5.755400564697934485e-01
8.506759574024836184e+03 5.602764219867627515e-01
8.516761703746276908e+03 5.729406415716847834e-01
8.526763833467717632e+03 5.900575944693969843e-01
8.536765963189154718e+03 5.858406128955216952e-01
8.546768092910595442e+03 5.777200840200513721e-01
8.556770222632036166e+03 5.847432241963390620e-01
8.566772352353476890e+03 5.859207537369046648e-01
8.576774482074913976e+03 5.796832888031320241e-01
8.586776611796354700e+03 5.782267413025369285e-01
8.596778741517795424e+03 5.752488698850752868e-01
8.606780871239236149e+03 5.661549739499244227e-01
8.616783000960673235e+03 5.547968534149031461e-01
8.626785130682113959e+03 5.518503254246696077e-01
8.636787260403554683e+03 5.516307985186726937e-01
8.646789390124991769e+03 5.644041669795887284e-01
8.656791519846432493e+03 5.746902193880114584e-01
8.666793649567873217e+03 5.718198989463323390e-01
8.676795779289313941e+03 5.708292008151256702e-01
8.686797909010751027e+03 5.720345092362933981e-01
8.696800038732191751e+03 5.652780954799458968e-01
8.706802168453632476e+03 5.694702481428404184e-01
8.716804298175073200e+03 5.482683248118133124e-01
8.726806427896510286e+03 5.461404133915345183e-01
8.736808557617951010e+03 5.525610222726393683e-01
8.746810687339391734e+03 5.397089879551509872e-01
8.756812817060832458e+03 5.438976989868204992e-01
8.766814946782269544e+03 5.466667371381630502e-01
8.776817076503710268e+03 5.418804114273464423e-01
8.786819206225150992e+03 5.412203557245449659e-01
8.796821335946591716e+03 5.514014383806042918e-01
8.806823465668028803e+03 5.367066563729113726e-01
8.816825595389469527e+03 5.376474508513549022e-01
8.826827725110910251e+03 5.503042955122233737e-01
8.836829854832350975e+03 5.226339492091437444e-01
8.846831984553788061e+03 5.429507587383323175e-01
8.856834114275228785e+03 5.314451397222381690e-01
8.866836243996669509e+03 5.343026769622245542e-01
8.876838373718106595e+03 5.149326847661233053e-01
8.886840503439547319e+03 5.162478795556902922e-01
8.896842633160988044e+03 5.118317750323666537e-01
8.906844762882428768e+03 5.042065952224995540e-01
8.916846892603865854e+03 5.036345469467383706e-01
8.926849022325306578e+03 4.905799480485765196e-01
8.936851152046747302e+03 4.779262991881314537e-01
8.946853281768188026e+03 4.735615733023815221e-01
8.956855411489625112e+03 4.699783435355163741e-01
8.966857541211065836e+03 4.751734858697068686e-01
8.976859670932506560e+03 4.657800451025772004e-01
8.986861800653947284e+03 4.864084451730322778e-01
8.996863930375384371e+03 4.737267716011832053e-01
9.006866060096825095e+03 4.933612777400085969e-01
9.016868189818265819e+03 4.816432609111693242e-01
9.026870319539706543e+03 4.871700289969722042e-01
9.036872449261143629e+03 5.045895996116855908e-01
9.046874578982584353e+03 5.135201409790481897e-01
9.056876708704025077e+03 5.136941891867142784e-01
9.066878838425465801e+03 5.141916278141326346e-01
9.076880968146902887e+03 5.025369124167539114e-01
9.086883097868343611e+03 4.927017136988107171e-01
9.096885227589784336e+03 4.937455112832035420e-01
9.106887357311225060e+03 4.818480379690590065e-01
9.116889487032662146e+03 4.704668093386695227e-01
9.126891616754102870e+03 4.542741802556812258e-01
9.136893746475543594e+03 4.410611434057668534e-01
9.146895876196980680e+03 4.596689372009237773e-01
9.156898005918421404e+03 4.097628261298967289e-01
9.166900135639862128e+03 4.179300628577068411e-01
9.176902265361302852e+03 3.950850064475272538e-01
9.186904395082739939e+03 4.567661670934083928e-01
9.196906524804180663e+03 4.435335866947518468e-01
9.206908654525621387e+03 4.779280200037439030e-01
9.216910784247062111e+03 4.951682570485528290e-01
9.226912913968499197e+03 5.158334088238752946e-01
9.236915043689939921e+03 5.097424590479685547e-01
9.246917173411380645e+03 4.885161984675644442e-01
9.256919303132821369e+03 5.160214693872432479e-01
9.266921432854258455e+03 4.517966974352594089e-01
9.276923562575699179e+03 4.957342824696702732e-01
9.286925692297139904e+03 4.882010433796719062e-01
9.296927822018580628e+03 4.569056760734231948e-01
9.306929951740017714e+03 4.830764544855946641e-01
9.316932081461458438e+03 4.264316294759489256e-01
9.326934211182899162e+03 4.806006924807854630e-01
9.336936340904339886e+03 4.117897010906405586e-01
9.346938470625776972e+03 4.625901446185731736e-01
9.356940600347217696e+03 4.314163406438086268e-01
9.366942730068658420e+03 4.761080116627048886e-01
9.376944859790095506e+03 4.721527169773331867e-01
9.386946989511536231e+03 4.813635054587343531e-01
9.396949119232976955e+03 4.424826600171072877e-01
9.406951248954417679e+03 4.363518856513108335e-01
9.416953378675854765e+03 4.462244506511258146e-01
9.426955508397295489e+03 4.293872532058486402e-01
9.436957638118736213e+03 4.301045874854667050e-01
9.446959767840176937e+03 4.272834332041450800e-01
9.456961897561614023e+03 4.214429850152604518e-01
9.466964027283054747e+03 4.151364416261854040e-01
9.476966157004495471e+03 3.956641838165403380e-01
9.486968286725936196e+03 3.947364183705915908e-01
9.496970416447373282e+03 4.088687395037929329e-01
9.506972546168814006e+03 4.476719024120548451e-01
9.516974675890254730e+03 4.245065284671453165e-01
9.526976805611695454e+03 4.349668749140359614e-01
9.536978935333132540e+03 4.234098772603681060e-01
9.546981065054573264e+03 4.252811413235800253e-01
9.556983194776013988e+03 4.227272051238021855e-01
9.566985324497454712e+03 4.160701070113771438e-01
9.576987454218891799e+03 4.211698669944737849e-01
9.586989583940332523e+03 4.130144301451494915e-01
9.596991713661773247e+03 4.105979133635713207e-01
9.606993843383212152e+03 4.125392392052928403e-01
9.616995973104651057e+03 4.103233203579738086e-01
9.626998102826091781e+03 4.157011149778929715e-01
9.637000232547532505e+03 4.141710640675630994e-01
9.647002362268969591e+03 4.041246966908838001e-01
9.657004491990410315e+03 4.105074476285132112e-01
9.667006621711851039e+03 4.046087375396048014e-01
9.677008751433291764e+03 3.984670237031288087e-01
9.687010881154728850e+03 3.749998924490241525e-01
9.697013010876169574e+03 3.778611171510373179e-01
9.707015140597610298e+03 3.786848961678296321e-01
9.717017270319051022e+03 3.734546000289833967e-01
9.727019400040488108e+03 3.767770033151512377e-01
9.737021529761928832e+03 3.608039011381596883e-01
9.747023659483369556e+03 3.579082601238962047e-01
9.757025789204810280e+03 3.552339897466429974e-01
9.767027918926247366e+03 3.392885435348526602e-01
9.777030048647688091e+03 3.639365230453469602e-01
9.787032178369128815e+03 3.550381855130187447e-01
9.797034308090569539e+03 3.576002341292555675e-01
9.807036437812006625e+03 3.518450892285914788e-01
9.817038567533447349e+03 3.480651948202957979e-01
9.827040697254888073e+03 3.697944252211585736e-01
