3.617917703553809588e+03 1.080478802095863777e+00
3.637960512205067062e+03 1.069759953106310224e+00
3.658003320856324081e+03 1.089438306811481905e+00
3.678046129507581099e+03 9.685717102184506766e-01
3.698088938158838573e+03 1.022322317823340931e+00
3.718131746810095137e+03 9.873470884631174727e-01
3.738174555461352611e+03 1.024679541532603322e+00
3.758217364112610085e+03 1.010038784737342876e+00
3.778260172763866649e+03 1.019707813336223845e+00
3.798302981415124123e+03 9.800879332218146445e-01
3.818345790066381142e+03 9.895261191732721562e-01
3.838388598717638160e+03 1.011058012434230324e+00
3.858431407368895634e+03 9.943495672266892127e-01
3.878474216020152198e+03 9.667880428645184709e-01
3.898517024671409672e+03 9.843089695889737367e-01
3.918559833322667146e+03 1.002555131999919968e+00
3.938602641973923710e+03 9.787574909609919604e-01
3.958645450625181184e+03 1.042289451450339133e+00
3.978688259276438203e+03 1.007085494493126232e+00
3.998731067927695221e+03 1.038562732584731307e+00
4.018773876578952695e+03 1.045527895815637098e+00
4.038816685230209259e+03 1.030582420682776057e+00
4.058859493881466733e+03 1.095425410291457569e+00
4.078902302532724207e+03 1.116235844741701344e+00
4.098945111183980771e+03 9.655086639641861090e-01
4.118987919835238245e+03 1.114486320344783232e+00
4.139030728486495718e+03 1.125321950333328047e+00
4.159073537137752282e+03 1.134693587733613951e+00
4.179116345789008847e+03 1.159238219263501568e+00
4.199159154440267230e+03 1.115566960041787459e+00
4.219201963091523794e+03 1.122108206735604519e+00
4.239244771742780358e+03 1.103906989146391959e+00
4.259287580394037832e+03 1.133439211750917996e+00
4.279330389045295306e+03 1.159696656445181828e+00
4.299373197696551870e+03 1.155581523674779287e+00
4.319416006347809343e+03 1.144033272764835463e+00
4.339458814999066817e+03 1.161488632925821163e+00
4.359501623650323381e+03 1.190784272031743862e+00
4.379544432301580855e+03 1.163715327808267697e+00
4.399587240952838329e+03 1.166372813141714815e+00
4.419630049604094893e+03 1.166399704497239398e+00
4.439672858255352367e+03 1.170283919082702573e+00
4.459715666906609840e+03 1.163336809318005871e+00
4.479758475557866404e+03 1.169706057088987894e+00
4.499801284209122969e+03 1.162418348666819368e+00
4.519844092860381352e+03 1.165356531407932383e+00
4.539886901511637916e+03 1.154503376715787510e+00
4.559929710162894480e+03 1.176255310759450223e+00
4.579972518814151954e+03 1.194831118888117993e+00
4.600015327465409428e+03 1.205209293682684146e+00
4.620058136116665992e+03 1.212383318143997801e+00
4.640100944767923465e+03 1.259901929643602703e+00
4.660143753419180939e+03 1.241847632522073086e+00
4.680186562070437503e+03 1.228417439950507895e+00
4.700229370721694977e+03 1.202838246608082029e+00
4.720272179372952451e+03 1.189650378386299501e+00
4.740314988024209015e+03 1.153755555312156789e+00
4.760357796675466489e+03 1.165907653121153409e+00
4.780400605326723962e+03 1.170400926694240340e+00
4.800443413977980526e+03 1.207097958183186659e+00
4.820486222629237091e+03 1.214939356594104014e+00
4.840529031280494564e+03 1.209252061513220289e+00
4.860571839931752038e+03 1.263454458998425345e+00
4.880614648583008602e+03 1.249088809834682401e+00
4.900657457234266076e+03 1.224092463961995447e+00
4.920700265885523550e+03 1.229272449088658847e+00
4.940743074536780114e+03 1.220049771668974881e+00
4.960785883188037587e+03 1.241635145490920245e+00
4.980828691839295061e+03 1.221693241394105289e+00
5.000871500490551625e+03 1.234833369906080502e+00
5.020914309141809099e+03 1.229886569089821968e+00
5.040957117793066573e+03 1.244143821918796355e+00
5.060999926444323137e+03 1.237146102018702232e+00
5.081042735095579701e+03 1.232671939437041564e+00
5.101085543746837175e+03 1.232946140618372599e+00
5.121128352398094648e+03 1.235596374350330207e+00
5.141171161049351213e+03 1.221451370269415859e+00
5.161213969700608686e+03 1.212451301907964130e+00
5.181256778351866160e+03 1.211135287312605557e+00
5.201299587003122724e+03 1.199096873464464030e+00
5.221342395654380198e+03 1.198112317487199263e+00
5.241385204305637671e+03 1.190181633732939392e+00
5.261428012956894236e+03 1.226152523085208834e+00
5.281470821608151709e+03 1.257667227784510899e+00
5.301513630259409183e+03 1.261804341971929588e+00
5.321556438910665747e+03 1.248478315634264035e+00
5.341599247561923221e+03 1.270433823282248520e+00
5.361642056213180695e+03 1.249239960403234262e+00
5.381684864864437259e+03 1.248740657425658762e+00
5.401727673515693823e+03 1.243150881277309105e+00
5.421770482166951297e+03 1.232595571008852531e+00
5.441813290818208770e+03 1.232203153615735403e+00
5.461856099469465335e+03 1.228081071393904988e+00
5.481898908120722808e+03 1.204509514138923265e+00
5.501941716771980282e+03 1.211611098122854946e+00
5.521984525423236846e+03 1.189851232640062539e+00
5.542027334074494320e+03 1.204933657288558280e+00
5.562070142725751793e+03 1.209027186329522552e+00
5.582112951377008358e+03 1.196334164371899877e+00
5.602155760028265831e+03 1.213982522885034498e+00
5.622198568679523305e+03 1.206732658758140619e+00
5.642241377330779869e+03 1.211795938423327890e+00
5.662284185982036433e+03 1.205908166776259005e+00
5.682326994633293907e+03 1.206178440006783203e+00
5.702369803284551381e+03 1.181904988157606029e+00
5.722412611935807945e+03 1.178020471422080551e+00
5.742455420587065419e+03 1.173917500191676400e+00
5.762498229238322892e+03 1.184029858469134000e+00
5.782541037889579457e+03 1.183260962098673819e+00
5.802583846540836930e+03 1.184811747292263240e+00
5.822626655192094404e+03 1.182227382273837835e+00
5.842669463843350968e+03 1.152872144068171067e+00
5.862712272494608442e+03 1.123310084145015431e+00
5.882755081145865915e+03 1.192748625122795669e+00
5.902797889797122480e+03 1.143696602058170697e+00
5.922840698448379953e+03 1.168645132683534538e+00
5.942883507099636518e+03 1.155682290720480454e+00
5.962926315750893991e+03 1.145214755045056210e+00
5.982969124402151465e+03 1.145079769504825151e+00
6.003011933053408029e+03 1.139507820210137856e+00
6.023054741704665503e+03 1.130214968438537637e+00
6.043097550355922067e+03 1.131483469936635400e+00
6.063140359007179541e+03 1.123100769689514333e+00
6.083183167658437014e+03 1.114080608348934964e+00
6.103225976309693579e+03 1.111045057750319032e+00
6.123268784960951052e+03 1.103394844791178331e+00
6.143311593612208526e+03 1.107261156985463790e+00
6.163354402263465090e+03 1.096770582367806668e+00
6.183397210914722564e+03 1.096773679405942614e+00
6.203440019565979128e+03 1.085844307360639860e+00
6.223482828217236602e+03 1.071359308922378073e+00
6.243525636868494075e+03 1.088699549909713626e+00
6.263568445519750640e+03 1.090736116865600902e+00
6.283611254171008113e+03 1.080965263695801371e+00
6.303654062822264677e+03 1.073446863701240206e+00
6.323696871473522151e+03 1.084635404962285943e+00
6.343739680124779625e+03 1.090150172357726044e+00
6.363782488776036189e+03 1.072258431969591586e+00
6.383825297427293663e+03 1.039379368664999026e+00
6.403868106078551136e+03 1.029036243277632989e+00
6.423910914729807700e+03 1.026040727562241850e+00
6.443953723381065174e+03 1.040104302201427577e+00
6.463996532032322648e+03 1.046171928672945617e+00
6.484039340683579212e+03 1.044011857879186156e+00
6.504082149334836686e+03 1.039369926475559147e+00
6.524124957986093250e+03 1.017037637700169750e+00
6.544167766637350724e+03 1.015431936732798635e+00
6.564210575288608197e+03 1.220980469397675128e+00
6.584253383939864761e+03 1.127726309452273590e+00
6.604296192591122235e+03 1.067353478936930333e+00
6.624339001242378799e+03 1.036686531774289266e+00
6.644381809893636273e+03 1.004656207994059747e+00
6.664424618544893747e+03 9.994936720334812730e-01
6.684467427196150311e+03 9.964869767657932309e-01
6.704510235847407785e+03 1.000000000000000000e+00
6.724553044498665258e+03 9.901304948349335389e-01
6.744595853149921822e+03 9.631456238662290392e-01
6.764638661801179296e+03 9.633486687079421129e-01
6.784681470452436770e+03 9.567986596623245799e-01
6.804724279103693334e+03 9.619493362329667452e-01
6.824767087754950808e+03 9.329070499540921269e-01
6.844809896406207372e+03 9.336531339948657138e-01
6.864852705057464846e+03 9.288657173363509267e-01
6.884895513708721410e+03 9.252609915583048794e-01
6.904938322359978883e+03 9.112423617408526022e-01
6.924981131011236357e+03 9.054862519833318801e-01
6.945023939662492921e+03 9.058847123776905264e-01
6.965066748313750395e+03 9.062361884373968390e-01
6.985109556965007869e+03 8.966518373934118102e-01
7.005152365616264433e+03 9.036137525111501700e-01
7.025195174267521907e+03 8.876132448990460277e-01
7.045237982918779380e+03 8.989808100718701400e-01
7.065280791570035944e+03 8.921300861769746460e-01
7.085323600221293418e+03 8.930585177802092822e-01
7.105366408872549982e+03 8.794555709106536279e-01
7.125409217523807456e+03 8.768500553878831871e-01
7.145452026175064930e+03 8.676740601527896946e-01
7.165494834826321494e+03 8.668143676886764792e-01
7.185537643477578968e+03 8.686373145506782745e-01
7.205580452128835532e+03 8.681149726308696746e-01
7.225623260780093005e+03 8.602977462249182805e-01
7.245666069431350479e+03 8.686566521546510433e-01
7.265708878082607043e+03 8.590685242348898853e-01
7.285751686733864517e+03 8.468581870014286750e-01
7.305794495385121991e+03 8.455271404404819391e-01
7.325837304036378555e+03 8.464182565110504042e-01
7.345880112687636029e+03 8.403488926766756739e-01
7.365922921338893502e+03 8.356778793295743801e-01
7.385965729990150066e+03 8.317125374524443338e-01
7.406008538641407540e+03 8.333543453522332944e-01
7.426051347292664104e+03 8.235116560051757295e-01
7.446094155943921578e+03 8.380609368691436245e-01
7.466136964595178142e+03 8.246366362237889103e-01
7.486179773246435616e+03 8.234332480640679242e-01
7.506222581897693090e+03 8.169237271267680844e-01
7.526265390548949654e+03 8.076629787992632981e-01
7.546308199200207127e+03 8.295906131040216014e-01
7.566351007851464601e+03 8.131334812106095766e-01
7.586393816502721165e+03 7.954328507367363077e-01
7.606436625153978639e+03 8.008317435833712805e-01
7.626479433805236113e+03 7.776370429933099349e-01
7.646522242456492677e+03 8.024664509567014381e-01
7.666565051107750151e+03 7.668701521438868740e-01
7.686607859759006715e+03 7.789308495591064085e-01
7.706650668410264188e+03 7.731139321015934041e-01
7.726693477061520753e+03 7.700517922975150809e-01
7.746736285712779136e+03 7.753325444698795366e-01
7.766779094364035700e+03 7.508295341110423626e-01
7.786821903015292264e+03 7.708985678464745916e-01
7.806864711666549738e+03 7.559537725512531781e-01
7.826907520317807212e+03 7.378663144604109547e-01
7.846950328969063776e+03 7.559099607922525887e-01
7.866993137620321249e+03 7.333790083510498548e-01
7.887035946271578723e+03 7.393503244902822624e-01
7.907078754922835287e+03 7.212927792555854367e-01
7.927121563574092761e+03 7.128800150772881539e-01
7.947164372225350235e+03 7.311008724205354525e-01
7.967207180876606799e+03 7.076410351510051822e-01
7.987249989527863363e+03 6.987000371266888221e-01
8.007292798179121746e+03 6.944030855564339300e-01
8.027335606830378310e+03 6.864024540628042015e-01
8.047378415481634875e+03 6.883783643937302354e-01
8.067421224132893258e+03 6.758224430267730787e-01
8.087464032784149822e+03 6.857497343912110077e-01
8.107506841435406386e+03 6.583959381967154911e-01
8.127549650086663860e+03 6.658500557655707697e-01
8.147592458737921334e+03 6.742786828221269957e-01
8.167635267389177898e+03 6.478327720266451317e-01
8.187678076040435371e+03 6.537380683773144074e-01
8.207720884691692845e+03 6.411589569930932209e-01
8.227763693342949409e+03 6.498022616687521014e-01
8.247806501994205973e+03 6.519413330331975676e-01
8.267849310645464357e+03 6.401496247107385518e-01
8.287892119296720921e+03 6.473533354156507658e-01
8.307934927947977485e+03 6.350875536457992743e-01
8.327977736599235868e+03 6.413920657659823998e-01
8.348020545250492432e+03 6.324570352053922040e-01
8.368063353901748997e+03 6.276274686132180536e-01
8.388106162553005561e+03 6.428713924698916671e-01
8.408148971204263944e+03 6.041231397470474551e-01
8.428191779855520508e+03 6.432746872652436165e-01
8.448234588506777072e+03 6.166760396133837974e-01
8.468277397158035456e+03 6.211112248370372901e-01
8.488320205809292020e+03 6.109505980871634545e-01
8.508363014460548584e+03 6.178923446882585990e-01
8.528405823111806967e+03 6.084309687195371685e-01
8.548448631763063531e+03 6.084151813787938012e-01
8.568491440414320095e+03 6.123998608598963944e-01
8.588534249065578479e+03 5.946604041030467691e-01
8.608577057716835043e+03 5.987904933015218978e-01
8.628619866368091607e+03 5.654943873737531268e-01
8.648662675019349990e+03 5.766085241820136931e-01
8.668705483670606554e+03 5.467568534243610889e-01
8.688748292321863119e+03 5.798849639176172355e-01
8.708791100973121502e+03 5.489234204444551901e-01
8.728833909624378066e+03 5.454022391585724439e-01
8.748876718275634630e+03 5.503000161272595392e-01
8.768919526926893013e+03 5.241166737357191296e-01
8.788962335578149577e+03 5.389875933407637376e-01
8.809005144229406142e+03 5.084584266064280378e-01
8.829047952880662706e+03 5.316277465912752076e-01
8.849090761531921089e+03 5.292718825572924057e-01
8.869133570183177653e+03 4.896785916483457068e-01
8.889176378834434217e+03 4.977934358654390046e-01
8.909219187485692601e+03 4.806680235722370909e-01
8.929261996136949165e+03 5.081460034422445871e-01
8.949304804788205729e+03 4.916968029879619229e-01
8.969347613439462293e+03 4.545053029224331853e-01
8.989390422090720676e+03 4.785853031943682057e-01
9.009433230741977241e+03 4.464426551285629596e-01
9.029476039393233805e+03 4.589949506947752500e-01
9.049518848044492188e+03 4.601166072627054793e-01
9.069561656695748752e+03 4.366697624458443228e-01
9.089604465347005316e+03 4.432488534349362519e-01
9.109647273998263699e+03 4.216188369413197967e-01
9.129690082649520264e+03 4.050317805212164113e-01
9.149732891300776828e+03 4.067064472402557862e-01
9.169775699952035211e+03 4.012443294931318793e-01
9.189818508603291775e+03 3.888268683921197177e-01
9.209861317254548339e+03 3.955518978611929914e-01
9.229904125905806723e+03 3.780936672746177396e-01
9.249946934557063287e+03 3.731130256514072485e-01
9.269989743208319851e+03 3.648641023442690257e-01
9.290032551859578234e+03 3.250975283747234434e-01
9.310075360510834798e+03 3.146112593954505932e-01
9.330118169162091363e+03 2.975217274221199082e-01
9.350160977813349746e+03 3.686951385188075303e-01
