3600 -3.40897984238083e-19
3602.5 -3.40815472971981e-19
3605 -3.40733065103456e-19
3607.5 -3.4065096742766e-19
3610 -3.40568973149441e-19
3612.5 -6.84024017982843e-13
3615 -9.09843814872469e-13
3617.5 -9.22694646382505e-13
3620 -5.39013224245405e-13
3622.5 4.66256807468701e-14
3625 1.28367748288699e-13
3627.5 -3.73468481617775e-14
3630 -6.86544137512568e-13
3632.5 -6.79427705502916e-13
3635 3.01180385969477e-13
3637.5 3.62692216754681e-13
3640 1.19803125753215e-12
3642.5 -1.8678250135809e-13
3645 9.04799239004328e-15
3647.5 2.029853607248e-13
3650 -8.3797183601797e-13
3652.5 9.78562391708293e-14
3655 7.45353214912092e-13
3657.5 6.43402974127849e-14
3660 1.20920363565896e-12
3662.5 1.26147540763927e-12
3665 8.58475074881626e-13
3667.5 1.97915989152975e-12
3670 2.53784558472414e-12
3672.5 2.52555441837554e-12
3675 8.11340361214774e-13
3677.5 2.16948052404742e-12
3680 4.87110731525048e-13
3682.5 8.04395612619135e-13
3685 1.47846101680726e-12
3687.5 1.77011638853586e-12
3690 -7.88285018857304e-13
3692.5 1.15979979526531e-13
3695 1.4179740281256e-12
3697.5 2.04494580990922e-12
3700 2.42924994356408e-12
3702.5 2.37155152287005e-12
3705 1.3361240282575e-12
3707.5 5.67462255570556e-13
3710 1.34263249389893e-12
3712.5 2.46843257639684e-12
3715 1.80658439596915e-13
3717.5 8.04038259583084e-13
3720 1.93210031307345e-12
3722.5 9.78955848676688e-13
3725 3.33054504114694e-12
3727.5 2.1230764542246e-12
3730 1.6560898702736e-12
3732.5 8.70469278255182e-13
3735 6.74277962024045e-13
3737.5 2.18148741258639e-12
3740 -1.01776578701265e-13
3742.5 6.65735153636271e-13
3745 6.07520761128355e-13
3747.5 3.05131300001177e-13
3750 2.65905006346934e-12
3752.5 1.17578472999535e-12
3755 -4.06288636631627e-13
3757.5 1.26325946231409e-12
3760 2.4076214112656e-12
3762.5 1.27155404261448e-12
3765 1.13528381574107e-12
3767.5 1.49444540943622e-12
3770 7.63148929900509e-13
3772.5 1.25640405197747e-12
3775 1.89299487543537e-12
3777.5 9.62842978090295e-13
3780 1.55263204636852e-12
3782.5 2.45150145843087e-12
3785 6.74815726301597e-13
3787.5 1.34247257407849e-12
3790 1.36251134073145e-12
3792.5 1.57092698224726e-12
3795 1.1886186479515e-12
3797.5 1.93138452279917e-12
3800 2.85960144452702e-12
3802.5 8.83207894840365e-13
3805 1.99840491377223e-12
3807.5 2.78877138396028e-12
3810 1.55874011614765e-12
3812.5 1.9952429465564e-12
3815 1.96517845399424e-12
3817.5 2.83650902245525e-12
3820 3.52711154553986e-12
3822.5 3.33896061840977e-12
3825 1.78856051063353e-12
3827.5 3.0764889333984e-12
3830 3.72826639352675e-12
3832.5 2.30581612831182e-12
3835 3.19500936124539e-12
3837.5 2.23497782780857e-12
3840 3.41699498557224e-12
3842.5 4.94010127943811e-12
3845 4.65695190743354e-12
3847.5 3.56130511365571e-12
3850 4.26885957138801e-12
3852.5 4.50809962276866e-12
3855 3.92758915668256e-12
3857.5 4.06962484544859e-12
3860 5.22604529096249e-12
3862.5 4.67424276368034e-12
3865 7.31086111788182e-12
3867.5 5.57275493112686e-12
3870 6.64388943166783e-12
3872.5 7.74202056630369e-12
3875 8.15038661561296e-12
3877.5 7.2536065695572e-12
3880 9.46924483269385e-12
3882.5 9.12458737040156e-12
3885 1.12261805754188e-11
3887.5 1.14234906256616e-11
3890 1.2273899778481e-11
3892.5 1.3905275368653e-11
3895 1.48611990768988e-11
3897.5 1.44079210367964e-11
3900 1.47366858299636e-11
3902.5 1.8747906005423e-11
3905 1.93661753300489e-11
3907.5 1.89340799983118e-11
3910 2.17293197324331e-11
3912.5 2.55184449959867e-11
3915 2.58997892577106e-11
3917.5 2.61684632296699e-11
3920 2.80640094496576e-11
3922.5 3.0475514473105e-11
3925 3.24582548338892e-11
3927.5 3.32801286528905e-11
3930 3.45538909984899e-11
3932.5 3.63209670672937e-11
3935 3.50496992540528e-11
3937.5 3.45702841353379e-11
3940 3.62149546462298e-11
3942.5 3.58589130611264e-11
3945 3.75536650387698e-11
3947.5 4.1001042838662e-11
3950 3.91487953166347e-11
3952.5 3.4599809128899e-11
3955 3.63353236387809e-11
3957.5 3.56307865156946e-11
3960 3.52074341902764e-11
3962.5 3.37513073045415e-11
3965 3.18696909140659e-11
3967.5 3.26543583839545e-11
3970 3.2011573947166e-11
3972.5 3.15646397908154e-11
3975 2.92213787889128e-11
3977.5 2.76767810059031e-11
3980 2.80905299021583e-11
3982.5 2.73694643337929e-11
3985 2.70758242215674e-11
3987.5 2.62472994727592e-11
3990 2.53331453037298e-11
3992.5 2.60416393310647e-11
3995 2.44378354358199e-11
3997.5 2.59350804721059e-11
4000 2.59973952088099e-11
4002.5 2.7059174345645e-11
4005 2.7495974247449e-11
4007.5 2.84233851732818e-11
4010 2.78487302662889e-11
4012.5 3.0283799773434e-11
4015 3.18243452424039e-11
4017.5 3.36152494728736e-11
4020 3.58650956155948e-11
4022.5 3.82084225369894e-11
4025 3.96003230207498e-11
4027.5 4.01003501238062e-11
4030 4.15158150912642e-11
4032.5 4.27960410165351e-11
4035 4.71298590432045e-11
4037.5 4.81012521480473e-11
4040 5.35093774844952e-11
4042.5 5.52744204573852e-11
4045 5.694292259939e-11
4047.5 5.75657299606291e-11
4050 5.89307977416631e-11
4052.5 6.41120628808167e-11
4055 6.65782706743556e-11
4057.5 6.48348458254233e-11
4060 6.54399312516318e-11
4062.5 6.25433177470214e-11
4065 6.63757590557701e-11
4067.5 6.64163168906384e-11
4070 6.6742958382271e-11
4072.5 6.69865413138737e-11
4075 6.77866651699333e-11
4077.5 7.04674513185566e-11
4080 6.98509930452396e-11
4082.5 7.06497776947757e-11
4085 7.0208332203503e-11
4087.5 6.68433156048032e-11
4090 6.75827172003096e-11
4092.5 6.40076949776081e-11
4095 6.0142786584283e-11
4097.5 5.8897012267245e-11
4100 5.51268197757082e-11
4102.5 5.4668734816854e-11
4105 4.99784380547652e-11
4107.5 4.89955645499585e-11
4110 4.66383806574378e-11
4112.5 4.36638190881578e-11
4115 3.92038138063988e-11
4117.5 3.98771536624931e-11
4120 3.49395096188587e-11
4122.5 3.27958563084429e-11
4125 3.40523789721381e-11
4127.5 3.11261710850275e-11
4130 2.86953048128646e-11
4132.5 2.90873505837119e-11
4135 2.76316053371417e-11
4137.5 2.60635506232898e-11
4140 2.78409552356695e-11
4142.5 2.77681592997236e-11
4145 2.74643641162697e-11
4147.5 2.72249306432215e-11
4150 2.79394805902111e-11
4152.5 2.85507659181228e-11
4155 2.70988249201354e-11
4157.5 2.68577347861676e-11
4160 2.7418494558118e-11
4162.5 2.73890840563062e-11
4165 2.85469443223052e-11
4167.5 2.71261953871393e-11
4170 2.84934437155826e-11
4172.5 2.99758343147438e-11
4175 3.10070372155913e-11
4177.5 2.92531901480153e-11
4180 2.9462984135753e-11
4182.5 2.96026987645082e-11
4185 3.04345784685189e-11
4187.5 3.12835451987681e-11
4190 3.17083026502019e-11
4192.5 3.29691621225869e-11
4195 2.99573213458082e-11
4197.5 2.8673504542942e-11
4200 2.91039692346118e-11
4202.5 2.8982854310966e-11
4205 2.50442947630214e-11
4207.5 2.46614187404681e-11
4210 2.4911675153283e-11
4212.5 2.32644754155631e-11
4215 2.13863197984221e-11
4217.5 2.04431055417231e-11
4220 1.97663396067638e-11
4222.5 1.96373698552188e-11
4225 1.90495397234258e-11
4227.5 1.8926409051101e-11
4230 1.85714742195753e-11
4232.5 1.79263947436281e-11
4235 1.91114398612191e-11
4237.5 1.92556491585005e-11
4240 1.86892445963593e-11
4242.5 1.90699348673329e-11
4245 1.83521704777423e-11
4247.5 1.81640154306439e-11
4250 2.08167441617668e-11
4252.5 2.04628796546258e-11
4255 2.14602190184987e-11
4257.5 2.22718250092457e-11
4260 2.3239134575026e-11
4262.5 2.25508847706557e-11
4265 2.35652400371045e-11
4267.5 2.70962384474327e-11
4270 2.90869758834411e-11
4272.5 2.77813848315045e-11
4275 2.88210705301495e-11
4277.5 3.04038391685246e-11
4280 3.35245928240191e-11
4282.5 3.36092195740711e-11
4285 3.36869108996662e-11
4287.5 3.29767324558361e-11
4290 3.46976336551563e-11
4292.5 3.52266132930268e-11
4295 3.50017306804951e-11
4297.5 3.40773798068739e-11
4300 3.39056734077747e-11
4302.5 3.4730801568017e-11
4305 3.37980685105599e-11
4307.5 3.30937603709724e-11
4310 3.47720706395105e-11
4312.5 3.56146848123906e-11
4315 3.49812540045846e-11
4317.5 3.6437349665297e-11
4320 3.73366094985617e-11
4322.5 3.68864314093109e-11
4325 3.76640142685236e-11
4327.5 3.90346019396581e-11
4330 4.01419487927601e-11
4332.5 4.34858191122878e-11
4335 4.33428223867161e-11
4337.5 4.38985722772678e-11
4340 4.5068650200708e-11
4342.5 4.7221102028594e-11
4345 4.69869351760188e-11
4347.5 4.72207550838988e-11
4350 4.7872799474602e-11
4352.5 4.76438749563712e-11
4355 4.65888508327517e-11
4357.5 4.77760608852407e-11
4360 4.95198534955499e-11
4362.5 5.12211106862281e-11
4365 4.92418050779264e-11
4367.5 4.94361808434096e-11
4370 5.12184808454386e-11
4372.5 4.91225601861878e-11
4375 5.03214622749049e-11
4377.5 4.94329091549339e-11
4380 4.97024435497373e-11
4382.5 5.04015232327681e-11
4385 5.09612005372695e-11
4387.5 5.25376443738512e-11
4390 5.07774100544367e-11
4392.5 5.27804952521471e-11
4395 5.43339123693087e-11
4397.5 5.74323782975839e-11
4400 5.61371504836927e-11
4402.5 5.7182883428375e-11
4405 5.88603749074323e-11
4407.5 6.05397190711621e-11
4410 5.8978461003889e-11
4412.5 5.74464920077844e-11
4415 5.70388528076116e-11
4417.5 5.5288877642834e-11
4420 5.55299001225862e-11
4422.5 5.50925832731863e-11
4425 5.5890819750104e-11
4427.5 5.46920217447955e-11
4430 5.37186198301676e-11
4432.5 5.3071075312161e-11
4435 5.0337768675579e-11
4437.5 5.10152961541444e-11
4440 5.01756101944917e-11
4442.5 4.75447146930374e-11
4445 4.58240251299813e-11
4447.5 4.54019252749127e-11
4450 4.20960592772968e-11
4452.5 4.14696610384624e-11
4455 4.25603163822785e-11
4457.5 4.0969491688081e-11
4460 3.91214248496308e-11
4462.5 3.90335888611482e-11
4465 3.96727789508944e-11
4467.5 3.89058542327181e-11
4470 3.72374284185462e-11
4472.5 3.6579822504379e-11
4475 3.59692449436455e-11
4477.5 3.74310235584652e-11
4480 3.65433759641487e-11
4482.5 3.70211014621979e-11
4485 3.74076949971602e-11
4487.5 3.84259152275135e-11
4490 3.82367644491399e-11
4492.5 3.95405548581085e-11
4495 4.2059789678861e-11
4497.5 4.34363725543285e-11
4500 4.40109997057458e-11
4502.5 4.39443342825641e-11
4505 4.52538215234277e-11
4507.5 4.99093197325884e-11
4510 5.39614186667592e-11
4512.5 5.67670285778199e-11
4515 6.17131068469945e-11
4517.5 6.36512925700217e-11
4520 6.81447814843139e-11
4522.5 7.48564682462316e-11
4525 8.0919437817073e-11
4527.5 8.70357813598233e-11
4530 9.13629866206023e-11
4532.5 9.51348305688882e-11
4535 1.01113881156856e-10
4537.5 1.05627548374621e-10
4540 1.04730349392845e-10
4542.5 1.08153298816749e-10
4545 1.10137898801099e-10
4547.5 1.0737710026687e-10
4550 1.06211602013406e-10
4552.5 1.06644248987209e-10
4555 1.05643549463963e-10
4557.5 1.07209199851077e-10
4560 1.0827455598772e-10
4562.5 1.10146905485387e-10
4565 1.14304898879425e-10
4567.5 1.14197699907503e-10
4570 1.17240744890168e-10
4572.5 1.21728294111279e-10
4575 1.22691107273809e-10
4577.5 1.22090504373062e-10
4580 1.2735654197904e-10
4582.5 1.28749094718827e-10
4585 1.29804098025765e-10
4587.5 1.30157301603262e-10
4590 1.29106295099213e-10
4592.5 1.29749488930742e-10
4595 1.29566496420708e-10
4597.5 1.32588606760464e-10
4600 1.31810257153475e-10
4602.5 1.32302099831172e-10
4605 1.33726141271495e-10
4607.5 1.36811700857109e-10
4610 1.37585498549697e-10
4612.5 1.37672956368462e-10
4615 1.36935351946477e-10
4617.5 1.37778150000045e-10
4620 1.41183092994268e-10
4622.5 1.42168152250655e-10
4625 1.40290001837684e-10
4627.5 1.36083894153316e-10
4630 1.34070698987188e-10
4632.5 1.31866351171794e-10
4635 1.32180710821217e-10
4637.5 1.30929989072825e-10
4640 1.26613691753263e-10
4642.5 1.22141255443076e-10
4645 1.25563837105602e-10
4647.5 1.22612642261544e-10
4650 1.21118198803671e-10
4652.5 1.20342957821151e-10
4655 1.16187351406616e-10
4657.5 1.11929396306998e-10
4660 1.08768952178373e-10
4662.5 1.03972504217342e-10
4665 9.92364940222146e-11
4667.5 9.49375716929879e-11
4670 9.01288696453229e-11
4672.5 8.57730345082963e-11
4675 8.11328573768755e-11
4677.5 7.56340337582095e-11
4680 7.07834069135771e-11
4682.5 6.65878949202003e-11
4685 6.25199683690347e-11
4687.5 5.70688739320868e-11
4690 5.10293682309815e-11
4692.5 4.913669471307e-11
4695 4.49052947604223e-11
4697.5 3.80275255729146e-11
4700 3.57291418673356e-11
4702.5 3.43432574045899e-11
4705 3.24965679365796e-11
4707.5 3.08927640413348e-11
4710 2.85446249970178e-11
4712.5 2.65778718477883e-11
4715 2.49073903862973e-11
4717.5 2.38959164955421e-11
4720 2.39217100989064e-11
4722.5 2.33112851938388e-11
4725 2.40252887029335e-11
4727.5 2.35103742030063e-11
4730 2.10518651122538e-11
4732.5 2.16753594239893e-11
4735 2.25670246378762e-11
4737.5 2.13744646981873e-11
4740 2.26547652165676e-11
4742.5 2.28562654913667e-11
4745 2.23697345369533e-11
4747.5 2.4152485567086e-11
4750 2.31071342615685e-11
4752.5 2.29238503179907e-11
4755 2.42864998944992e-11
4757.5 2.50067189178083e-11
4760 2.65533307147736e-11
4762.5 2.91892447712438e-11
4765 2.98145397259475e-11
4767.5 2.99816109439188e-11
4770 3.18965340251331e-11
4772.5 3.6374021850083e-11
4775 3.95495199090323e-11
4777.5 4.36247565849257e-11
4780 4.91137269742481e-11
4782.5 5.41241045037832e-11
4785 6.22162460439668e-11
4787.5 6.82007852970123e-11
4790 7.08334849108816e-11
4792.5 7.63939189685203e-11
4795 8.35473218385729e-11
4797.5 8.7407109328197e-11
4800 9.2474326807146e-11
4802.5 9.92074200567572e-11
4805 1.01792213547114e-10
4807.5 1.03166149234557e-10
4810 1.06146549883057e-10
4812.5 1.07505698787591e-10
4815 1.08470704640595e-10
4817.5 1.07592143527846e-10
4820 1.04877800888303e-10
4822.5 1.06692502055417e-10
4825 1.06187947324088e-10
4827.5 1.02741849750121e-10
4830 9.99215432617717e-11
4832.5 9.92152193735052e-11
4835 9.60267559912964e-11
4837.5 9.40964667295319e-11
4840 9.27257784444357e-11
4842.5 9.12064382352362e-11
4845 9.09824021677608e-11
4847.5 9.49802042571335e-11
4850 9.86508930100882e-11
4852.5 1.02889266551109e-10
4855 1.05565653440998e-10
4857.5 1.09244696622213e-10
4860 1.14138504203609e-10
4862.5 1.18578244445722e-10
4865 1.24053295413873e-10
4867.5 1.31067004471852e-10
4870 1.34908556548297e-10
4872.5 1.38594608012355e-10
4875 1.4239000256655e-10
4877.5 1.42953704429516e-10
4880 1.45487399905164e-10
4882.5 1.509025959745e-10
4885 1.54870644086813e-10
4887.5 1.55919152589057e-10
4890 1.60088151068827e-10
4892.5 1.61629737371882e-10
4895 1.62181240659365e-10
4897.5 1.62392099767317e-10
4900 1.62750243837273e-10
4902.5 1.621613954228e-10
4905 1.5805450004347e-10
4907.5 1.53369095201583e-10
4910 1.47951456641593e-10
4912.5 1.44035103288864e-10
4915 1.41453043722706e-10
4917.5 1.37301003899637e-10
4920 1.32557451126836e-10
4922.5 1.26974000758118e-10
4925 1.22134302671384e-10
4927.5 1.18346096811273e-10
4930 1.13047599059612e-10
4932.5 1.11285744508471e-10
4935 1.12216597125681e-10
4937.5 1.10078904325128e-10
4940 1.09849400409257e-10
4942.5 1.11275849645764e-10
4945 1.12195003287852e-10
4947.5 1.16400000749195e-10
4950 1.19221355010524e-10
4952.5 1.20854798391079e-10
4955 1.23683605024461e-10
4957.5 1.29001642701354e-10
4960 1.32972452493441e-10
4962.5 1.34444400057276e-10
4965 1.4044974905314e-10
4967.5 1.41117145746605e-10
4970 1.4249471047556e-10
4972.5 1.47376000292354e-10
4975 1.47555398455346e-10
4977.5 1.48511203335033e-10
4980 1.50849194247016e-10
4982.5 1.52433288214127e-10
4985 1.52789308982548e-10
4987.5 1.51871598630393e-10
4990 1.54150997522251e-10
4992.5 1.51748405508023e-10
4995 1.4812739923542e-10
4997.5 1.51074694421105e-10
5000 1.51748003052177e-10
5002.5 1.50311846303097e-10
5005 1.49399603799338e-10
5007.5 1.47450301968277e-10
5010 1.48586587478405e-10
5012.5 1.50017248623513e-10
5015 1.49148360328866e-10
5017.5 1.48000556254857e-10
5020 1.43684106279629e-10
5022.5 1.44947193136957e-10
5025 1.43022593768194e-10
5027.5 1.38388106529774e-10
5030 1.35064959216891e-10
5032.5 1.31847560647103e-10
5035 1.29067700971319e-10
5037.5 1.24312504734547e-10
5040 1.20340543086073e-10
5042.5 1.16664053417814e-10
5045 1.12744653890662e-10
5047.5 1.08158849931872e-10
5050 1.04012250201624e-10
5052.5 9.80771297509619e-11
5055 9.41467598325474e-11
5057.5 8.84215756169482e-11
5060 8.46520908925896e-11
5062.5 8.19005141483586e-11
5065 7.86780918193841e-11
5067.5 7.47788497790225e-11
5070 7.19874715393587e-11
5072.5 7.06778871539804e-11
5075 7.00150076804462e-11
5077.5 6.80229900185125e-11
5080 6.68179539475844e-11
5082.5 6.66339969312979e-11
5085 6.61431326376416e-11
5087.5 6.49451464829198e-11
5090 6.41373690268843e-11
5092.5 6.57300186501786e-11
5095 6.62518095939646e-11
5097.5 6.72868982753982e-11
5100 6.84861750643861e-11
5102.5 6.96907809238922e-11
5105 7.35151176045612e-11
5107.5 7.31577992629795e-11
5110 7.35943389562621e-11
5112.5 7.66628913129175e-11
5115 7.80592812610337e-11
5117.5 8.17271250674878e-11
5120 8.63207422208134e-11
5122.5 8.83886991376315e-11
5125 9.04049474170776e-11
5127.5 9.23374432471036e-11
5130 9.14173250987638e-11
5132.5 9.15600095741098e-11
5135 9.36746930024768e-11
5137.5 9.58540816164977e-11
5140 9.67234278781426e-11
5142.5 9.63962590305734e-11
5145 9.9017301302684e-11
5147.5 9.86477011188924e-11
5150 1.01092550996995e-10
5152.5 1.03255848316053e-10
5155 1.03265146433884e-10
5157.5 1.06043354652918e-10
5160 1.07640896196415e-10
5162.5 1.07359246492855e-10
5165 1.10333499281356e-10
5167.5 1.13045753313834e-10
5170 1.1453080150936e-10
5172.5 1.14865394973407e-10
5175 1.13089600184413e-10
5177.5 1.13261802714426e-10
5180 1.11895395726869e-10
5182.5 1.11220650744759e-10
5185 1.13539955215458e-10
5187.5 1.13863647677181e-10
5190 1.13993994799166e-10
5192.5 1.14317194599423e-10
5195 1.13408400725934e-10
5197.5 1.13520401412437e-10
5200 1.12020198672624e-10
5202.5 1.15723153282232e-10
5205 1.17143600375513e-10
5207.5 1.14864354139321e-10
5210 1.16876647249242e-10
5212.5 1.17336390603739e-10
5215 1.16211450185144e-10
5217.5 1.15521245347416e-10
5220 1.12783650474402e-10
5222.5 1.09914799484301e-10
5225 1.05895951729718e-10
5227.5 1.03673652995795e-10
5230 1.02771152699077e-10
5232.5 1.02134162238698e-10
5235 1.00659550139603e-10
5237.5 1.0198310251841e-10
5240 1.02371847110483e-10
5242.5 1.0303695396896e-10
5245 1.0519030091416e-10
5247.5 1.07061949583542e-10
5250 1.08553846467352e-10
5252.5 1.11515949252627e-10
5255 1.11917503042847e-10
5257.5 1.09941951376147e-10
5260 1.12360350190688e-10
5262.5 1.12313852662638e-10
5265 1.11715844908211e-10
5267.5 1.1322930093538e-10
5270 1.15750756202182e-10
5272.5 1.19112442131808e-10
5275 1.1895429086195e-10
5277.5 1.15456894045352e-10
5280 1.16857454268704e-10
5282.5 1.20576049145171e-10
5285 1.21260598784367e-10
5287.5 1.22776150357495e-10
5290 1.24253149436093e-10
5292.5 1.21282400789013e-10
5295 1.20224191713092e-10
5297.5 1.23938748153307e-10
5300 1.22677951130967e-10
5302.5 1.21195359303883e-10
5305 1.24018656455505e-10
5307.5 1.23005453045444e-10
5310 1.25556204322308e-10
5312.5 1.24536603252068e-10
5315 1.24308896509717e-10
5317.5 1.25877447354483e-10
5320 1.2673279092823e-10
5322.5 1.2732609411259e-10
5325 1.26481741746787e-10
5327.5 1.26986698933962e-10
5330 1.26569088543249e-10
5332.5 1.22993643048019e-10
5335 1.21172044620366e-10
5337.5 1.22997348417364e-10
5340 1.22653651124516e-10
5342.5 1.22980556294117e-10
5345 1.23532489793021e-10
5347.5 1.22663851298555e-10
5350 1.26948201950583e-10
5352.5 1.27115498682606e-10
5355 1.29234248302801e-10
5357.5 1.2791920300792e-10
5360 1.31461591612592e-10
5362.5 1.32635749605647e-10
5365 1.31810007353295e-10
5367.5 1.33482294661924e-10
5370 1.35495753506021e-10
5372.5 1.37478195494367e-10
5375 1.37381855891405e-10
5377.5 1.38267355898058e-10
5380 1.38706199304117e-10
5382.5 1.37633598962239e-10
5385 1.38357200696326e-10
5387.5 1.40697703487902e-10
5390 1.3865775194688e-10
5392.5 1.37379663200932e-10
5395 1.36954600438166e-10
5397.5 1.34338706825332e-10
5400 1.3384765518154e-10
5402.5 1.36455596821961e-10
5405 1.36194888700203e-10
5407.5 1.34855793199051e-10
5410 1.35404493173397e-10
5412.5 1.35299854653326e-10
5415 1.33266342405847e-10
5417.5 1.31597496788594e-10
5420 1.31397337455041e-10
5422.5 1.28868887783185e-10
5425 1.26976248959743e-10
5427.5 1.26742505379696e-10
5430 1.22744758801474e-10
5432.5 1.21274351672085e-10
5435 1.2285050754457e-10
5437.5 1.20784243717864e-10
5440 1.19023790823292e-10
5442.5 1.18542897720175e-10
5445 1.17511347874633e-10
5447.5 1.17468340610216e-10
5450 1.16202950040112e-10
5452.5 1.15685253043729e-10
5455 1.19402043807781e-10
5457.5 1.18602100362963e-10
5460 1.15622650342928e-10
5462.5 1.18922038883085e-10
5465 1.20865401020964e-10
5467.5 1.20728260721847e-10
5470 1.23994800538263e-10
5472.5 1.25436244724497e-10
5475 1.28394350706884e-10
5477.5 1.31050642560027e-10
5480 1.28765442752865e-10
5482.5 1.25888688362608e-10
5485 1.2617665245962e-10
5487.5 1.26197191585575e-10
5490 1.26918101028828e-10
5492.5 1.28355492901022e-10
5495 1.26749138962268e-10
5497.5 1.27630447877003e-10
5500 1.25178006848969e-10
5502.5 1.26012145162946e-10
5505 1.26058496974224e-10
5507.5 1.27760302337521e-10
5510 1.25583252130745e-10
5512.5 1.25640650661119e-10
5515 1.27105798108929e-10
5517.5 1.28569252466626e-10
5520 1.27529292681672e-10
5522.5 1.28077992656017e-10
5525 1.29254898451059e-10
5527.5 1.27237151370529e-10
5530 1.26745003381501e-10
5532.5 1.26067600803026e-10
5535 1.26016558299469e-10
5537.5 1.30528449160394e-10
5540 1.2738179955285e-10
5542.5 1.24864799055935e-10
5545 1.23957705211453e-10
5547.5 1.23393600892641e-10
5550 1.227740964449e-10
5552.5 1.19386445174285e-10
5555 1.21207349712549e-10
5557.5 1.22014051640029e-10
5560 1.18628440404223e-10
5562.5 1.16958651097399e-10
5565 1.16100754010695e-10
5567.5 1.13115850020051e-10
5570 1.1183119708047e-10
5572.5 1.10374695494464e-10
5575 1.08892450612075e-10
5577.5 1.06370537378275e-10
5580 1.08786896158009e-10
5582.5 1.1171379793451e-10
5585 1.10610104409048e-10
5587.5 1.09105099954654e-10
5590 1.124361437288e-10
5592.5 1.14159202924125e-10
5595 1.10037146061615e-10
5597.5 1.12354799075565e-10
5600 1.13892298370111e-10
5602.5 1.13348594399376e-10
5605 1.14100499881697e-10
5607.5 1.14399947848121e-10
5610 1.1639750274739e-10
5612.5 1.17615001071769e-10
5615 1.16923998261242e-10
5617.5 1.15730106053924e-10
5620 1.13827600123351e-10
5622.5 1.16914755654562e-10
5625 1.19035392653899e-10
5627.5 1.20664297997841e-10
5630 1.17153148293525e-10
5632.5 1.22411192293725e-10
5635 1.21058690849551e-10
5637.5 1.19969797984787e-10
5640 1.23108453986553e-10
5642.5 1.21695403754174e-10
5645 1.20072049525355e-10
5647.5 1.19447049473642e-10
5650 1.20444557105692e-10
5652.5 1.20394999525431e-10
5655 1.17791651432775e-10
5657.5 1.21276905185042e-10
5660 1.214379014014e-10
5662.5 1.18726847797568e-10
5665 1.19827800459937e-10
5667.5 1.1979410519114e-10
5670 1.17364451490687e-10
5672.5 1.15803047706642e-10
5675 1.17103202135205e-10
5677.5 1.12555902098688e-10
5680 1.10388601037847e-10
5682.5 1.09052052110759e-10
5685 1.08362346873392e-10
5687.5 1.09565051475968e-10
5690 1.08253406239101e-10
5692.5 1.0643184944481e-10
5695 1.06314151926412e-10
5697.5 1.05399799998906e-10
5700 1.02779854072033e-10
5702.5 1.04640400511169e-10
5705 1.05093156399505e-10
5707.5 1.04839553705105e-10
5710 1.01629281379356e-10
5712.5 1.01210873015845e-10
5715 9.8557828565049e-11
5717.5 9.62796856129877e-11
5720 9.48858491778282e-11
5722.5 9.57850812555172e-11
5725 9.46941275392632e-11
5727.5 9.55953372017149e-11
5730 9.49195305688377e-11
5732.5 9.14161107923306e-11
5735 8.81363315663464e-11
5737.5 8.90547913190431e-11
5740 8.80845951733988e-11
5742.5 8.30698426712573e-11
5745 8.37126756803031e-11
5747.5 8.20600046247399e-11
5750 7.84952797205918e-11
5752.5 7.87264281543187e-11
5755 7.71409949806845e-11
5757.5 7.51649437136237e-11
5760 7.62495067085922e-11
5762.5 7.23309884209655e-11
5765 7.01596072905097e-11
5767.5 7.03543681646046e-11
5770 6.9711375560999e-11
5772.5 6.69169303302297e-11
5775 6.33867819344047e-11
5777.5 6.24401086390947e-11
5780 5.91870927268978e-11
5782.5 5.78335365708504e-11
5785 5.91146090411776e-11
5787.5 5.92179916214519e-11
5790 5.77576944604807e-11
5792.5 5.71171235308476e-11
5795 6.02060762355805e-11
5797.5 6.1800731199213e-11
5800 6.47168291179057e-11
5802.5 6.49509196426479e-11
5805 6.88231555079355e-11
5807.5 7.40018601952386e-11
5810 7.62309937396566e-11
5812.5 8.26551188604085e-11
5815 8.41359482084414e-11
5817.5 8.98285196226922e-11
5820 9.28659787957642e-11
5822.5 9.45199335466995e-11
5825 1.0091051605432e-10
5827.5 1.0200494615642e-10
5830 1.05171649167346e-10
5832.5 1.10140854769902e-10
5835 1.08307397772567e-10
5837.5 1.13459047712539e-10
5840 1.15795449617817e-10
5842.5 1.14395548589385e-10
5845 1.20630450073378e-10
5847.5 1.20558146798899e-10
5850 1.20764301336784e-10
5852.5 1.31769956057681e-10
5855 1.27564542262704e-10
5857.5 1.30339711246208e-10
5860 1.33454608475247e-10
5862.5 1.34162209119992e-10
5865 1.3547644950318e-10
5867.5 1.35288946712109e-10
5870 1.35737338036179e-10
5872.5 1.31825245164308e-10
5875 1.34053448896942e-10
5877.5 1.33711097749512e-10
5880 1.32648600437157e-10
5882.5 1.33007549418807e-10
5885 1.30661453878744e-10
5887.5 1.2706970198284e-10
5890 1.27477653433239e-10
5892.5 1.29203203691475e-10
5895 1.25575355669483e-10
5897.5 1.27589050435972e-10
5900 1.32826943888276e-10
5902.5 1.31638894229624e-10
5905 1.34687205832762e-10
5907.5 1.31756702770325e-10
5910 1.32778205097495e-10
5912.5 1.36394839866938e-10
5915 1.32700794797103e-10
5917.5 1.27835658725317e-10
5920 1.28716454161903e-10
5922.5 1.28815000333127e-10
5925 1.33403593727266e-10
5927.5 1.35884803409425e-10
5930 1.32940408681392e-10
5932.5 1.34970146170588e-10
5935 1.35900651843102e-10
5937.5 1.29107044499754e-10
5940 1.28556137957148e-10
5942.5 1.27763494228716e-10
5945 1.2475379063126e-10
5947.5 1.2285614192642e-10
5950 1.23756394021513e-10
5952.5 1.26142804535156e-10
5955 1.22585649964257e-10
5957.5 1.23436899590601e-10
5960 1.28113103459171e-10
5962.5 1.25465152156501e-10
5965 1.23986598765669e-10
5967.5 1.21062951330408e-10
5970 1.22630156029757e-10
5972.5 1.24569993209533e-10
5975 1.20779192203102e-10
5977.5 1.20808446579801e-10
5980 1.20142645831933e-10
5982.5 1.26656449217499e-10
5985 1.24111193544607e-10
5987.5 1.19965301581537e-10
5990 1.17907905661241e-10
5992.5 1.1573329794512e-10
5995 1.1835554758477e-10
5997.5 1.17529347365419e-10
6000 1.1366819985259e-10
6002.5 1.13587445005336e-10
6005 1.12348047531796e-10
6007.5 1.12764499127227e-10
6010 1.14735998479887e-10
6012.5 1.12301654087155e-10
6015 1.10194499358673e-10
6017.5 1.0950110262975e-10
6020 1.06481254369406e-10
6022.5 1.04004499457133e-10
6025 1.02553729397492e-10
6027.5 1.01243610717283e-10
6030 9.67288471542815e-11
6032.5 9.34813476627383e-11
6035 9.49261086402586e-11
6037.5 9.14789077821609e-11
6040 9.13637152044622e-11
6042.5 9.1670837587543e-11
6045 9.03006280861263e-11
6047.5 8.91159646077e-11
6050 8.86810347378031e-11
6052.5 8.89305504236937e-11
6055 9.21838300138589e-11
6057.5 9.64299889938403e-11
6060 9.99494861875228e-11
6062.5 9.8544325477512e-11
6065 9.85416470644651e-11
6067.5 1.00888519760645e-10
6070 1.02008353153327e-10
6072.5 1.0335440142617e-10
6075 1.06017347678566e-10
6077.5 1.07265800408651e-10
6080 1.06740449812293e-10
6082.5 1.0588495358288e-10
6085 1.07234304769221e-10
6087.5 1.09260295255709e-10
6090 1.09759951127941e-10
6092.5 1.07809747240672e-10
6095 1.11085501908192e-10
6097.5 1.13112047506192e-10
6100 1.1600595484218e-10
6102.5 1.14398150674599e-10
6105 1.15732652627987e-10
6107.5 1.20207094278513e-10
6110 1.16604753630511e-10
6112.5 1.18792392589384e-10
6115 1.18380194535916e-10
6117.5 1.17307608071826e-10
6120 1.18034859664107e-10
6122.5 1.17527196308309e-10
6125 1.1451130321749e-10
6127.5 1.17798354404286e-10
6130 1.21479548642611e-10
6132.5 1.16802303939956e-10
6135 1.13299154780311e-10
6137.5 1.12844351918273e-10
6140 1.11394046764524e-10
6142.5 1.08784703467535e-10
6145 1.09943748549668e-10
6147.5 1.09931799774365e-10
6150 1.11254401524707e-10
6152.5 1.08852850344565e-10
6155 1.07434797169681e-10
6157.5 1.09698847228223e-10
6160 1.10172100609152e-10
6162.5 1.09821193805537e-10
6165 1.1184920351015e-10
6167.5 1.16703050001554e-10
6170 1.11761946919309e-10
6172.5 1.11726947138457e-10
6175 1.14234649517542e-10
6177.5 1.104281527331e-10
6180 1.07759801082352e-10
6182.5 1.10122355678755e-10
6185 1.11834305704939e-10
6187.5 1.11363702981482e-10
6190 1.13005049762194e-10
6192.5 1.10392597840736e-10
6195 1.14006748486162e-10
6197.5 1.17351295347845e-10
6200 1.0812230277768e-10
6202.5 1.08046502300674e-10
6205 1.12278394914789e-10
6207.5 1.10973050193586e-10
6210 1.07410448590972e-10
6212.5 1.03979602705806e-10
6215 1.04068295647686e-10
6217.5 1.05861597265999e-10
6220 1.05728495403135e-10
6222.5 1.07351801059696e-10
6225 1.05392694571549e-10
6227.5 1.01417263476122e-10
6230 1.02123989820235e-10
6232.5 1.00937827540726e-10
6235 9.84655690317027e-11
6237.5 9.4552324303443e-11
6240 9.27633664327132e-11
6242.5 9.03692121134725e-11
6245 8.69336269637699e-11
6247.5 8.50557818621311e-11
6250 8.70329641688983e-11
6252.5 8.26876137005605e-11
6255 7.96263471825043e-11
6257.5 7.74973418771197e-11
6260 7.48900316760448e-11
6262.5 7.16207926299006e-11
6265 6.76897982110347e-11
6267.5 6.31469945777674e-11
6270 6.3881983036751e-11
6272.5 6.24386098380114e-11
6275 5.31834264128062e-11
6277.5 4.77586060976254e-11
6280 4.4521372699613e-11
6282.5 4.23513377145746e-11
6285 3.96397047131014e-11
6287.5 3.75913744576906e-11
6290 3.44732020707283e-11
6292.5 3.38064992666531e-11
6295 3.19436144202712e-11
6297.5 2.58639203803979e-11
6300 2.51457951683243e-11
6302.5 2.15952204035696e-11
6305 2.12801304355636e-11
6307.5 1.85614995595884e-11
6310 1.79602235861331e-11
6312.5 1.93782108415252e-11
6315 1.81183366920745e-11
6317.5 1.72846650187131e-11
6320 1.61417754163118e-11
6322.5 1.59025709267624e-11
6325 1.65737458479587e-11
6327.5 1.64253263768011e-11
6330 1.67028647857226e-11
6332.5 1.85929813212304e-11
6335 1.71943258242546e-11
6337.5 1.64701256105682e-11
6340 1.73977256212599e-11
6342.5 1.88253197752619e-11
6345 2.01604913319109e-11
6347.5 2.02276546207303e-11
6350 2.20452892052414e-11
6352.5 2.17993990914156e-11
6355 2.2921088638217e-11
6357.5 2.42848553766439e-11
6360 2.37782744882953e-11
6362.5 2.48943990421857e-11
6365 2.57766689937267e-11
6367.5 2.35166348200311e-11
6370 2.45031911427773e-11
6372.5 2.60408500318832e-11
6375 2.81610394725629e-11
6377.5 2.7449834072435e-11
6380 2.80500102312065e-11
6382.5 3.16197588945411e-11
6385 3.04944958173792e-11
6387.5 3.45419942648917e-11
6390 3.87518246658392e-11
6392.5 4.01377958647586e-11
6395 3.89398444045064e-11
6397.5 4.13021457312812e-11
6400 4.11190040350284e-11
6402.5 3.87971321735847e-11
6405 4.10188341626316e-11
6407.5 4.55553095246586e-11
6410 4.6201632797338e-11
6412.5 4.912976275806e-11
6415 4.95134003242192e-11
6417.5 5.00327904107145e-11
6420 5.31721056074019e-11
6422.5 5.41566444467456e-11
6425 5.48930137456161e-11
6427.5 5.98788935102235e-11
6430 6.16861006719205e-11
6432.5 6.49788001183538e-11
6435 7.34557276116377e-11
6437.5 7.81589445941755e-11
6440 8.0936479740501e-11
6442.5 8.34181404507639e-11
6445 8.17642620276615e-11
6447.5 8.39345676295622e-11
6450 9.57043472249453e-11
6452.5 9.67463539836011e-11
6455 9.93175958141634e-11
6457.5 1.08408199084309e-10
6460 1.13451803507303e-10
6462.5 1.20684295890072e-10
6465 1.298423035756e-10
6467.5 1.35379346621889e-10
6470 1.41335443348822e-10
6472.5 1.38150241246748e-10
6475 1.45889550440259e-10
6477.5 1.48919154785432e-10
6480 1.55176954619307e-10
6482.5 1.70896352624794e-10
6485 1.70738548299632e-10
6487.5 1.73366349054405e-10
6490 1.79986900383788e-10
6492.5 1.77698661341097e-10
6495 1.88949952906192e-10
6497.5 1.94587096435939e-10
6500 1.9694250397162e-10
6502.5 1.96817895314894e-10
6505 1.92244359320526e-10
6507.5 1.99652655519245e-10
6510 1.99685157298291e-10
6512.5 1.99550903579038e-10
6515 1.96410554487159e-10
6517.5 2.03986147417901e-10
6520 2.0370760633881e-10
6522.5 2.08317252337054e-10
6525 2.14224804562235e-10
6527.5 2.13687997852041e-10
6530 2.15476386733471e-10
6532.5 2.15035503292604e-10
6535 2.22722104648021e-10
6537.5 2.09356559865981e-10
6540 2.21124354937707e-10
6542.5 2.19135848356089e-10
6545 2.20744339474166e-10
6547.5 2.20557239138941e-10
6550 2.20249304905273e-10
6552.5 2.21731799587843e-10
6555 2.25448354429503e-10
6557.5 2.14966988654197e-10
6560 2.08413841740196e-10
6562.5 2.03772596019114e-10
6565 2.0340519546469e-10
6567.5 2.07364486692896e-10
6570 2.14206749560297e-10
6572.5 2.06684197534557e-10
6575 2.12299094970447e-10
6577.5 2.06407696490274e-10
6580 2.12450348979765e-10
6582.5 2.08966843828762e-10
6585 2.04583447405149e-10
6587.5 2.08745243313047e-10
6590 2.02835054308181e-10
6592.5 2.06374695110867e-10
6595 2.08816297586623e-10
6597.5 2.0345425344459e-10
6600 2.05012451459652e-10
6602.5 1.90798404853254e-10
6605 1.92641402829707e-10
6607.5 1.93402710513269e-10
6610 1.875566091325e-10
6612.5 1.8978990601326e-10
6615 1.83983855928105e-10
6617.5 1.85698345589458e-10
6620 1.83967452382916e-10
6622.5 1.80840148411576e-10
6625 1.7554745157522e-10
6627.5 1.83752596472075e-10
6630 1.84979143114106e-10
6632.5 1.77629438935512e-10
6635 1.74541450737031e-10
6637.5 1.75549755287996e-10
6640 1.78204340173238e-10
6642.5 1.77862807815288e-10
6645 1.74043252032519e-10
6647.5 1.68399960642773e-10
6650 1.73109901413504e-10
6652.5 1.7319874701105e-10
6655 1.69700600793909e-10
6657.5 1.6050474838103e-10
6660 1.50775503193756e-10
6662.5 1.58946106276758e-10
6665 1.69290359508523e-10
6667.5 1.61200899850833e-10
6670 1.54212045910818e-10
6672.5 1.54959239884178e-10
6675 1.57273860601492e-10
6677.5 1.52392293228942e-10
6680 1.50146589605882e-10
6682.5 1.51348003574192e-10
6685 1.48420248313741e-10
6687.5 1.50875256732519e-10
6690 1.42443598583064e-10
6692.5 1.38513145397923e-10
6695 1.34324745770797e-10
6697.5 1.33749844533071e-10
6700 1.34846356303342e-10
6702.5 1.35800093392646e-10
6705 1.41586492530266e-10
6707.5 1.38686645501096e-10
6710 1.34609157154131e-10
6712.5 1.34887989666765e-10
6715 1.32257343965492e-10
6717.5 1.28854843461923e-10
6720 1.36685607277087e-10
6722.5 1.36400696293393e-10
6725 1.31231941979948e-10
6727.5 1.29267457849025e-10
6730 1.26202492900518e-10
6732.5 1.25368160297512e-10
6735 1.16741602496084e-10
6737.5 1.25385549165635e-10
6740 1.21466350866406e-10
6742.5 1.20340154508014e-10
6745 1.22039101047022e-10
6747.5 1.15828249769301e-10
6750 1.17914400465935e-10
6752.5 1.13554846081776e-10
6755 1.10012748910648e-10
6757.5 1.10059447666622e-10
6760 1.14506203130471e-10
6762.5 1.167327068341e-10
6765 1.09401043779656e-10
6767.5 1.07199263355007e-10
6770 1.14234149917181e-10
6772.5 1.09600217790273e-10
6775 1.04383536536634e-10
6777.5 1.04495384567471e-10
6780 1.08591600989083e-10
6782.5 1.08892006522865e-10
6785 1.10170692013689e-10
6787.5 1.09012750215687e-10
6790 1.09246951762731e-10
6792.5 1.04736129491467e-10
6795 1.10660244856398e-10
6797.5 1.02580832717081e-10
6800 1.02619697461837e-10
6802.5 1.00778246858724e-10
6805 1.06530451127185e-10
6807.5 9.8653217539546e-11
6810 9.82347189704136e-11
6812.5 1.00090491450544e-10
6815 9.83510495267126e-11
6817.5 1.03190608835568e-10
6820 9.66243890454521e-11
6822.5 8.86009043910008e-11
6825 9.57310342108997e-11
6827.5 9.52748990812324e-11
6830 9.63321852842647e-11
6832.5 9.52705692114364e-11
6835 8.437737314404e-11
6837.5 8.23973944630296e-11
6840 8.82635770027562e-11
6842.5 9.24641058164255e-11
6845 9.02844049521789e-11
6847.5 9.66299887328326e-11
6850 9.16540732198712e-11
6852.5 8.68792399133511e-11
6855 9.06656902333047e-11
6857.5 9.51306811103336e-11
6860 9.32726951230478e-11
6862.5 9.48554290669534e-11
6865 8.06644404049983e-11
6867.5 6.79867204200768e-11
6870 6.16613426984713e-11
6872.5 6.64877250478035e-11
6875 7.2833974962272e-11
6877.5 7.74103559031403e-11
6880 7.94517923674576e-11
6882.5 7.7748828208879e-11
6885 7.12132158797729e-11
6887.5 7.12330056051869e-11
6890 6.80712569645081e-11
6892.5 6.61962845649455e-11
6895 6.76188410819734e-11
6897.5 7.33965249688495e-11
6900 7.49044853920466e-11
6902.5 7.22080312209883e-11
6905 7.28924767767758e-11
6907.5 7.46723377575975e-11
6910 7.60522894660554e-11
6912.5 7.46152861719196e-11
6915 8.58792550961773e-11
6917.5 7.90992757404574e-11
6920 8.37301200595775e-11
6922.5 7.78058867334508e-11
6925 8.16774078926663e-11
6927.5 8.40236352717127e-11
6930 7.57220536273806e-11
6932.5 8.00916277743369e-11
6935 7.63540619619363e-11
6937.5 6.65078062067614e-11
6940 7.74000932790564e-11
6942.5 7.2715042320759e-11
6945 7.39287034368097e-11
6947.5 7.23741483410478e-11
6950 7.34830807314069e-11
6952.5 7.18234985375155e-11
6955 7.87638981813998e-11
6957.5 7.8633544120521e-11
6960 7.35670552254319e-11
6962.5 7.91089277418777e-11
6965 8.53247611454222e-11
6967.5 7.98593968731609e-11
6970 8.98704652363413e-11
6972.5 8.00099569930879e-11
6975 7.77770348125983e-11
6977.5 8.39231670268781e-11
6980 7.62736956927412e-11
6982.5 7.6760701961387e-11
6985 7.63977353601675e-11
6987.5 6.82324752254715e-11
6990 7.41453703989592e-11
6992.5 7.93787535702251e-11
6995 8.1675985419416e-11
6997.5 7.12571945893359e-11
7000 6.65004440403294e-11
7002.5 7.38351185747277e-11
7005 6.81859568807397e-11
7007.5 6.83186077155007e-11
7010 6.72988539895947e-11
7012.5 8.02991631521088e-11
7015 6.93365850845673e-11
7017.5 7.61079532729525e-11
7020 7.24465695767229e-11
7022.5 8.011566410282e-11
7025 8.1999705636715e-11
7027.5 7.72710645469132e-11
7030 8.44254180454307e-11
7032.5 8.02334032545815e-11
7035 7.97081012304801e-11
7037.5 7.27789564725079e-11
7040 6.85538570355249e-11
7042.5 7.36453606431375e-11
7045 8.44538189381794e-11
7047.5 8.19788126271703e-11
7050 6.82103817872814e-11
7052.5 6.48365666711115e-11
7055 7.83313136576425e-11
7057.5 7.55235735061532e-11
7060 7.06149097529085e-11
7062.5 7.86830184340559e-11
7065 6.874051328154e-11
7067.5 7.59730611754605e-11
7070 7.7544901055937e-11
7072.5 7.59232260394427e-11
7075 7.06566888331039e-11
7077.5 7.32087029886586e-11
7080 7.20040971291525e-11
7082.5 8.15051082181384e-11
7085 7.21115528401484e-11
7087.5 6.06309863426802e-11
7090 7.38746980255556e-11
7092.5 6.85254977761396e-11
7095 7.52536852277608e-11
7097.5 7.75735309321846e-11
7100 6.80095563199146e-11
7102.5 7.79948536311359e-11
7105 7.48501746694608e-11
7107.5 7.09874589666093e-11
7110 7.51713899460604e-11
7112.5 6.27276910969421e-11
7115 6.73155975405848e-11
7117.5 6.69474198300435e-11
7120 6.47988260271681e-11
7122.5 5.7744749953903e-11
7125 6.97515101233392e-11
7127.5 6.56999177284234e-11
7130 6.29908139537783e-11
7132.5 2.60429438431187e-11
