3605 2.31404996453113e-18
3607.5 2.31349203120796e-18
3610 2.3129340978848e-18
3612.5 2.31237595776648e-18
3615 2.31181802444331e-18
3617.5 2.31126195227652e-18
3620 2.31070505292912e-18
3622.5 2.31014794678656e-18
3625 2.30959208141493e-18
3627.5 2.30903497527237e-18
3630 2.30847890310559e-18
3632.5 2.30792303773395e-18
3635 2.30736696556716e-18
3637.5 2.30681006621976e-18
3640 2.30625399405297e-18
3642.5 2.30569792188618e-18
3645 2.30514102253878e-18
3647.5 2.30458495037199e-18
3650 2.30402805102459e-18
3652.5 2.30347094488204e-18
3655 2.30291301155887e-18
3657.5 2.3023550782357e-18
3660 2.30179693811738e-18
3662.5 2.30123900479422e-18
3665 2.30068003749528e-18
3667.5 2.30012107019635e-18
3670 2.29956106892165e-18
3672.5 2.29900106764695e-18
3675 2.29844003239649e-18
3677.5 2.29787796317026e-18
3680 2.29731610073918e-18
3682.5 2.29675403151295e-18
3685 2.29619010113034e-18
3687.5 2.29562596395258e-18
3690 2.29506099959421e-18
3692.5 2.29449603523584e-18
3695 2.29392900292593e-18
3697.5 2.29336300459179e-18
3700 2.29279493830612e-18
3702.5 2.29222604483984e-18
3705 2.29165591060264e-18
3707.5 2.29108598316059e-18
3710 2.29051398776701e-18
3712.5 2.28994199237343e-18
3715 2.28936896300408e-18
3717.5 2.28879407247835e-18
3720 2.28821897515748e-18
3722.5 2.28764305065599e-18
3725 2.28706505820297e-18
3727.5 2.28648706574994e-18
3730 2.28590700534539e-18
3732.5 2.28532591096507e-18
3735 2.28474398940414e-18
3737.5 2.28416103386745e-18
3740 2.28357704435498e-18
3742.5 2.28299202086675e-18
3745 2.282404929427e-18
3747.5 2.28181701080662e-18
3750 2.28122805821049e-18
3752.5 2.28063807163858e-18
3755 2.28004601711515e-18
3757.5 2.27945396259171e-18
3760 2.2788600469119e-18
3762.5 2.27826406328055e-18
3765 2.27766704567344e-18
3767.5 2.27706899409057e-18
3770 2.27646908135131e-18
3772.5 2.27586792784114e-18
3775 2.27526594715036e-18
3777.5 2.27466189850804e-18
3780 2.27405702268511e-18
3782.5 2.27345090609126e-18
3785 2.27284292834104e-18
3787.5 2.27223308943443e-18
3790 2.27162200975691e-18
3792.5 2.27101010289877e-18
3795 2.27039592129395e-18
3797.5 2.26978091250852e-18
3800 2.26916404256671e-18
3802.5 2.26854593185398e-18
3805 2.26792595998487e-18
3807.5 2.26730392016423e-18
3810 2.26668105316297e-18
3812.5 2.2660569453908e-18
3815 -1.12751702505826e-12
3817.5 1.87833104105251e-12
3820 1.79316598462181e-12
3822.5 1.92988810696071e-12
3825 8.05026726703739e-13
3827.5 -1.72687699643431e-12
3830 -1.90407390375513e-12
3832.5 -6.47051899907436e-12
3835 -3.39718899712571e-12
3837.5 5.83470717487738e-13
3840 3.51999007199011e-12
3842.5 2.26124002335182e-12
3845 7.78845130749994e-12
3847.5 -1.67233403774308e-12
3850 2.67310891303996e-12
3852.5 5.42333322348099e-13
3855 8.28980634137721e-12
3857.5 5.09372318630019e-12
3860 -1.68461501259126e-12
3862.5 -3.8781191799564e-12
3865 -5.59759324395698e-13
3867.5 1.05020896493113e-11
3870 2.15160701755313e-12
3872.5 2.58167901119599e-12
3875 6.08571092824972e-12
3877.5 4.72552986324759e-13
3880 3.4719900565694e-12
3882.5 5.73005184967279e-12
3885 -1.40555395013869e-12
3887.5 8.1235686580361e-12
3890 1.08761402119704e-13
3892.5 3.54461794117855e-12
3895 6.46038300980423e-12
3897.5 2.19477105760368e-12
3900 4.62153188982017e-12
3902.5 3.90515701373384e-12
3905 7.64308928646873e-12
3907.5 6.45681511729501e-12
3910 1.06760902202074e-11
3912.5 7.30305919904861e-12
3915 7.71216163847344e-12
3917.5 1.07458000830896e-11
3920 1.48194598953433e-11
3922.5 1.14159697320315e-11
3925 1.37137896524808e-11
3927.5 1.52101699291141e-11
3930 9.82995282394761e-12
3932.5 1.13289802886052e-11
3935 8.86882060846528e-12
3937.5 1.79658701110474e-11
3940 2.08611496133049e-11
3942.5 1.67453308164145e-11
3945 2.21592796195713e-11
3947.5 2.32929803917203e-11
3950 2.25178400231618e-11
3952.5 2.64722098408665e-11
3955 3.31366496741925e-11
3957.5 3.07573688740348e-11
3960 2.99112089263698e-11
3962.5 3.20152307442534e-11
3965 4.14464296216721e-11
3967.5 3.50486202560507e-11
3970 4.07593611639889e-11
3972.5 3.50503896739962e-11
3975 3.99106997450716e-11
3977.5 4.55168888691126e-11
3980 4.41225112002286e-11
3982.5 3.67362910924651e-11
3985 4.2505839126239e-11
3987.5 2.80424797965972e-11
3990 3.30196911479952e-11
3992.5 3.07273304023248e-11
3995 3.78406091183781e-11
3997.5 3.59079814493679e-11
4000 3.35136016160753e-11
4002.5 2.76390993425579e-11
4005 3.27207115569106e-11
4007.5 2.5806289397079e-11
4010 3.54842613625728e-11
4012.5 2.91331715696064e-11
4015 2.83987399568586e-11
4017.5 2.852944963605e-11
4020 2.84376498044248e-11
4022.5 2.74614601891709e-11
4025 2.86600396193215e-11
4027.5 3.5426689359852e-11
4030 3.20319187840923e-11
4032.5 2.76130004278619e-11
4035 2.72152907848655e-11
4037.5 2.42114696347162e-11
4040 2.14288396055418e-11
4042.5 2.3845850641302e-11
4045 1.8045119218324e-11
4047.5 1.90314500270183e-11
4050 2.24653195352031e-11
4052.5 2.13826907569103e-11
4055 2.78999202213415e-11
4057.5 2.48108807804348e-11
4060 3.28997211418436e-11
4062.5 2.63044395293344e-11
4065 3.19854212560422e-11
4067.5 4.06642705619298e-11
4070 3.97517990746721e-11
4072.5 4.36413891136134e-11
4075 4.79202684477986e-11
4077.5 5.21671213171704e-11
4080 5.55301499227667e-11
4082.5 5.93902219070408e-11
4085 5.49811099426201e-11
4087.5 5.52865808689518e-11
4090 6.55307821895157e-11
4092.5 6.05033523282117e-11
4095 6.39603231489261e-11
4097.5 6.62864971245902e-11
4100 6.28235866106941e-11
4102.5 5.71731585685686e-11
4105 5.78723909072654e-11
4107.5 5.86570028660027e-11
4110 5.96709973099685e-11
4112.5 6.22139700867663e-11
4115 5.75925383772269e-11
4117.5 5.73175014395577e-11
4120 6.20158369102342e-11
4122.5 5.48208388406746e-11
4125 6.31344074242257e-11
4127.5 6.10925476873803e-11
4130 5.29559486539544e-11
4132.5 5.58061305500068e-11
4135 4.80084999532338e-11
4137.5 4.772838027578e-11
4140 4.24305000856773e-11
4142.5 3.78485888463675e-11
4145 3.28730688503587e-11
4147.5 3.32994014307086e-11
4150 2.62680294182971e-11
4152.5 2.55222891432094e-11
4155 2.64933595894856e-11
4157.5 2.09864799149972e-11
4160 1.64622707826689e-11
4162.5 1.73477100740005e-11
4165 1.80239000807658e-11
4167.5 1.57479498191782e-11
4170 1.59127502841194e-11
4172.5 1.78945608331205e-11
4175 1.43475396494064e-11
4177.5 1.76024594206181e-11
4180 1.84038496248151e-11
4182.5 1.58362802038514e-11
4185 1.86114491873557e-11
4187.5 2.1049070472734e-11
4190 2.11272804806484e-11
4192.5 1.79547002265856e-11
4195 2.15018506471987e-11
4197.5 2.12450907560724e-11
4200 2.09771193471209e-11
4202.5 2.37579192430282e-11
4205 2.177063043729e-11
4207.5 2.31022891789001e-11
4210 2.76966696105552e-11
4212.5 2.75655696185817e-11
4215 2.61492806574726e-11
4217.5 2.30653794675018e-11
4220 3.10165296224518e-11
4222.5 3.26152889418285e-11
4225 3.05474708028886e-11
4227.5 3.2875570321611e-11
4230 2.94519894583622e-11
4232.5 3.73814000587114e-11
4235 3.98076883956211e-11
4237.5 3.04775614468067e-11
4240 3.33499894367151e-11
4242.5 3.5129978787074e-11
4245 3.71828401402041e-11
4247.5 3.61860992559304e-11
4250 4.05345201848206e-11
4252.5 3.32702684846531e-11
4255 3.73267111664077e-11
4257.5 3.39343310395979e-11
4260 3.28654187198296e-11
4262.5 3.19614092136877e-11
4265 3.39083414124808e-11
4267.5 3.17328212318113e-11
4270 3.05032214764633e-11
4272.5 3.01870611840727e-11
4275 2.81915202987593e-11
4277.5 2.42677301864891e-11
4280 1.935349970561e-11
4282.5 2.11538096067665e-11
4285 2.07847697386576e-11
4287.5 1.87415794689061e-11
4290 2.11488795226478e-11
4292.5 2.19339095497428e-11
4295 1.99897494390644e-11
4297.5 2.89929694835545e-11
4300 2.57646508294851e-11
4302.5 2.75844104502543e-11
4305 3.13585685196571e-11
4307.5 3.57129291417291e-11
4310 3.53888897353105e-11
4312.5 4.14662297554269e-11
4315 4.61821483832558e-11
4317.5 4.73819594670744e-11
4320 4.67528689374053e-11
4322.5 5.30586304059444e-11
4325 5.90229878860704e-11
4327.5 5.87831172627062e-11
4330 5.79224411489943e-11
4332.5 5.16899197056109e-11
4335 5.26445102788653e-11
4337.5 5.12713690947741e-11
4340 4.73166505976508e-11
4342.5 4.85021293961108e-11
4345 4.69017498450075e-11
4347.5 4.21422202689925e-11
4350 4.6592941310708e-11
4352.5 4.75615484496483e-11
4355 4.62621815855435e-11
4357.5 4.58135508696333e-11
4360 4.74210913592454e-11
4362.5 4.58914607703864e-11
4365 4.45579684260622e-11
4367.5 4.44289188772373e-11
4370 4.7301180333692e-11
4372.5 4.78221698352321e-11
4375 4.94136294382219e-11
4377.5 5.2329911237603e-11
4380 5.68119197519312e-11
4382.5 6.38317732004623e-11
4385 5.96859367485436e-11
4387.5 5.64899793609186e-11
4390 6.05328287495155e-11
4392.5 6.56904669549263e-11
4395 6.62032303977433e-11
4397.5 6.22334475619546e-11
4400 6.39363076371247e-11
4402.5 5.99411423274354e-11
4405 5.46677599022605e-11
4407.5 5.5714408780938e-11
4410 5.77069295126797e-11
4412.5 5.85772194638956e-11
4415 5.74018714505353e-11
4417.5 5.82411480154477e-11
4420 5.50028703139027e-11
4422.5 5.41885113169993e-11
4425 5.83131529174885e-11
4427.5 5.90757026630584e-11
4430 5.45483311298334e-11
4432.5 5.55502588373002e-11
4435 5.93244620095135e-11
4437.5 6.31404997730733e-11
4440 6.97361127177665e-11
4442.5 7.76105221755863e-11
4445 7.89896620334574e-11
4447.5 8.22898971186703e-11
4450 8.34949470673862e-11
4452.5 8.31092833442071e-11
4455 8.78494429978893e-11
4457.5 7.67549496183406e-11
4460 7.51562978518194e-11
4462.5 7.69168131964371e-11
4465 7.8009938786483e-11
4467.5 8.22460502480915e-11
4470 7.53919079943266e-11
4472.5 7.38346397910483e-11
4475 7.55616333392162e-11
4477.5 8.14305914365043e-11
4480 8.21751833246509e-11
4482.5 8.06411673548446e-11
4485 8.08789007988864e-11
4487.5 7.17761128310457e-11
4490 6.84377277071491e-11
4492.5 6.98791302600199e-11
4495 6.05465400038696e-11
4497.5 5.76157212217598e-11
4500 5.59955901091591e-11
4502.5 5.35525616907062e-11
4505 4.82743185703516e-11
4507.5 4.81620507364333e-11
4510 5.24646714961108e-11
4512.5 4.58850492324192e-11
4515 4.74117099746874e-11
4517.5 4.95029087166365e-11
4520 4.93670798684676e-11
4522.5 4.86755497020042e-11
4525 5.13013104219695e-11
4527.5 5.2405441097747e-11
4530 4.9986178390915e-11
4532.5 5.49267888116933e-11
4535 5.86051276951771e-11
4537.5 6.56250401243064e-11
4540 6.83278780777563e-11
4542.5 7.28974380859171e-11
4545 7.88585169386735e-11
4547.5 8.41720582123173e-11
4550 8.67571223195363e-11
4552.5 9.06142383350073e-11
4555 1.02621598718766e-10
4557.5 1.10089402871605e-10
4560 1.100950997035e-10
4562.5 1.2212419964186e-10
4565 1.33119598677567e-10
4567.5 1.33098504440099e-10
4570 1.46610501516875e-10
4572.5 1.54394497187127e-10
4575 1.5712080247976e-10
4577.5 1.70625902295996e-10
4580 1.82216700062021e-10
4582.5 1.93532800896179e-10
4585 1.83765197503405e-10
4587.5 1.89714396969798e-10
4590 1.96753793813009e-10
4592.5 2.10244696652317e-10
4595 2.02501793111765e-10
4597.5 1.99701602476843e-10
4600 2.00493899260579e-10
4602.5 1.8815060620625e-10
4605 1.93607699316978e-10
4607.5 1.78696696329084e-10
4610 1.74113098938555e-10
4612.5 1.65924593509281e-10
4615 1.71461303488663e-10
4617.5 1.59012802924963e-10
4620 1.69136898930944e-10
4622.5 1.65813293651063e-10
4625 1.68991903803928e-10
4627.5 1.70922706543841e-10
4630 1.76948497521145e-10
4632.5 1.75819706016433e-10
4635 1.80495104973311e-10
4637.5 1.85981896549947e-10
4640 1.8050580474771e-10
4642.5 1.78219994317885e-10
4645 1.78940903761138e-10
4647.5 1.67575897602745e-10
4650 1.82294498940472e-10
4652.5 1.84671597458497e-10
4655 1.87251700256574e-10
4657.5 1.88311297111277e-10
4660 1.89244703241442e-10
4662.5 1.90815793721377e-10
4665 1.8417380120983e-10
4667.5 2.0538780398649e-10
4670 2.08017006397831e-10
4672.5 2.01608299499334e-10
4675 1.98856903166345e-10
4677.5 2.0340260031837e-10
4680 1.97383401290274e-10
4682.5 1.99748398377331e-10
4685 1.92776697383046e-10
4687.5 1.90103197073022e-10
4690 1.95423996429689e-10
4692.5 1.88581802951227e-10
4695 1.88195903305655e-10
4697.5 1.99135694045616e-10
4700 1.99528893407575e-10
4702.5 1.98224200942398e-10
4705 1.94087301785828e-10
4707.5 2.02256295045444e-10
4710 2.06886396902917e-10
4712.5 2.12533199372977e-10
4715 2.18646198368866e-10
4717.5 2.2036220070909e-10
4720 2.14773601681095e-10
4722.5 2.16510406825243e-10
4725 2.16001799779875e-10
4727.5 2.0876320117047e-10
4730 1.97242902566508e-10
4732.5 1.92615395855356e-10
4735 1.94145394205592e-10
4737.5 1.96073893232729e-10
4740 2.04882596999134e-10
4742.5 2.04910102774569e-10
4745 2.02120806203077e-10
4747.5 1.95492400045794e-10
4750 2.03239994278626e-10
4752.5 1.94960797506027e-10
4755 1.84366702460359e-10
4757.5 1.81790901776502e-10
4760 1.70465502824513e-10
4762.5 1.63860300328444e-10
4765 1.49762605095027e-10
4767.5 1.34648694971595e-10
4770 1.29984398244964e-10
4772.5 1.23540400132072e-10
4775 1.01565901522438e-10
4777.5 7.85400078306964e-11
4780 7.04027530717966e-11
4782.5 6.25533028153491e-11
4785 4.85865792043683e-11
4787.5 4.18050802308834e-11
4790 3.87544406288409e-11
4792.5 3.17614788636345e-11
4795 3.02002416130431e-11
4797.5 3.30155312810998e-11
4800 3.40355695016559e-11
4802.5 3.4003640181357e-11
4805 3.492035133279e-11
4807.5 4.18298902460368e-11
4810 4.56772189516563e-11
4812.5 5.15574111181749e-11
4815 6.17027887117594e-11
4817.5 7.13516884465193e-11
4820 8.38501629241151e-11
4822.5 1.01414598940863e-10
4825 1.13988499195194e-10
4827.5 1.28454594183758e-10
4830 1.33129993140635e-10
4832.5 1.37824002210962e-10
4835 1.52968693267752e-10
4837.5 1.60120694481236e-10
4840 1.61114094288095e-10
4842.5 1.68887806517581e-10
4845 1.79446901782399e-10
4847.5 1.86941198632162e-10
4850 2.03239494678265e-10
4852.5 2.18725995648761e-10
4855 2.27816793207936e-10
4857.5 2.41654612986864e-10
4860 2.36981101409128e-10
4862.5 2.36224290128817e-10
4865 2.38007891173453e-10
4867.5 2.28755805964376e-10
4870 2.24293805750619e-10
4872.5 2.15757203769762e-10
4875 2.21091603358481e-10
4877.5 2.11280701267746e-10
4880 1.84930404323325e-10
4882.5 1.82110104773869e-10
4885 1.71765004997049e-10
4887.5 1.63322702584345e-10
4890 1.56807400397696e-10
4892.5 1.47530002103657e-10
4895 1.44670705970462e-10
4897.5 1.42604095199061e-10
4900 1.39632402862411e-10
4902.5 1.408047012319e-10
4905 1.47856102361565e-10
4907.5 1.64930000212671e-10
4910 1.73914299628208e-10
4912.5 1.88338095119533e-10
4915 2.11444403652727e-10
4917.5 2.19861295835955e-10
4920 2.2828769430383e-10
4922.5 2.42566688957169e-10
4925 2.6998128732636e-10
4927.5 2.84413104179038e-10
4930 2.81021511616686e-10
4932.5 2.83866707917468e-10
4935 3.01552810499928e-10
4937.5 3.23182813843914e-10
4940 3.14497511366696e-10
4942.5 3.01526498214244e-10
4945 3.06296599195122e-10
4947.5 3.03020109004848e-10
4950 2.95157509544453e-10
4952.5 3.05668407252213e-10
4955 2.99921004698334e-10
4957.5 2.88328388942105e-10
4960 2.85827306267805e-10
4962.5 2.78344292059529e-10
4965 2.53144505357739e-10
4967.5 2.23626797635212e-10
4970 2.06338404695749e-10
4972.5 1.94496696526159e-10
4975 1.72691902444733e-10
4977.5 1.58176402531574e-10
4980 1.52925797025638e-10
4982.5 1.38917793934823e-10
4985 1.32408695119324e-10
4987.5 1.3265200049517e-10
4990 1.37410305356411e-10
4992.5 1.39986897074174e-10
4995 1.34703206922104e-10
4997.5 1.44450701400345e-10
5000 1.58807397787619e-10
5002.5 1.68660696520107e-10
5005 1.80217299416974e-10
5007.5 1.9228839354124e-10
5010 2.08936493106826e-10
5012.5 2.23862706150157e-10
5015 2.34809810484293e-10
5017.5 2.4642579643519e-10
5020 2.51095588765793e-10
5022.5 2.65906907603863e-10
5025 2.75396594417998e-10
5027.5 2.84503087755184e-10
5030 2.96488888995583e-10
5032.5 2.9879798635335e-10
5035 3.00737296177189e-10
5037.5 2.98684299515628e-10
5040 2.96357688389648e-10
5042.5 2.91430712895391e-10
5045 2.7898430787765e-10
5047.5 2.71614786218066e-10
5050 2.75048900322261e-10
5052.5 2.73820605078967e-10
5055 2.70804989543905e-10
5057.5 2.62295712927241e-10
5060 2.430831924638e-10
5062.5 2.30340593820877e-10
5065 2.22356799639556e-10
5067.5 2.09727804567628e-10
5070 2.10551104329326e-10
5072.5 2.14678400056734e-10
5075 2.15485101984214e-10
5077.5 2.17075801778321e-10
5080 2.16367493366398e-10
5082.5 2.17939694069358e-10
5085 2.16766604665963e-10
5087.5 2.08277894930831e-10
5090 2.06261493995719e-10
5092.5 2.08303499449336e-10
5095 2.12035500268826e-10
5097.5 2.01038602432035e-10
5100 1.93677796023195e-10
5102.5 1.97125094025807e-10
5105 1.85115298090288e-10
5107.5 1.78637202252752e-10
5110 1.65525496087504e-10
5112.5 1.43938694296963e-10
5115 1.30878294313241e-10
5117.5 1.17766893459326e-10
5120 1.05535899463938e-10
5122.5 9.48159675773219e-11
5125 8.47542175330673e-11
5127.5 8.284752744947e-11
5130 7.95840893186295e-11
5132.5 7.55327328461064e-11
5135 7.41654723745988e-11
5137.5 7.25168328163939e-11
5140 7.11303516087725e-11
5142.5 7.33303834321575e-11
5145 7.7999898207004e-11
5147.5 7.7070773374377e-11
5150 8.0122380952119e-11
5152.5 9.13412331882135e-11
5155 9.28868232330515e-11
5157.5 9.21747331239509e-11
5160 1.03857401845264e-10
5162.5 1.1353130241476e-10
5165 1.24612195562257e-10
5167.5 1.36449504473113e-10
5170 1.37495806407095e-10
5172.5 1.27463303800646e-10
5175 1.32415994835711e-10
5177.5 1.60698204743071e-10
5180 1.74821601639508e-10
5182.5 1.87645704530226e-10
5185 1.86629101062152e-10
5187.5 1.92746499316776e-10
5190 1.96809193941938e-10
5192.5 1.94980101508868e-10
5195 1.92772506291128e-10
5197.5 2.01143698919104e-10
5200 2.0562969382798e-10
5202.5 1.92747998117859e-10
5205 1.90485405227037e-10
5207.5 1.96227006865612e-10
5210 1.96617000458588e-10
5212.5 1.90696097801535e-10
5215 1.79833203883817e-10
5217.5 1.69600597454966e-10
5220 1.6656000190185e-10
5222.5 1.66397798317952e-10
5225 1.60866403531301e-10
5227.5 1.58478299927545e-10
5230 1.61717500501979e-10
5232.5 1.61546193089279e-10
5235 1.67599406575292e-10
5237.5 1.67859101618539e-10
5240 1.74269904062996e-10
5242.5 1.81177406410882e-10
5245 1.83540002640648e-10
5247.5 1.82400497483748e-10
5250 1.9043530641305e-10
5252.5 2.00629596269764e-10
5255 2.01770794516776e-10
5257.5 2.04871994369249e-10
5260 2.10356398966383e-10
5262.5 2.05814795761761e-10
5265 2.1094870295002e-10
5267.5 2.18186899103578e-10
5270 2.16576603873087e-10
5272.5 2.08219899655582e-10
5275 2.09008296780944e-10
5277.5 1.99246105725415e-10
5280 1.95590099671961e-10
5282.5 1.84693899063504e-10
5285 1.7689009979005e-10
5287.5 1.77776404708396e-10
5290 1.73394493208079e-10
5292.5 1.65294000709082e-10
5295 1.64652305678636e-10
5297.5 1.70499406260127e-10
5300 1.79671194588948e-10
5302.5 1.81332296400605e-10
5305 1.83570894596308e-10
5307.5 1.84647602763377e-10
5310 1.92869706316934e-10
5312.5 2.02473995902785e-10
5315 2.0193599570284e-10
5317.5 2.01779606912034e-10
5320 2.12785997155684e-10
5322.5 2.18748893998644e-10
5325 2.14103804130339e-10
5327.5 2.12715803304953e-10
5330 2.14128395570334e-10
5332.5 2.1406619532538e-10
5335 2.10005401957147e-10
5337.5 2.16037104872058e-10
5340 2.24967794393294e-10
5342.5 2.23693494283417e-10
5345 2.1338869560239e-10
5347.5 2.13325593301228e-10
5350 2.17291393211916e-10
5352.5 2.10203701667133e-10
5355 2.06913805533837e-10
5357.5 2.02981104147071e-10
5360 2.04424005501025e-10
5362.5 2.12315803826968e-10
5365 2.06327302465503e-10
5367.5 2.04938802039756e-10
5370 2.1458219923165e-10
5372.5 2.09263800732273e-10
5375 2.06927600054918e-10
5377.5 2.18127904627607e-10
5380 2.16143797304724e-10
5382.5 2.04937095071855e-10
5385 1.98447994148587e-10
5387.5 1.97331206930329e-10
5390 1.99786201471319e-10
5392.5 2.01548194800338e-10
5395 2.03458805358991e-10
5397.5 1.94515001328277e-10
5400 2.04376196522027e-10
5402.5 2.05410702336373e-10
5405 2.14346998483883e-10
5407.5 2.10547995704857e-10
5410 2.07066502833086e-10
5412.5 2.05416406107162e-10
5415 2.18973103538467e-10
5417.5 2.31454702626088e-10
5420 2.31592994781593e-10
5422.5 2.3796220549599e-10
5425 2.4211341265179e-10
5427.5 2.57634608091806e-10
5430 2.61710403348658e-10
5432.5 2.62088295510665e-10
5435 2.71093092418795e-10
5437.5 2.70279104652715e-10
5440 2.75922090731129e-10
5442.5 2.86776907776343e-10
5445 2.88945006809982e-10
5447.5 2.86909690450088e-10
5450 2.86974999319511e-10
5452.5 2.90124313462314e-10
5455 2.84221313151534e-10
5457.5 2.68822103466348e-10
5460 2.69396310814685e-10
5462.5 2.82559808884031e-10
5465 2.7579749595219e-10
5467.5 2.66749511368403e-10
5470 2.71580813393513e-10
5472.5 2.73460004640569e-10
5475 2.71124594997119e-10
5477.5 2.62966898256778e-10
5480 2.49658099749084e-10
5482.5 2.52918491705501e-10
5485 2.50587911532207e-10
5487.5 2.47537212949567e-10
5490 2.32700705926625e-10
5492.5 2.39802205870276e-10
5495 2.34269909027418e-10
5497.5 2.37094593957821e-10
5500 2.49347403835642e-10
5502.5 2.53891796475614e-10
5505 2.45235498574914e-10
5507.5 2.41968806102832e-10
5510 2.49663706375358e-10
5512.5 2.61583588123671e-10
5515 2.48430109817122e-10
5517.5 2.39584491135147e-10
5520 2.58934707009217e-10
5522.5 2.63174093628749e-10
5525 2.70578393024579e-10
5527.5 2.87241508356573e-10
5530 2.92859986261718e-10
5532.5 2.97330798870732e-10
5535 2.96083713102746e-10
5537.5 3.14060111250569e-10
5540 3.10989789475968e-10
5542.5 3.03244790389456e-10
5545 3.12034897920199e-10
5547.5 3.06496605873008e-10
5550 3.08485792466229e-10
5552.5 3.02908698124327e-10
5555 2.98218394423344e-10
5557.5 3.01945995984099e-10
5560 3.08658903991343e-10
5562.5 3.12961490056551e-10
5565 3.0607649748049e-10
5567.5 3.10703296424464e-10
5570 3.13640891036471e-10
5572.5 2.98619101668507e-10
5575 2.89968410394081e-10
5577.5 2.95380192527617e-10
5580 3.03683994617998e-10
5582.5 2.95822311091598e-10
5585 2.9147420588238e-10
5587.5 2.92065510665296e-10
5590 2.90461210639137e-10
5592.5 3.07777997532455e-10
5595 3.04881786483691e-10
5597.5 2.94694796343364e-10
5600 2.89565094124811e-10
5602.5 2.81452888772904e-10
5605 2.77909306678481e-10
5607.5 2.79693906923839e-10
5610 2.77616790667068e-10
5612.5 2.7038030148141e-10
5615 2.68527505786764e-10
5617.5 2.65006599997619e-10
5620 2.61493993125583e-10
5622.5 2.50237996990421e-10
5625 2.44654602132854e-10
5627.5 2.51166504261491e-10
5630 2.39501696253086e-10
5632.5 2.2515539432888e-10
5635 2.27199106750398e-10
5637.5 2.17481796460639e-10
5640 2.2542209765497e-10
5642.5 2.24457105679754e-10
5645 2.30253899280441e-10
5647.5 2.36867886416192e-10
5650 2.19113505117718e-10
5652.5 2.21580906401009e-10
5655 2.37391994950542e-10
5657.5 2.46939496628684e-10
5660 2.5822111116014e-10
5662.5 2.56031196244066e-10
5665 2.50535592272172e-10
5667.5 2.65315297509616e-10
5670 2.7671429037035e-10
5672.5 2.76184186631667e-10
5675 2.62474902923415e-10
5677.5 2.8089949810628e-10
5680 2.81282913627834e-10
5682.5 2.92436186377643e-10
5685 2.91641488736616e-10
5687.5 2.89475110548665e-10
5690 2.90086593635053e-10
5692.5 2.90051399565172e-10
5695 2.88066293041567e-10
5697.5 2.93439189613665e-10
5700 2.94397006772584e-10
5702.5 2.914626873185e-10
5705 2.86620394085446e-10
5707.5 2.82922602012903e-10
5710 2.86400708704448e-10
5712.5 2.83846307569391e-10
5715 2.88890106281414e-10
5717.5 2.94860913463424e-10
5720 2.8479710256768e-10
5722.5 2.89146789844708e-10
5725 2.77813605453758e-10
5727.5 2.79833906047244e-10
5730 2.81538709012707e-10
5732.5 2.79831491312166e-10
5735 2.63069205308497e-10
5737.5 2.37136393854698e-10
5740 2.2193680226934e-10
5742.5 2.09138206752613e-10
5745 1.87676693630401e-10
5747.5 1.68339606143597e-10
5750 1.56466506417985e-10
5752.5 1.33454997053306e-10
5755 1.12690898279588e-10
5757.5 9.25821572184127e-11
5760 7.45333794682779e-11
5762.5 6.31358784697333e-11
5765 5.09577310903175e-11
5767.5 4.35269008336459e-11
5770 4.3814649824947e-11
5772.5 3.83123290037535e-11
5775 3.38019993939565e-11
5777.5 3.23674212432401e-11
5780 3.05154408686281e-11
5782.5 2.89438594619496e-11
5785 2.87685604505317e-11
5787.5 3.45262811396463e-11
5790 4.08461806045146e-11
5792.5 3.62944292675582e-11
5795 4.21701701336374e-11
5797.5 4.91657305146109e-11
5800 4.63444109477518e-11
5802.5 5.17328888061108e-11
5805 5.53356110932768e-11
5807.5 5.69177205367311e-11
5810 6.21005122325435e-11
5812.5 6.56336721083228e-11
5815 6.97169266761222e-11
5817.5 6.97921026526771e-11
5820 7.04205374568723e-11
5822.5 7.90812970663524e-11
5825 8.24453491587995e-11
5827.5 8.53820000812355e-11
5830 9.43862280000651e-11
5832.5 1.0002249722918e-10
5835 1.03288599895279e-10
5837.5 1.06258703225226e-10
5840 1.16054402199417e-10
5842.5 1.25869203948525e-10
5845 1.40297301554071e-10
5847.5 1.42790404500381e-10
5850 1.40207401244652e-10
5852.5 1.6548709624864e-10
5855 1.72594799563441e-10
5857.5 1.76054698597383e-10
5860 2.05049296986282e-10
5862.5 2.32047506210087e-10
5865 2.3279120298092e-10
5867.5 2.40780090310366e-10
5870 2.65142213740077e-10
5872.5 2.76672212917717e-10
5875 2.90968305005634e-10
5877.5 3.20450610491463e-10
5880 3.51311590929271e-10
5882.5 3.64732605229179e-10
5885 3.75281999920318e-10
5887.5 3.97527510909157e-10
5890 4.02246097541692e-10
5892.5 4.15446094192973e-10
5895 4.26834595446124e-10
5897.5 4.22359813789797e-10
5900 4.4651871089485e-10
5902.5 4.7961962179599e-10
5905 4.85345097445133e-10
5907.5 4.85744722222847e-10
5910 4.88395879294501e-10
5912.5 5.05532393724195e-10
5915 5.20334608733464e-10
5917.5 4.95506025099957e-10
5920 4.98263819093125e-10
5922.5 5.07525022008792e-10
5925 4.97993701831234e-10
5927.5 5.08492414841299e-10
5930 5.08520892061881e-10
5932.5 4.9333759299941e-10
5935 4.79112194362585e-10
5937.5 4.77452022362712e-10
5940 4.69287886328829e-10
5942.5 4.55093990270328e-10
5945 4.48715287149071e-10
5947.5 4.37393093966065e-10
5950 4.28839491695143e-10
5952.5 4.34187186204582e-10
5955 4.36376296208962e-10
5957.5 4.32689190033031e-10
5960 4.17396589513785e-10
5962.5 4.17679613118338e-10
5965 4.13196310500297e-10
5967.5 3.86833898247119e-10
5970 3.77701203646552e-10
5972.5 3.84749898607595e-10
5975 3.80456499637916e-10
5977.5 3.74436204264583e-10
5980 3.63535090919243e-10
5982.5 3.62665592001932e-10
5985 3.71244812669147e-10
5987.5 3.54643897582108e-10
5990 3.41535494330358e-10
5992.5 3.51702805767573e-10
5995 3.63774205203171e-10
5997.5 3.6317540641484e-10
6000 3.48207102041087e-10
6002.5 3.38583799885939e-10
6005 3.41194211772589e-10
6007.5 3.37485289714223e-10
6010 3.30811600335323e-10
6012.5 3.28675892058428e-10
6015 3.15362597147484e-10
6017.5 3.14893694453033e-10
6020 3.07485786832373e-10
6022.5 3.01156710680317e-10
6025 3.04799213646234e-10
6027.5 2.98015612187896e-10
6030 2.85704709890311e-10
6032.5 2.98758712213854e-10
6035 2.89713808498959e-10
6037.5 2.83467804784721e-10
6040 2.90018287163463e-10
6042.5 2.791049058537e-10
6045 2.62801308492655e-10
6047.5 2.63095212282849e-10
6050 2.61770105591808e-10
6052.5 2.5992669128172e-10
6055 2.67609795434609e-10
6057.5 2.68164296324258e-10
6060 2.64463895227607e-10
6062.5 2.58552595999717e-10
6065 2.5769408829035e-10
6067.5 2.49317899658763e-10
6070 2.52457998950462e-10
6072.5 2.70282296543911e-10
6075 2.58235210992552e-10
6077.5 2.46641207457543e-10
6080 2.52952186974298e-10
6082.5 2.33897207158051e-10
6085 2.25900104178223e-10
6087.5 2.16766299354632e-10
6090 2.1062160349139e-10
6092.5 1.95818500303702e-10
6095 1.82526604941557e-10
6097.5 1.65726501966112e-10
6100 1.50993301195612e-10
6102.5 1.49366394253114e-10
6105 1.57213700391345e-10
6107.5 1.56545401641672e-10
6110 1.55350399211329e-10
6112.5 1.51248402691095e-10
6115 1.51953602478549e-10
6117.5 1.68975403114224e-10
6120 1.82357601241634e-10
6122.5 1.94330898595219e-10
6125 1.96730201573736e-10
6127.5 2.06099193267306e-10
6130 2.24183893671182e-10
6132.5 2.62172006326722e-10
6135 2.69217509396569e-10
6137.5 2.70409500346958e-10
6140 2.77178391350219e-10
6142.5 2.84587603482933e-10
6145 3.03803510126599e-10
6147.5 2.93171487086852e-10
6150 2.92982998972846e-10
6152.5 3.19368004264575e-10
6155 3.26320609422837e-10
6157.5 3.25444005078168e-10
6160 3.32418204074258e-10
6162.5 3.3881580874251e-10
6165 3.32780192291438e-10
6167.5 3.43179512585223e-10
6170 3.36455696636762e-10
6172.5 3.37101208058854e-10
6175 3.30954291749563e-10
6177.5 3.27913501907418e-10
6180 3.28866406329453e-10
6182.5 3.13101794491288e-10
6185 3.06289604790067e-10
6187.5 3.0866550981834e-10
6190 3.00294705768422e-10
6192.5 2.98839591961197e-10
6195 2.90326207519342e-10
6197.5 2.60928306738961e-10
6200 2.68674998915586e-10
6202.5 2.72981193205624e-10
6205 2.6239599382194e-10
6207.5 2.56723892144706e-10
6210 2.54678306221834e-10
6212.5 2.55489990275137e-10
6215 2.34390090669834e-10
6217.5 2.45263392928408e-10
6220 2.42592390620189e-10
6222.5 2.34686686750862e-10
6225 2.47242587514407e-10
6227.5 2.44396808346536e-10
6230 2.581843905336e-10
6232.5 2.55304305474269e-10
6235 2.42895592528214e-10
6237.5 2.43863096383024e-10
6240 2.46950987436989e-10
6242.5 2.63211896722737e-10
6245 2.73420286411863e-10
6247.5 2.75113293257689e-10
6250 2.73343708778739e-10
6252.5 2.78821410404362e-10
6255 2.84062107169802e-10
6257.5 2.73654487958908e-10
6260 2.83548406976308e-10
6262.5 2.95078295131646e-10
6265 2.88865792397175e-10
6267.5 2.92507601473702e-10
6270 2.83496587316634e-10
6272.5 2.92644908306272e-10
6275 2.88673002168949e-10
6277.5 2.73994688049228e-10
6280 2.8037380750412e-10
6282.5 2.73190303712312e-10
6285 2.65210409189365e-10
6287.5 2.81305700955414e-10
6290 2.83596007788489e-10
6292.5 2.79746087405996e-10
6295 2.75928890847155e-10
6297.5 2.76158013123862e-10
6300 2.95456409338257e-10
6302.5 2.98568808565491e-10
6305 2.93566004838652e-10
6307.5 2.94814200829663e-10
6310 2.88095797218446e-10
6312.5 2.88258195091373e-10
6315 2.90891088994272e-10
6317.5 2.97192409570712e-10
6320 2.97157409789861e-10
6322.5 2.99424096628087e-10
6325 3.04993891253602e-10
6327.5 3.0242058857155e-10
6330 2.88512602697466e-10
6332.5 2.94817198431829e-10
6335 3.11872999647633e-10
6337.5 2.94972490877399e-10
6340 2.75490991130667e-10
6342.5 2.75501704782855e-10
6345 2.87476292770705e-10
6347.5 2.78846612467021e-10
6350 2.91248997141835e-10
6352.5 2.98140512278167e-10
6355 2.81177497951646e-10
6357.5 2.80721501599857e-10
6360 2.95762886404205e-10
6362.5 2.98219393624066e-10
6365 3.02438407651096e-10
6367.5 3.08537112525542e-10
6370 3.0088251334881e-10
6372.5 2.8259811157838e-10
6375 2.91024010445895e-10
6377.5 3.0288088703756e-10
6380 2.86016293982172e-10
6382.5 2.81906303856161e-10
6385 2.77513512170202e-10
6387.5 2.69964495203112e-10
6390 2.83755907659611e-10
6392.5 2.76907191620879e-10
6395 2.66274502447317e-10
6397.5 2.53599086175171e-10
6400 2.3624111000764e-10
6402.5 2.34741392990401e-10
6405 2.40680808616389e-10
6407.5 2.35269193016308e-10
6410 2.330315107546e-10
6412.5 2.18931206497075e-10
6415 1.96945904029633e-10
6417.5 1.8652010491671e-10
6420 1.66247793309537e-10
6422.5 1.41675698950294e-10
6425 1.34537603280194e-10
6427.5 1.2312430242023e-10
6430 9.71474775623982e-11
6432.5 7.87240134192402e-11
6435 6.94763413466859e-11
6437.5 5.97277574621025e-11
6440 4.51798806699877e-11
6442.5 4.04771216544475e-11
6445 4.54716785058817e-11
6447.5 4.40252001521202e-11
6450 3.58027392455273e-11
6452.5 3.49977095914777e-11
6455 4.43498189561797e-11
6457.5 4.29314014893656e-11
6460 3.53528387120328e-11
6462.5 4.04265093623124e-11
6465 4.88987010605069e-11
6467.5 6.10969469461153e-11
6470 6.03265493115401e-11
6472.5 6.28215465758863e-11
6475 6.40243275062957e-11
6477.5 7.64018917576159e-11
6480 7.7693150524194e-11
6482.5 8.0417866810123e-11
6485 8.86337322980602e-11
6487.5 1.02763499099101e-10
6490 9.8606497966891e-11
6492.5 1.17413093136953e-10
6495 1.3250139874188e-10
6497.5 1.53675794312136e-10
6500 1.73373398970611e-10
6502.5 1.77349995800213e-10
6505 2.10140196910125e-10
6507.5 2.4520691033203e-10
6510 2.63418703516649e-10
6512.5 3.03578412408356e-10
6515 3.24998306044932e-10
6517.5 3.53404888686626e-10
6520 3.82953307953571e-10
6522.5 4.07628208964894e-10
6525 4.33011987377441e-10
6527.5 4.38842406857987e-10
6530 4.62375610021937e-10
6532.5 4.93110108301664e-10
6535 5.06957475998604e-10
6537.5 5.30197108439268e-10
6540 5.70614000494629e-10
6542.5 6.11158512686671e-10
6545 6.52578324711328e-10
6547.5 7.063475915281e-10
6550 7.2935352202208e-10
6552.5 7.5706541036169e-10
6555 8.11444911263948e-10
6557.5 8.04625310824036e-10
6560 8.29087576370569e-10
6562.5 8.59849025314219e-10
6565 8.49294579108317e-10
6567.5 8.60047477679871e-10
6570 8.88874918114624e-10
6572.5 8.87167672658506e-10
6575 8.79185002577998e-10
6577.5 9.01062890967808e-10
6580 8.96239693570777e-10
6582.5 9.2376101212821e-10
6585 9.19213427597043e-10
6587.5 8.31058721839639e-10
6590 8.53441872727956e-10
6592.5 8.56325288456361e-10
6595 8.37444391610376e-10
6597.5 8.17614476122941e-10
6600 8.45162606566419e-10
6602.5 8.28949020537095e-10
6605 7.87707177263286e-10
6607.5 7.91538279365511e-10
6610 7.99678379070912e-10
6612.5 7.57336304779699e-10
6615 7.42215511273514e-10
6617.5 7.91803123068036e-10
6620 8.09756317554644e-10
6622.5 7.6412748351018e-10
6625 7.42210182202996e-10
6627.5 7.4908268477003e-10
6630 7.39051098097576e-10
6632.5 7.18932413601436e-10
6635 6.92976120930666e-10
6637.5 6.87900791884744e-10
6640 6.7897337752143e-10
6642.5 6.39427677473492e-10
6645 6.21127593802839e-10
6647.5 6.12940920241556e-10
6650 5.75157976800966e-10
6652.5 5.8597582341946e-10
6655 5.65443525335496e-10
6657.5 5.63359303651367e-10
6660 5.42953515481059e-10
6662.5 5.21262089048236e-10
6665 5.02674624147659e-10
6667.5 5.30789023844846e-10
6670 5.06846176140385e-10
6672.5 4.97678120936484e-10
6675 4.77287709355068e-10
6677.5 4.86375606456591e-10
6680 4.82781203903215e-10
6682.5 4.39396713458606e-10
6685 4.50130099860502e-10
6687.5 4.56529203329836e-10
6690 4.50753906422463e-10
6692.5 4.25685792171393e-10
6695 4.19363793691119e-10
6697.5 4.02573197000322e-10
6700 3.82227305362193e-10
6702.5 3.83210213561469e-10
6705 3.76972009163978e-10
6707.5 3.73084813043434e-10
6710 3.55803803087085e-10
6712.5 3.53324813850975e-10
6715 3.376499080332e-10
6717.5 3.50618201139241e-10
6720 3.38454486659145e-10
6722.5 3.2912889080805e-10
6725 3.42981587575508e-10
6727.5 3.18051612824277e-10
6730 3.26711296905202e-10
6732.5 3.16217607654323e-10
6735 2.92605994989259e-10
6737.5 2.87739887472327e-10
6740 2.93628593661666e-10
6742.5 2.98983005020403e-10
6745 2.84390705429516e-10
6747.5 2.83955609026165e-10
6750 2.95584695608753e-10
6752.5 3.08056302689153e-10
6755 2.91159013565689e-10
6757.5 2.82549011965116e-10
6760 2.90560409066387e-10
6762.5 2.87620288696999e-10
6765 2.80714312905772e-10
6767.5 2.94849811233178e-10
6770 2.90047208473254e-10
6772.5 2.95712287989858e-10
6775 2.42934811156559e-10
6777.5 2.66309613250471e-10
6780 2.79787387702513e-10
6782.5 2.64977290109769e-10
6785 2.70860001094775e-10
6787.5 2.70680700076298e-10
6790 2.73320699406554e-10
6792.5 2.79306994199757e-10
6795 2.62177002330333e-10
6797.5 2.76423800515957e-10
6800 2.67805611020577e-10
6802.5 2.77292411254848e-10
6805 2.65322708248306e-10
6807.5 2.61778487775643e-10
6810 2.69470612490608e-10
6812.5 2.71360101056217e-10
6815 2.82167289533675e-10
6817.5 2.62987492893885e-10
6820 2.62239702175648e-10
6822.5 2.72395106470924e-10
6825 2.61640487053683e-10
6827.5 2.8266280982514e-10
6830 2.72305511472837e-10
6832.5 2.6742880132602e-10
6835 2.73482292367788e-10
6837.5 2.61576593718615e-10
6840 2.69762212568025e-10
6842.5 2.86854512365764e-10
6845 2.61122512501544e-10
6847.5 2.67633110118126e-10
6850 2.34851388336565e-10
6852.5 2.41482805973803e-10
6855 2.5469820696955e-10
6857.5 2.50386794631297e-10
6860 2.58406601671979e-10
6862.5 2.65892613482421e-10
6865 2.40694686404197e-10
6867.5 1.92254198672082e-10
6870 1.73780295709136e-10
6872.5 1.79076004025447e-10
6875 2.03586800195943e-10
6877.5 2.0199980577118e-10
6880 2.37158709337493e-10
6882.5 2.34679692345807e-10
6885 2.36185293545077e-10
6887.5 1.93381102797652e-10
6890 2.34543606758564e-10
6892.5 2.02003996863098e-10
6895 2.26107896295069e-10
6897.5 2.15693296556907e-10
6900 2.2981190561655e-10
6902.5 2.20492402114303e-10
6905 2.26513099943482e-10
6907.5 2.24825796868444e-10
6910 2.29706406673635e-10
6912.5 2.50100995469182e-10
6915 2.29688504327363e-10
6917.5 2.39148312264348e-10
6920 2.48487813658826e-10
6922.5 2.32557195722904e-10
6925 2.54705201374605e-10
6927.5 2.17717593953282e-10
6930 2.42282804929772e-10
6932.5 2.44061798548856e-10
6935 2.43914999309425e-10
6937.5 2.68862904162503e-10
6940 2.59251897727353e-10
6942.5 2.06510294975537e-10
6945 2.58332494285085e-10
6947.5 2.97345092992174e-10
6950 2.57309895612678e-10
6952.5 2.18917300953692e-10
6955 2.36821590116065e-10
6957.5 2.40413494667635e-10
6960 2.52870502315261e-10
6962.5 2.51776405280069e-10
6965 2.53139093020494e-10
6967.5 2.55579196695166e-10
6970 2.38650488260106e-10
6972.5 2.4781959817588e-10
6975 2.38042807687577e-10
6977.5 2.2509689945327e-10
6980 2.21471896377778e-10
6982.5 2.13196904574886e-10
6985 2.20928206284832e-10
6987.5 2.43925907250642e-10
6990 2.24091897815804e-10
6992.5 2.04407102355475e-10
6995 1.9944200457811e-10
6997.5 2.0425020008652e-10
7000 2.3757110167999e-10
7002.5 2.30364005648909e-10
7005 2.19484194707853e-10
7007.5 2.30681501678376e-10
7010 2.35745090115813e-10
7012.5 2.42790787474689e-10
7015 2.3833190976319e-10
7017.5 2.17284898407222e-10
7020 2.36013486532016e-10
7022.5 2.41145409196619e-10
7025 2.38900593751978e-10
7027.5 2.59884808118116e-10
7030 2.4585458668902e-10
7032.5 2.38585401435287e-10
7035 2.6520841078792e-10
7037.5 2.69953004394807e-10
7040 2.45681308630452e-10
7042.5 2.23929805254208e-10
7045 2.4471730197817e-10
7047.5 2.59993193640895e-10
7050 2.55025889295268e-10
7052.5 2.67922489749495e-10
7055 2.68266103775616e-10
7057.5 2.60660604212148e-10
7060 2.50968607007351e-10
7062.5 2.68499306121939e-10
7065 2.5949950521742e-10
7067.5 2.22002402572308e-10
7070 2.54662707588338e-10
7072.5 2.36271807674271e-10
7075 2.0843610171184e-10
7077.5 2.39646691380102e-10
7080 2.35088809530382e-10
7082.5 2.36275388143525e-10
7085 2.46750786470074e-10
7087.5 2.34342212301897e-10
7090 2.28582902606078e-10
7092.5 2.29109606286748e-10
7095 2.27923305229361e-10
7097.5 2.42015907314652e-10
7100 2.1504489855495e-10
7102.5 2.1196210064911e-10
7105 2.64667898708382e-10
7107.5 2.52123211197386e-10
7110 2.31764302194293e-10
7112.5 2.60767102355786e-10
7115 2.46727499542132e-10
7117.5 2.45119591291143e-10
7120 2.71141692431698e-10
7122.5 2.21446902481937e-10
7125 2.02861893949802e-10
7127.5 2.05371095129969e-10
7130 2.5336119313657e-10
7132.5 1.99242594645099e-10
7135 2.10542694389915e-10
7137.5 2.42477288248111e-10
7140 2.56080601168662e-10
7142.5 2.27097299299039e-10
7145 2.32861008253593e-10
7147.5 2.49326198575872e-10
7150 2.53643189784825e-10
7152.5 2.29581298416548e-10
7155 2.34617186789521e-10
7157.5 2.17950796299604e-10
7160 2.52728310501382e-10
7162.5 2.37103392475291e-10
7165 1.61310000858584e-18
7167.5 1.61283096809161e-18
7170 1.61256203099495e-18
7172.5 1.61229402447648e-18
7175 1.61202498398225e-18
7177.5 1.61175604688559e-18
7180 1.61148700639136e-18
7182.5 1.61121796589713e-18
7185 1.61094902880047e-18
7187.5 1.610681022282e-18
7190 1.61041198178777e-18
7192.5 1.6101439752693e-18
7195 1.60987503817265e-18
7197.5 1.60960703165418e-18
7200 1.60933799115995e-18
7202.5 1.60906998464148e-18
7205 1.60880104754482e-18
7207.5 1.60853304102636e-18
7210 1.60826503450789e-18
7212.5 1.60799599401366e-18
7215 1.60772798749519e-18
7217.5 1.60745998097672e-18
7220 1.60719197445825e-18
7222.5 1.60692396793979e-18
7225 1.60665596142132e-18
7227.5 1.60638795490285e-18
7230 1.60611994838439e-18
7232.5 1.6058520452635e-18
7235 1.60558496932322e-18
7237.5 1.60531696280475e-18
7240 1.60504895628628e-18
7242.5 1.60478094976782e-18
7245 1.60451397722511e-18
7247.5 1.60424597070665e-18
7250 1.60397899816395e-18
7252.5 1.60371099164548e-18
7255 1.60344401910278e-18
7257.5 1.60317704656008e-18
7260 1.60290904004161e-18
7262.5 1.60264196410133e-18
7265 1.60237499155863e-18
7267.5 1.60210801901593e-18
7270 1.60184104647323e-18
7272.5 1.60157397053295e-18
7275 1.60130699799025e-18
7277.5 1.60104002544754e-18
7280 1.60077294950727e-18
7282.5 1.60050597696457e-18
7285 1.60023900442186e-18
7287.5 1.59997296245735e-18
7290 1.59970598991465e-18
7292.5 1.59944005134771e-18
7295 1.59917297540744e-18
7297.5 1.5989070368405e-18
