3.457104421706560061e+03 1.749284689505846924e+00
3.467116907241610534e+03 1.743846372180643645e+00
3.477129392776661916e+03 1.720467630973468109e+00
3.487141878311712389e+03 1.733418727948788263e+00
3.497154363846762863e+03 1.646027255341631967e+00
3.507166849381814245e+03 1.794395465360115960e+00
3.517179334916864718e+03 1.746040738836295514e+00
3.527191820451916101e+03 1.737104420669515870e+00
3.537204305986966574e+03 1.825328562240135399e+00
3.547216791522017502e+03 1.784904544999434295e+00
3.557229277057068430e+03 1.731254630883654944e+00
3.567241762592118903e+03 1.583224031441375912e+00
3.577254248127170285e+03 1.676585504434175977e+00
3.587266733662220759e+03 1.772144049459183579e+00
3.597279219197272141e+03 1.733548228709573369e+00
3.607291704732322614e+03 1.627943191278008683e+00
3.617304190267373087e+03 1.651002493872258059e+00
3.627316675802424470e+03 1.641606108556501020e+00
3.637329161337474943e+03 1.670541999477964223e+00
3.647341646872526326e+03 1.802586528853083347e+00
3.657354132407576799e+03 1.739231765449365419e+00
3.667366617942627727e+03 1.804462324658100858e+00
3.677379103477678655e+03 1.769107238753079736e+00
3.687391589012729128e+03 1.800009427982071974e+00
3.697404074547780510e+03 1.710498420455689006e+00
3.707416560082830983e+03 1.784477325205429121e+00
3.717429045617882366e+03 1.708149592112163218e+00
3.727441531152932839e+03 1.701735144298787583e+00
3.737454016687983767e+03 1.767088619483861534e+00
3.747466502223034695e+03 1.716744420294846751e+00
3.757478987758085168e+03 1.767384322245874939e+00
3.767491473293136551e+03 1.625727641013477776e+00
3.777503958828187024e+03 1.707704889460228026e+00
3.787516444363237952e+03 1.668932376994631372e+00
3.797528929898288879e+03 1.638061605865072545e+00
3.807541415433339353e+03 1.625843768026006941e+00
3.817553900968390735e+03 1.653999030199071907e+00
3.827566386503441208e+03 1.629999941043209111e+00
3.837578872038492591e+03 1.619044237934601060e+00
3.847591357573543064e+03 1.628471862692849603e+00
3.857603843108593992e+03 1.550666866388113130e+00
3.867616328643644920e+03 1.659079625280845294e+00
3.877628814178695393e+03 1.560503334797724628e+00
3.887641299713746776e+03 1.564403543461376556e+00
3.897653785248797249e+03 1.641047524865026475e+00
3.907666270783848631e+03 1.581291167504486950e+00
3.917678756318899104e+03 1.596363279699413162e+00
3.927691241853950032e+03 1.517075992266400331e+00
3.937703727389000960e+03 1.551365925481117625e+00
3.947716212924051433e+03 1.570312085858851292e+00
3.957728698459102816e+03 1.547351631598563149e+00
3.967741183994153289e+03 1.505453592493774417e+00
3.977753669529204217e+03 1.547699425620482572e+00
3.987766155064255145e+03 1.492977825074792708e+00
3.997778640599305618e+03 1.505431541122604022e+00
4.007791126134357000e+03 1.534090309604058566e+00
4.017803611669407474e+03 1.578454452573817335e+00
4.027816097204458856e+03 1.584790291332557999e+00
4.037828582739509329e+03 1.555665687635130023e+00
4.047841068274560257e+03 1.548578596433798138e+00
4.057853553809611185e+03 1.586872104114527948e+00
4.067866039344661658e+03 1.543824152361498836e+00
4.077878524879713041e+03 1.550344211950225093e+00
4.087891010414763514e+03 1.515428622123390134e+00
4.097903495949814896e+03 1.522772545440563619e+00
4.107915981484865370e+03 1.601267208587620727e+00
4.117928467019915843e+03 1.510252573189559966e+00
4.127940952554967225e+03 1.479113229630805160e+00
4.137953438090018608e+03 1.553239985761551978e+00
4.147965923625068172e+03 1.521834443358692335e+00
4.157978409160119554e+03 1.469200883065534535e+00
4.167990894695170937e+03 1.488409311834641535e+00
4.178003380230221410e+03 1.490966607307472103e+00
4.188015865765271883e+03 1.434370946481347442e+00
4.198028351300323266e+03 1.453039422925825219e+00
4.208040836835374648e+03 1.411418123424740045e+00
4.218053322370424212e+03 1.405671188992833498e+00
4.228065807905475594e+03 1.445840722180364191e+00
4.238078293440526977e+03 1.442030786317440638e+00
4.248090778975577450e+03 1.420676840805204622e+00
4.258103264510627923e+03 1.397394574346899843e+00
4.268115750045679306e+03 1.372483977471155470e+00
4.278128235580729779e+03 1.438401038742089799e+00
4.288140721115780252e+03 1.423927733573087329e+00
4.298153206650831635e+03 1.426290522680536910e+00
4.308165692185883017e+03 1.384276611787422562e+00
4.318178177720932581e+03 1.365624469691959941e+00
4.328190663255983964e+03 1.440848077359068613e+00
4.338203148791035346e+03 1.398949451238612030e+00
4.348215634326085819e+03 1.416867007031962666e+00
4.358228119861136292e+03 1.405270538038398298e+00
4.368240605396187675e+03 1.443420839418622759e+00
4.378253090931239058e+03 1.391810626091258829e+00
4.388265576466288621e+03 1.370067208444695206e+00
4.398278062001340004e+03 1.403699020528626829e+00
4.408290547536391387e+03 1.407033984149096417e+00
4.418303033071441860e+03 1.378614769104916205e+00
4.428315518606492333e+03 1.324538069076277358e+00
4.438328004141543715e+03 1.347629376785628219e+00
4.448340489676595098e+03 1.361500505969222008e+00
4.458352975211644662e+03 1.375132796343310870e+00
4.468365460746696044e+03 1.360277267407355994e+00
4.478377946281747427e+03 1.393146622706169291e+00
4.488390431816797900e+03 1.345009653472655664e+00
4.498402917351848373e+03 1.353247882398403990e+00
4.508415402886899756e+03 1.433628193004728324e+00
4.518427888421951138e+03 1.349230704482351939e+00
4.528440373957000702e+03 1.338401796757973550e+00
4.538452859492052085e+03 1.331616865491000112e+00
4.548465345027103467e+03 1.306347882788897019e+00
4.558477830562153031e+03 1.324372122299252386e+00
4.568490316097204413e+03 1.325780143184351223e+00
4.578502801632255796e+03 1.314326038251421025e+00
4.588515287167307179e+03 1.302375318063592413e+00
4.598527772702356742e+03 1.318526518190326513e+00
4.608540258237408125e+03 1.361002767727828466e+00
4.618552743772459507e+03 1.287930444870844404e+00
4.628565229307509071e+03 1.289462198449732533e+00
4.638577714842560454e+03 1.287826441007975165e+00
4.648590200377611836e+03 1.287818860849135438e+00
4.658602685912663219e+03 1.275294651876355934e+00
4.668615171447712783e+03 1.248683189864577159e+00
4.678627656982764165e+03 1.249126156991929415e+00
4.688640142517815548e+03 1.250270173961072206e+00
4.698652628052865111e+03 1.216064822047348892e+00
4.708665113587916494e+03 1.206801459586382963e+00
4.718677599122967877e+03 1.228642168699267900e+00
4.728690084658018350e+03 1.210187468047524861e+00
4.738702570193068823e+03 1.202157246847515237e+00
4.748715055728120205e+03 1.203853875261773787e+00
4.758727541263171588e+03 1.207741348237678203e+00
4.768740026798221152e+03 1.239157456922556966e+00
4.778752512333272534e+03 1.225392909366286531e+00
4.788764997868323917e+03 1.255607320412063466e+00
4.798777483403374390e+03 1.238824236202649587e+00
4.808789968938424863e+03 1.212773705945016323e+00
4.818802454473476246e+03 1.224930902513363673e+00
4.828814940008527628e+03 1.214675330439414003e+00
4.838827425543577192e+03 1.223018507557584122e+00
4.848839911078628575e+03 1.191964000524026179e+00
4.858852396613679957e+03 1.193409437277337615e+00
4.868864882148730430e+03 1.232534746159239525e+00
4.878877367683780903e+03 1.210854215756383523e+00
4.888889853218832286e+03 1.188687330111604101e+00
4.898902338753883669e+03 1.176538530419547479e+00
4.908914824288933232e+03 1.208100959140212760e+00
4.918927309823984615e+03 1.185748372365068359e+00
4.928939795359035998e+03 1.147321867351967617e+00
4.938952280894085561e+03 1.202825270677390979e+00
4.948964766429136944e+03 1.149946797238688312e+00
4.958977251964188326e+03 1.174536271021764833e+00
4.968989737499239709e+03 1.171656678424930709e+00
4.979002223034289273e+03 1.174819850634118312e+00
4.989014708569340655e+03 1.153016838136069921e+00
4.999027194104392038e+03 1.159667623561757344e+00
5.009039679639441601e+03 1.181050511498654254e+00
5.019052165174492984e+03 1.150450660860962593e+00
5.029064650709544367e+03 1.122593041153856275e+00
5.039077136244594840e+03 1.157485048264300653e+00
5.049089621779645313e+03 1.125823464940629348e+00
5.059102107314696696e+03 1.118881213474704595e+00
5.069114592849748078e+03 1.148997107977984378e+00
5.079127078384797642e+03 1.113100793627316953e+00
5.089139563919849024e+03 1.121167358753885068e+00
5.099152049454900407e+03 1.099417560502237157e+00
5.109164534989950880e+03 1.114431736803000783e+00
5.119177020525001353e+03 1.124086562147080581e+00
5.129189506060052736e+03 1.112015223000744069e+00
5.139201991595104118e+03 1.100023615895536766e+00
5.149214477130153682e+03 1.069344237396077979e+00
5.159226962665205065e+03 1.072567004456750572e+00
5.169239448200256447e+03 1.076256270316324981e+00
5.179251933735306920e+03 1.062793040454542259e+00
5.189264419270357394e+03 1.080970924935320321e+00
5.199276904805408776e+03 1.087863662905793394e+00
5.209289390340460159e+03 1.064348836153386380e+00
5.219301875875509722e+03 1.074564133848045833e+00
5.229314361410561105e+03 1.057801824888785269e+00
5.239326846945612488e+03 1.054431716895513071e+00
5.249339332480662051e+03 1.057188010679703360e+00
5.259351818015713434e+03 1.052344314703489214e+00
5.269364303550764816e+03 1.016407521794168822e+00
5.279376789085816199e+03 1.041648787147787081e+00
5.289389274620865763e+03 1.031193017208721585e+00
5.299401760155917145e+03 1.033237363077638360e+00
5.309414245690968528e+03 1.042159950182277139e+00
5.319426731226018092e+03 1.062761265041223702e+00
5.329439216761069474e+03 1.028011800648356067e+00
5.339451702296120857e+03 1.038591660595095556e+00
5.349464187831171330e+03 1.023406637212602499e+00
5.359476673366221803e+03 1.023751189887139201e+00
5.369489158901273186e+03 1.028792021038029025e+00
5.379501644436324568e+03 9.988880647132198920e-01
5.389514129971374132e+03 1.005887129086812326e+00
5.399526615506425514e+03 9.834136936513769855e-01
5.409539101041476897e+03 1.016927413496414134e+00
5.419551586576527370e+03 9.857426910743017912e-01
5.429564072111577843e+03 1.000743953030375222e+00
5.439576557646629226e+03 9.992560469696247782e-01
5.449589043181680609e+03 9.761335508626233226e-01
5.459601528716730172e+03 9.854325426223780049e-01
5.469614014251781555e+03 9.772005922120324817e-01
5.479626499786832937e+03 9.780302750523165445e-01
5.489638985321883411e+03 9.800572401529844546e-01
5.499651470856933884e+03 9.490413995862354568e-01
5.509663956391985266e+03 9.562880314370879598e-01
5.519676441927036649e+03 9.592492957789973129e-01
5.529688927462086212e+03 9.534642308511086517e-01
5.539701412997137595e+03 9.479698662908472295e-01
5.549713898532188978e+03 9.465549543522580045e-01
5.559726384067238541e+03 9.704026445106874732e-01
5.569738869602289924e+03 9.307941706894040657e-01
5.579751355137341307e+03 9.429284226018693760e-01
5.589763840672392689e+03 9.381832942129929576e-01
5.599776326207442253e+03 9.402151851407856142e-01
5.609788811742493635e+03 9.434775629978195965e-01
5.619801297277545018e+03 9.231289456226202672e-01
5.629813782812594582e+03 9.091566455648144585e-01
5.639826268347645964e+03 9.162079288104150177e-01
5.649838753882697347e+03 9.508579833760736344e-01
5.659851239417748729e+03 8.903767637555700665e-01
5.669863724952798293e+03 9.118235343105680624e-01
5.679876210487849676e+03 8.774893962638289358e-01
5.689888696022901058e+03 8.523296495207641765e-01
5.699901181557950622e+03 8.587569606339890971e-01
5.709913667093002005e+03 8.561135014701042323e-01
5.719926152628053387e+03 8.795188880841101620e-01
5.729938638163103860e+03 8.429396448100910932e-01
5.739951123698154333e+03 9.054426484799343866e-01
5.749963609233205716e+03 8.757993015891765154e-01
5.759976094768257099e+03 9.179179820177705285e-01
5.769988580303306662e+03 8.583506947470800341e-01
5.780001065838358045e+03 8.902712795923211075e-01
5.790013551373409427e+03 8.747216939577482364e-01
5.800026036908459901e+03 8.794470169484439603e-01
5.810038522443510374e+03 8.697373184006415014e-01
5.820051007978561756e+03 8.653116286246909095e-01
5.830063493513613139e+03 8.699608948027852673e-01
5.840075979048662703e+03 8.739715389792311884e-01
5.850088464583714085e+03 8.601973439480737893e-01
5.860100950118765468e+03 8.868696003650931026e-01
5.870113435653815031e+03 8.685395001694306005e-01
5.880125921188866414e+03 8.829619646771232899e-01
5.890138406723917797e+03 8.725189559482259272e-01
5.900150892258969179e+03 7.959511844916993262e-01
5.910163377794018743e+03 8.322120355720264984e-01
5.920175863329070125e+03 8.191863365620641879e-01
5.930188348864121508e+03 8.586909596550000856e-01
5.940200834399171072e+03 8.553598243975808479e-01
5.950213319934222454e+03 8.239815399396400730e-01
5.960225805469273837e+03 8.390725387256149359e-01
5.970238291004325220e+03 8.308028661780126889e-01
5.980250776539374783e+03 8.381535274141549419e-01
5.990263262074426166e+03 8.376560954418054150e-01
6.000275747609477548e+03 8.344462427258231285e-01
6.010288233144527112e+03 8.480557160561316143e-01
6.020300718679578495e+03 8.142700037775733035e-01
6.030313204214629877e+03 7.881193745873822376e-01
6.040325689749681260e+03 8.151158167875097726e-01
6.050338175284730823e+03 8.321024678215238612e-01
6.060350660819782206e+03 8.117476229757626394e-01
6.070363146354833589e+03 8.060768984909791879e-01
6.080375631889883152e+03 8.107672302433943656e-01
6.090388117424934535e+03 7.911320921286889574e-01
6.100400602959985918e+03 7.863681792384451530e-01
6.110413088495036391e+03 7.955898380645817225e-01
6.120425574030086864e+03 7.918177264285963801e-01
6.130438059565138246e+03 8.056037128179490692e-01
6.140450545100189629e+03 7.830705293965066760e-01
6.150463030635239193e+03 7.771535135554806795e-01
6.160475516170290575e+03 7.785835858117495789e-01
6.170488001705341958e+03 7.857431606868359175e-01
6.180500487240391521e+03 7.695888213024003610e-01
6.190512972775442904e+03 7.973946304962243881e-01
6.200525458310494287e+03 7.736612297360596635e-01
6.210537943845545669e+03 7.495794989831483512e-01
6.220550429380595233e+03 7.583573229196413079e-01
6.230562914915646616e+03 7.756018524887307031e-01
6.240575400450697998e+03 7.772603504070072500e-01
6.250587885985747562e+03 7.540005692010183225e-01
6.260600371520798944e+03 7.364639865760235216e-01
6.270612857055850327e+03 7.663544160180547626e-01
6.280625342590901710e+03 7.996555596241129438e-01
6.290637828125951273e+03 7.561420789241543039e-01
6.300650313661002656e+03 7.545939399514108858e-01
6.310662799196054038e+03 7.353375800769127446e-01
6.320675284731103602e+03 7.483348215882004162e-01
6.330687770266154985e+03 7.366471865091956950e-01
6.340700255801206367e+03 7.328674947143705154e-01
6.350712741336257750e+03 7.401074141686746488e-01
6.360725226871307314e+03 7.325055612715850595e-01
6.370737712406358696e+03 6.946217139596689849e-01
6.380750197941410079e+03 7.279779349488123552e-01
6.390762683476459642e+03 6.753627507982965517e-01
6.400775169011511025e+03 6.937906529086868002e-01
6.410787654546562408e+03 7.165157138862154884e-01
6.420800140081612881e+03 7.076009621646196512e-01
6.430812625616663354e+03 6.956586898979222333e-01
6.440825111151714736e+03 7.053510842447368034e-01
6.450837596686766119e+03 7.149276068032257569e-01
6.460850082221815683e+03 6.666935502827538995e-01
6.470862567756867065e+03 6.878781800584805595e-01
6.480875053291918448e+03 6.935122543476612833e-01
6.490887538826968012e+03 6.857510394579936497e-01
6.500900024362019394e+03 6.858417971847086125e-01
6.510912509897070777e+03 7.165352385377724564e-01
6.520924995432122159e+03 7.022508248016774424e-01
6.530937480967171723e+03 6.633334726006736570e-01
6.540949966502223106e+03 6.803804586363620954e-01
6.550962452037274488e+03 6.911566880851669481e-01
6.560974937572324052e+03 7.014616205200462362e-01
6.570987423107375434e+03 7.919551901845263142e-01
6.580999908642426817e+03 7.263906956281139804e-01
6.591012394177478200e+03 7.260194465019059740e-01
6.601024879712527763e+03 6.745646136695478967e-01
6.611037365247579146e+03 6.658279318746368469e-01
6.621049850782630529e+03 6.998829056877402532e-01
6.631062336317680092e+03 6.976602091455151866e-01
6.641074821852731475e+03 6.801034893308752771e-01
6.651087307387782857e+03 6.944847606521458161e-01
6.661099792922834240e+03 6.898793930370293870e-01
6.671112278457883804e+03 6.475857308946116886e-01
6.681124763992935186e+03 6.682001387551903537e-01
6.691137249527986569e+03 6.716345887701299366e-01
6.701149735063036132e+03 6.900865330004767317e-01
6.711162220598087515e+03 6.322260831121793156e-01
6.721174706133138898e+03 6.933072582675222639e-01
6.731187191668189371e+03 6.730647631160802113e-01
6.741199677203239844e+03 6.966153723017983745e-01
6.751212162738291227e+03 6.383072081159661959e-01
6.761224648273342609e+03 6.518443509070425135e-01
6.771237133808392173e+03 6.353266998691236012e-01
6.781249619343443555e+03 6.563276192632713224e-01
6.791262104878494938e+03 6.174619244410276542e-01
6.801274590413545411e+03 6.402160299328987225e-01
6.811287075948595884e+03 6.263117216028681877e-01
6.821299561483647267e+03 6.727437931579342001e-01
6.831312047018698649e+03 6.392582755873684741e-01
6.841324532553748213e+03 6.209275118087772549e-01
6.851337018088799596e+03 6.088514765370985904e-01
6.861349503623850978e+03 6.509843474313993239e-01
6.871361989158900542e+03 6.488454665175578118e-01
6.881374474693951925e+03 6.343487317666872682e-01
6.891386960229003307e+03 6.106889887116121463e-01
6.901399445764054690e+03 6.363035449850652503e-01
6.911411931299104253e+03 6.025085935903452539e-01
6.921424416834155636e+03 6.120789907679534680e-01
6.931436902369207019e+03 6.483514035046926693e-01
6.941449387904256582e+03 6.319153731670084095e-01
6.951461873439307965e+03 6.191713140654542258e-01
6.961474358974359347e+03 6.409354559173310317e-01
6.971486844509410730e+03 6.152150326443242001e-01
6.981499330044460294e+03 6.075292109843289934e-01
6.991511815579511676e+03 6.170471851105669980e-01
7.001524301114563059e+03 6.277709404631609535e-01
7.011536786649612623e+03 5.978041479394843316e-01
7.021549272184664005e+03 5.858968413886472826e-01
7.031561757719715388e+03 6.301306924025905642e-01
7.041574243254766770e+03 6.158123593698687781e-01
7.051586728789816334e+03 5.928704599091650929e-01
7.061599214324867717e+03 6.135313185747555131e-01
7.071611699859919099e+03 6.178100502544112693e-01
7.081624185394968663e+03 5.857268875916294970e-01
7.091636670930020045e+03 6.136760306980607593e-01
7.101649156465071428e+03 6.083580005399013002e-01
7.111661642000121901e+03 5.844520937406849637e-01
7.121674127535172374e+03 5.819013320074605256e-01
7.131686613070223757e+03 5.989591905942122096e-01
7.141699098605275140e+03 5.989248884612805579e-01
7.151711584140324703e+03 5.711403649660168336e-01
7.161724069675376086e+03 5.614234180508389516e-01
7.171736555210427468e+03 6.004514865112604571e-01
7.181749040745477032e+03 5.677783986248314818e-01
7.191761526280528415e+03 5.484612188226726248e-01
7.201774011815579797e+03 5.993934290538095455e-01
7.211786497350631180e+03 5.898579465472210126e-01
7.221798982885680743e+03 5.689491630904863761e-01
7.231811468420732126e+03 5.562600282374953187e-01
7.241823953955783509e+03 5.770987271279872655e-01
7.251836439490833072e+03 5.750070626917673788e-01
7.261848925025884455e+03 5.555298317916812501e-01
7.271861410560935838e+03 5.408720760909104808e-01
7.281873896095987220e+03 5.616405117582172757e-01
7.291886381631036784e+03 5.630320451597788933e-01
7.301898867166088166e+03 5.465769750965239204e-01
7.311911352701139549e+03 5.824606303267045870e-01
7.321923838236189113e+03 5.813186041063480580e-01
7.331936323771240495e+03 5.311445884161339892e-01
7.341948809306291878e+03 5.802519711156644000e-01
7.351961294841343260e+03 5.356392397718325871e-01
