3.030523355163224551e+03 1.048305534986277321e+00
3.060548584235589260e+03 1.045040754698282948e+00
3.090573813307953969e+03 1.029188952600124995e+00
3.120599042380318679e+03 1.093115057353876152e+00
3.150624271452683388e+03 1.125544015349422278e+00
3.180649500525047642e+03 1.196935621065265298e+00
3.210674729597412352e+03 1.142463890594074494e+00
3.240699958669777061e+03 1.093189382031596324e+00
3.270725187742141770e+03 1.110118891956693554e+00
3.300750416814506480e+03 1.049940677896116004e+00
3.330775645886871189e+03 1.042491693529073338e+00
3.360800874959235898e+03 1.038651585180209835e+00
3.390826104031600607e+03 1.024295911316895680e+00
3.420851333103965317e+03 1.011412967178772826e+00
3.450876562176329571e+03 9.955377665709621571e-01
3.480901791248694281e+03 1.024081195581260095e+00
3.510927020321058990e+03 9.773006928711621688e-01
3.540952249393423699e+03 9.625789011509312543e-01
3.570977478465788408e+03 9.170288847719746395e-01
3.601002707538153118e+03 9.163929958625930405e-01
3.631027936610517827e+03 9.192833999961461666e-01
3.661053165682882536e+03 9.681023258118593988e-01
3.691078394755246791e+03 9.634129892008996832e-01
3.721103623827611500e+03 9.737124625967941149e-01
3.751128852899976209e+03 1.066688505275675602e+00
3.781154081972340919e+03 1.163526678430152783e+00
3.811179311044705628e+03 1.289416165892680821e+00
3.841204540117070337e+03 1.164480511794225182e+00
3.871229769189435046e+03 1.419339831695896059e+00
3.901254998261799756e+03 1.292413927894051406e+00
3.931280227334164465e+03 1.353325754051382779e+00
3.961305456406529174e+03 1.238100481458745517e+00
3.991330685478893884e+03 1.570053761516883917e+00
4.021355914551258138e+03 1.648014842913417155e+00
4.051381143623622847e+03 1.623061020560407908e+00
4.081406372695987557e+03 1.513385323904192781e+00
4.111431601768352266e+03 1.376936226673750152e+00
4.141456830840716975e+03 1.529589480030060233e+00
4.171482059913081684e+03 1.532226629706197052e+00
4.201507288985445484e+03 1.498769513668858577e+00
4.231532518057811103e+03 1.484043592799865419e+00
4.261557747130174903e+03 1.474315318316077983e+00
4.291582976202540522e+03 1.411571526491241846e+00
4.321608205274904321e+03 1.336257229451290884e+00
4.351633434347269940e+03 1.298439732321049478e+00
4.381658663419633740e+03 1.450137775930365969e+00
4.411683892491999359e+03 1.464258088314233763e+00
4.441709121564363159e+03 1.475000757010606511e+00
4.471734350636728777e+03 1.453079106231986550e+00
4.501759579709092577e+03 1.523176912002334182e+00
4.531784808781458196e+03 1.465862950799815989e+00
4.561810037853821996e+03 1.510950502517404148e+00
4.591835266926186705e+03 1.535670339773887783e+00
4.621860495998551414e+03 1.615731781507469877e+00
4.651885725070916124e+03 1.642702004839362351e+00
4.681910954143280833e+03 1.700794998775019273e+00
4.711936183215645542e+03 1.635111253031483081e+00
4.741961412288010251e+03 1.542466918636499873e+00
4.771986641360374051e+03 1.485843901660192978e+00
4.802011870432739670e+03 1.467130599469817165e+00
4.832037099505103470e+03 1.418006116645699866e+00
4.862062328577469088e+03 1.220718141552725067e+00
4.892087557649832888e+03 1.391340073939290489e+00
4.922112786722198507e+03 1.400106256761481038e+00
4.952138015794562307e+03 1.405701253334287415e+00
4.982163244866927926e+03 1.353539093404097837e+00
5.012188473939291725e+03 1.325650822664071526e+00
5.042213703011657344e+03 1.342043543250080351e+00
5.072238932084021144e+03 1.314007999537535110e+00
5.102264161156385853e+03 1.307954667452122521e+00
5.132289390228750563e+03 1.264839472459954095e+00
5.162314619301115272e+03 1.235967087931599373e+00
5.192339848373479981e+03 1.226018592180493361e+00
5.222365077445844690e+03 1.243032061463755777e+00
5.252390306518209400e+03 1.259461944388624355e+00
5.282415535590574109e+03 1.255910876453116387e+00
5.312440764662938818e+03 1.281949288547667987e+00
5.342465993735303528e+03 1.247005678955931174e+00
5.372491222807668237e+03 1.253882088027945985e+00
5.402516451880032037e+03 1.215310333057139092e+00
5.432541680952397655e+03 1.243010039337024031e+00
5.462566910024761455e+03 1.240579347098997642e+00
5.492592139097127074e+03 1.252957158705209073e+00
5.522617368169490874e+03 1.241768541942516624e+00
5.552642597241856492e+03 1.235471590080132964e+00
5.582667826314220292e+03 1.226329654720580420e+00
5.612693055386585002e+03 1.225896094100547673e+00
5.642718284458949711e+03 1.215811336440288271e+00
5.672743513531314420e+03 1.203027491872458832e+00
5.702768742603679129e+03 1.174072524368859449e+00
5.732793971676043839e+03 1.214894665415075847e+00
5.762819200748408548e+03 1.234655395008134482e+00
5.792844429820773257e+03 1.196054735995991880e+00
5.822869658893137967e+03 1.234026388013356401e+00
5.852894887965502676e+03 1.224113678218189616e+00
5.882920117037867385e+03 1.183474596100431819e+00
5.912945346110232094e+03 1.186049808545135642e+00
5.942970575182596804e+03 1.165600887491707205e+00
5.972995804254960603e+03 1.163603755873714007e+00
6.003021033327326222e+03 1.137294196343776376e+00
6.033046262399690022e+03 1.158025275895956385e+00
6.063071491472055641e+03 1.138684343093723239e+00
6.093096720544419441e+03 1.125571543007837017e+00
6.123121949616785059e+03 1.122105810813414761e+00
6.153147178689148859e+03 1.087652193541460699e+00
6.183172407761513568e+03 1.079743497278890851e+00
6.213197636833878278e+03 1.091248682113353352e+00
6.243222865906242987e+03 1.066095284236836971e+00
6.273248094978607696e+03 1.101736719969389267e+00
6.303273324050972406e+03 1.075919905525076326e+00
6.333298553123337115e+03 1.064432613668583327e+00
6.363323782195701824e+03 1.056490884215915749e+00
6.393349011268066533e+03 1.066593534854144654e+00
6.423374240340431243e+03 1.055018154490724447e+00
6.453399469412795952e+03 1.069552758133734960e+00
6.483424698485159752e+03 1.063199374571600853e+00
6.513449927557525371e+03 1.096906992300513917e+00
6.543475156629889170e+03 1.123944658395522822e+00
6.573500385702254789e+03 1.115038084515416861e+00
6.603525614774618589e+03 1.111872403797715680e+00
6.633550843846984208e+03 1.111756787632373511e+00
6.663576072919348007e+03 1.095719173839915461e+00
6.693601301991713626e+03 1.082415056528046371e+00
6.723626531064077426e+03 1.033382791359618524e+00
6.753651760136442135e+03 1.005833110818094456e+00
6.783676989208806845e+03 1.000000000000000000e+00
6.813702218281171554e+03 9.792524038527709029e-01
6.843727447353536263e+03 9.774135562706628422e-01
6.873752676425900972e+03 9.911649980317722708e-01
6.903777905498265682e+03 9.884177377219761640e-01
6.933803134570630391e+03 9.712473607857494695e-01
6.963828363642995100e+03 9.683803551618488381e-01
6.993853592715359810e+03 9.754948784791518390e-01
7.023878821787724519e+03 9.758637491019100940e-01
7.053904050860088319e+03 9.817519152368341384e-01
7.083929279932453937e+03 9.586259294025670785e-01
7.113954509004817737e+03 9.370607618004188621e-01
7.143979738077182446e+03 9.199770969881987392e-01
7.174004967149547156e+03 9.245962380702009709e-01
7.204030196221911865e+03 9.126602453815469973e-01
7.234055425294276574e+03 9.252940642110158986e-01
7.264080654366641284e+03 9.251935882578020687e-01
7.294105883439005993e+03 9.014220788337081736e-01
7.324131112511370702e+03 9.278128449559694957e-01
7.354156341583735411e+03 9.170784345571212359e-01
7.384181570656100121e+03 9.266883401097252282e-01
7.414206799728464830e+03 9.257413886602563480e-01
7.444232028800829539e+03 9.278995570799759562e-01
7.594358174162653086e+03 8.905748050353592404e-01
7.624383403235017795e+03 8.798610403803220903e-01
7.654408632307382504e+03 8.681094830030472442e-01
7.684433861379747214e+03 8.650539129190052412e-01
7.714459090452111013e+03 8.647070644229790659e-01
7.744484319524475723e+03 8.662073218065851066e-01
7.774509548596840432e+03 8.607155539528340560e-01
7.804534777669205141e+03 8.637188214858879665e-01
7.834560006741569850e+03 8.597686025033651758e-01
7.864585235813934560e+03 8.449146780227432263e-01
7.894610464886299269e+03 8.348560716379781477e-01
7.924635693958663978e+03 8.105725477673692003e-01
7.954660923031028688e+03 8.198397339727089284e-01
7.984686152103393397e+03 8.281599687285799982e-01
8.014711381175758106e+03 8.256370588348643791e-01
8.044736610248122815e+03 8.251663358759713240e-01
8.074761839320487525e+03 8.143149329288602578e-01
8.104787068392852234e+03 8.030561206372102134e-01
8.134812297465216943e+03 8.179940044759972384e-01
8.164837526537581653e+03 8.260692430719764889e-01
8.194862755609945452e+03 8.048894626876353930e-01
8.224887984682311071e+03 8.263582834853318015e-01
8.254913213754674871e+03 8.322932466395609463e-01
8.284938442827038671e+03 8.183670042475176265e-01
8.314963671899404289e+03 7.952506530936959139e-01
8.344988900971769908e+03 7.910100173148970626e-01
8.375014130044133708e+03 7.882462404100518683e-01
8.405039359116497508e+03 7.926781934148334763e-01
8.435064588188863127e+03 7.609883530477246083e-01
8.465089817261228745e+03 7.632139642305606486e-01
8.495115046333592545e+03 7.389359458916345824e-01
8.525140275405956345e+03 7.311346074968825270e-01
8.555165504478321964e+03 7.496029135273665212e-01
8.585190733550687582e+03 7.471914906502308273e-01
8.615215962623051382e+03 7.584970999611859721e-01
8.645241191695415182e+03 7.624528244753916439e-01
8.675266420767780801e+03 7.163605132256634089e-01
8.705291649840146420e+03 7.661690583613885996e-01
8.735316878912510219e+03 7.523666904322117155e-01
8.765342107984874019e+03 7.565619055746261035e-01
8.795367337057239638e+03 7.712671806998080415e-01
8.825392566129603438e+03 7.688062080375256402e-01
8.855417795201967238e+03 7.334675765475360265e-01
8.885443024274332856e+03 7.521189415064785111e-01
8.915468253346698475e+03 7.574648127706312684e-01
8.945493482419062275e+03 7.524974468096818914e-01
8.975518711491426075e+03 7.554883268964491805e-01
9.005543940563791693e+03 7.158540043108313489e-01
9.035569169636157312e+03 7.453774179606960093e-01
9.065594398708521112e+03 7.595018594933259370e-01
9.095619627780884912e+03 7.492505594996571316e-01
9.125644856853250531e+03 7.566059498280898188e-01
9.155670085925616149e+03 7.231983835758977186e-01
9.185695314997979949e+03 7.146703149989952486e-01
9.215720544070343749e+03 6.536538837396872470e-01
9.245745773142709368e+03 6.637992022484591192e-01
9.275771002215074986e+03 6.840430422466974303e-01
9.305796231287438786e+03 6.700507334744584265e-01
9.335821460359802586e+03 6.843375881917355130e-01
9.365846689432168205e+03 6.691147930883555306e-01
9.395871918504532005e+03 6.632981988653100514e-01
9.425897147576895804e+03 6.553647277101666280e-01
9.455922376649261423e+03 6.645878696620429738e-01
9.485947605721627042e+03 6.581753016343171447e-01
9.515972834793990842e+03 6.671272961508074584e-01
9.545998063866354642e+03 6.499252624074038920e-01
9.576023292938720260e+03 6.658637766295685267e-01
9.606048522011085879e+03 6.707843455712125813e-01
9.636073751083449679e+03 6.605344219604647460e-01
9.666098980155813479e+03 6.593149466926894187e-01
9.696124209228179097e+03 6.587616407585522582e-01
9.726149438300544716e+03 6.475358616569999448e-01
9.756174667372908516e+03 6.390766122261342108e-01
9.786199896445272316e+03 6.421115365663649932e-01
9.816225125517637935e+03 6.417233965827165987e-01
9.846250354590003553e+03 6.498151517737446037e-01
9.876275583662365534e+03 6.506079483360907023e-01
9.906300812734731153e+03 6.540874443597203269e-01
9.936326041807096772e+03 6.423771784700677001e-01
9.966351270879460571e+03 6.616258936166112825e-01
9.996376499951824371e+03 6.357719168334383664e-01
1.002640172902418999e+04 6.140457124295636282e-01
1.005642695809655561e+04 5.867410280479311568e-01
1.008645218716891941e+04 6.377442735588582101e-01
1.011647741624128321e+04 5.220634182194558992e-01
