3.261271556135347964e+03 3.703218885823651441e+00
3.291374020554174422e+03 3.361284937733078237e+00
3.321476484972999970e+03 3.377413112638009807e+00
3.351578949391826427e+03 3.483594674214825826e+00
3.381681413810651975e+03 3.191872714978999603e+00
3.411783878229477523e+03 2.786281920709023474e+00
3.441886342648303980e+03 2.724431236118381339e+00
3.471988807067129528e+03 2.639285876854037927e+00
3.502091271485955986e+03 2.792716496973647544e+00
3.532193735904781533e+03 2.694860615498362755e+00
3.562296200323607991e+03 2.451607989247168717e+00
3.592398664742433539e+03 2.415062993754031329e+00
3.622501129161259996e+03 2.253074576111888216e+00
3.652603593580085544e+03 2.419746607493360013e+00
3.682706057998911092e+03 2.295572227890807060e+00
3.712808522417737549e+03 2.201971698488915496e+00
3.742910986836563097e+03 2.093016785907920063e+00
3.773013451255389555e+03 2.491290086854453190e+00
3.803115915674215103e+03 2.481097419011702776e+00
3.833218380093041560e+03 2.193857704116205731e+00
3.863320844511867108e+03 2.445410956525076784e+00
3.893423308930693111e+03 2.181210821602220573e+00
3.923525773349519113e+03 2.348972029649801563e+00
3.953628237768344661e+03 2.242824766520187030e+00
3.983730702187171119e+03 2.363618270474673544e+00
4.013833166605996666e+03 2.601783204405447858e+00
4.043935631024823124e+03 2.472603328175279724e+00
4.074038095443648672e+03 2.348192275889206204e+00
4.104140559862475129e+03 2.138870661325978695e+00
4.134243024281300677e+03 2.425696182278025859e+00
4.164345488700126225e+03 2.245221638475006110e+00
4.194447953118952682e+03 2.219664740047412987e+00
4.224550417537779140e+03 2.053612693292600433e+00
4.254652881956604688e+03 2.046348657314601027e+00
4.284755346375430236e+03 2.021848847748020539e+00
4.314857810794255784e+03 1.858095198890632460e+00
4.344960275213082241e+03 1.677147376709726245e+00
4.375062739631908698e+03 2.028448619268110598e+00
4.405165204050734246e+03 2.059193224824077184e+00
4.435267668469559794e+03 1.984882088536953137e+00
4.465370132888386252e+03 1.939864103791120398e+00
4.495472597307212709e+03 1.977410252201104335e+00
4.525575061726038257e+03 1.968946306484292252e+00
4.555677526144863805e+03 1.918204969329182941e+00
4.585779990563689353e+03 1.892023196066637825e+00
4.615882454982515810e+03 1.934167948978648299e+00
4.645984919401342268e+03 1.919193327317483710e+00
4.676087383820167815e+03 1.980118087811996386e+00
4.706189848238993363e+03 1.943654015217725295e+00
4.736292312657819821e+03 1.892404163389361571e+00
4.766394777076646278e+03 1.836415230801586418e+00
4.796497241495471826e+03 1.772644235102591503e+00
4.826599705914297374e+03 1.679068625666244818e+00
4.856702170333122922e+03 1.463495047274079086e+00
4.886804634751949379e+03 1.617716340386498475e+00
4.916907099170775837e+03 1.608632276064717814e+00
4.947009563589601385e+03 1.608932186510266593e+00
4.977112028008426933e+03 1.529920823173451128e+00
5.007214492427252480e+03 1.485326142896106649e+00
5.037316956846079847e+03 1.466079488862031432e+00
5.067419421264905395e+03 1.447878133597743755e+00
5.097521885683730943e+03 1.427766113663379466e+00
5.127624350102556491e+03 1.380468019059352125e+00
5.157726814521382948e+03 1.296401319163831722e+00
5.187829278940209406e+03 1.261042165687022987e+00
5.217931743359034954e+03 1.270026751114088359e+00
5.248034207777860502e+03 1.304243069611880745e+00
5.278136672196686050e+03 1.295583247606753696e+00
5.308239136615513416e+03 1.304490326581842607e+00
5.338341601034338964e+03 1.262859715432080421e+00
5.368444065453164512e+03 1.239802048387673272e+00
5.398546529871990060e+03 1.210167185168306236e+00
5.428648994290816518e+03 1.251953613091878026e+00
5.458751458709642975e+03 1.236236349661816947e+00
5.488853923128468523e+03 1.208684380229236188e+00
5.518956387547294071e+03 1.215467969989796337e+00
5.549058851966119619e+03 1.214429370135477804e+00
5.579161316384946986e+03 1.169805415597533482e+00
5.609263780803772534e+03 1.213028090997665842e+00
5.639366245222598081e+03 1.206256291328331010e+00
5.669468709641423629e+03 1.224410419238561643e+00
5.699571174060250087e+03 1.190034197628523582e+00
5.729673638479076544e+03 1.233512235686335279e+00
5.759776102897902092e+03 1.216445341756728249e+00
5.789878567316727640e+03 1.175334834403981787e+00
5.819981031735553188e+03 1.198868727349082564e+00
5.850083496154380555e+03 1.169611080059776986e+00
5.880185960573206103e+03 1.149007426719140135e+00
5.910288424992031651e+03 1.155496197209908260e+00
5.940390889410857199e+03 1.149841843629962890e+00
5.970493353829682746e+03 1.114840814174127948e+00
6.000595818248510113e+03 1.096578498779072319e+00
6.030698282667335661e+03 1.067327014491998183e+00
6.060800747086161209e+03 1.052348306492397745e+00
6.090903211504986757e+03 1.021881036036849100e+00
6.121005675923814124e+03 1.017459818816442985e+00
6.151108140342639672e+03 1.000000000000000000e+00
6.181210604761465220e+03 9.999812095421093394e-01
6.211313069180290768e+03 1.002598576299591926e+00
6.241415533599116316e+03 9.740207349520836333e-01
6.271517998017943682e+03 9.966491019986581934e-01
6.301620462436769230e+03 9.833580517731711490e-01
6.331722926855594778e+03 9.859017639550717860e-01
6.361825391274420326e+03 9.665636362302668649e-01
6.391927855693247693e+03 1.000286412130878322e+00
6.422030320112073241e+03 9.970143268700298878e-01
6.452132784530898789e+03 1.002446611402177057e+00
6.482235248949724337e+03 1.014607420609729083e+00
6.512337713368549885e+03 1.021164721005745735e+00
6.542440177787377252e+03 1.042915362652990119e+00
6.572542642206202800e+03 1.009850386756860230e+00
6.602645106625028347e+03 1.056812195804341936e+00
6.632747571043853895e+03 1.076844197193429054e+00
6.662850035462681262e+03 1.049463016610731048e+00
6.692952499881506810e+03 1.028695038873638889e+00
6.723054964300332358e+03 9.673868324576789801e-01
6.753157428719157906e+03 9.330467849911735501e-01
6.783259893137983454e+03 9.159953320617227890e-01
6.813362357556810821e+03 9.255169360473631812e-01
6.843464821975636369e+03 8.918749825618855764e-01
6.873567286394461917e+03 8.653225918010164497e-01
6.903669750813287465e+03 9.014224778558137530e-01
6.933772215232114831e+03 8.817651468089097166e-01
6.963874679650940379e+03 8.828159051948046843e-01
6.993977144069765927e+03 8.729436129843604064e-01
7.024079608488591475e+03 8.857173394627516627e-01
7.054182072907417023e+03 8.756337299638369265e-01
7.084284537326244390e+03 8.559489668580869681e-01
7.114387001745069938e+03 8.432523783913217219e-01
7.144489466163895486e+03 8.574674435220298596e-01
7.174591930582721034e+03 8.409157966757234703e-01
7.204694395001548401e+03 8.336197733763595075e-01
7.234796859420373949e+03 8.601545459895451051e-01
7.264899323839199496e+03 8.192918985091529605e-01
7.295001788258025044e+03 8.150455899716431141e-01
7.325104252676850592e+03 8.233771651187872243e-01
7.355206717095677050e+03 8.138703322417562003e-01
7.385309181514503507e+03 8.271814122244957046e-01
7.415411645933329055e+03 8.082229120393209509e-01
7.445514110352154603e+03 8.101041349759118271e-01
7.596026432446285071e+03 8.197425345527546980e-01
7.626128896865110619e+03 8.440616408745580390e-01
7.656231361283937076e+03 8.001155160983479675e-01
7.686333825702762624e+03 8.246970859282278798e-01
7.716436290121588172e+03 7.902955424177168231e-01
7.746538754540414629e+03 7.804061679728266920e-01
7.776641218959241087e+03 8.137011511315858092e-01
7.806743683378066635e+03 7.879524292595362356e-01
7.836846147796892183e+03 8.004204172359209446e-01
7.866948612215718640e+03 7.922067095064543318e-01
7.897051076634544188e+03 7.985010439757339595e-01
7.927153541053370645e+03 7.432533128900297159e-01
7.957256005472196193e+03 7.692366642763819318e-01
7.987358469891021741e+03 7.119419790853829255e-01
8.017460934309848199e+03 7.639844465920423433e-01
8.047563398728674656e+03 7.533895423699537020e-01
8.077665863147500204e+03 7.517941621564264709e-01
8.107768327566325752e+03 7.609703030713287353e-01
8.137870791985152209e+03 7.328956507592768732e-01
8.167973256403977757e+03 7.848810435061399637e-01
8.198075720822804215e+03 7.090919254990833975e-01
8.228178185241629762e+03 7.243439492498201515e-01
8.258280649660455310e+03 6.967335652743495977e-01
8.288383114079280858e+03 7.328014640077822328e-01
8.318485578498108225e+03 6.823751098580268515e-01
8.348588042916933773e+03 7.287098669230296366e-01
8.378690507335759321e+03 6.975108404362213577e-01
8.408792971754584869e+03 7.416536453706020771e-01
8.438895436173412236e+03 6.766120998691734778e-01
8.468997900592237784e+03 7.062430107284136671e-01
8.499100365011063332e+03 6.301177411431209130e-01
8.529202829429888880e+03 6.260795679092339139e-01
8.559305293848714427e+03 6.588799366443369721e-01
8.589407758267541794e+03 6.906124312645217644e-01
8.619510222686367342e+03 7.194512958532808256e-01
8.649612687105192890e+03 6.437908975069617235e-01
8.679715151524018438e+03 6.615874708040329066e-01
8.709817615942845805e+03 6.947640171372995166e-01
8.739920080361671353e+03 7.163065569754986095e-01
8.770022544780496901e+03 6.916713623272889855e-01
8.800125009199322449e+03 6.818059030106231599e-01
8.830227473618147997e+03 7.336397662895769445e-01
8.860329938036975364e+03 6.535312545772432591e-01
8.890432402455800911e+03 6.802858521015452409e-01
8.920534866874626459e+03 7.000871093473015616e-01
8.950637331293452007e+03 6.648118262921646204e-01
8.980739795712279374e+03 6.947721898141716590e-01
9.010842260131104922e+03 6.682826013858247372e-01
9.040944724549930470e+03 6.644168917306879640e-01
9.071047188968756018e+03 7.033731953414803506e-01
9.101149653387581566e+03 6.531867963438255931e-01
9.131252117806408933e+03 6.664519217664477413e-01
9.161354582225234481e+03 6.656225960313816303e-01
9.191457046644060028e+03 5.836678967103603455e-01
9.221559511062885576e+03 5.493008191199373336e-01
9.251661975481712943e+03 6.205023523409142205e-01
9.281764439900538491e+03 5.839135794351869579e-01
9.311866904319364039e+03 6.000145902378914986e-01
9.341969368738189587e+03 5.796789270105932035e-01
9.372071833157015135e+03 5.996220672859836620e-01
9.402174297575840683e+03 5.982531104153095969e-01
9.432276761994668050e+03 5.739926196038602768e-01
9.462379226413493598e+03 6.152769303184506544e-01
9.492481690832319146e+03 6.341851886376077552e-01
9.522584155251146512e+03 6.400657980875199549e-01
9.552686619669972060e+03 6.005323829090704058e-01
9.582789084088797608e+03 6.151006148633058057e-01
9.612891548507623156e+03 6.034409515219918418e-01
9.642994012926448704e+03 5.769524014255424937e-01
9.673096477345274252e+03 5.597577759252299057e-01
9.703198941764101619e+03 5.341574182835308049e-01
9.733301406182927167e+03 6.036767533465017266e-01
9.763403870601752715e+03 5.720874480444676502e-01
9.793506335020580082e+03 6.321248032067976474e-01
9.823608799439405630e+03 6.066743170514294903e-01
