4.355490971042991987e+03 9.957033378246556987e-01
4.385536347366004520e+03 1.000000000000000000e+00
4.415581723689017053e+03 1.038369813093564131e+00
4.445627100012029587e+03 9.789244968468304720e-01
4.475672476335042120e+03 8.291089890609655289e-01
4.505717852658054653e+03 8.789463553408130014e-01
4.535763228981067186e+03 9.129934065647254959e-01
4.565808605304080629e+03 9.936936613629911985e-01
4.595853981627093162e+03 1.068886880662410110e+00
4.625899357950105696e+03 9.255310472176092595e-01
4.655944734273118229e+03 1.125144771741860783e+00
4.685990110596130762e+03 9.034343935246658130e-01
4.716035486919143295e+03 7.883347416293385868e-01
4.746080863242155829e+03 7.773630826348945089e-01
4.776126239565168362e+03 9.357980144657553900e-01
4.806171615888180895e+03 9.308455974709394232e-01
4.836216992211193428e+03 1.051145613457002304e+00
4.866262368534205962e+03 1.237001536619502184e+00
4.896307744857218495e+03 1.005875693680937877e+00
4.926353121180231028e+03 9.786047755915656676e-01
4.956398497503243561e+03 1.176776492005337404e+00
4.986443873826257004e+03 1.023101491923775752e+00
5.016489250149269537e+03 1.004208575707057127e+00
5.046534626472282071e+03 8.672145427496680270e-01
5.076580002795294604e+03 7.813791730964351201e-01
5.106625379118307137e+03 8.825872626966856371e-01
5.136670755441319670e+03 9.312501427327032344e-01
5.166716131764332204e+03 1.008870633602703792e+00
5.196761508087344737e+03 1.051772006120378133e+00
5.226806884410357270e+03 1.008237716015750962e+00
5.256852260733369803e+03 1.055784834120130133e+00
5.286897637056382337e+03 1.030526854954211258e+00
5.316943013379394870e+03 1.023920369832668209e+00
5.346988389702407403e+03 1.049670980728638181e+00
5.377033766025419936e+03 1.047331795626343487e+00
5.407079142348432470e+03 1.038611235265906707e+00
5.437124518671445003e+03 1.137379003448421910e+00
5.467169894994458446e+03 1.254344783486723403e+00
5.497215271317470979e+03 1.258334774253956345e+00
5.527260647640483512e+03 1.228049341472088107e+00
5.557306023963496045e+03 1.016038262151854221e+00
5.587351400286508579e+03 1.010051644770110446e+00
5.617396776609521112e+03 1.056515625560735527e+00
5.647442152932533645e+03 9.668468633061134687e-01
5.677487529255546178e+03 9.300495567945660236e-01
5.707532905578558712e+03 7.316886175970662709e-01
5.737578281901571245e+03 5.200755586150196397e-01
5.767623658224583778e+03 7.639608896080803957e-01
5.797669034547597221e+03 1.182688072765947451e+00
5.827714410870609754e+03 1.194198037955480185e+00
5.857759787193622287e+03 1.243643908820717847e+00
5.887805163516634821e+03 1.306188563766446764e+00
5.917850539839647354e+03 1.333968425894811682e+00
5.947895916162659887e+03 1.103713660253754059e+00
5.977941292485672420e+03 1.003011252230708195e+00
6.007986668808684954e+03 9.144060525191098909e-01
6.038032045131697487e+03 8.491861789068794186e-01
6.068077421454710020e+03 8.021936793065309601e-01
6.098122797777722553e+03 8.251483604498280888e-01
6.128168174100735087e+03 7.816825820427577565e-01
6.158213550423747620e+03 8.934382106049582051e-01
6.188258926746760153e+03 1.023907319985514430e+00
6.218304303069772686e+03 1.273913029293644250e+00
6.248349679392785220e+03 1.345272855991674010e+00
6.278395055715797753e+03 1.501776410443792509e+00
6.308440432038811196e+03 1.521103234078370781e+00
6.338485808361823729e+03 1.452793809152510107e+00
6.368531184684836262e+03 1.689857332545992463e+00
6.398576561007848795e+03 1.791561316338082133e+00
6.428621937330861329e+03 2.159873677479552168e+00
6.458667313653873862e+03 2.331652078025035824e+00
6.488712689976886395e+03 2.326605049638355904e+00
6.518758066299898928e+03 2.313917335743204795e+00
6.548803442622911462e+03 2.433953092324406153e+00
6.578848818945923995e+03 2.502585500967319465e+00
6.608894195268937438e+03 2.067232812535682918e+00
6.638939571591949971e+03 1.891040301190472173e+00
6.668984947914962504e+03 1.698613779986101635e+00
6.699030324237975037e+03 1.448027352479634100e+00
6.729075700560987570e+03 1.233484602811589559e+00
6.759121076884000104e+03 9.038291514010641237e-01
6.789166453207012637e+03 7.879758708326127792e-01
6.819211829530025170e+03 8.395782289399934539e-01
6.849257205853037703e+03 6.809932238668653381e-01
6.879302582176050237e+03 6.394738301627641563e-01
6.909347958499062770e+03 7.575795143499380879e-01
6.939393334822075303e+03 1.246312602563642180e+00
6.969438711145087836e+03 1.212500448588495816e+00
6.999484087468100370e+03 1.094706003255936810e+00
7.029529463791112903e+03 1.126329045371055937e+00
7.059574840114125436e+03 1.157958612409752064e+00
7.089620216437137969e+03 1.058176218611039499e+00
7.119665592760150503e+03 9.198054267789387284e-01
7.149710969083163036e+03 1.193225824342531993e+00
7.179756345406175569e+03 1.398388996368879811e+00
7.209801721729189012e+03 1.372021780194899288e+00
7.239847098052201545e+03 1.304821592277100040e+00
7.269892474375214078e+03 1.330797313036470975e+00
7.299937850698226612e+03 1.354417536384604936e+00
7.329983227021239145e+03 1.277495212337325325e+00
7.360028603344251678e+03 1.156999448643957651e+00
7.390073979667264211e+03 1.046888100823119228e+00
7.510255484959315254e+03 6.352329560840017653e-01
7.540300861282327787e+03 5.371904331570516167e-01
7.570346237605340320e+03 5.702607033215123522e-01
7.600391613928352854e+03 5.794928176903726413e-01
7.630436990251365387e+03 5.871915750186775806e-01
7.660482366574377920e+03 7.493809478756479070e-01
7.690527742897390453e+03 8.338395586541691440e-01
7.720573119220402987e+03 8.661575051302209394e-01
7.750618495543415520e+03 9.059791137196303579e-01
7.780663871866428053e+03 8.766006453149416400e-01
7.810709248189440586e+03 7.658563799071502753e-01
7.840754624512453120e+03 6.518506314494789677e-01
7.870800000835465653e+03 6.966269407569563032e-01
7.900845377158478186e+03 6.356988356273876040e-01
7.930890753481490719e+03 5.852034308048165157e-01
7.960936129804503253e+03 5.964850236691602303e-01
7.990981506127515786e+03 5.299105759223794454e-01
8.021026882450528319e+03 5.161041638799804820e-01
8.051072258773540852e+03 4.820639638258236714e-01
8.081117635096554295e+03 4.797988366061261556e-01
8.111163011419566828e+03 4.657147890655329858e-01
8.141208387742579362e+03 4.632330343830846631e-01
8.171253764065591895e+03 4.853417591846455048e-01
8.201299140388604428e+03 4.895317388595085140e-01
8.231344516711616961e+03 5.343595950632427094e-01
8.261389893034629495e+03 5.104669561557759749e-01
8.291435269357642028e+03 5.479820042607750352e-01
8.321480645680654561e+03 7.371532410926635581e-01
8.351526022003668913e+03 1.101720296101031726e+00
8.381571398326679628e+03 1.360198618673678528e+00
8.411616774649693980e+03 1.940456809899613555e+00
8.441662150972704694e+03 2.111667542093913053e+00
8.471707527295719046e+03 1.679838312393766131e+00
8.501752903618729761e+03 1.644965858337384068e+00
8.531798279941744113e+03 2.009441564415676673e+00
8.561843656264754827e+03 2.235830312837460365e+00
8.591889032587769179e+03 2.263372015255271208e+00
8.621934408910779894e+03 2.280858810441182438e+00
8.651979785233794246e+03 2.090921547581373385e+00
8.682025161556804960e+03 1.944042255405083575e+00
8.712070537879819312e+03 1.759602240658756145e+00
8.742115914202830027e+03 1.517103455925772115e+00
8.772161290525844379e+03 1.327290166613923406e+00
8.802206666848855093e+03 1.080214147991791496e+00
8.832252043171869445e+03 9.054766946042144271e-01
8.862297419494881979e+03 8.038346975861043742e-01
8.892342795817894512e+03 7.271766329436865073e-01
8.922388172140907045e+03 6.327547901095207372e-01
8.952433548463919578e+03 6.219172182945806870e-01
8.982478924786932112e+03 5.855756776948749520e-01
9.012524301109944645e+03 5.129673068704181382e-01
9.042569677432957178e+03 5.344998809201446655e-01
9.072615053755969711e+03 5.615786400101787645e-01
9.102660430078982245e+03 5.042819810972963834e-01
9.132705806401994778e+03 5.591402760695164398e-01
9.162751182725007311e+03 6.156144683655392358e-01
9.192796559048019844e+03 6.309718547421512280e-01
9.222841935371032378e+03 6.091476166085403321e-01
9.252887311694044911e+03 6.038829820205731114e-01
9.282932688017059263e+03 5.960847196077214694e-01
9.312978064340069977e+03 5.514911081603957044e-01
9.343023440663084330e+03 4.983730103061166927e-01
9.373068816986095044e+03 5.058910272513432727e-01
