3.155620173054555835e+03 1.811633780997345955e+00
3.185626562218875279e+03 1.841094103496510481e+00
3.215632951383194268e+03 2.027042925528765416e+00
3.245639340547513711e+03 1.909742853180145916e+00
3.275645729711833155e+03 1.816137565722312663e+00
3.305652118876152599e+03 2.099772154904527621e+00
3.335658508040471588e+03 2.004788959963644146e+00
3.365664897204791032e+03 2.052096530876498015e+00
3.395671286369110476e+03 2.049863725540117088e+00
3.425677675533429920e+03 2.017121439131630556e+00
3.455684064697748909e+03 2.090337764390628461e+00
3.485690453862068352e+03 2.116284316071357363e+00
3.515696843026387796e+03 2.142755635397366465e+00
3.545703232190707240e+03 2.054073419376055920e+00
3.575709621355026229e+03 2.214957711249585071e+00
3.605716010519345673e+03 2.411823558777272503e+00
3.635722399683665117e+03 2.481903081983360071e+00
3.665728788847984561e+03 2.357971900507117802e+00
3.695735178012303550e+03 2.248245735917557386e+00
3.725741567176622993e+03 2.298483039764616542e+00
3.755747956340942437e+03 2.476776834176876996e+00
3.785754345505261881e+03 2.342620280756340545e+00
3.815760734669580870e+03 2.141850885245596636e+00
3.845767123833900314e+03 2.246879129963120558e+00
3.875773512998219758e+03 2.088053851030406971e+00
3.905779902162539202e+03 1.977414899646506630e+00
3.935786291326858191e+03 2.054971011893037769e+00
3.965792680491177634e+03 2.327681417945031139e+00
3.995799069655497078e+03 2.140812149193488167e+00
4.025805458819816522e+03 2.424039004337840364e+00
4.055811847984135511e+03 2.345665414854942732e+00
4.085818237148454955e+03 2.118845242455146494e+00
4.115824626312774853e+03 2.031139855223650592e+00
4.145831015477093388e+03 2.248379972962975870e+00
4.175837404641413741e+03 2.318942824876095710e+00
4.205843793805732275e+03 2.223534315741729550e+00
4.235850182970051719e+03 2.187578879175922530e+00
4.265856572134371163e+03 2.325779998542102156e+00
4.295862961298689697e+03 2.228376392889856561e+00
4.325869350463010051e+03 2.104920754623157197e+00
4.355875739627328585e+03 2.055568234893984325e+00
4.385882128791648938e+03 2.012815431157397583e+00
4.415888517955967473e+03 1.924304496080849303e+00
4.445894907120286916e+03 1.661681081033906437e+00
4.475901296284606360e+03 2.191481673723738588e+00
4.505907685448924894e+03 2.108299158243312821e+00
4.535914074613245248e+03 2.101939913665110904e+00
4.565920463777563782e+03 2.143852762680644730e+00
4.595926852941884135e+03 2.111692128278126024e+00
4.625933242106202670e+03 2.111763202335850131e+00
4.655939631270523023e+03 2.022170962116082826e+00
4.685946020434841557e+03 1.913754770265351457e+00
4.715952409599161001e+03 2.053665057475492883e+00
4.745958798763480445e+03 1.971034307736480029e+00
4.775965187927798979e+03 1.846756922767048392e+00
4.805971577092119333e+03 1.880550251336578382e+00
4.835977966256437867e+03 1.840792980545234325e+00
4.865984355420758220e+03 1.799444454525128467e+00
4.895990744585076754e+03 1.661623694383058236e+00
4.925997133749396198e+03 1.944340348296787369e+00
4.956003522913715642e+03 1.742168307512584224e+00
4.986009912078034176e+03 1.518074817249573050e+00
5.016016301242354530e+03 1.885964436977621839e+00
5.046022690406673064e+03 1.873118366120428036e+00
5.076029079570993417e+03 1.749644896553027129e+00
5.106035468735311952e+03 1.688348167950007417e+00
5.136041857899632305e+03 1.702218282872112409e+00
5.166048247063950839e+03 1.777900476102007188e+00
5.196054636228270283e+03 1.774674768690671867e+00
5.226061025392589727e+03 1.770124145408229266e+00
5.256067414556908261e+03 1.763747948537108146e+00
5.286073803721228614e+03 1.767250292254390454e+00
5.316080192885547149e+03 1.766557257405310555e+00
5.346086582049867502e+03 1.729840851246203570e+00
5.376092971214186036e+03 1.632540466221959807e+00
5.406099360378505480e+03 1.539114496351458250e+00
5.436105749542824924e+03 1.560442992295684839e+00
5.466112138707143458e+03 1.559181490557352889e+00
5.496118527871463812e+03 1.475079281792879282e+00
5.526124917035782346e+03 1.389347518174898433e+00
5.556131306200102699e+03 1.341781016684258088e+00
5.586137695364421234e+03 1.258939556222875789e+00
5.616144084528741587e+03 1.255723266752051703e+00
5.646150473693060121e+03 1.271837362966610874e+00
5.676156862857379565e+03 1.256513997037366881e+00
5.706163252021699009e+03 1.200512411307329774e+00
5.736169641186017543e+03 1.189398990359105346e+00
5.766176030350337896e+03 1.152692504430669951e+00
5.796182419514656431e+03 1.054866096035743883e+00
5.826188808678976784e+03 9.945394153053713771e-01
5.856195197843295318e+03 9.171820843898953468e-01
5.886201587007614762e+03 1.523126349394668066e+00
5.916207976171934206e+03 1.265396998527473338e+00
5.946214365336252740e+03 1.166507116290029344e+00
5.976220754500573094e+03 1.133117126719456857e+00
6.006227143664891628e+03 1.094541995821071367e+00
6.036233532829211981e+03 1.060046716752111484e+00
6.066239921993530515e+03 1.038730903634439651e+00
6.096246311157850869e+03 1.046126247241406571e+00
6.126252700322169403e+03 1.075560199507140213e+00
6.156259089486488847e+03 1.093406820058128615e+00
6.186265478650808291e+03 1.052836090351702891e+00
6.216271867815126825e+03 1.050693948389309185e+00
6.246278256979447178e+03 1.005460584694628734e+00
6.276284646143765713e+03 9.277181227985170642e-01
6.306291035308086066e+03 9.074060109942524432e-01
6.336297424472404600e+03 9.932484040201042808e-01
6.366303813636724044e+03 1.099801224947571709e+00
6.396310202801043488e+03 1.106752669625113761e+00
6.426316591965362022e+03 1.096409510638160167e+00
6.456322981129682375e+03 1.067862226078415189e+00
6.486329370294000910e+03 1.008749580666198575e+00
6.516335759458321263e+03 9.140592208889416481e-01
6.546342148622639797e+03 9.171190469747407814e-01
6.576348537786960151e+03 1.112368273620555570e+00
6.606354926951278685e+03 9.848373041358758906e-01
6.636361316115598129e+03 8.464018664097785472e-01
6.666367705279917573e+03 1.032479149150605346e+00
6.696374094444236107e+03 1.122872918894140426e+00
6.726380483608556460e+03 9.624695698493800355e-01
6.756386872772874995e+03 8.980170777398877036e-01
6.786393261937195348e+03 8.886241261642379152e-01
6.816399651101513882e+03 8.836512024292760836e-01
6.846406040265833326e+03 8.759719393090331652e-01
6.876412429430152770e+03 8.508413579941895843e-01
6.906418818594471304e+03 8.379250920870525698e-01
6.936425207758791657e+03 8.103085511948884267e-01
6.966431596923110192e+03 7.999930181667675999e-01
6.996437986087430545e+03 8.292129948240880566e-01
7.026444375251749079e+03 7.669152019310041535e-01
7.056450764416069433e+03 9.523334799811312701e-01
7.086457153580387967e+03 9.230875098080001395e-01
7.116463542744707411e+03 8.195298451081552971e-01
7.146469931909026855e+03 7.673499340649984068e-01
7.176476321073345389e+03 7.522596307702701379e-01
7.206482710237665742e+03 7.753158792944002675e-01
7.236489099401984276e+03 7.860866127805595793e-01
7.266495488566304630e+03 8.231475899898341719e-01
7.296501877730623164e+03 8.546674277199748371e-01
7.326508266894942608e+03 7.992601768224609771e-01
7.356514656059262052e+03 7.623997389598033969e-01
7.386521045223580586e+03 7.564025200148499772e-01
7.416527434387900939e+03 7.566556742557896120e-01
7.446533823552219474e+03 7.632109375691629172e-01
7.566559380209497249e+03 7.324714076035051535e-01
7.596565769373816693e+03 7.083631123380105254e-01
7.626572158538136136e+03 6.854962272044242688e-01
7.656578547702454671e+03 6.516569390852001709e-01
7.686584936866775024e+03 6.205138189755050604e-01
7.716591326031093558e+03 6.371648633717393873e-01
7.746597715195413912e+03 6.785310951200060892e-01
7.776604104359732446e+03 7.155532704143748868e-01
7.806610493524051890e+03 7.358214318295873690e-01
7.836616882688371334e+03 7.339403551781625845e-01
7.866623271852689868e+03 7.478688613314367073e-01
7.896629661017010221e+03 7.467174867108149483e-01
7.926636050181328756e+03 7.142611289762464954e-01
7.956642439345649109e+03 6.707758606129734513e-01
7.986648828509967643e+03 6.339838597846970680e-01
8.016655217674287996e+03 5.949667135449886457e-01
8.046661606838606531e+03 6.090325960571854047e-01
8.076667996002925975e+03 6.252139991532642549e-01
8.106674385167245418e+03 6.353294951249285338e-01
8.136680774331563953e+03 6.235315782603544355e-01
8.166687163495884306e+03 6.175401356522478569e-01
8.196693552660202840e+03 6.296302598177477838e-01
8.226699941824523194e+03 6.304895527099839692e-01
8.256706330988841728e+03 6.182322914935466374e-01
8.286712720153160262e+03 6.190069484937228417e-01
8.316719109317480616e+03 6.101391412809741288e-01
8.346725498481799150e+03 6.114938178440963990e-01
8.376731887646119503e+03 6.088623196927440695e-01
8.406738276810438038e+03 6.009941954721177426e-01
8.436744665974758391e+03 5.964234805832516750e-01
8.466751055139076925e+03 5.905382723441108261e-01
8.496757444303397278e+03 5.845060186604561503e-01
8.526763833467715813e+03 5.948078642817007378e-01
8.556770222632034347e+03 5.963196320925489013e-01
8.586776611796354700e+03 5.902617616107037612e-01
8.616783000960673235e+03 5.713392355357228558e-01
8.646789390124993588e+03 5.754344072150464617e-01
8.676795779289312122e+03 5.840554643864032114e-01
8.706802168453632476e+03 5.715755630562824319e-01
8.736808557617951010e+03 5.579466729838025163e-01
8.766814946782271363e+03 5.559542134892659915e-01
8.796821335946589898e+03 5.524714590882466858e-01
8.826827725110908432e+03 5.509928424279977310e-01
8.856834114275228785e+03 5.472270475214836560e-01
8.886840503439547319e+03 5.260838966465162247e-01
8.916846892603867673e+03 5.084045387190055942e-01
8.946853281768186207e+03 4.851831623045799735e-01
8.976859670932506560e+03 4.851645775686380113e-01
9.006866060096825095e+03 4.937710683253375143e-01
9.036872449261145448e+03 5.139021045267079257e-01
9.066878838425463982e+03 5.228113506777054553e-01
9.096885227589782517e+03 4.999788724201200130e-01
9.126891616754102870e+03 4.649064619566373180e-01
9.156898005918421404e+03 4.424518314723587253e-01
9.186904395082741758e+03 4.438655271293507343e-01
9.216910784247060292e+03 4.991463264789351983e-01
9.246917173411378826e+03 5.134271891798661835e-01
9.276923562575699179e+03 4.854699699862792817e-01
9.306929951740017714e+03 4.714446474045506652e-01
9.336936340904338067e+03 4.721223624037320654e-01
9.366942730068656601e+03 4.681042922640596959e-01
9.396949119232976955e+03 4.559611764866171035e-01
9.426955508397295489e+03 4.425789108829889518e-01
9.456961897561615842e+03 4.271925075385904491e-01
9.486968286725934377e+03 4.077345401524161139e-01
9.516974675890252911e+03 4.451262754324419868e-01
9.546981065054573264e+03 4.325629939356624987e-01
9.576987454218891799e+03 4.250645552732335575e-01
9.606993843383212152e+03 4.192759123174669145e-01
9.637000232547530686e+03 4.212564424206894365e-01
9.667006621711851039e+03 4.133207601734633085e-01
9.697013010876169574e+03 3.860295777328242028e-01
9.727019400040489927e+03 3.781863168751473658e-01
9.757025789204808461e+03 3.541871441470418880e-01
9.787032178369126996e+03 3.674699562988724133e-01
9.817038567533447349e+03 3.645639565747552657e-01
