3.242860534374908639e+03 3.108225229574798743e+00
3.272928411928891364e+03 3.531899716610647832e+00
3.302996289482874545e+03 3.271312526397834652e+00
3.333064167036857270e+03 3.307938728894034508e+00
3.363132044590840451e+03 3.466089649404956674e+00
3.393199922144823176e+03 3.394898872376978183e+00
3.423267799698805902e+03 3.456193039947968337e+00
3.453335677252788628e+03 3.425622496834248576e+00
3.483403554806771808e+03 3.402562879901423809e+00
3.513471432360754534e+03 3.419607592874401636e+00
3.543539309914737714e+03 3.275710135903430409e+00
3.573607187468720440e+03 3.225380171055479028e+00
3.603675065022703166e+03 3.260287687558194758e+00
3.633742942576686346e+03 3.270143541592549052e+00
3.663810820130669072e+03 3.227598856502244207e+00
3.693878697684652252e+03 3.054694472998091825e+00
3.723946575238634978e+03 3.077154687007797484e+00
3.754014452792617703e+03 3.077088086683006818e+00
3.784082330346600429e+03 3.007270071573480141e+00
3.814150207900583609e+03 2.953074305783562892e+00
3.844218085454566335e+03 3.011711418605804713e+00
3.874285963008549516e+03 2.916692635823161517e+00
3.904353840562532241e+03 2.989970885717720073e+00
3.934421718116514967e+03 2.788653014395312546e+00
3.964489595670498147e+03 2.770368740153465126e+00
3.994557473224480873e+03 2.686250541873165254e+00
4.024625350778463599e+03 2.806030728992244594e+00
4.054693228332446779e+03 2.793528754590825169e+00
4.084761105886429505e+03 2.740084479032875997e+00
4.114828983440413140e+03 2.775601338805693263e+00
4.144896860994394956e+03 2.650470262905279206e+00
4.174964738548378591e+03 2.636200894810154960e+00
4.205032616102360407e+03 2.620539878137310374e+00
4.235100493656344042e+03 2.534410747662204422e+00
4.265168371210326768e+03 2.596525987894049425e+00
4.295236248764309494e+03 2.523885908275846024e+00
4.325304126318293129e+03 2.454998309643995569e+00
4.355372003872274945e+03 2.546681111978903456e+00
4.385439881426258580e+03 2.381754850963881065e+00
4.415507758980241306e+03 2.242158582132763200e+00
4.445575636534224031e+03 2.233540301297881836e+00
4.475643514088207667e+03 2.503378972448439654e+00
4.505711391642189483e+03 2.334773789014743528e+00
4.535779269196173118e+03 2.218794790582236942e+00
4.565847146750155844e+03 2.263444841163692711e+00
4.595915024304138569e+03 2.117238241588403902e+00
4.625982901858121295e+03 2.108482783965146989e+00
4.656050779412104021e+03 2.164182524253701612e+00
4.686118656966087656e+03 2.084255176261735620e+00
4.716186534520069472e+03 2.156512552521065995e+00
4.746254412074053107e+03 2.102997700499532385e+00
4.776322289628035833e+03 2.053898350608165391e+00
4.806390167182018558e+03 2.035894394151259057e+00
4.836458044736002194e+03 2.036010696210968529e+00
4.866525922289984010e+03 2.015808929035962205e+00
4.896593799843967645e+03 1.884372094622958294e+00
4.926661677397950371e+03 2.014908333599237267e+00
4.956729554951933096e+03 1.933453651293224107e+00
4.986797432505916731e+03 1.708528748129599428e+00
5.016865310059898547e+03 1.949811784500037115e+00
5.046933187613882183e+03 1.904312828286172099e+00
5.077001065167864908e+03 1.852867258296238440e+00
5.107068942721847634e+03 1.786396356823069409e+00
5.137136820275830360e+03 1.812217501551439458e+00
5.167204697829813085e+03 1.856202940533564050e+00
5.197272575383796720e+03 1.818734790647843047e+00
5.227340452937778537e+03 1.800654691133041441e+00
5.257408330491762172e+03 1.788669217160895997e+00
5.287476208045744897e+03 1.785595562470061237e+00
5.317544085599727623e+03 1.764650356744142945e+00
5.347611963153711258e+03 1.716364723656862656e+00
5.377679840707693074e+03 1.589309991808160127e+00
5.407747718261676710e+03 1.504171416909981795e+00
5.437815595815659435e+03 1.510105505848850393e+00
5.467883473369642161e+03 1.544125548172859963e+00
5.497951350923624886e+03 1.526522982927155825e+00
5.528019228477607612e+03 1.481545894929936269e+00
5.558087106031591247e+03 1.423189696313453156e+00
5.588154983585573973e+03 1.373019969858879863e+00
5.618222861139556699e+03 1.328160575569947266e+00
5.648290738693539424e+03 1.229432651713800562e+00
5.678358616247522150e+03 1.307458908345130233e+00
5.708426493801505785e+03 1.328847453546522006e+00
5.738494371355488511e+03 1.362663818160835261e+00
5.768562248909471236e+03 1.337906489366661900e+00
5.798630126463453962e+03 1.253773678776295641e+00
5.828698004017436688e+03 1.208021144310875927e+00
5.858765881571420323e+03 1.080682118538438985e+00
5.888833759125402139e+03 1.548678127687932005e+00
5.918901636679385774e+03 1.329863357008257863e+00
5.948969514233368500e+03 1.272131610989292172e+00
5.979037391787351226e+03 1.240004608344861703e+00
6.009105269341333951e+03 1.223979476762003804e+00
6.039173146895316677e+03 1.210066668913185151e+00
6.069241024449300312e+03 1.181804373772553651e+00
6.099308902003283038e+03 1.153710666916765826e+00
6.129376779557265763e+03 1.168967310274312998e+00
6.159444657111248489e+03 1.167397729485584179e+00
6.189512534665231215e+03 1.128934749673732973e+00
6.219580412219214850e+03 1.113025423133235270e+00
6.249648289773197575e+03 1.100300188538561263e+00
6.279716167327180301e+03 1.069606186315303242e+00
6.309784044881163027e+03 1.093777332847846839e+00
6.339851922435145752e+03 1.101382394114678531e+00
6.369919799989129388e+03 1.085308554831600159e+00
6.399987677543111204e+03 1.083696826971660476e+00
6.430055555097094839e+03 1.065771399255925234e+00
6.460123432651077565e+03 1.026092615604495828e+00
6.490191310205060290e+03 1.014196306544793869e+00
6.520259187759043016e+03 9.990107366681806322e-01
6.550327065313025741e+03 1.000000000000000000e+00
6.580394942867009377e+03 1.045919731101685901e+00
6.610462820420992102e+03 1.011895315025003406e+00
6.640530697974974828e+03 9.203258326457098848e-01
6.670598575528957554e+03 1.013792629053785532e+00
6.700666453082940279e+03 1.014405053831452186e+00
6.730734330636923914e+03 9.651507339306091282e-01
6.760802208190905731e+03 9.494122819547613501e-01
6.790870085744889366e+03 9.338809868100542699e-01
6.820937963298872091e+03 9.272546521072394521e-01
6.851005840852854817e+03 8.977835113699180747e-01
6.881073718406838452e+03 8.950817250597439267e-01
6.911141595960820268e+03 8.822566893813535982e-01
6.941209473514803904e+03 8.748257829936767482e-01
6.971277351068786629e+03 8.565219262682716161e-01
7.001345228622769355e+03 8.525145747852564959e-01
7.031413106176752081e+03 8.073812245334524018e-01
7.061480983730734806e+03 9.295308921630403010e-01
7.091548861284718441e+03 8.965540892549721530e-01
7.121616738838701167e+03 8.560726225846075899e-01
7.151684616392683893e+03 8.260315023512398991e-01
7.181752493946666618e+03 8.215774316747764816e-01
7.211820371500649344e+03 8.228034740717480311e-01
7.241888249054632979e+03 8.257430334817726925e-01
7.271956126608614795e+03 8.280972058579260109e-01
7.302024004162598430e+03 8.124581573519153999e-01
7.332091881716581156e+03 7.694942878293075106e-01
7.362159759270563882e+03 7.512307889126562666e-01
7.392227636824546607e+03 7.375574440226755346e-01
7.422295514378530243e+03 7.174978238095366390e-01
7.572634902148443871e+03 6.901038179779326320e-01
7.602702779702426596e+03 6.797093959440004829e-01
7.632770657256410232e+03 6.797000520178357874e-01
7.662838534810392957e+03 6.675037432861654629e-01
7.692906412364375683e+03 6.649424140788713355e-01
7.722974289918358409e+03 6.537639968783335309e-01
7.753042167472341134e+03 6.474631091357654356e-01
7.783110045026324769e+03 6.439637093836180215e-01
7.813177922580307495e+03 6.478432280044227332e-01
7.843245800134290221e+03 6.513492877890492139e-01
7.873313677688272946e+03 6.561611115534565775e-01
7.903381555242255672e+03 6.514584327989303425e-01
7.933449432796239307e+03 6.368239557590942290e-01
7.963517310350222033e+03 6.259033911593138155e-01
7.993585187904204759e+03 6.157774578974118951e-01
8.023653065458187484e+03 6.084185196218970804e-01
8.053720943012170210e+03 6.020478506435033017e-01
8.083788820566152935e+03 6.059798542963820145e-01
8.113856698120135661e+03 5.994147521309868276e-01
8.143924575674119296e+03 5.888693362263719422e-01
8.173992453228102022e+03 5.863281859234548143e-01
8.204060330782085657e+03 5.782782941291018108e-01
8.234128208336067473e+03 5.705041475600772793e-01
8.264196085890049289e+03 5.731600094671865930e-01
8.294263963444034744e+03 5.612050523602807317e-01
8.324331840998016560e+03 5.563779204615183493e-01
8.354399718551998376e+03 5.595758294896496787e-01
8.384467596105982011e+03 5.601396459705660913e-01
8.414535473659965646e+03 5.486097381006840301e-01
8.444603351213947462e+03 5.404539816109544814e-01
8.474671228767931098e+03 5.350996137081759363e-01
8.504739106321914733e+03 5.232596664158717381e-01
8.534806983875896549e+03 5.229421717332117803e-01
8.564874861429878365e+03 5.213478394804936800e-01
8.594942738983862000e+03 5.146165347135307488e-01
8.625010616537845635e+03 5.058343375568873368e-01
8.655078494091827451e+03 5.075624668800063910e-01
8.685146371645811087e+03 4.943434952506512992e-01
8.715214249199794722e+03 4.912034390419652841e-01
8.745282126753776538e+03 4.899995636187674530e-01
8.775350004307758354e+03 4.924235172307466213e-01
8.805417881861743808e+03 4.845690526580935242e-01
8.835485759415725624e+03 4.839951964267236173e-01
8.865553636969707441e+03 4.835366482203647398e-01
8.895621514523691076e+03 4.745914293731886002e-01
8.925689392077674711e+03 4.632464119572036743e-01
8.955757269631656527e+03 4.509199840835164674e-01
8.985825147185640162e+03 4.549710730932600700e-01
9.015893024739623797e+03 4.581347873277673566e-01
9.045960902293605614e+03 4.439901705872886239e-01
9.076028779847587430e+03 4.388587646673547393e-01
9.106096657401571065e+03 4.259699119613288842e-01
9.136164534955554700e+03 4.132206217269544513e-01
9.166232412509536516e+03 4.046843487546882834e-01
9.196300290063520151e+03 4.043892198527417325e-01
9.226368167617503786e+03 4.216905925848391523e-01
9.256436045171485603e+03 4.191222057311866922e-01
9.286503922725467419e+03 4.165676359598414202e-01
9.316571800279452873e+03 4.131615760658711167e-01
9.346639677833434689e+03 4.099248996845033521e-01
9.376707555387416505e+03 4.017222247570106930e-01
9.406775432941400140e+03 3.906877437807971254e-01
9.436843310495383776e+03 3.823423254706183050e-01
9.466911188049365592e+03 3.843551463313509275e-01
9.496979065603349227e+03 3.718842852159903178e-01
9.527046943157332862e+03 3.780484931875323640e-01
9.557114820711314678e+03 3.714546634193541808e-01
9.587182698265296494e+03 3.711186796913045205e-01
9.617250575819280130e+03 3.601533835300975706e-01
9.647318453373263765e+03 3.545051789704802281e-01
9.677386330927245581e+03 3.479987248522889431e-01
9.707454208481229216e+03 3.413678175898615108e-01
9.737522086035212851e+03 3.458908742743919684e-01
9.767589963589194667e+03 3.438745742922150184e-01
9.797657841143176483e+03 3.352275658545502690e-01
9.827725718697161938e+03 3.324883044362476614e-01
9.857793596251143754e+03 3.353896929138546756e-01
9.887861473805125570e+03 3.358883007185579084e-01
9.917929351359109205e+03 3.250811554778618162e-01
9.947997228913092840e+03 3.214697280152079562e-01
9.978065106467074656e+03 3.168038285445214930e-01
1.000813298402105829e+04 3.248300623130531140e-01
1.003820086157504193e+04 3.142608889791472793e-01
1.006826873912902374e+04 3.275403973216331477e-01
1.009833661668300556e+04 3.542427538101101669e-01
1.012840449423698919e+04 3.793777163861948298e-01
1.015847237179097283e+04 4.674569441325661101e-01
1.018854024934495465e+04 8.995475253456484133e-01
1.021860812689893828e+04 2.612054797952010343e+00
