3.798220937029826928e+03 5.115575119139289390e-02
3.818276541494255980e+03 1.078021237000521548e-01
3.838332145958685032e+03 6.784747913567074074e-02
3.858387750423114085e+03 2.026482791605488110e-01
3.878443354887543137e+03 1.339718937854870451e-01
3.898498959351972189e+03 1.263718573149057688e-02
3.918554563816401242e+03 5.907779162047833987e-02
3.938610168280830294e+03 1.181556655407854234e-01
3.958665772745258892e+03 1.649153361086795333e-01
3.978721377209687944e+03 1.857046843475308184e-01
3.998776981674116996e+03 1.034683675611462877e-01
4.018832586138546048e+03 1.312089592063850896e-01
4.038888190602975101e+03 1.557471351870507725e-01
4.058943795067404153e+03 2.324423455897961510e-01
4.078999399531833205e+03 2.009220990383206451e-01
4.099055003996261803e+03 2.307765970560998747e-01
4.119110608460690855e+03 3.430808270733046172e-01
4.139166212925119908e+03 2.230595772575239555e-01
4.159221817389548960e+03 2.609558266838500895e-01
4.179277421853978012e+03 2.866534779231591501e-01
4.199333026318407065e+03 2.017040649825339316e-01
4.219388630782836117e+03 1.341947205718004021e-01
4.239444235247265169e+03 2.602285313401568878e-01
4.259499839711694221e+03 2.196938081900204343e-01
4.279555444176123274e+03 2.159386433613930401e-01
4.299611048640552326e+03 2.365858480388920992e-01
4.319666653104981378e+03 2.619969195174102761e-01
4.339722257569410431e+03 3.279877439095040814e-01
4.359777862033839483e+03 3.833817599242277385e-01
4.379833466498268535e+03 2.020075162082164422e-01
4.399889070962697588e+03 2.561938998073655105e-01
4.419944675427126640e+03 3.337401492248737722e-01
4.440000279891555692e+03 2.365094855549398356e-01
4.460055884355984745e+03 3.219388240683027647e-01
4.480111488820413797e+03 3.180582695720309272e-01
4.500167093284842849e+03 5.272390976388120487e-01
4.520222697749271902e+03 4.857888476795357291e-01
4.540278302213700954e+03 4.447438655912116512e-01
4.560333906678130006e+03 5.739668829016286722e-01
4.580389511142559058e+03 5.625685917635154798e-01
4.600445115606988111e+03 5.278972611263637038e-01
4.620500720071417163e+03 5.297825738460196776e-01
4.640556324535846215e+03 4.299384791144491569e-01
4.660611929000275268e+03 5.284522559000306430e-01
4.680667533464704320e+03 5.264096917218893390e-01
4.700723137929132463e+03 6.064245245024519892e-01
4.720778742393561515e+03 6.093603945359732377e-01
4.740834346857990568e+03 6.599801386999012420e-01
4.760889951322419620e+03 5.876036118102840877e-01
4.780945555786848672e+03 6.445656159192794110e-01
4.801001160251277724e+03 6.499739491649241252e-01
4.821056764715706777e+03 6.908566830194466935e-01
4.841112369180135829e+03 6.780317243501268187e-01
4.861167973644564881e+03 1.091039188768236690e+00
4.881223578108993934e+03 7.815631453372061666e-01
4.901279182573422986e+03 8.777288492232453443e-01
4.921334787037852038e+03 8.169905762581102238e-01
4.941390391502281091e+03 8.710168279047679762e-01
4.961445995966710143e+03 7.605064402261341172e-01
4.981501600431139195e+03 6.618052549733932644e-01
5.001557204895568248e+03 5.711710401481491228e-01
5.021612809359997300e+03 7.755372694480521245e-01
5.041668413824426352e+03 7.476483264829503206e-01
5.061724018288855405e+03 7.990376328311887821e-01
5.081779622753284457e+03 8.368132542228188253e-01
5.101835227217713509e+03 7.398534745606233365e-01
5.121890831682142561e+03 8.171959143308161755e-01
5.141946436146570704e+03 7.763268775192198046e-01
5.162002040610999757e+03 5.528694393753301739e-01
5.182057645075428809e+03 7.695747644270277688e-01
5.202113249539857861e+03 5.340445292629092400e-01
5.222168854004286914e+03 7.306530591346019898e-01
5.242224458468715966e+03 5.500618982890511655e-01
5.262280062933145018e+03 8.023263339876366418e-01
5.282335667397574070e+03 1.013771876984564946e+00
5.302391271862003123e+03 1.011737542789297617e+00
5.322446876326432175e+03 9.814403892640812810e-01
5.342502480790861227e+03 1.011997845390483652e+00
5.362558085255290280e+03 1.023750731219281951e+00
5.382613689719719332e+03 8.744422643481080115e-01
5.402669294184148384e+03 1.220744365503885875e+00
5.422724898648577437e+03 9.489559414333256226e-01
5.442780503113006489e+03 1.004728066375517370e+00
5.462836107577435541e+03 9.931311975077732335e-01
5.482891712041864594e+03 9.746791644051359116e-01
5.502947316506293646e+03 9.531968516082943710e-01
5.523002920970722698e+03 1.134073886787532404e+00
5.543058525435151751e+03 1.084233639572955488e+00
5.563114129899580803e+03 9.999293985040594857e-01
5.583169734364009855e+03 1.020671894626121068e+00
5.603225338828438908e+03 9.779683946319114307e-01
5.623280943292867960e+03 1.022104675858891421e+00
5.643336547757297012e+03 1.061831567404353471e+00
5.663392152221726064e+03 1.075967738702276355e+00
5.683447756686155117e+03 1.039763456183659285e+00
5.703503361150584169e+03 1.055631333449454479e+00
5.723558965615013221e+03 1.072674099556104155e+00
5.743614570079442274e+03 1.116109009885443815e+00
5.763670174543871326e+03 1.066839864696730089e+00
5.783725779008300378e+03 1.107926173056200003e+00
5.803781383472729431e+03 1.086439568911145681e+00
5.823836987937158483e+03 1.119990622522371027e+00
5.843892592401587535e+03 9.867922295558554380e-01
5.863948196866016588e+03 1.122401125720571713e+00
5.884003801330445640e+03 1.006712197675253107e+00
5.904059405794874692e+03 1.563932476282512196e+00
5.924115010259303745e+03 1.027291622565225548e+00
5.944170614723731887e+03 1.034220562718024761e+00
5.964226219188160940e+03 1.150678053592590455e+00
5.984281823652589992e+03 1.137936100179113730e+00
6.004337428117019044e+03 1.100640639502589391e+00
6.024393032581448097e+03 1.146103300040897111e+00
6.044448637045877149e+03 1.118201835744708550e+00
6.064504241510306201e+03 1.154944770642428509e+00
6.084559845974735254e+03 1.147184014363436422e+00
6.104615450439164306e+03 1.221080207590736766e+00
6.124671054903593358e+03 1.192603291134880061e+00
6.144726659368022410e+03 1.503620810358209381e+00
6.164782263832451463e+03 1.245165840327398188e+00
6.184837868296880515e+03 1.176420793380930530e+00
6.204893472761308658e+03 1.071612196622991009e+00
6.224949077225737710e+03 1.128716050365379031e+00
6.245004681690166763e+03 1.143349900484810666e+00
6.265060286154595815e+03 1.168601956937084907e+00
6.285115890619024867e+03 1.188986683946495315e+00
6.305171495083453920e+03 1.191723858679201831e+00
6.325227099547882972e+03 1.171444828164130092e+00
6.345282704012312024e+03 1.152788279987074338e+00
6.365338308476741076e+03 1.183973566235578145e+00
6.385393912941170129e+03 1.168671970577105812e+00
6.405449517405599181e+03 1.253839066564748084e+00
6.425505121870028233e+03 1.177764690798661640e+00
6.445560726334457286e+03 1.178410097812758517e+00
6.465616330798886338e+03 1.153747308134262184e+00
6.485671935263315390e+03 1.044842884042304076e+00
6.505727539727744443e+03 1.455019822207680003e+00
6.525783144192173495e+03 1.291106192585949275e+00
6.545838748656602547e+03 2.529635727437310688e+00
6.565894353121031600e+03 6.222081032293806047e+00
6.585949957585460652e+03 1.544744271211796249e+00
6.606005562049889704e+03 1.313391222640964751e+00
6.626061166514318757e+03 1.191929137966315944e+00
6.646116770978747809e+03 1.161627164022559500e+00
6.666172375443176861e+03 1.108428025654737858e+00
6.686227979907605913e+03 1.156828496151101504e+00
6.706283584372034966e+03 1.069738523450542544e+00
6.726339188836464018e+03 1.084662127752730854e+00
6.746394793300893070e+03 1.126584367229830796e+00
6.766450397765322123e+03 1.171879077331917207e+00
6.786506002229751175e+03 1.121524221045347769e+00
6.806561606694180227e+03 1.125669957346937977e+00
6.826617211158609280e+03 1.080418983725267568e+00
6.846672815623038332e+03 1.045452725773267089e+00
6.866728420087467384e+03 1.172004349428377834e+00
6.886784024551896437e+03 1.068632590109053648e+00
6.906839629016325489e+03 1.090026254233223968e+00
6.926895233480754541e+03 1.092700352025760324e+00
6.946950837945183594e+03 1.114704857235956803e+00
6.967006442409612646e+03 1.079662530727963698e+00
6.987062046874041698e+03 1.078954046773696662e+00
7.007117651338470750e+03 1.101144961095989139e+00
7.027173255802899803e+03 1.127452983136588927e+00
7.047228860267328855e+03 8.817740033769969621e-01
7.067284464731757907e+03 9.973181425093252672e-01
7.087340069196186050e+03 9.056064465690993881e-01
7.107395673660615103e+03 1.000070601495940625e+00
7.127451278125044155e+03 8.942453667106952109e-01
7.147506882589473207e+03 9.900470702113358668e-01
7.167562487053902260e+03 1.049937831297225621e+00
7.187618091518331312e+03 9.844818382207577434e-01
7.207673695982760364e+03 9.879211480637996035e-01
7.227729300447189416e+03 9.478652923457455692e-01
7.247784904911618469e+03 1.091779769655712107e+00
7.267840509376047521e+03 9.450228326178440330e-01
7.287896113840476573e+03 1.071456708732264618e+00
7.307951718304905626e+03 1.035793430016428873e+00
7.328007322769334678e+03 1.096235129670140473e+00
7.348062927233762821e+03 9.471408774960583532e-01
7.368118531698191873e+03 1.181105417203991426e+00
7.388174136162620925e+03 1.014725614428476863e+00
7.408229740627049978e+03 1.061317546188280447e+00
7.428285345091479030e+03 1.007801729836586002e+00
7.448340949555908082e+03 1.039886905926769245e+00
7.468396554020337135e+03 9.968697260138765781e-01
7.488452158484766187e+03 1.038568462670355519e+00
7.508507762949195239e+03 1.050099138961556156e+00
7.528563367413624292e+03 1.078785096982412206e+00
7.548618971878053344e+03 1.051611104386692475e+00
7.568674576342482396e+03 9.535489773041174733e-01
7.588730180806911449e+03 8.344704132409608288e-01
7.608785785271340501e+03 9.523431084563014348e-01
7.628841389735769553e+03 9.489736946820965802e-01
7.648896994200198606e+03 8.305905641717924448e-01
7.668952598664627658e+03 1.235793653401678238e+00
7.689008203129056710e+03 8.303267344350888646e-01
7.709063807593485762e+03 1.134685080587110706e+00
7.729119412057914815e+03 8.236655038680625873e-01
7.749175016522343867e+03 8.432507468268565232e-01
7.769230620986772919e+03 8.298502184266846049e-01
7.789286225451201972e+03 9.759820294796810458e-01
7.809341829915631024e+03 8.403386849580778417e-01
7.829397434380060076e+03 8.610758315912713234e-01
7.849453038844489129e+03 8.031418665048573047e-01
7.869508643308918181e+03 8.584698662998132557e-01
7.889564247773347233e+03 8.067103282934291464e-01
7.909619852237776286e+03 8.355108006474174509e-01
7.929675456702205338e+03 8.044542548452995323e-01
7.949731061166634390e+03 7.378890364341929020e-01
7.969786665631063443e+03 7.905505217779749128e-01
7.989842270095492495e+03 7.966142555883494181e-01
8.009897874559921547e+03 7.738937418681156588e-01
8.029953479024350600e+03 8.642637742431047432e-01
8.050009083488779652e+03 1.018616750331301057e+00
8.070064687953208704e+03 9.586566222469016241e-01
8.090120292417636847e+03 1.026791415963262732e+00
8.110175896882065899e+03 9.080276487450364975e-01
8.130231501346494952e+03 9.102813119838955025e-01
8.150287105810924004e+03 9.935577457630138110e-01
8.170342710275353056e+03 8.373611359398590581e-01
8.190398314739783018e+03 9.436798169839922812e-01
8.210453919204212070e+03 1.019106787025855221e+00
8.230509523668641123e+03 9.580652391918133004e-01
8.250565128133070175e+03 8.624474170228143555e-01
8.270620732597499227e+03 9.478933330731091900e-01
8.290676337061928280e+03 8.954258989683775427e-01
8.310731941526357332e+03 8.473379326788575971e-01
8.330787545990786384e+03 1.247493749768899152e+00
8.350843150455215437e+03 9.045594163907516583e-01
8.370898754919644489e+03 8.900852867246672462e-01
8.390954359384073541e+03 1.249129164937145653e+00
8.411009963848502593e+03 8.964289575239415830e-01
8.431065568312931646e+03 1.119427456551421951e+00
8.451121172777360698e+03 9.437843377664919542e-01
8.471176777241789750e+03 9.943127291205187124e-01
8.491232381706218803e+03 1.244120632502400792e+00
8.511287986170647855e+03 1.360875284544309505e+00
8.531343590635076907e+03 1.028286980208243273e+00
8.551399195099505960e+03 1.704597579997050305e+00
8.571454799563935012e+03 1.040586454471058797e+00
8.591510404028364064e+03 9.843295835375888148e-01
8.611566008492793117e+03 1.127246410566451473e+00
8.631621612957220350e+03 1.053637796455005438e+00
8.651677217421649402e+03 9.649075881676595356e-01
8.671732821886078455e+03 1.699328039534016010e+00
8.691788426350507507e+03 1.704500583770320876e+00
8.711844030814936559e+03 1.061138485275179066e+00
8.731899635279365611e+03 1.164930208863444561e+00
8.751955239743794664e+03 1.219296652730758268e+00
8.772010844208223716e+03 1.177698792150077889e+00
8.792066448672652768e+03 1.260940953929084785e+00
8.812122053137081821e+03 1.395636968636299491e+00
8.832177657601510873e+03 1.586770090901924446e+00
8.852233262065939925e+03 1.070812830143558658e+00
8.872288866530368978e+03 1.072006530373839306e+00
8.892344470994798030e+03 1.126216663352139102e+00
8.912400075459227082e+03 1.205450294401183786e+00
8.932455679923656135e+03 1.020952301899756387e+00
8.952511284388085187e+03 1.073545419600092199e+00
8.972566888852514239e+03 1.291116773992501576e+00
8.992622493316943292e+03 1.180562826190227455e+00
9.012678097781372344e+03 1.301702295536216081e+00
9.032733702245801396e+03 1.553576806403349719e+00
9.052789306710230449e+03 1.281649354407811359e+00
9.072844911174659501e+03 1.246129336179574887e+00
9.092900515639088553e+03 1.614175933872322721e+00
9.112956120103517605e+03 1.385157849014027720e+00
