3.373950615166967509e+03 5.518066619406489792e-01
3.383965393535197109e+03 6.566114968120624340e-01
3.393980171903426253e+03 7.565127110810577760e-01
3.403994950271655853e+03 8.343317283097789749e-01
3.414009728639884997e+03 8.458475249425445597e-01
3.424024507008114597e+03 7.837232018338781137e-01
3.434039285376344196e+03 7.149775905483225502e-01
3.444054063744573796e+03 7.389675244774337459e-01
3.454068842112803395e+03 6.299282806983884653e-01
3.464083620481032540e+03 7.087220180933688773e-01
3.474098398849262139e+03 6.356153781951698889e-01
3.484113177217491284e+03 7.066087827340588046e-01
3.494127955585720883e+03 6.895828207750904770e-01
3.504142733953950483e+03 7.170142391544911398e-01
3.514157512322180082e+03 6.950956135300505601e-01
3.524172290690409682e+03 6.931661304755405428e-01
3.534187069058638826e+03 8.087848471823146923e-01
3.544201847426868426e+03 7.661295475550908840e-01
3.554216625795097571e+03 8.267776470212701012e-01
3.564231404163327170e+03 8.310793069245436815e-01
3.574246182531556769e+03 8.966168276973028872e-01
3.584260960899786369e+03 9.137710864434681612e-01
3.594275739268015514e+03 9.405299389637119534e-01
3.604290517636245113e+03 9.556634813844715470e-01
3.614305296004474258e+03 9.937770747449254927e-01
3.624320074372703857e+03 1.033893327845920362e+00
3.634334852740933457e+03 1.069515895133392513e+00
3.644349631109163056e+03 1.155793611781524843e+00
3.654364409477392655e+03 1.149392748106560225e+00
3.664379187845621800e+03 1.170980149999348630e+00
3.674393966213851400e+03 1.130950713852827416e+00
3.684408744582080544e+03 1.087193683035156511e+00
3.694423522950310144e+03 1.007266573499161044e+00
3.704438301318539743e+03 9.916120734488206301e-01
3.714453079686769343e+03 9.088335887809015912e-01
3.724467858054998942e+03 8.993618199159212345e-01
3.734482636423228087e+03 8.457368375182962028e-01
3.744497414791457686e+03 8.029366379902382889e-01
3.754512193159686831e+03 7.314686750955698979e-01
3.764526971527916430e+03 7.476143925180667171e-01
3.774541749896146030e+03 6.895733173093721025e-01
3.784556528264375629e+03 7.403039353683832369e-01
3.794571306632604774e+03 7.727074552061131696e-01
3.804586085000834373e+03 8.783053263403479693e-01
3.814600863369063518e+03 9.502386795415147525e-01
3.824615641737293117e+03 1.059319011834106705e+00
3.834630420105522717e+03 1.176833166827023547e+00
3.844645198473752316e+03 1.251126789593436595e+00
3.854659976841981916e+03 1.306604668292430160e+00
3.864674755210211060e+03 1.343079528746614182e+00
3.874689533578440660e+03 1.433551963357319492e+00
3.884704311946669804e+03 1.514158123470256578e+00
3.894719090314899404e+03 1.709405708597690365e+00
3.904733868683129003e+03 1.865548209376555189e+00
3.914748647051358603e+03 2.092560849153668467e+00
3.924763425419588202e+03 2.140247004018456689e+00
3.934778203787817347e+03 2.176870565759762233e+00
3.944792982156046492e+03 2.163768640698614298e+00
3.954807760524276091e+03 2.069675944676636625e+00
3.964822538892505690e+03 1.992362455921388609e+00
3.974837317260735290e+03 1.868926970953104227e+00
3.984852095628964889e+03 1.814044456429992014e+00
3.994866873997194034e+03 1.681115568236532853e+00
4.004881652365423633e+03 1.584715207127196601e+00
4.014896430733652778e+03 1.510983965920348560e+00
4.024911209101882378e+03 1.517811926525240551e+00
4.034925987470111977e+03 1.574924960355174708e+00
4.044940765838341576e+03 1.627249924545277393e+00
4.054955544206571176e+03 1.712055498450907098e+00
4.064970322574800321e+03 1.780080747035016620e+00
4.074985100943029920e+03 1.780567659896229671e+00
4.084999879311259065e+03 1.735401041501578590e+00
4.095014657679488664e+03 1.656558053793081742e+00
4.105029436047718264e+03 1.544542939481203581e+00
4.115044214415947863e+03 1.403264977140531444e+00
4.125058992784177462e+03 1.271407744463658229e+00
4.135073771152407062e+03 1.230360039916792214e+00
4.145088549520635752e+03 1.195685806702526222e+00
4.155103327888865351e+03 1.203589336015770561e+00
4.165118106257094951e+03 1.248793409245899433e+00
4.175132884625324550e+03 1.287730226348515084e+00
4.185147662993554150e+03 1.297913469379358364e+00
4.195162441361782840e+03 1.275655793639732805e+00
4.205177219730012439e+03 1.243710173141405750e+00
4.215191998098242038e+03 1.253247180503405334e+00
4.225206776466471638e+03 1.226305973246849534e+00
4.235221554834701237e+03 1.235562907883857031e+00
4.245236333202930837e+03 1.159485428699381870e+00
4.255251111571160436e+03 1.135259193890322482e+00
4.265265889939390036e+03 1.094023432527713391e+00
4.275280668307619635e+03 1.009234517638460282e+00
4.285295446675848325e+03 9.877878229410420596e-01
4.295310225044077924e+03 9.827507065966517574e-01
4.305325003412307524e+03 9.904643343037489167e-01
4.315339781780537123e+03 9.918269076767932679e-01
4.325354560148765813e+03 9.987819352086130253e-01
4.335369338516995413e+03 9.970855106751592700e-01
4.345384116885225012e+03 9.763403953587086459e-01
4.355398895253454612e+03 9.716717339704904477e-01
4.365413673621684211e+03 9.766697183972170571e-01
4.375428451989913810e+03 9.901740313774248792e-01
4.385443230358143410e+03 1.054553526901041094e+00
4.395458008726373009e+03 1.145505271600385067e+00
4.405472787094602609e+03 1.289986460915516053e+00
4.415487565462831299e+03 1.406260245923977692e+00
4.425502343831060898e+03 1.530875837723514987e+00
4.435517122199290498e+03 1.700939238697486200e+00
4.445531900567520097e+03 1.832119489198780204e+00
4.455546678935748787e+03 1.914229992032182581e+00
4.465561457303978386e+03 1.955628765783230305e+00
4.475576235672207986e+03 1.980554120252718375e+00
4.485591014040437585e+03 2.042208692641203527e+00
4.495605792408667185e+03 2.116149569121250185e+00
4.505620570776896784e+03 2.167367100041474259e+00
4.515635349145126384e+03 2.180723941594830517e+00
4.525650127513355983e+03 2.226665930986614583e+00
4.535664905881585582e+03 2.197730113984008860e+00
4.545679684249815182e+03 2.144628101714587398e+00
4.555694462618043872e+03 2.073294529005723419e+00
4.565709240986273471e+03 2.010055672979259800e+00
4.575724019354503071e+03 2.005381085900652671e+00
4.585738797722732670e+03 1.968822371337189514e+00
4.595753576090961360e+03 1.973467329963851435e+00
4.605768354459190959e+03 1.963128118289749535e+00
4.615783132827420559e+03 1.948080777893328897e+00
4.625797911195650158e+03 1.909388814789807709e+00
4.635812689563879758e+03 1.874506623384529336e+00
4.645827467932109357e+03 1.804054077850490545e+00
4.655842246300338957e+03 1.728698303033209926e+00
4.665857024668568556e+03 1.692022751744151510e+00
4.675871803036798156e+03 1.656171206835608034e+00
4.685886581405026845e+03 1.651717435578102355e+00
4.695901359773256445e+03 1.637253719782263195e+00
4.705916138141486044e+03 1.633378541878782508e+00
4.715930916509715644e+03 1.648046302673866981e+00
4.725945694877944334e+03 1.647426341292597796e+00
4.735960473246173933e+03 1.682663515093823392e+00
4.745975251614403533e+03 1.708156282369433177e+00
4.755990029982633132e+03 1.730449176834955471e+00
4.766004808350862731e+03 1.751626811647067239e+00
4.776019586719092331e+03 1.753699126201049507e+00
4.786034365087321930e+03 1.743300657623056971e+00
4.796049143455551530e+03 1.727967095200297232e+00
4.806063921823781129e+03 1.645033145013774512e+00
4.816078700192009819e+03 1.577143740086697443e+00
4.826093478560239419e+03 1.504235946232968635e+00
4.836108256928469018e+03 1.444724684877655152e+00
4.846123035296698617e+03 1.376999634004764328e+00
4.856137813664927307e+03 1.342304157749480753e+00
4.866152592033156907e+03 1.357669584733766976e+00
4.876167370401386506e+03 1.353391348078351708e+00
4.886182148769616106e+03 1.369623826552582857e+00
4.896196927137845705e+03 1.404242157027329352e+00
4.906211705506075305e+03 1.408108949519881969e+00
4.916226483874304904e+03 1.452335283835817670e+00
4.926241262242534503e+03 1.436368902401699010e+00
4.936256040610764103e+03 1.411194221713954589e+00
4.946270818978993702e+03 1.405095232832394458e+00
4.956285597347222392e+03 1.381779318233667952e+00
4.966300375715451992e+03 1.347817285920878128e+00
4.976315154083681591e+03 1.338827566378773426e+00
4.986329932451911191e+03 1.329972572438909761e+00
4.996344710820139881e+03 1.374684701561268430e+00
5.006359489188369480e+03 1.401963002337125674e+00
5.016374267556599079e+03 1.461008034844848424e+00
5.026389045924828679e+03 1.479563272146107611e+00
5.036403824293058278e+03 1.529061234798717583e+00
5.046418602661287878e+03 1.548714401904136784e+00
5.056433381029517477e+03 1.569481151580781386e+00
5.066448159397747077e+03 1.590081311093658023e+00
5.076462937765976676e+03 1.615043561371229286e+00
5.086477716134205366e+03 1.639993513046106077e+00
5.096492494502434965e+03 1.660289561655997836e+00
5.106507272870664565e+03 1.696762186000601247e+00
5.116522051238894164e+03 1.703565549400104961e+00
5.126536829607122854e+03 1.731980911897785580e+00
5.136551607975352454e+03 1.732282786691190291e+00
5.146566386343582053e+03 1.702934966498326652e+00
5.156581164711811653e+03 1.697031637205084431e+00
5.166595943080041252e+03 1.654774756402414893e+00
5.176610721448270851e+03 1.630957953257595072e+00
5.186625499816500451e+03 1.609309058351335198e+00
5.196640278184730050e+03 1.569338599595006656e+00
5.206655056552959650e+03 1.572155538639386618e+00
5.216669834921188340e+03 1.556169032219040904e+00
5.226684613289417939e+03 1.546386052803156108e+00
5.236699391657647539e+03 1.523282568614603205e+00
5.246714170025877138e+03 1.474816011506125291e+00
5.256728948394105828e+03 1.452528148287159482e+00
5.266743726762335427e+03 1.423919362310742009e+00
5.276758505130565027e+03 1.385139072878780242e+00
5.286773283498794626e+03 1.374850732697640909e+00
5.296788061867024226e+03 1.376889505607911346e+00
5.306802840235253825e+03 1.394030403599331391e+00
5.316817618603483425e+03 1.425959253275802752e+00
5.326832396971713024e+03 1.418399525810602357e+00
5.336847175339942623e+03 1.451333506743631263e+00
5.346861953708171313e+03 1.461506687281360684e+00
5.356876732076400913e+03 1.448921862560766938e+00
5.366891510444630512e+03 1.444508341275715146e+00
5.376906288812860112e+03 1.409961566307553094e+00
5.386921067181088802e+03 1.383109244406833138e+00
5.396935845549318401e+03 1.351054054539048144e+00
5.406950623917548000e+03 1.308491385751207936e+00
5.416965402285777600e+03 1.300590651574939249e+00
5.426980180654007199e+03 1.240906091727115523e+00
5.436994959022236799e+03 1.230955404092672900e+00
5.447009737390466398e+03 1.247427146292046984e+00
5.457024515758695998e+03 1.201347636161044896e+00
5.467039294126925597e+03 1.217114444815079688e+00
5.477054072495155197e+03 1.245982619502866928e+00
5.487068850863384796e+03 1.216042230271098701e+00
5.497083629231613486e+03 1.230909563846267041e+00
5.507098407599843085e+03 1.272747733129936831e+00
5.517113185968071775e+03 1.265366894431198208e+00
5.527127964336301375e+03 1.280852512305450830e+00
5.537142742704530974e+03 1.283877968568237327e+00
5.547157521072760574e+03 1.300427415575542867e+00
5.557172299440990173e+03 1.304336135122735607e+00
5.567187077809219772e+03 1.294493339775565133e+00
5.577201856177449372e+03 1.326482005383321949e+00
5.587216634545678971e+03 1.315023061836647411e+00
5.597231412913908571e+03 1.310821970961769223e+00
5.607246191282138170e+03 1.343995774647336328e+00
5.617260969650367770e+03 1.340805405302967213e+00
5.627275748018596460e+03 1.358227494074169872e+00
5.637290526386826059e+03 1.366482092591595698e+00
5.647305304755054749e+03 1.361423453692490737e+00
5.657320083123284348e+03 1.356761724243972678e+00
5.667334861491513948e+03 1.346967564280184382e+00
5.677349639859743547e+03 1.307922295862900874e+00
5.687364418227973147e+03 1.294661607021518224e+00
5.697379196596202746e+03 1.274006103796517131e+00
5.707393974964432346e+03 1.225768188892673471e+00
5.717408753332661945e+03 1.191459559594863826e+00
5.727423531700891544e+03 1.150205573939171444e+00
5.737438310069121144e+03 1.089087164725416113e+00
5.747453088437350743e+03 1.074104783312316735e+00
5.757467866805579433e+03 1.054809896864476793e+00
5.767482645173809033e+03 1.026756895924360480e+00
5.777497423542038632e+03 1.071058419424949726e+00
5.787512201910267322e+03 1.085351967281691810e+00
5.797526980278496922e+03 1.123842401009245595e+00
5.807541758646726521e+03 1.169993466646832347e+00
5.817556537014956120e+03 1.205203248105693792e+00
5.827571315383185720e+03 1.266626383152569035e+00
5.837586093751415319e+03 1.282332816847922885e+00
5.847600872119644919e+03 1.305648731446649169e+00
5.857615650487874518e+03 1.333707434466196773e+00
5.867630428856104118e+03 1.344274170290142623e+00
5.877645207224333717e+03 1.353008414312644181e+00
5.887659985592563316e+03 1.347946980276563123e+00
5.897674763960792006e+03 1.366299849660762344e+00
5.907689542329021606e+03 1.394996961965620841e+00
5.917704320697250296e+03 1.397428731134711999e+00
5.927719099065479895e+03 1.393359011697704153e+00
5.937733877433709495e+03 1.383808028650824751e+00
5.947748655801939094e+03 1.393907976599783938e+00
5.957763434170168694e+03 1.377189703319129821e+00
5.967778212538398293e+03 1.377958925014916236e+00
5.977792990906627892e+03 1.351833338727947753e+00
5.987807769274857492e+03 1.313560646170821355e+00
5.997822547643087091e+03 1.293430628697302298e+00
6.007837326011316691e+03 1.252636722587854079e+00
6.017852104379546290e+03 1.195965320400122822e+00
6.027866882747774980e+03 1.144760647109987595e+00
6.037881661116004580e+03 1.074001642757903552e+00
6.047896439484233269e+03 9.976529793840199778e-01
6.057911217852462869e+03 9.259095836917397015e-01
6.067925996220692468e+03 8.676680412591286640e-01
6.077940774588922068e+03 8.226060727928578009e-01
6.087955552957151667e+03 7.368156603251158066e-01
6.097970331325381267e+03 6.903343772051883098e-01
6.107985109693610866e+03 6.647895644790863257e-01
6.117999888061840466e+03 6.664859890125401920e-01
6.128014666430070065e+03 6.476282619877414826e-01
6.138029444798299664e+03 6.773016038328260047e-01
6.148044223166529264e+03 6.894356847646754272e-01
6.158059001534757954e+03 7.323167755568178450e-01
6.168073779902987553e+03 7.626303714776173637e-01
6.178088558271216243e+03 7.966961592749548515e-01
6.188103336639445843e+03 8.369690518520829237e-01
6.198118115007675442e+03 8.896995904173982117e-01
6.208132893375905041e+03 9.246162179102203060e-01
6.218147671744134641e+03 9.555441290355977113e-01
6.228162450112364240e+03 1.013779913486038353e+00
6.238177228480593840e+03 1.046585485826391437e+00
6.248192006848823439e+03 1.084251186437816372e+00
6.258206785217053039e+03 1.126713565710958820e+00
6.268221563585282638e+03 1.146807805431185878e+00
6.278236341953512238e+03 1.168912307664528250e+00
6.288251120321740927e+03 1.163479679438038872e+00
6.298265898689970527e+03 1.161952975621765471e+00
6.308280677058200126e+03 1.151029021292291343e+00
6.318295455426428816e+03 1.133209128626669226e+00
6.328310233794658416e+03 1.093911794756893263e+00
6.338325012162888015e+03 1.075397366455482784e+00
6.348339790531117615e+03 1.075945548719209555e+00
6.358354568899347214e+03 1.064603497800870047e+00
6.368369347267576813e+03 1.046618915664623950e+00
6.378384125635806413e+03 1.057709068838689426e+00
6.388398904004036012e+03 1.078587791702591225e+00
6.398413682372265612e+03 1.063747403247870871e+00
6.408428460740495211e+03 1.073712401983630382e+00
6.418443239108724811e+03 1.084534501521700500e+00
6.428458017476953501e+03 1.076434194565348168e+00
6.438472795845183100e+03 1.071965720887348761e+00
6.448487574213411790e+03 1.087167352844842894e+00
6.458502352581641389e+03 1.061390767360693488e+00
6.468517130949870989e+03 1.079132955218383927e+00
6.478531909318100588e+03 1.076131593036329992e+00
6.488546687686330188e+03 1.084640493115829329e+00
6.498561466054559787e+03 1.049276140582196648e+00
6.508576244422789387e+03 1.068373858067751980e+00
6.518591022791018986e+03 1.067324395938755277e+00
6.528605801159248585e+03 1.040873567513263209e+00
6.538620579527478185e+03 1.014811263127430641e+00
6.548635357895707784e+03 1.036676222121932778e+00
6.558650136263936474e+03 1.028941295471078599e+00
6.568664914632166074e+03 1.009371814766719888e+00
6.578679693000394764e+03 1.000000000000000000e+00
6.588694471368624363e+03 1.015864247129016906e+00
6.598709249736853963e+03 9.971799304022073152e-01
6.608724028105083562e+03 9.882825621857881382e-01
6.618738806473313161e+03 9.961933029524304706e-01
6.628753584841542761e+03 9.775867469362923279e-01
6.638768363209772360e+03 9.477556475602842978e-01
6.648783141578001960e+03 9.394462643581295014e-01
6.658797919946231559e+03 9.454265158209503861e-01
6.668812698314461159e+03 9.323776424596064150e-01
6.678827476682690758e+03 9.095107386646992254e-01
6.688842255050919448e+03 9.184730099617004484e-01
6.698857033419149047e+03 9.440773032026511524e-01
6.708871811787378647e+03 9.211693667969366173e-01
6.718886590155607337e+03 9.049377268637986971e-01
6.728901368523836936e+03 9.072329256402442699e-01
6.738916146892066536e+03 9.089664695927389682e-01
6.748930925260296135e+03 8.818074093602763508e-01
6.758945703628525735e+03 8.498010784868313960e-01
6.768960481996755334e+03 8.362368377698585764e-01
6.778975260364984933e+03 8.116679750702850971e-01
6.788990038733214533e+03 7.977420436286222216e-01
6.799004817101444132e+03 7.695857903286136281e-01
6.809019595469673732e+03 7.551373359806635710e-01
6.819034373837903331e+03 7.665542406672193332e-01
6.829049152206132021e+03 7.401471281840312777e-01
6.839063930574361621e+03 7.632809116574037489e-01
6.849078708942590310e+03 7.751048441903999331e-01
6.859093487310819910e+03 7.974735427707108082e-01
6.869108265679049509e+03 7.924860121562743442e-01
6.879123044047279109e+03 8.085256820819028967e-01
6.889137822415508708e+03 8.278910618842767466e-01
6.899152600783738308e+03 8.277288880369311208e-01
6.909167379151967907e+03 8.121220730234006702e-01
6.919182157520197507e+03 8.366685187244269351e-01
6.929196935888427106e+03 8.600294909312059533e-01
6.939211714256656705e+03 8.430906813431483515e-01
6.949226492624886305e+03 8.337592842571008855e-01
6.959241270993114995e+03 8.560882918923530260e-01
6.969256049361344594e+03 8.482322240049604556e-01
6.979270827729573284e+03 8.243116094728534238e-01
6.989285606097802884e+03 8.175328432787382082e-01
6.999300384466032483e+03 8.366611954655499561e-01
7.009315162834262082e+03 8.357579749031359695e-01
7.019329941202491682e+03 8.328660702850608777e-01
7.029344719570721281e+03 8.366643819217025602e-01
7.039359497938950881e+03 8.336630197396486253e-01
7.049374276307180480e+03 8.373479047178054024e-01
7.059389054675410080e+03 8.575036933542431461e-01
7.069403833043639679e+03 8.786808250416993094e-01
7.079418611411869279e+03 8.797203923858009089e-01
7.089433389780097968e+03 8.709830737126257327e-01
7.099448168148327568e+03 8.804956515774550185e-01
7.109462946516557167e+03 8.683851616016828867e-01
7.119477724884785857e+03 8.687366780277803180e-01
7.129492503253015457e+03 8.480110168646824986e-01
7.139507281621245056e+03 8.384236411343762851e-01
7.149522059989474656e+03 8.564576971950967899e-01
7.159536838357704255e+03 8.519321468200482528e-01
7.169551616725933854e+03 8.524833478317088709e-01
7.179566395094163454e+03 8.408459068377491796e-01
7.189581173462393053e+03 8.323569640362583621e-01
7.199595951830622653e+03 8.322204495463519924e-01
7.209610730198852252e+03 8.070786955721843681e-01
7.219625508567080942e+03 8.274182924161617159e-01
7.229640286935310542e+03 8.522387174435721580e-01
7.239655065303540141e+03 8.272257633812570843e-01
7.249669843671768831e+03 8.139646273179581559e-01
7.259684622039998430e+03 8.079496602538956962e-01
7.269699400408228030e+03 8.140878928585983942e-01
7.279714178776457629e+03 8.218973378612316472e-01
7.289728957144687229e+03 7.995052160330622382e-01
7.299743735512916828e+03 7.784159634521305993e-01
7.309758513881146428e+03 7.835798672097504802e-01
7.319773292249376027e+03 7.718760696639814789e-01
7.329788070617605626e+03 7.650282635865598424e-01
7.339802848985835226e+03 7.372984922863443646e-01
7.349817627354064825e+03 7.094508780112220858e-01
7.359832405722293515e+03 6.918389994393512321e-01
7.369847184090523115e+03 6.720479761782773842e-01
7.379861962458751805e+03 6.534352149580525682e-01
7.389876740826981404e+03 6.367421538129218739e-01
7.399891519195211004e+03 5.978572703553194367e-01
7.409906297563440603e+03 5.846137995577087576e-01
7.510054081245735688e+03 3.394418815833512015e-01
7.520068859613965287e+03 3.340358630608728507e-01
7.530083637982193977e+03 3.239776185555950927e-01
7.540098416350423577e+03 3.177014179897587054e-01
7.550113194718653176e+03 3.305104126958252064e-01
7.560127973086882776e+03 3.273119933569655915e-01
7.570142751455112375e+03 3.397171466727443856e-01
7.580157529823341974e+03 3.669146120872567862e-01
7.590172308191571574e+03 4.098772090736183538e-01
7.600187086559801173e+03 4.273195905392662697e-01
7.610201864928029863e+03 4.791088946792946279e-01
7.620216643296259463e+03 4.882629682755866285e-01
7.630231421664489062e+03 5.175498544823738944e-01
7.640246200032718662e+03 5.711045112336834428e-01
7.650260978400948261e+03 6.163623628992300763e-01
7.660275756769176951e+03 6.550988245834084012e-01
7.670290535137406550e+03 6.624723400232700454e-01
7.680305313505636150e+03 6.861361932727649826e-01
7.690320091873865749e+03 7.335856000356882900e-01
7.700334870242095349e+03 7.610752690696683809e-01
7.710349648610324948e+03 7.605224468785614089e-01
7.720364426978554548e+03 7.506328050356739778e-01
7.730379205346784147e+03 7.810126457028038205e-01
7.740393983715012837e+03 7.930062989529808037e-01
7.750408762083242436e+03 8.208447451788218885e-01
7.760423540451472036e+03 7.989361820474948361e-01
7.770438318819701635e+03 8.116444400169474660e-01
7.780453097187931235e+03 8.034754844964652198e-01
7.790467875556160834e+03 8.180330609919572726e-01
7.800482653924389524e+03 7.887799400398396443e-01
7.810497432292619123e+03 8.144012836163436742e-01
7.820512210660848723e+03 7.737394197776401583e-01
7.830526989029078322e+03 7.775536077923053124e-01
7.840541767397307922e+03 7.342686197071357501e-01
7.850556545765537521e+03 7.326165819488600350e-01
7.860571324133767121e+03 6.970685889159066173e-01
7.870586102501995811e+03 7.149460614032336903e-01
7.880600880870225410e+03 6.505549940125371355e-01
7.890615659238455009e+03 6.378119645391033821e-01
7.900630437606684609e+03 6.122074476871945947e-01
7.910645215974914208e+03 6.078163993034294554e-01
7.920659994343143808e+03 6.040462626475056052e-01
7.930674772711372498e+03 6.061452987109778867e-01
7.940689551079602097e+03 5.767835587359742000e-01
7.950704329447831697e+03 5.676260191698320190e-01
7.960719107816061296e+03 6.017047764027381174e-01
7.970733886184290895e+03 5.858230876189910452e-01
7.980748664552520495e+03 6.272809505657105378e-01
7.990763442920750094e+03 6.085885279416707316e-01
8.000778221288979694e+03 6.142769671042006552e-01
8.010792999657208384e+03 6.058477284285164188e-01
8.020807778025437983e+03 6.063971405525124814e-01
8.030822556393667583e+03 5.953025710620252209e-01
8.040837334761897182e+03 6.054287373958189278e-01
8.050852113130126781e+03 5.838534104947665782e-01
8.060866891498355471e+03 5.294296897548893543e-01
8.070881669866585071e+03 5.198846883011385422e-01
8.080896448234814670e+03 4.870055479555780442e-01
8.090911226603044270e+03 4.886481381508749333e-01
8.100926004971273869e+03 4.363604051852921217e-01
8.110940783339503469e+03 3.900620358290720069e-01
8.120955561707733068e+03 3.477256613308060129e-01
8.130970340075962667e+03 3.342770274791593277e-01
8.140985118444191357e+03 3.080433811966998281e-01
8.150999896812420957e+03 2.977073000760109833e-01
8.161014675180650556e+03 2.695686002362114309e-01
8.171029453548880156e+03 2.462030440047917323e-01
8.181044231917109755e+03 2.409373413585070012e-01
8.191059010285340264e+03 2.387995646965478669e-01
8.201073788653568045e+03 2.261609056377968663e-01
8.211088567021797644e+03 2.274754585575941845e-01
8.221103345390027243e+03 2.212659499600043711e-01
8.231118123758256843e+03 1.957000059983639573e-01
8.241132902126486442e+03 2.388072792746015749e-01
8.251147680494716042e+03 2.357812080816801548e-01
8.261162458862945641e+03 2.399684909798973087e-01
8.271177237231173422e+03 2.258780377758290159e-01
8.281192015599403021e+03 2.379513524298209615e-01
8.291206793967632620e+03 2.257068076846812932e-01
8.301221572335862220e+03 2.389255135686849940e-01
8.311236350704091819e+03 2.665017759461804081e-01
8.321251129072321419e+03 2.450487642391964149e-01
8.331265907440551018e+03 2.601706788901360645e-01
8.341280685808780618e+03 2.722456706263136073e-01
8.351295464177010217e+03 2.914132106335284300e-01
8.361310242545239817e+03 3.195177538994816158e-01
8.371325020913469416e+03 3.260043164741292521e-01
8.381339799281699015e+03 3.153157126780313790e-01
8.391354577649928615e+03 3.608582769959500225e-01
8.401369356018158214e+03 3.674528436633490158e-01
8.411384134386387814e+03 3.703750475662435093e-01
8.421398912754617413e+03 4.155432871403406114e-01
8.431413691122847013e+03 4.383367347355193733e-01
8.441428469491076612e+03 4.208620973891687433e-01
8.451443247859306211e+03 4.777374886734062076e-01
8.461458026227533992e+03 4.909164477096116808e-01
8.471472804595763591e+03 4.854700674092004009e-01
8.481487582963993191e+03 4.799091423955139657e-01
8.491502361332222790e+03 5.417358952217189438e-01
8.501517139700452390e+03 5.353196582933865688e-01
8.511531918068681989e+03 5.549885340686108171e-01
8.521546696436911589e+03 5.964555650646115037e-01
8.531561474805141188e+03 6.077786649542540331e-01
8.541576253173368968e+03 6.221546693517870930e-01
8.551591031541598568e+03 6.402118691466686107e-01
8.561605809909828167e+03 6.565705760067342966e-01
8.571620588278057767e+03 6.593286494664000186e-01
8.581635366646287366e+03 6.355045789654426569e-01
8.591650145014516966e+03 6.224541962301316511e-01
