4.057503373380477569e+03 1.865921431388546936e-01
4.067516111441180328e+03 1.114460792494129215e+00
4.077528849501883997e+03 7.035391016111893769e-01
4.087541587562586756e+03 1.059374588806233364e+00
4.097554325623290424e+03 3.337989786929765890e-01
4.107567063683993183e+03 9.430246421816961266e-01
4.117579801744695942e+03 -1.424798262768041945e-01
4.127592539805399610e+03 4.135000341623932263e-01
4.137605277866102369e+03 6.369551120133323252e-01
4.147618015926806038e+03 5.614777165961255534e-01
4.157630753987508797e+03 -1.942276214918673416e-01
4.167643492048211556e+03 -2.354908646615293533e-01
4.177656230108915224e+03 -4.364416101793098246e-01
4.187668968169618893e+03 2.117091558883296976e-01
4.197681706230321652e+03 -2.311325226507151831e-01
4.207694444291024411e+03 -6.071745918467736508e-02
4.217707182351728079e+03 -5.235307243982570968e-01
4.227719920412430838e+03 5.918383858435237732e-01
4.237732658473134506e+03 -6.357724466581753386e-01
4.247745396533837265e+03 2.492690558440671389e-01
4.257758134594540024e+03 3.552528917024178057e-02
4.267770872655243693e+03 7.005279181891940765e-02
4.277783610715947361e+03 -4.084305447093112829e-01
4.287796348776650120e+03 1.739877578059320917e-01
4.297809086837352879e+03 3.774463899437098813e-01
4.307821824898056548e+03 3.700215301711597404e-01
4.317834562958759307e+03 4.333615777398894808e-01
4.327847301019462975e+03 -1.214633666435597364e-01
4.337860039080165734e+03 9.148591032817393609e-01
4.347872777140868493e+03 1.018099428116296279e+00
4.357885515201572161e+03 3.527250493519892283e-01
4.367898253262275830e+03 8.488790279077920164e-01
4.377910991322978589e+03 -4.228217367881095118e-02
4.387923729383681348e+03 1.959243828096235984e-01
4.397936467444385016e+03 -4.775650933384731345e-01
4.407949205505087775e+03 1.911808253040059857e-01
4.417961943565791444e+03 2.363774442930193231e-01
4.427974681626494203e+03 7.535947836908910569e-01
4.437987419687196962e+03 8.498862505891048302e-01
4.448000157747900630e+03 2.073735200737698292e-01
4.458012895808604299e+03 6.865201137861072223e-01
4.468025633869307057e+03 9.538101727743375502e-01
4.478038371930009816e+03 5.872157160289076527e-03
4.488051109990713485e+03 2.432755916078988834e-01
4.498063848051417153e+03 1.015995513979758069e+00
4.508076586112119912e+03 6.305018272074891517e-01
4.518089324172822671e+03 8.995955906572932204e-01
4.528102062233525430e+03 3.134973955325375816e-01
4.538114800294229099e+03 1.196250279808348083e+00
4.548127538354932767e+03 1.275133429920000783e+00
4.558140276415635526e+03 9.582958435289001820e-01
4.568153014476338285e+03 1.061182487116584028e+00
4.578165752537041953e+03 2.028577934029710761e+00
4.588178490597744712e+03 1.237589047204738613e+00
4.598191228658448381e+03 7.035932721578943561e-01
4.608203966719151140e+03 8.065557545109650617e-01
4.618216704779854808e+03 1.391170934810640025e+00
4.628229442840557567e+03 9.079979666823179141e-01
4.638242180901261236e+03 1.506277754760149357e+00
4.648254918961963995e+03 1.599944920786060099e+00
4.658267657022666754e+03 5.372823545385395638e-01
4.668280395083370422e+03 8.782216403645363156e-01
4.678293133144073181e+03 1.548272859490164577e-01
4.688305871204776849e+03 7.763838084585388266e-01
4.698318609265479608e+03 4.026848146152833818e-01
4.708331347326183277e+03 -2.592758935650108509e-01
4.718344085386886036e+03 1.100524283520253888e-01
4.728356823447589704e+03 8.813775115693434081e-01
4.738369561508292463e+03 4.802257409001782218e-01
4.748382299568995222e+03 4.785265331706353709e-01
4.758395037629698891e+03 8.435381614900885339e-01
4.768407775690401650e+03 8.176764435183805357e-01
4.778420513751105318e+03 1.016964293047280393e-01
4.788433251811808077e+03 1.212602096190465106e+00
4.798445989872511745e+03 6.856921781400175941e-01
4.808458727933214504e+03 1.063647771222753224e+00
4.818471465993918173e+03 3.579477890291362097e-01
4.828484204054620932e+03 3.022356184625106246e-01
4.838496942115323691e+03 8.158751854685936111e-01
4.848509680176027359e+03 1.320433636973809888e+00
4.858522418236731028e+03 6.982946937153604594e-01
4.868535156297433787e+03 2.059107755177787269e-01
4.878547894358136546e+03 7.307452976033728120e-01
4.888560632418840214e+03 2.325921113355014502e-01
4.898573370479542973e+03 -3.786765855850077883e-02
4.908586108540246641e+03 6.011719710407752437e-01
4.918598846600949400e+03 1.068612239712707579e+00
4.928611584661652159e+03 1.600877353164180450e+00
4.938624322722355828e+03 1.469440035563837954e+00
4.948637060783059496e+03 1.015832652852245221e+00
4.958649798843762255e+03 1.585678146220984130e+00
4.968662536904465014e+03 1.278073317912784335e+00
4.978675274965168683e+03 1.055397422215900383e+00
4.988688013025871442e+03 1.472884233872074233e+00
4.998700751086575110e+03 8.174915646847877859e-01
5.008713489147277869e+03 7.084004713187050939e-01
5.018726227207980628e+03 9.457275777185708554e-01
5.028738965268684296e+03 1.034609911777148783e+00
5.038751703329387965e+03 5.071362705535723547e-01
5.048764441390090724e+03 5.170320062306614783e-01
5.058777179450793483e+03 3.642933618188861633e-01
5.068789917511497151e+03 2.910397896645043336e-01
5.078802655572199910e+03 7.881583883877919527e-01
5.088815393632903579e+03 1.095415826222284200e-01
5.098828131693606338e+03 5.240913021848030429e-01
5.108840869754309097e+03 4.914348502193121027e-01
5.118853607815012765e+03 1.107790825501466347e+00
5.128866345875715524e+03 6.755297835781813864e-01
5.138879083936419192e+03 1.005896376636977063e+00
5.148891821997121951e+03 3.995825722517141187e-01
5.158904560057825620e+03 4.517072197281442603e-01
5.168917298118528379e+03 6.430295524796393325e-01
5.178930036179232047e+03 8.699915616267730467e-01
5.188942774239934806e+03 7.157449489896932082e-01
5.198955512300637565e+03 6.900410245782254703e-01
5.208968250361341234e+03 7.695408452038186020e-01
5.218980988422043993e+03 1.237989210275558749e+00
5.228993726482747661e+03 1.140544434963628229e+00
5.239006464543450420e+03 1.170878543168771158e+00
5.249019202604154088e+03 8.900420031429403522e-01
5.259031940664856847e+03 1.274797572530430578e+00
5.269044678725560516e+03 1.136671939849025037e+00
5.279057416786263275e+03 1.586280662495301863e+00
5.289070154846966034e+03 1.659180937838948378e+00
5.299082892907669702e+03 1.264887158382621557e+00
5.309095630968372461e+03 1.251309223479192489e+00
5.319108369029076130e+03 1.291522990941111892e+00
5.329121107089778889e+03 1.451683978816171061e+00
5.339133845150482557e+03 1.342280443716190375e+00
5.349146583211185316e+03 1.752512595962686826e+00
5.359159321271888984e+03 9.404150197801129929e-01
5.369172059332591743e+03 9.040120629070327318e-01
5.379184797393294502e+03 1.230413371947031154e+00
5.389197535453998171e+03 1.241798622914805250e+00
5.399210273514700930e+03 1.158082761062281030e+00
5.409223011575404598e+03 1.421211124113984203e+00
5.419235749636107357e+03 1.442932290136749174e+00
5.429248487696811026e+03 2.025157151377146914e+00
5.439261225757513785e+03 2.033256521828021857e+00
5.449273963818217453e+03 2.292526544004744871e+00
5.459286701878920212e+03 2.200649452431881592e+00
5.469299439939622971e+03 2.714227125219762282e+00
5.479312178000326639e+03 2.293343995028891857e+00
5.489324916061029398e+03 2.845843555111628564e+00
5.499337654121733067e+03 2.891641257476628368e+00
5.509350392182435826e+03 2.705239357802927014e+00
5.519363130243139494e+03 2.565005791879905406e+00
5.529375868303842253e+03 3.197265191212419033e+00
5.539388606364545922e+03 2.798013933014099841e+00
5.549401344425248681e+03 2.370878822758689441e+00
5.559414082485951440e+03 2.620355858553363060e+00
5.569426820546655108e+03 1.873883278548271525e+00
5.579439558607358776e+03 2.066551487269834286e+00
5.589452296668061535e+03 2.562788993313782182e+00
5.599465034728764294e+03 1.831298239090270341e+00
5.609477772789467963e+03 1.862390035974485381e+00
5.619490510850170722e+03 2.027507454129342079e+00
5.629503248910874390e+03 1.634203772471821470e+00
5.639515986971577149e+03 1.477289872012472749e+00
5.649528725032279908e+03 1.485233371083797271e+00
5.659541463092983577e+03 8.601003692858593119e-01
5.669554201153687245e+03 7.884114172640134255e-01
5.679566939214390004e+03 7.971839004436218623e-01
5.689579677275092763e+03 8.872076603443814768e-01
5.699592415335796431e+03 6.451383594397507304e-01
5.709605153396499190e+03 6.681954410417381141e-01
5.719617891457202859e+03 1.022441110062843217e+00
5.729630629517905618e+03 8.032723204058527244e-01
5.739643367578608377e+03 1.406834261018507837e+00
5.749656105639312045e+03 9.508101729490813225e-01
5.759668843700015714e+03 9.577419060029178643e-01
5.769681581760718473e+03 9.263547922673116553e-01
5.779694319821421232e+03 1.117840685121115785e+00
5.789707057882124900e+03 8.891204048741611077e-01
5.799719795942827659e+03 1.086012168801714584e+00
5.809732534003531327e+03 1.341733495938170151e+00
5.819745272064234086e+03 1.505007368068070450e+00
5.829758010124936845e+03 1.073636121060338011e+00
5.839770748185640514e+03 1.122579035264501757e+00
5.849783486246344182e+03 1.624944628090364329e+00
5.859796224307046941e+03 9.569663934665428862e-01
5.869808962367749700e+03 9.984799045619813240e-01
5.879821700428453369e+03 1.249778119188133862e+00
5.889834438489156128e+03 1.267981170317965534e+00
5.899847176549859796e+03 1.552224164013038088e+00
5.909859914610562555e+03 8.897082426777586095e-01
5.919872652671265314e+03 1.418210949545028798e+00
5.929885390731968982e+03 1.557816661357370736e+00
5.939898128792672651e+03 1.308530795169455141e+00
5.949910866853375410e+03 1.127525679897152910e+00
5.959923604914078169e+03 1.103576706455224654e+00
5.969936342974781837e+03 1.326562597474219674e+00
5.979949081035484596e+03 1.554087980307084171e+00
5.989961819096188265e+03 1.303801182211021814e+00
5.999974557156891024e+03 1.304995380650315839e+00
6.009987295217593783e+03 1.170565751947474809e+00
6.020000033278297451e+03 1.407651362555256247e+00
6.030012771339001119e+03 1.047671653793589730e+00
6.040025509399703878e+03 1.284347665170802566e+00
6.050038247460406637e+03 1.086372839796549528e+00
6.060050985521110306e+03 1.279853257231287511e+00
6.070063723581813065e+03 1.221499346371193617e+00
6.080076461642516733e+03 1.000299685443867270e+00
6.090089199703219492e+03 1.026506347477496028e+00
6.100101937763922251e+03 1.081985724488250034e+00
6.110114675824625920e+03 1.280458569404789859e+00
6.120127413885328679e+03 1.099430387964213329e+00
6.130140151946032347e+03 1.054098552300876568e+00
6.140152890006735106e+03 9.469242225696515858e-01
6.150165628067438774e+03 1.339626785902447326e+00
6.160178366128141533e+03 6.897392422099697384e-01
6.170191104188845202e+03 9.760662292598889511e-01
6.180203842249547961e+03 9.490050705379153850e-01
6.190216580310251629e+03 1.238811903610676834e+00
6.200229318370954388e+03 8.720773024186101452e-01
6.210242056431657147e+03 9.449674426277119288e-01
6.220254794492360816e+03 1.033020093603209899e+00
6.230267532553063575e+03 4.861942866848622535e-01
6.240280270613767243e+03 9.878149471216830513e-01
6.250293008674470002e+03 7.687003280113975379e-01
6.260305746735173670e+03 9.103091268459270191e-01
6.270318484795876429e+03 1.069178758785021222e+00
6.280331222856580098e+03 1.100125343655327326e+00
6.290343960917282857e+03 1.094549446962404193e+00
6.300356698977985616e+03 1.006824964653718402e+00
6.310369437038689284e+03 8.811845945255946111e-01
6.320382175099392043e+03 9.517967758739064310e-01
6.330394913160095712e+03 9.100851054237474314e-01
6.340407651220798471e+03 1.643487555714844284e+00
6.350420389281502139e+03 1.380998579857958042e+00
6.360433127342204898e+03 1.700295334325761187e+00
6.370445865402908566e+03 1.902208882676556190e+00
6.380458603463611325e+03 1.632299415639596241e+00
6.390471341524314084e+03 1.863444439454541302e+00
6.400484079585017753e+03 1.857696070730657789e+00
6.410496817645720512e+03 1.752650643484934712e+00
6.420509555706424180e+03 1.896028547528626262e+00
6.430522293767126939e+03 2.360361349000387410e+00
6.440535031827830608e+03 1.828828062160527734e+00
6.450547769888533367e+03 2.427365072963358017e+00
6.460560507949237035e+03 2.077996850070081170e+00
6.470573246009939794e+03 2.204001386067020896e+00
6.480585984070642553e+03 2.179934984859332570e+00
6.490598722131346221e+03 2.347055315292677413e+00
6.500611460192048980e+03 2.295321394727318776e+00
6.510624198252752649e+03 2.160929161176074143e+00
6.520636936313455408e+03 2.277932998722449032e+00
6.530649674374159076e+03 2.383932526564974452e+00
6.540662412434861835e+03 2.079829212498298663e+00
6.550675150495565504e+03 1.804299988099954177e+00
6.560687888556268263e+03 1.821627223810157181e+00
6.570700626616971022e+03 1.724032867891841514e+00
6.580713364677674690e+03 1.620410553331165682e+00
6.590726102738377449e+03 1.308162784939259859e+00
6.600738840799081117e+03 1.502171627319919267e+00
6.610751578859783876e+03 1.242713580923020977e+00
6.620764316920487545e+03 1.486742457668775996e+00
6.630777054981190304e+03 1.140777193570759795e+00
6.640789793041893972e+03 8.902160478671921062e-01
6.650802531102596731e+03 9.027934003498718774e-01
6.660815269163299490e+03 9.397335193538257636e-01
6.670828007224003159e+03 6.740290846907569522e-01
6.680840745284705918e+03 9.521550004569548920e-01
6.690853483345409586e+03 2.957944608693813815e-01
6.700866221406112345e+03 9.772406816611907132e-01
6.710878959466816013e+03 5.263461948773185961e-01
6.720891697527518772e+03 4.575272333686374315e-01
6.730904435588222441e+03 5.196339399094862532e-01
6.740917173648925200e+03 9.997003145561326187e-01
6.750929911709627959e+03 6.956410359016171885e-01
6.760942649770331627e+03 5.235233851628969814e-01
6.770955387831034386e+03 6.014611718626997616e-01
6.780968125891738055e+03 5.486331809976013885e-01
6.790980863952440814e+03 3.051745977880593319e-01
6.800993602013144482e+03 5.028047237415702586e-01
6.811006340073847241e+03 6.765216288139779266e-01
6.821019078134550909e+03 6.351444178037968236e-01
6.831031816195253668e+03 4.757411186078099319e-01
6.841044554255956427e+03 6.151236827164677790e-01
6.851057292316660096e+03 8.178076760363656161e-01
6.861070030377362855e+03 4.798510904094193119e-01
6.871082768438066523e+03 8.238183350525202231e-01
6.881095506498769282e+03 5.774919281516817104e-01
6.891108244559472951e+03 6.380801119478033412e-01
6.901120982620175710e+03 6.074625694628047468e-01
6.911133720680879378e+03 8.968978974313900343e-01
6.921146458741582137e+03 6.882021966331433038e-01
6.931159196802284896e+03 6.360275724587853841e-01
6.941171934862988564e+03 7.594106034826070273e-01
6.951184672923691323e+03 5.393733376413479830e-01
6.961197410984394992e+03 7.184688537704535527e-01
6.971210149045097751e+03 9.303137855129436362e-01
6.981222887105801419e+03 7.076172700595718679e-01
6.991235625166504178e+03 1.029923635256079217e+00
7.001248363227207847e+03 7.942073162740380665e-01
7.011261101287910606e+03 1.216535576856035972e+00
7.021273839348614274e+03 1.014998426432990319e+00
7.031286577409317033e+03 1.107329152648581561e+00
7.041299315470019792e+03 1.254163487059442916e+00
7.051312053530723460e+03 8.620246468997760925e-01
7.061324791591426219e+03 1.024133328044424029e+00
7.071337529652129888e+03 8.247444766574746344e-01
7.081350267712832647e+03 1.344069120219645974e+00
7.091363005773536315e+03 1.074625869371745868e+00
7.101375743834239074e+03 1.290385059972911197e+00
7.111388481894942743e+03 1.376440390468290476e+00
7.121401219955645502e+03 1.438846957196705745e+00
7.131413958016348261e+03 1.410844978399057981e+00
7.141426696077051929e+03 1.116825424229646702e+00
7.151439434137754688e+03 1.782009681849389571e+00
7.161452172198458356e+03 1.170193198381104471e+00
7.171464910259161115e+03 1.087355248872597491e+00
7.181477648319864784e+03 1.258326930432960955e+00
7.191490386380567543e+03 1.749943863586681081e+00
7.201503124441271211e+03 1.600637954296484811e+00
7.211515862501973970e+03 1.363663480681297946e+00
7.221528600562676729e+03 1.845955740566417980e+00
7.231541338623380398e+03 1.862633628690958387e+00
7.241554076684083157e+03 1.541006666996350027e+00
7.251566814744786825e+03 1.652043356707633137e+00
7.261579552805489584e+03 1.472565850852408653e+00
7.271592290866193252e+03 1.211490726264519813e+00
7.281605028926896011e+03 1.496771697531937617e+00
7.291617766987599680e+03 1.606962278252430432e+00
7.301630505048302439e+03 1.852003969477867829e+00
7.311643243109005198e+03 1.556225095746441411e+00
7.321655981169708866e+03 1.373611289980703143e+00
7.331668719230411625e+03 1.698907519867921989e+00
7.341681457291115294e+03 1.309860944206608702e+00
7.351694195351818053e+03 1.350815100721394435e+00
7.361706933412521721e+03 1.115214636811822313e+00
7.371719671473224480e+03 1.174543617512603833e+00
7.381732409533928148e+03 1.079624587626713428e+00
7.391745147594630907e+03 1.106169553461699095e+00
7.401757885655333666e+03 9.622467985643757826e-01
7.411770623716037335e+03 1.379333097662331475e+00
7.501885266262365803e+03 6.973384961941696547e-01
7.511898004323068562e+03 8.695470136563948627e-01
7.521910742383772231e+03 7.972765146041174145e-01
7.531923480444474990e+03 4.075718541721893295e-01
7.541936218505178658e+03 5.231609667310714862e-01
7.551948956565881417e+03 9.740615695444099220e-01
7.561961694626585086e+03 5.735058496326974620e-01
7.571974432687287845e+03 6.259169020318674503e-01
7.581987170747991513e+03 8.311467363031956879e-01
7.591999908808694272e+03 9.123106411748229672e-01
7.602012646869397031e+03 1.277757031817507771e+00
7.612025384930100699e+03 1.279246896595590988e+00
7.622038122990803458e+03 1.140820180520725868e+00
7.632050861051507127e+03 1.214419081173166326e+00
7.642063599112209886e+03 1.271149972556502084e+00
7.652076337172913554e+03 1.577085998538793277e+00
7.662089075233616313e+03 1.166668617971306166e+00
7.672101813294319982e+03 1.437925009440528479e+00
7.682114551355022741e+03 1.535335185500047661e+00
7.692127289415725500e+03 1.415496655667715764e+00
7.702140027476429168e+03 1.672431053562962955e+00
7.712152765537131927e+03 1.595894361842127296e+00
7.722165503597835595e+03 1.302539532703894887e+00
7.732178241658538354e+03 1.306133311618516535e+00
7.742190979719242023e+03 1.161286861528025405e+00
7.752203717779944782e+03 1.314775785486033133e+00
7.762216455840648450e+03 1.153518106155748901e+00
7.772229193901351209e+03 1.118540708379502036e+00
7.782241931962053968e+03 1.416408992520445498e+00
7.792254670022757637e+03 1.334277182299791420e+00
7.802267408083460396e+03 1.117007856651452968e+00
7.812280146144164064e+03 1.357544655315432447e+00
7.822292884204866823e+03 1.214254822096061393e+00
7.832305622265570491e+03 8.715310536153859644e-01
7.842318360326273250e+03 1.102491897571534540e+00
7.852331098386976919e+03 9.044421071503898624e-01
7.862343836447679678e+03 7.412711590592289124e-01
7.872356574508382437e+03 1.104647885330388712e+00
7.882369312569086105e+03 6.020140609264875708e-01
7.892382050629788864e+03 9.685134570996356551e-01
7.902394788690492533e+03 6.484717702427906794e-01
7.912407526751195292e+03 1.029529762958424799e+00
7.922420264811898960e+03 5.261842074683010795e-01
7.932433002872601719e+03 6.986539667606030957e-01
7.942445740933305387e+03 5.250247830251175696e-01
7.952458478994008146e+03 4.725653266213113990e-01
7.962471217054710905e+03 9.540771811464828778e-01
7.972483955115414574e+03 9.523063285003303680e-01
7.982496693176117333e+03 7.021226291867062042e-01
7.992509431236821001e+03 9.012830905589999109e-01
8.002522169297523760e+03 7.306935734684545380e-01
8.012534907358227429e+03 9.954966801318336778e-01
8.022547645418930188e+03 5.663471245137975396e-01
8.032560383479633856e+03 8.933296310968296128e-01
8.042573121540336615e+03 7.226756335813354637e-01
8.052585859601039374e+03 6.724266849704867433e-01
8.062598597661743042e+03 6.309107274632614892e-01
8.072611335722445801e+03 6.660490641863313632e-01
8.082624073783149470e+03 6.622153621729169881e-01
8.092636811843852229e+03 3.934046835155706745e-01
8.102649549904555897e+03 7.638794988420608556e-01
8.112662287965258656e+03 5.590956104907031099e-01
8.122675026025962325e+03 4.970560055302886693e-01
8.132687764086665084e+03 4.298925658263883509e-01
8.142700502147367843e+03 2.473239662555938023e-01
8.152713240208071511e+03 7.567017266599646019e-01
8.162725978268775179e+03 4.149785406000384702e-01
8.172738716329477938e+03 1.700484407008130971e-01
8.182751454390180697e+03 6.560217465038592488e-02
8.192764192450882547e+03 1.651686180586779129e-01
8.202776930511587125e+03 -2.973500292783068030e-02
8.212789668572291703e+03 -1.492091886527732725e-01
8.222802406632992643e+03 -1.336400667730622827e-01
8.232815144693697221e+03 1.809891087494694406e-01
8.242827882754399980e+03 1.515536724397907320e-01
8.252840620815102739e+03 6.878132171590622956e-02
8.262853358875807317e+03 -1.023675499552918339e-01
8.272866096936508256e+03 -3.180222438244265787e-02
8.282878834997212834e+03 1.686277744275527513e-01
8.292891573057915593e+03 2.091922175447217258e-01
8.302904311118618352e+03 3.043482697840011464e-01
8.312917049179322930e+03 2.661812403202912236e-01
8.322929787240023870e+03 3.646953422241762666e-01
8.332942525300728448e+03 -2.091243121432716928e-02
8.342955263361433026e+03 8.691066595347940460e-02
8.352968001422133966e+03 2.171662792890098614e-01
8.362980739482838544e+03 5.744471939394690807e-01
8.372993477543539484e+03 3.433201337767862737e-01
8.383006215604244062e+03 3.807294745614239750e-01
8.393018953664948640e+03 4.515590370713515878e-01
8.403031691725649580e+03 6.643689035199846771e-01
8.413044429786354158e+03 8.958857819265039213e-01
8.423057167847056917e+03 9.797783096587658891e-01
8.433069905907759676e+03 1.053392413013023443e+00
8.443082643968464254e+03 9.966209810915085399e-01
8.453095382029165194e+03 8.723072651265573185e-01
8.463108120089869772e+03 1.704824341517687802e+00
8.473120858150572531e+03 1.628358246251267349e+00
8.483133596211275290e+03 1.557722998734681008e+00
8.493146334271979867e+03 1.609269594054660413e+00
8.503159072332680807e+03 1.986298171813946745e+00
8.513171810393385385e+03 2.035043800381885148e+00
8.523184548454089963e+03 2.361947672300345413e+00
8.533197286514790903e+03 2.226332931830561357e+00
8.543210024575495481e+03 2.450657709071661916e+00
8.553222762636196421e+03 2.106823968614633724e+00
8.563235500696900999e+03 2.483107264497480315e+00
8.573248238757605577e+03 2.769464482207334655e+00
8.583260976818306517e+03 2.732519994610904668e+00
8.593273714879011095e+03 2.966171192557596203e+00
8.603286452939713854e+03 2.739040031509783812e+00
8.613299191000416613e+03 2.484177045423052288e+00
8.623311929061121191e+03 2.881653606613839624e+00
8.633324667121822131e+03 2.975497613263186736e+00
8.643337405182526709e+03 2.770533389414411296e+00
8.653350143243229468e+03 3.055968484624389525e+00
8.663362881303932227e+03 2.755424699707321956e+00
8.673375619364636805e+03 2.580940320308695579e+00
8.683388357425337745e+03 2.465927162981875753e+00
8.693401095486042323e+03 2.776556804720596183e+00
8.703413833546746901e+03 2.297862168111477033e+00
8.713426571607447841e+03 2.164344701517666891e+00
8.723439309668152418e+03 2.214533188808645026e+00
8.733452047728853358e+03 2.307172512396755248e+00
8.743464785789557936e+03 2.520955351761687613e+00
8.753477523850262514e+03 2.040754424466774353e+00
8.763490261910963454e+03 1.727918119296475208e+00
8.773502999971668032e+03 1.785568162536803394e+00
8.783515738032370791e+03 1.817265970569316824e+00
8.793528476093073550e+03 1.371869095301194497e+00
8.803541214153778128e+03 1.575206804799230920e+00
8.813553952214479068e+03 1.575230220454903352e+00
8.823566690275183646e+03 1.298836364233669549e+00
8.833579428335886405e+03 1.444181882328641864e+00
8.843592166396589164e+03 1.332813529076565473e+00
8.853604904457293742e+03 1.284452860877629554e+00
8.863617642517994682e+03 1.324229769091928688e+00
8.873630380578699260e+03 1.001219186788258053e+00
8.883643118639403838e+03 1.228814117613343582e+00
8.893655856700104778e+03 9.796596586871120227e-01
8.903668594760809356e+03 1.021967205151024904e+00
8.913681332821510296e+03 8.098979024989573228e-01
8.923694070882214874e+03 7.960487653746060044e-01
8.933706808942919452e+03 9.170241777129439775e-01
8.943719547003620391e+03 9.442020652258815705e-01
8.953732285064324969e+03 6.553252181194538784e-01
8.963745023125027728e+03 6.085036924217327448e-01
8.973757761185730487e+03 6.181048102222267415e-01
8.983770499246435065e+03 6.023894103920428567e-01
8.993783237307136005e+03 6.253629645058851327e-01
9.003795975367840583e+03 7.134766010323508878e-01
9.013808713428543342e+03 4.604258818484458504e-01
9.023821451489246101e+03 3.267098365150374883e-01
9.033834189549950679e+03 4.289695696080167431e-01
9.043846927610651619e+03 7.356510522104466876e-01
9.053859665671356197e+03 6.837465817948170654e-01
9.063872403732060775e+03 4.383973416590551397e-01
9.073885141792761715e+03 5.338731049701127551e-01
9.083897879853466293e+03 5.260624111100645761e-01
9.093910617914167233e+03 4.873444497119961971e-01
9.103923355974871811e+03 1.033865853106602284e+00
9.113936094035576389e+03 6.429823716808963363e-01
9.123948832096277329e+03 1.020018812906639427e+00
9.133961570156981907e+03 1.154387281314813496e+00
9.143974308217684666e+03 1.212356930780700726e+00
9.153987046278387425e+03 1.420451338510523520e+00
9.163999784339092002e+03 1.121084976637641395e+00
9.174012522399792942e+03 9.483378990949500320e-01
9.184025260460497520e+03 5.812733817990808349e-01
9.194037998521200279e+03 1.095113869110329263e+00
9.204050736581903038e+03 1.152040473436598766e+00
9.214063474642607616e+03 6.618856208128134355e-01
9.224076212703308556e+03 9.474998283143158950e-01
9.234088950764013134e+03 8.747162817616332964e-01
9.244101688824717712e+03 1.062619229810156884e+00
9.254114426885418652e+03 9.712625249730589827e-01
9.264127164946123230e+03 9.143153008903016632e-01
9.274139903006824170e+03 7.738356958390205653e-01
9.284152641067528748e+03 1.275955074792924471e+00
9.294165379128233326e+03 1.257518566081164524e+00
9.304178117188934266e+03 9.180090332007786458e-01
9.314190855249638844e+03 8.772339889775169208e-01
9.324203593310341603e+03 1.156834741563680158e+00
9.334216331371044362e+03 1.657483128058997890e+00
9.344229069431748940e+03 9.467215198787558572e-01
9.354241807492449880e+03 9.654379679963905891e-01
