3.227475768852746569e+03 1.154184541211267012e+00
3.237492439460588685e+03 -9.549926314832920538e-01
3.247509110068431255e+03 -2.972827667213577274e-01
3.257525780676273826e+03 -4.981900931375115027e-01
3.267542451284116396e+03 1.176172766545989790e+00
3.277559121891958512e+03 1.324495201113230269e+00
3.287575792499801082e+03 1.086027263941041099e+00
3.297592463107643198e+03 -1.188927247716446534e+00
3.307609133715485768e+03 1.392716493790321364e+00
3.317625804323328339e+03 1.012874454872633168e+00
3.327642474931170909e+03 4.114005307882834805e-01
3.337659145539013480e+03 9.283906735193401261e-01
3.347675816146855595e+03 4.676329150543757085e-01
3.357692486754698166e+03 5.169035625064462638e-03
3.367709157362540282e+03 1.599409979069905119e-01
3.377725827970382852e+03 1.302600460346808875e-02
3.387742498578225423e+03 9.093281852846235580e-02
3.397759169186067993e+03 3.707628882819552496e-02
3.407775839793910109e+03 2.638813914692970664e-01
3.417792510401752679e+03 1.180576057722765998e-01
3.427809181009594795e+03 -1.324028943303074690e-01
3.437825851617437365e+03 1.236247399680683173e-01
3.447842522225279936e+03 -6.375051552637283660e-03
3.457859192833122506e+03 3.709338413033536619e-01
3.467875863440964622e+03 6.185865177421396612e-03
3.477892534048807192e+03 4.007521442402014467e-01
3.487909204656649763e+03 3.041409261165323175e-01
3.497925875264491879e+03 3.451883653347006531e-01
3.507942545872334449e+03 2.140480461381847332e-01
3.517959216480177020e+03 5.165908435648634001e-01
3.527975887088019135e+03 4.484286608994753620e-01
3.537992557695861706e+03 3.228913821649888050e-01
3.548009228303704276e+03 5.682398718612675648e-01
3.558025898911546392e+03 1.690172175691142531e-01
3.568042569519388962e+03 4.015197527386514254e-01
3.578059240127231533e+03 4.585399066773097609e-01
3.588075910735074103e+03 1.174144226221127546e-01
3.598092581342916219e+03 5.769703715358558416e-01
3.608109251950758789e+03 5.535998426349231227e-01
3.618125922558600905e+03 1.361488012379254986e-01
3.628142593166443476e+03 2.011813908438591925e-01
3.638159263774286046e+03 5.234157198538632594e-01
3.648175934382128617e+03 5.325598669754939563e-01
3.658192604989970732e+03 2.076677335492361220e-01
3.668209275597813303e+03 3.718995909758878726e-01
3.678225946205655873e+03 7.184387795033458923e-02
3.688242616813497989e+03 3.263436766451805471e-01
3.698259287421340559e+03 3.776813349836717904e-01
3.708275958029183130e+03 1.470897700804497110e-01
3.718292628637025246e+03 1.510588479409664675e-01
3.728309299244867816e+03 3.483379969333921800e-01
3.738325969852710386e+03 3.400018910298349128e-01
3.748342640460552502e+03 8.084523882958742635e-02
3.758359311068395073e+03 1.504306875634865426e-01
3.768375981676237643e+03 2.057952338444795637e-01
3.778392652284079759e+03 4.213192398060063709e-02
3.788409322891922329e+03 2.414490684470634377e-02
3.798425993499764900e+03 2.295558275052128616e-01
3.808442664107607015e+03 4.770803382319017266e-02
3.818459334715449586e+03 2.288955490529091807e-02
3.828476005323292156e+03 1.961319242258703910e-01
3.838492675931134727e+03 1.913845318419623576e-01
3.848509346538976843e+03 6.487560469725923984e-02
3.858526017146819413e+03 5.534396814828812516e-01
3.868542687754661983e+03 4.170146329164033383e-01
3.878559358362504099e+03 3.804644109288770060e-01
3.888576028970346670e+03 5.612376655371585921e-01
3.898592699578189240e+03 3.897315608341967441e-01
3.908609370186031356e+03 3.019324558971250294e-01
3.918626040793873926e+03 3.254658561809266604e-01
3.928642711401716497e+03 4.900749752860059649e-01
3.938659382009558612e+03 6.944292002476734060e-01
3.948676052617401183e+03 6.275384960082960317e-01
3.958692723225243753e+03 8.858770852681540076e-01
3.968709393833085869e+03 5.831538674074140394e-01
3.978726064440928440e+03 7.926404846922852077e-01
3.988742735048771010e+03 9.517131295476844999e-01
3.998759405656613126e+03 1.101018274191231994e+00
4.008776076264455696e+03 9.226097879557096926e-01
4.018792746872298267e+03 7.219218553381797632e-01
4.028809417480140837e+03 5.635487198328927860e-01
4.038826088087982953e+03 6.428799967428175943e-01
4.048842758695825523e+03 6.047893580395194979e-01
4.058859429303668094e+03 3.830911274032910430e-01
4.068876099911510209e+03 5.575775049369736669e-01
4.078892770519352780e+03 4.536705661696724401e-01
4.088909441127195350e+03 4.325961301092296485e-01
4.098926111735037921e+03 6.306927877323914577e-01
4.108942782342879582e+03 5.932702638501685666e-01
4.118959452950723062e+03 4.839928984594238370e-01
4.128976123558564723e+03 2.725834889058969535e-01
4.138992794166408203e+03 2.145640078648200499e-01
4.149009464774249864e+03 1.723043473941988923e-01
4.159026135382091525e+03 2.403136534193608675e-01
4.169042805989935005e+03 2.184068821713044950e-01
4.179059476597776666e+03 1.742723796697369099e-01
4.189076147205620146e+03 3.600057245961541530e-01
4.199092817813461807e+03 5.301385639234920122e-01
4.209109488421303467e+03 4.964851004140520829e-01
4.219126159029146947e+03 2.805712381720191773e-01
4.229142829636988608e+03 4.758390279861378080e-01
4.239159500244832088e+03 2.756570868795763518e-01
4.249176170852673749e+03 4.731443717887290901e-01
4.259192841460517229e+03 3.640025179393366894e-01
4.269209512068358890e+03 7.936874186547518417e-02
4.279226182676200551e+03 3.005783338261211468e-01
4.289242853284044031e+03 1.389534363948681239e-01
4.299259523891885692e+03 2.016351276328635367e-01
4.309276194499729172e+03 3.206316873566014691e-01
4.319292865107570833e+03 3.594516602125972793e-01
4.329309535715413404e+03 3.261256318302261925e-01
4.339326206323255974e+03 1.047554249684859023e-01
4.349342876931097635e+03 8.625059431928258635e-02
4.359359547538941115e+03 5.872965962566683434e-02
4.369376218146782776e+03 4.222897722388235797e-01
4.379392888754626256e+03 2.635445625104929079e-01
4.389409559362467917e+03 4.957875532220045178e-01
4.399426229970309578e+03 3.096683499121382077e-01
4.409442900578153058e+03 1.787022948787551913e-01
4.419459571185994719e+03 4.835168298589441194e-01
4.429476241793838199e+03 2.284226934862606806e-01
4.439492912401679860e+03 5.377051359609982262e-01
4.449509583009523340e+03 2.759438562807514650e-01
4.459526253617365001e+03 5.298782100752646995e-01
4.469542924225206662e+03 4.766312493048134868e-01
4.479559594833050141e+03 5.512322536599458811e-01
4.489576265440891802e+03 6.552473563905709675e-01
4.499592936048735282e+03 5.295951687744127057e-01
4.509609606656576943e+03 5.992611003267360736e-01
4.519626277264419514e+03 8.508572239363172418e-01
4.529642947872262084e+03 6.602656982762563631e-01
4.539659618480103745e+03 6.747580751082221662e-01
4.549676289087947225e+03 9.681345530271375788e-01
4.559692959695788886e+03 8.343132882126910177e-01
4.569709630303632366e+03 9.993771374492949056e-01
4.579726300911474027e+03 9.785529991769972291e-01
4.589742971519315688e+03 1.067771100036091436e+00
4.599759642127159168e+03 9.436744132258281237e-01
4.609776312735000829e+03 1.093873688772543984e+00
4.619792983342844309e+03 1.111730062971784116e+00
4.629809653950685970e+03 1.067042648854522824e+00
4.639826324558529450e+03 9.778238121861542176e-01
4.649842995166371111e+03 7.030769213789015426e-01
4.659859665774212772e+03 8.858098813544333927e-01
4.669876336382056252e+03 6.662215838122941269e-01
4.679893006989897913e+03 8.404927371332404640e-01
4.689909677597741393e+03 8.001410791648614351e-01
4.699926348205583054e+03 6.404458170285151075e-01
4.709943018813425624e+03 4.950440179503125537e-01
4.719959689421268195e+03 5.019723980772321514e-01
4.729976360029109856e+03 6.763078120748019506e-01
4.739993030636953335e+03 6.164298607591319756e-01
4.750009701244794996e+03 6.042094176964827312e-01
4.760026371852638476e+03 5.683580918846736774e-01
4.770043042460480137e+03 6.511140704270035329e-01
4.780059713068321798e+03 6.846572851801757675e-01
4.790076383676165278e+03 7.075421799600626338e-01
4.800093054284006939e+03 7.258335400753002098e-01
4.810109724891850419e+03 7.670176436026839850e-01
4.820126395499692080e+03 7.765457605306262945e-01
4.830143066107535560e+03 6.639223024649487659e-01
4.840159736715377221e+03 1.031081442191082997e+00
4.850176407323218882e+03 8.911281881542801875e-01
4.860193077931062362e+03 9.357481530880626952e-01
4.870209748538904023e+03 8.447495164200131690e-01
4.880226419146747503e+03 8.940325499948676979e-01
4.890243089754589164e+03 9.159714393177478264e-01
4.900259760362431734e+03 9.667241292831610933e-01
4.910276430970274305e+03 8.788050996978643559e-01
4.920293101578115966e+03 9.010640660550700565e-01
4.930309772185959446e+03 1.106480676973964572e+00
4.940326442793801107e+03 1.189662321181483851e+00
4.950343113401644587e+03 1.019283108382130765e+00
4.960359784009486248e+03 1.034366830600885079e+00
4.970376454617327909e+03 8.251996771759443350e-01
4.980393125225171389e+03 7.251758492189445127e-01
4.990409795833013050e+03 7.527480943459555762e-01
5.000426466440856530e+03 6.805759964053264000e-01
5.010443137048698190e+03 6.877367696280494158e-01
5.020459807656541670e+03 4.699779392116072985e-01
5.030476478264383331e+03 4.838441423511338768e-01
5.040493148872224992e+03 3.963152143161014496e-01
5.050509819480068472e+03 5.488295911095598667e-01
5.060526490087910133e+03 5.368091655346445279e-01
5.070543160695753613e+03 5.577428167539356663e-01
5.080559831303595274e+03 5.535077438407550732e-01
5.090576501911437845e+03 6.017835771539559175e-01
5.100593172519280415e+03 5.465987400247256378e-01
5.110609843127122076e+03 8.892062543297777344e-01
5.120626513734965556e+03 7.946726672730552998e-01
5.130643184342807217e+03 6.972895361666813230e-01
5.140659854950650697e+03 7.961534834376076120e-01
5.150676525558492358e+03 6.328820655932272388e-01
5.160693196166334019e+03 8.425131467656216122e-01
5.170709866774177499e+03 8.084341402258713449e-01
5.180726537382019160e+03 6.709861941332209145e-01
5.190743207989862640e+03 8.826179407224689077e-01
5.200759878597704301e+03 8.724562920093441587e-01
5.210776549205547781e+03 8.969620519856610352e-01
5.220793219813389442e+03 8.453792465239450271e-01
5.230809890421231103e+03 8.508899674490240095e-01
5.240826561029074583e+03 1.016306146693144230e+00
5.250843231636916244e+03 8.766847426390558251e-01
5.260859902244759724e+03 1.027268478531599305e+00
5.270876572852601385e+03 1.154773924439990829e+00
5.280893243460443955e+03 1.268552480431458740e+00
5.290909914068286525e+03 1.136205286863216868e+00
5.300926584676128186e+03 1.237147772699194848e+00
5.310943255283971666e+03 1.228461666850823475e+00
5.320959925891813327e+03 1.003607550237071599e+00
5.330976596499656807e+03 1.138078044101219488e+00
5.340993267107498468e+03 1.306967978929365559e+00
5.351009937715341039e+03 1.039893494060240897e+00
5.361026608323183609e+03 1.170010327083164992e+00
5.371043278931025270e+03 1.068718577111646972e+00
5.381059949538868750e+03 1.030296578965150367e+00
5.391076620146710411e+03 1.022508773605834476e+00
5.401093290754552982e+03 1.346174104492520174e+00
5.411109961362395552e+03 1.362004550489821941e+00
5.421126631970237213e+03 1.582662714716811081e+00
5.431143302578080693e+03 1.455132987102367270e+00
5.441159973185922354e+03 1.882267572873017603e+00
5.451176643793765834e+03 2.063735799340886246e+00
5.461193314401607495e+03 2.079989948845312853e+00
5.471209985009450065e+03 1.967161813166497408e+00
5.481226655617292636e+03 2.063508802179761403e+00
5.491243326225134297e+03 2.106057586641235435e+00
5.501259996832977777e+03 2.033292426425510779e+00
5.511276667440819438e+03 2.206585321316259396e+00
5.521293338048662918e+03 2.325509146293231577e+00
5.531310008656504579e+03 2.244879288649026083e+00
5.541326679264347149e+03 2.215381430651140793e+00
5.551343349872189719e+03 2.178034449854413523e+00
5.561360020480031380e+03 2.135751905715361776e+00
5.571376691087874860e+03 2.108450193131539141e+00
5.581393361695716521e+03 2.021593181598832167e+00
5.591410032303559092e+03 2.121223842133591830e+00
5.601426702911401662e+03 2.116006218569446595e+00
5.611443373519243323e+03 1.952329001910283468e+00
5.621460044127086803e+03 2.073298376669842291e+00
5.631476714734928464e+03 1.711908104289191712e+00
5.641493385342771944e+03 1.736511358994354826e+00
5.651510055950613605e+03 1.309495238516868554e+00
5.661526726558456176e+03 1.210307167260607608e+00
5.671543397166298746e+03 9.357694915570178296e-01
5.681560067774140407e+03 8.568019496983610983e-01
5.691576738381983887e+03 9.145917969284133031e-01
5.701593408989825548e+03 9.044839849271922860e-01
5.711610079597669028e+03 8.932967407205558708e-01
5.721626750205510689e+03 1.121003835160572670e+00
5.731643420813353259e+03 1.123464381373871168e+00
5.741660091421195830e+03 1.264089429278120846e+00
5.751676762029037491e+03 1.132478044984190468e+00
5.761693432636880971e+03 1.219601296839319060e+00
5.771710103244722632e+03 1.481510400602774835e+00
5.781726773852565202e+03 1.185126915449505214e+00
5.791743444460407773e+03 1.436324475702167147e+00
5.801760115068249434e+03 1.410854805576502224e+00
5.811776785676092913e+03 1.355486261398452186e+00
5.821793456283934574e+03 1.450460598210487451e+00
5.831810126891778054e+03 1.334059495330492950e+00
5.841826797499619715e+03 1.621433976998847060e+00
5.851843468107462286e+03 1.575715203548759158e+00
5.861860138715304856e+03 1.485945858908326311e+00
5.871876809323146517e+03 1.607827269263394587e+00
5.881893479930989997e+03 1.309836899289907208e+00
5.891910150538831658e+03 1.152394930421261732e+00
5.901926821146675138e+03 1.286416580628079398e+00
5.911943491754516799e+03 1.432396603161012028e+00
5.921960162362359370e+03 1.410291543577016249e+00
5.931976832970201940e+03 1.496617791353186400e+00
5.941993503578043601e+03 1.535144274416635035e+00
5.952010174185887081e+03 1.581929358140080177e+00
5.962026844793728742e+03 1.456907391167369781e+00
5.972043515401571312e+03 1.451407339476768366e+00
5.982060186009413883e+03 1.326764069010570646e+00
5.992076856617255544e+03 1.405786306025284649e+00
6.002093527225099024e+03 1.221897389679808876e+00
6.012110197832940685e+03 1.153894632357188144e+00
6.022126868440784165e+03 1.145569686227624784e+00
6.032143539048625826e+03 1.241691027063432928e+00
6.042160209656468396e+03 1.251599925290831639e+00
6.052176880264310967e+03 1.406931102621234331e+00
6.062193550872152628e+03 1.286090862389317468e+00
6.072210221479996108e+03 1.331474474714956502e+00
6.082226892087837768e+03 1.257890726681560212e+00
6.092243562695681248e+03 1.173498676217798131e+00
6.102260233303522909e+03 1.175230158075132758e+00
6.112276903911365480e+03 1.094300580786523813e+00
6.122293574519208050e+03 1.198073234361263006e+00
6.132310245127049711e+03 1.031260611749378109e+00
6.142326915734893191e+03 1.048121436000474249e+00
6.152343586342734852e+03 1.024287469891604241e+00
6.162360256950577423e+03 7.860909237067568167e-01
6.172376927558419993e+03 7.142148663641590955e-01
6.182393598166261654e+03 5.997772705326658294e-01
6.192410268774105134e+03 6.857721588656371381e-01
6.202426939381946795e+03 8.003225787858583296e-01
6.212443609989790275e+03 7.935076359220615272e-01
6.222460280597631936e+03 8.113741888162631088e-01
6.232476951205474506e+03 8.127113995374456445e-01
6.242493621813317077e+03 8.001744358519634615e-01
6.252510292421158738e+03 1.045233507233679582e+00
6.262526963029002218e+03 1.036257247261471059e+00
6.272543633636843879e+03 9.253094721831596203e-01
6.282560304244686449e+03 1.105107411598340805e+00
6.292576974852529020e+03 1.085996482586399026e+00
6.302593645460371590e+03 1.160128653798915721e+00
6.312610316068214161e+03 1.162765548968291096e+00
6.322626986676055822e+03 1.044169159118387480e+00
6.332643657283899302e+03 1.329212719640601170e+00
6.342660327891740963e+03 1.237827905738417167e+00
6.352676998499583533e+03 1.302235008407234051e+00
6.362693669107426103e+03 1.303757643065543315e+00
6.372710339715267764e+03 1.427518923481599478e+00
6.382727010323111244e+03 1.455898228747651624e+00
6.392743680930952905e+03 1.447305693311996544e+00
6.402760351538796385e+03 1.544437177646555526e+00
6.412777022146638046e+03 1.725783627679526200e+00
6.422793692754480617e+03 1.614466476345509882e+00
6.432810363362323187e+03 2.008630429613281532e+00
6.442827033970164848e+03 1.767728190091911067e+00
6.452843704578008328e+03 2.010202976667365249e+00
6.462860375185849989e+03 1.923969440859758961e+00
6.472877045793692560e+03 2.071261779233426470e+00
6.482893716401535130e+03 2.216424930836994101e+00
6.492910387009377700e+03 2.028531249881197152e+00
6.502927057617220271e+03 2.025954691072315850e+00
6.512943728225061932e+03 2.222748230470671160e+00
6.522960398832905412e+03 2.120407461743742950e+00
6.532977069440747073e+03 2.093945552811668165e+00
6.542993740048589643e+03 2.148025081776002931e+00
6.553010410656432214e+03 1.868081660603802652e+00
6.563027081264273875e+03 1.911739554911422667e+00
6.573043751872117355e+03 1.903490274502233959e+00
6.583060422479959016e+03 1.824651131361944678e+00
6.593077093087802496e+03 1.819647137757108402e+00
6.603093763695644157e+03 1.582164571838101663e+00
6.613110434303486727e+03 1.522326476858123723e+00
6.623127104911329297e+03 1.372229233530779302e+00
6.633143775519170958e+03 1.566457619164005166e+00
6.643160446127014438e+03 1.515273377059207949e+00
6.653177116734856099e+03 1.510066300094661695e+00
6.663193787342698670e+03 1.214317573075365031e+00
6.673210457950541240e+03 1.183312041874415188e+00
6.683227128558383811e+03 1.191165947433540095e+00
6.693243799166226381e+03 1.110584162661922392e+00
6.703260469774068042e+03 1.029156319859725333e+00
6.713277140381911522e+03 1.000000000000000000e+00
6.723293810989753183e+03 1.091817715025237501e+00
6.733310481597595754e+03 1.079188407275829098e+00
6.743327152205438324e+03 1.067243892691047025e+00
6.753343822813279985e+03 1.055943701760803766e+00
6.763360493421123465e+03 8.591506529019642402e-01
6.773377164028965126e+03 9.746094293713233325e-01
6.783393834636808606e+03 7.910252607002916658e-01
6.793410505244650267e+03 8.350524086287370862e-01
6.803427175852492837e+03 1.050092546411476535e+00
6.813443846460335408e+03 9.803133002309092348e-01
6.823460517068177069e+03 9.492462063206751344e-01
6.833477187676020549e+03 1.008376330143886168e+00
6.843493858283862210e+03 1.150471034438694584e+00
6.853510528891704780e+03 1.063206875107535421e+00
6.863527199499547351e+03 8.822006142290550468e-01
6.873543870107389921e+03 8.641282800078045057e-01
6.883560540715232491e+03 9.029169564426661188e-01
6.893577211323074152e+03 8.896760685514256695e-01
6.903593881930917632e+03 9.926125975207886754e-01
6.913610552538759293e+03 1.113152014394391376e+00
6.923627223146601864e+03 1.075450250892567183e+00
6.933643893754444434e+03 1.118006270811905400e+00
6.943660564362286095e+03 1.232184248604445642e+00
6.953677234970129575e+03 1.185820170420786024e+00
6.963693905577971236e+03 1.134272070629841700e+00
6.973710576185814716e+03 1.220320427770079652e+00
6.983727246793656377e+03 1.283729159888534754e+00
6.993743917401498948e+03 1.134224488296769362e+00
7.003760588009341518e+03 9.997045725763638035e-01
7.013777258617183179e+03 1.015865396937831511e+00
7.023793929225026659e+03 9.898500016003851654e-01
7.033810599832868320e+03 1.043413605628548346e+00
7.043827270440710890e+03 1.137542988123915633e+00
7.053843941048553461e+03 9.977433955905647966e-01
7.063860611656395122e+03 8.898714259137555649e-01
7.073877282264238602e+03 1.026540763159304870e+00
7.083893952872080263e+03 1.059842632470502810e+00
7.093910623479923743e+03 1.291310693381285235e+00
7.103927294087765404e+03 1.108458409668435563e+00
7.113943964695607974e+03 1.360284596311118088e+00
7.123960635303450545e+03 1.231926960628194623e+00
7.133977305911292206e+03 1.079810288747501623e+00
7.143993976519135686e+03 1.116690030655040689e+00
7.154010647126977346e+03 1.167486256002517431e+00
7.164027317734820826e+03 1.356999453171074288e+00
7.174043988342662487e+03 1.008109476647069069e+00
7.184060658950505058e+03 1.266633121939416684e+00
7.194077329558347628e+03 1.344272160153303419e+00
7.204094000166189289e+03 1.352114292764039050e+00
7.214110670774032769e+03 1.476959910780672791e+00
7.224127341381874430e+03 1.337889995777681085e+00
7.234144011989717001e+03 1.352733353633493341e+00
7.244160682597559571e+03 1.511372974730960550e+00
7.254177353205401232e+03 1.403557417098515003e+00
7.264194023813244712e+03 1.353682302327597453e+00
7.274210694421086373e+03 1.234903186507906758e+00
7.284227365028929853e+03 1.558847634379314728e+00
7.294244035636771514e+03 1.299933274362307767e+00
7.304260706244614084e+03 1.368929128935491235e+00
7.314277376852456655e+03 1.315815594913448461e+00
7.324294047460298316e+03 1.420419099793764683e+00
7.334310718068141796e+03 1.448773387544490143e+00
7.344327388675983457e+03 1.362424329680817170e+00
7.354344059283826937e+03 1.295130892498632891e+00
7.364360729891668598e+03 1.198848899971266757e+00
7.374377400499511168e+03 1.172956875322146653e+00
7.384394071107353739e+03 1.285669856849531945e+00
7.394410741715195400e+03 1.406449270181439504e+00
7.404427412323038880e+03 1.113553153083770342e+00
7.504594118401462765e+03 7.498693631950897887e-01
7.514610789009304426e+03 7.542677857671675756e-01
7.524627459617147906e+03 6.576982144484244674e-01
7.534644130224989567e+03 5.353403675882392188e-01
7.544660800832833047e+03 7.166263586258369012e-01
7.554677471440674708e+03 6.031179672729202190e-01
7.564694142048516369e+03 5.606690076029945402e-01
7.574710812656359849e+03 6.962584221036124399e-01
7.584727483264201510e+03 8.207768502629351204e-01
7.594744153872044990e+03 9.876435548564822531e-01
7.604760824479886651e+03 1.262727814216006772e+00
7.614777495087730131e+03 1.294608590548750549e+00
7.624794165695571792e+03 1.424988720656999108e+00
7.634810836303413453e+03 1.372544159900185079e+00
7.644827506911256933e+03 1.607987185145678843e+00
7.654844177519098594e+03 1.548156570893322481e+00
7.664860848126942074e+03 1.858513442070409916e+00
7.674877518734783735e+03 1.725081420362074347e+00
7.684894189342626305e+03 1.864512127179237311e+00
7.694910859950468875e+03 1.647816541164175419e+00
7.704927530558310536e+03 1.818251430198618124e+00
7.714944201166154016e+03 1.716879967555716258e+00
7.724960871773995677e+03 1.871372812852920120e+00
7.734977542381839157e+03 1.710366461224629431e+00
7.744994212989680818e+03 1.798293829981701508e+00
7.755010883597522479e+03 1.784711158682543264e+00
7.765027554205365959e+03 1.733122712016390787e+00
7.775044224813207620e+03 1.797246896019234930e+00
7.785060895421051100e+03 1.687249786523334238e+00
7.795077566028892761e+03 1.374810575099944199e+00
7.805094236636736241e+03 1.499216547075176376e+00
7.815110907244577902e+03 1.298648428734480165e+00
7.825127577852419563e+03 1.255022296860534681e+00
7.835144248460263043e+03 1.489679355166184438e+00
7.845160919068104704e+03 1.122414872078944414e+00
7.855177589675948184e+03 1.317314070500584355e+00
7.865194260283789845e+03 1.383403355805357338e+00
7.875210930891632415e+03 1.217860862635813390e+00
7.885227601499474986e+03 9.766428383008838310e-01
7.895244272107316647e+03 1.072299760849722450e+00
7.905260942715160127e+03 1.233770285495224606e+00
7.915277613323001788e+03 9.688491464673735232e-01
7.925294283930845268e+03 9.270721032997734090e-01
7.935310954538686929e+03 8.704271753005505818e-01
7.945327625146528590e+03 1.092265945508172464e+00
7.955344295754372069e+03 1.261882491994701594e+00
7.965360966362213730e+03 1.140801396860326333e+00
7.975377636970057210e+03 1.049260959296625106e+00
7.985394307577898871e+03 1.276089865367750598e+00
7.995410978185742351e+03 1.278158961047115350e+00
8.005427648793584012e+03 1.178290511481874692e+00
8.015444319401425673e+03 1.079641175249289153e+00
8.025460990009269153e+03 1.185887129064748358e+00
8.035477660617110814e+03 1.170706770561301013e+00
8.045494331224954294e+03 1.209488088903419856e+00
8.055511001832795955e+03 1.064170417352246822e+00
8.065527672440638526e+03 9.817196770238770798e-01
8.075544343048481096e+03 1.155486065182645516e+00
8.085561013656322757e+03 1.018971861059096762e+00
8.095577684264166237e+03 7.925481406283589880e-01
8.105594354872007898e+03 9.361857143365200917e-01
8.115611025479851378e+03 9.418751142803778453e-01
8.125627696087693039e+03 1.041701867986741137e+00
8.135644366695534700e+03 7.475285086237460908e-01
8.145661037303378180e+03 5.311556976103489758e-01
8.155677707911219841e+03 3.379292389389776941e-01
8.165694378519063321e+03 6.574519636112881038e-01
8.175711049126904982e+03 2.886835108943308081e-01
8.185727719734748462e+03 2.024879918992304462e-01
8.195744390342590123e+03 9.420405033573138465e-02
8.205761060950431784e+03 1.958626057679843935e-01
8.215777731558275264e+03 1.527661462001521364e-01
8.225794402166116924e+03 3.648267469614449587e-01
8.235811072773960404e+03 2.230679641273357050e-01
8.245827743381802065e+03 5.094656344570652751e-01
8.255844413989643726e+03 2.938466600452007138e-01
8.265861084597487206e+03 2.438805747210025798e-01
8.275877755205328867e+03 3.987491487606457663e-01
8.285894425813172347e+03 4.537068660938717857e-01
8.295911096421014008e+03 4.682715975044782764e-01
8.305927767028857488e+03 4.735529912057301893e-01
8.315944437636699149e+03 2.978967995607709196e-01
8.325961108244540810e+03 3.191072009116186492e-01
8.335977778852384290e+03 3.643686443707463418e-01
8.345994449460225951e+03 3.347352748315088333e-01
8.356011120068069431e+03 4.086643013668760371e-01
8.366027790675911092e+03 5.809172524832643125e-01
8.376044461283754572e+03 8.291079281364513998e-01
8.386061131891596233e+03 6.967662531377666335e-01
8.396077802499437894e+03 8.899924665393796896e-01
8.406094473107281374e+03 9.173098763877209905e-01
8.416111143715123035e+03 1.082585148155810639e+00
8.426127814322966515e+03 1.077354402659607135e+00
8.436144484930808176e+03 1.227969778350945784e+00
8.446161155538649837e+03 1.668382533016068647e+00
8.456177826146493317e+03 1.662287579527186088e+00
8.466194496754334978e+03 1.607576971475249694e+00
8.476211167362178458e+03 1.741709851517367458e+00
8.486227837970020119e+03 1.488163220156465183e+00
8.496244508577863598e+03 1.618367491848152540e+00
8.506261179185705259e+03 1.636360113398020122e+00
8.516277849793546920e+03 1.887491818720631098e+00
8.526294520401390400e+03 2.136737399603423349e+00
8.536311191009232061e+03 1.972898795443427389e+00
8.546327861617075541e+03 1.966234325576227571e+00
8.556344532224917202e+03 2.111721601165129414e+00
8.566361202832760682e+03 2.222324772233304824e+00
