3.381304099611115362e+03 2.336173601049822857e+00
3.411439104419011073e+03 2.670890941845508237e+00
3.441574109226906330e+03 2.673834981325271087e+00
3.471709114034802042e+03 2.790340513794838273e+00
3.501844118842697753e+03 2.653293198478209547e+00
3.531979123650593465e+03 2.703327209647444551e+00
3.562114128458489176e+03 2.612584509587840831e+00
3.592249133266384888e+03 2.475688506277196943e+00
3.622384138074280145e+03 2.358164628300225107e+00
3.652519142882175856e+03 2.113153317073313886e+00
3.682654147690071568e+03 1.991948735282944138e+00
3.712789152497967279e+03 2.149747785399574784e+00
3.742924157305862536e+03 2.268087386924380944e+00
3.773059162113758248e+03 2.231996070285840350e+00
3.803194166921653959e+03 1.983724482722368121e+00
3.833329171729549671e+03 2.238400913777916390e+00
3.863464176537445383e+03 2.282040552874174288e+00
3.893599181345340639e+03 2.839861425428208186e+00
3.923734186153236351e+03 2.594651157238410555e+00
3.953869190961132063e+03 2.575917264898839765e+00
3.984004195769027774e+03 2.513894526002837360e+00
4.014139200576923486e+03 2.329205918781160012e+00
4.044274205384818742e+03 2.200031539914327094e+00
4.074409210192714454e+03 2.058068940472495889e+00
4.104544215000610166e+03 1.912694752688118172e+00
4.134679219808505877e+03 1.973014838838577090e+00
4.164814224616400679e+03 2.177554638817718047e+00
4.194949229424297300e+03 2.113087870703943327e+00
4.225084234232192102e+03 2.094306856978426001e+00
4.255219239040088723e+03 1.970439916882063658e+00
4.285354243847983525e+03 1.896535258734106000e+00
4.315489248655880147e+03 2.026832697299337127e+00
4.345624253463774949e+03 2.317653849230832730e+00
4.375759258271670660e+03 2.040861257466645817e+00
4.405894263079566372e+03 1.844111146155460457e+00
4.436029267887462083e+03 1.866881246986849208e+00
4.466164272695357795e+03 2.170929371953602693e+00
4.496299277503252597e+03 1.950193951624556998e+00
4.526434282311149218e+03 2.081430152912039144e+00
4.556569287119044020e+03 2.197029907629517886e+00
4.586704291926940641e+03 2.004255794150330505e+00
4.616839296734835443e+03 1.669588192595366394e+00
4.646974301542732064e+03 1.547444324511791036e+00
4.677109306350626866e+03 1.384015839487386268e+00
4.707244311158522578e+03 1.211675129667582729e+00
4.737379315966418289e+03 9.460055934132260980e-01
4.767514320774313092e+03 9.194312783801635858e-01
4.797649325582209713e+03 9.929757720682016453e-01
4.827784330390104515e+03 1.051883630281836179e+00
4.857919335198001136e+03 1.181823208099349598e+00
4.888054340005895938e+03 1.426524041749966942e+00
4.918189344813792559e+03 1.688073388731329061e+00
4.948324349621687361e+03 1.541438442087397886e+00
4.978459354429583072e+03 1.534460811970591365e+00
5.008594359237478784e+03 2.192366461133652855e+00
5.038729364045374496e+03 1.499671616297046484e+00
5.068864368853270207e+03 9.061398537603494452e-01
5.098999373661165009e+03 1.230076554450751258e+00
5.129134378469061630e+03 1.538994412869625572e+00
5.159269383276956432e+03 1.909957523735565932e+00
5.189404388084853053e+03 1.789571806918759833e+00
5.219539392892747856e+03 1.638446192194101592e+00
5.249674397700643567e+03 1.592686614301194181e+00
5.279809402508539279e+03 1.547996168298323205e+00
5.309944407316434990e+03 1.463252544240698727e+00
5.340079412124330702e+03 1.285763561220732987e+00
5.370214416932225504e+03 1.062859509996226359e+00
5.400349421740122125e+03 9.640374818163807147e-01
5.430484426548016927e+03 8.970145355862801928e-01
5.460619431355913548e+03 8.352652054429599016e-01
5.490754436163808350e+03 8.645422984597379568e-01
5.520889440971704062e+03 7.690747370312521758e-01
5.551024445779599773e+03 7.361567839507492383e-01
5.581159450587495485e+03 5.812154888205036674e-01
5.611294455395391196e+03 5.320788259109819895e-01
5.641429460203286908e+03 6.264712867405446417e-01
5.671564465011182619e+03 6.371077354048313435e-01
5.701699469819077422e+03 5.608781080742599734e-01
5.731834474626974043e+03 5.684136554006763431e-01
5.761969479434868845e+03 5.051281680754914349e-01
5.792104484242765466e+03 5.015469427435369498e-01
5.822239489050660268e+03 7.270406806254872123e-01
5.852374493858555979e+03 2.455187038393667809e+00
5.882509498666451691e+03 2.439378336979481698e+00
5.912644503474347403e+03 1.272585280284286746e+00
5.942779508282243114e+03 7.498199963056834116e-01
5.972914513090138826e+03 5.698839473564064617e-01
6.003049517898034537e+03 4.978189604729060802e-01
6.033184522705929339e+03 4.684910810734963516e-01
6.063319527513825960e+03 5.238538403510690777e-01
6.093454532321720762e+03 5.907156837983271735e-01
6.123589537129616474e+03 6.440446317013417410e-01
6.153724541937512186e+03 6.613982862894359771e-01
6.183859546745407897e+03 5.925623185564855566e-01
6.213994551553303609e+03 6.550509308882151993e-01
6.244129556361199320e+03 6.662136730764318671e-01
6.274264561169095032e+03 7.105235877092347385e-01
6.304399565976989834e+03 7.644117617492464101e-01
6.334534570784886455e+03 7.670629679938980594e-01
6.364669575592781257e+03 7.392229201772099190e-01
6.394804580400676969e+03 7.426162882505232821e-01
6.424939585208572680e+03 7.905964352776245763e-01
6.455074590016468392e+03 7.936093766950610418e-01
6.485209594824364103e+03 7.667109712408758382e-01
6.515344599632259815e+03 7.569085187507513801e-01
6.545479604440155526e+03 8.366073795860103912e-01
6.575614609248050328e+03 8.644978472856615914e-01
6.605749614055946950e+03 7.057274683333816245e-01
6.635884618863841752e+03 8.417316208793395038e-01
6.666019623671738373e+03 1.440565167620194043e+00
6.696154628479633175e+03 9.931414299183523031e-01
6.726289633287528886e+03 6.302834592207338105e-01
6.756424638095424598e+03 5.891123001058451436e-01
6.786559642903320309e+03 5.675556796767766699e-01
6.816694647711216021e+03 5.231628837618028660e-01
6.846829652519111733e+03 5.059079222987193925e-01
6.876964657327007444e+03 5.171323935025263774e-01
6.907099662134902246e+03 4.921694727975569061e-01
6.937234666942798867e+03 5.270690372284080327e-01
6.967369671750693669e+03 5.703321764509513558e-01
6.997504676558589381e+03 6.188425437841446053e-01
7.027639681366485092e+03 1.508799028754935545e+00
7.057774686174380804e+03 2.765955196567384977e+00
7.087909690982276516e+03 1.538202250014764960e+00
7.118044695790172227e+03 7.483238399447779132e-01
7.148179700598067939e+03 6.600564786460538791e-01
7.178314705405962741e+03 6.566150467590748940e-01
7.208449710213859362e+03 6.968743023417025562e-01
7.238584715021754164e+03 7.969356229719478657e-01
7.268719719829650785e+03 1.119941309790232431e+00
7.298854724637545587e+03 1.121972765095493152e+00
7.328989729445441299e+03 9.046775200831347341e-01
7.359124734253337010e+03 8.120719545657690830e-01
7.389259739061232722e+03 8.002525496858364784e-01
7.419394743869128433e+03 7.244237159212902899e-01
7.449529748677024145e+03 6.842590696102244241e-01
7.479664753484919856e+03 6.113147976649573323e-01
7.509799758292814658e+03 6.135733256933859625e-01
7.660474782332293216e+03 7.189485773739440200e-01
7.690609787140188928e+03 7.658011619924345315e-01
7.720744791948083730e+03 7.922266258030008501e-01
7.750879796755980351e+03 8.496536682847104505e-01
7.781014801563875153e+03 8.993129597214771787e-01
7.811149806371771774e+03 8.778963421657660637e-01
7.841284811179666576e+03 8.205318664131745487e-01
7.871419815987563197e+03 8.118392796333830930e-01
7.901554820795457999e+03 8.059206764871824635e-01
7.931689825603354620e+03 7.819246342647452330e-01
7.961824830411249422e+03 7.591319151681019672e-01
7.991959835219144225e+03 7.073292813129986589e-01
8.022094840027040846e+03 6.785430360664993499e-01
8.052229844834935648e+03 7.288090938829739907e-01
8.082364849642832269e+03 7.162616635901638551e-01
8.112499854450727071e+03 7.006019181126649231e-01
8.142634859258623692e+03 7.358807573432920579e-01
8.172769864066518494e+03 8.002915033648858589e-01
8.202904868874415115e+03 8.174526409128397564e-01
8.233039873682311736e+03 7.989406903010785044e-01
8.263174878490204719e+03 7.966739422086569489e-01
8.293309883298101340e+03 8.754685436475974081e-01
8.323444888105997961e+03 9.597413203454228103e-01
8.353579892913890944e+03 1.039305832873637980e+00
8.383714897721787565e+03 1.103934698555069982e+00
8.413849902529684186e+03 1.466895550945339188e+00
8.443984907337580808e+03 2.229375597656245489e+00
8.474119912145473791e+03 2.785291195505164463e+00
8.504254916953370412e+03 2.957222996409141214e+00
8.534389921761267033e+03 2.871512336797697351e+00
8.564524926569161835e+03 2.617213923971633438e+00
8.594659931377056637e+03 2.373323578159300506e+00
8.624794936184953258e+03 2.521172162276838602e+00
8.654929940992849879e+03 2.079262569158487395e+00
8.685064945800742862e+03 2.208614962150008854e+00
8.715199950608639483e+03 1.749683553714819650e+00
8.745334955416536104e+03 1.374313022549991770e+00
8.775469960224432725e+03 1.270652256318558937e+00
8.805604965032325708e+03 1.091269517154488167e+00
8.835739969840222329e+03 1.126114734920214078e+00
8.865874974648118950e+03 9.617023553572409122e-01
8.896009979456011934e+03 9.454132252347797749e-01
8.926144984263908555e+03 8.568847067437196374e-01
8.956279989071805176e+03 8.311581054438395011e-01
8.986414993879701797e+03 8.849595237766136879e-01
9.016549998687594780e+03 9.017588737946873323e-01
9.046685003495491401e+03 9.202359545808480590e-01
9.076820008303388022e+03 9.441846659889564508e-01
9.106955013111284643e+03 9.251566838439826412e-01
9.137090017919177626e+03 9.299540597901276850e-01
9.167225022727074247e+03 1.000000000000000000e+00
9.197360027534970868e+03 1.085524373065667181e+00
9.227495032342863851e+03 1.095578506113842776e+00
9.257630037150760472e+03 1.074534618720970780e+00
9.287765041958657093e+03 1.078220034672962901e+00
9.317900046766553714e+03 1.029965379394174096e+00
9.348035051574446697e+03 1.000242203923766393e+00
9.378170056382343319e+03 1.369894083690094577e+00
9.408305061190239940e+03 1.062162113484213855e+00
9.438440065998134742e+03 1.040670363496465578e+00
9.468575070806029544e+03 1.048756602753313283e+00
9.498710075613926165e+03 1.140201935034478309e+00
9.528845080421822786e+03 8.927144473331599661e-01
