1.905817013334969488e+03 1.375693217040730776e+00
1.935901614717552320e+03 1.050043513529851369e+00
1.965986216100135152e+03 9.546123067643477178e-01
1.996070817482717757e+03 1.781754767886051027e+00
2.026155418865300362e+03 2.915791580107047754e+00
2.056240020247882967e+03 3.680189015668822616e+00
2.086324621630466027e+03 4.028065202015813639e+00
2.116409223013048631e+03 4.222497582448324849e+00
2.146493824395631236e+03 3.786949065111801627e+00
2.176578425778214296e+03 3.162660542805574515e+00
2.206663027160796446e+03 2.293614129616958763e+00
2.236747628543379506e+03 2.506360744906136251e+00
2.266832229925962565e+03 3.203466584648208215e+00
2.296916831308544715e+03 3.993354082408093308e+00
2.327001432691127775e+03 4.533397109602654851e+00
2.357086034073710380e+03 4.849238460605899803e+00
2.387170635456292985e+03 4.415990157784967174e+00
2.417255236838876044e+03 3.961839038676506330e+00
2.447339838221458194e+03 3.705919956006042959e+00
2.477424439604041254e+03 4.143359346424455580e+00
2.507509040986624314e+03 5.054628709963703059e+00
2.537593642369206464e+03 5.779790630626943759e+00
2.567678243751789523e+03 5.464861758363148247e+00
2.597762845134372583e+03 4.224206587549971914e+00
2.627847446516954733e+03 3.101789828339891031e+00
2.657932047899537793e+03 2.888437823473435806e+00
2.688016649282119943e+03 3.503773419010569601e+00
2.718101250664703002e+03 5.254659669986978976e+00
2.748185852047286062e+03 6.652530200886016765e+00
2.778270453429868212e+03 7.484419453219548934e+00
2.808355054812451272e+03 7.121438291012623267e+00
2.838439656195034331e+03 6.909746916211446432e+00
2.868524257577616481e+03 7.033903108790322989e+00
2.898608858960199541e+03 7.627721081947939297e+00
2.928693460342781691e+03 8.154044616480680574e+00
2.958778061725364751e+03 7.737620855888808435e+00
2.988862663107947810e+03 6.866395128848016505e+00
3.018947264490529960e+03 7.225374456939442247e+00
3.049031865873113020e+03 7.406096576587302138e+00
3.079116467255696080e+03 7.389904602581903958e+00
3.109201068638278230e+03 7.406687047451073092e+00
3.139285670020861289e+03 7.038229166432023121e+00
3.169370271403443894e+03 6.772796818975775679e+00
3.199454872786026499e+03 6.841290146710407249e+00
3.229539474168609559e+03 6.332233176685609699e+00
3.259624075551191709e+03 6.162658733357649687e+00
3.289708676933774768e+03 6.327614099262548031e+00
3.319793278316357828e+03 6.500862275791400080e+00
3.349877879698939978e+03 6.272633285503593115e+00
3.379962481081523038e+03 6.071723266136222819e+00
3.410047082464105642e+03 6.435065025465394939e+00
3.440131683846688247e+03 6.156041693077527022e+00
3.470216285229271307e+03 5.931283150055337572e+00
3.500300886611853457e+03 5.895940754686757046e+00
3.530385487994436517e+03 6.039400617789835835e+00
3.560470089377019576e+03 6.120331684360051483e+00
3.590554690759601726e+03 5.868774294377162803e+00
3.620639292142184786e+03 5.335519835740532457e+00
3.650723893524767391e+03 5.521357707803185022e+00
3.680808494907349996e+03 5.609585280813209174e+00
3.710893096289933055e+03 5.417667294446622428e+00
3.740977697672515205e+03 5.457364920188760848e+00
3.771062299055098265e+03 5.303808153025233452e+00
3.801146900437681325e+03 4.898349831497931461e+00
3.831231501820263475e+03 4.869055054225646550e+00
3.861316103202846534e+03 4.915011892688808004e+00
3.891400704585429594e+03 4.948773606048401774e+00
3.921485305968011744e+03 4.914058424414726289e+00
3.951569907350594804e+03 4.239697492803104595e+00
3.981654508733177408e+03 4.440236759983343440e+00
4.011739110115760013e+03 4.513527525007955177e+00
4.041823711498343073e+03 4.606545334443768347e+00
4.071908312880925678e+03 4.590395457798264189e+00
4.101992914263508283e+03 4.450927273745800328e+00
4.132077515646091342e+03 4.080957580521448413e+00
4.162162117028673492e+03 4.019304150581813673e+00
4.192246718411256552e+03 3.686267892901214704e+00
4.222331319793838702e+03 3.590388330789089366e+00
4.252415921176421762e+03 3.542614215768836061e+00
4.282500522559004821e+03 3.581070135567900881e+00
4.312585123941587881e+03 3.563835310253665511e+00
4.342669725324170031e+03 3.645436943453976397e+00
4.432923529471918300e+03 3.492984050307379018e+00
4.463008130854501360e+03 3.446977969011395082e+00
4.493092732237083510e+03 3.216372785858891081e+00
4.523177333619666570e+03 3.313737018457439731e+00
4.553261935002248720e+03 3.365047090143704622e+00
4.583346536384831779e+03 3.336780799379381879e+00
4.613431137767414839e+03 3.402560952268868455e+00
4.643515739149996989e+03 3.285088084848188927e+00
4.673600340532580049e+03 3.240672600597273245e+00
4.703684941915162199e+03 3.055643311728401645e+00
4.733769543297745258e+03 2.898437645113569161e+00
4.763854144680328318e+03 2.854473710438774958e+00
4.793938746062911378e+03 2.801907660327333183e+00
4.824023347445493528e+03 2.732919005455042072e+00
4.854107948828076587e+03 2.683377115203080976e+00
4.884192550210658737e+03 2.655744426632665967e+00
4.914277151593241797e+03 2.645559228898965998e+00
4.944361752975824857e+03 2.616708892657381824e+00
4.974446354358407007e+03 2.638452160578680150e+00
5.004530955740990066e+03 2.612163356367851463e+00
5.034615557123572216e+03 2.540056985792842781e+00
5.064700158506155276e+03 2.543270343743038175e+00
5.094784759888738336e+03 2.592107232463061628e+00
5.124869361271321395e+03 2.578665840869099668e+00
5.154953962653903545e+03 2.444196884477791265e+00
5.185038564036485695e+03 2.501291373442245281e+00
5.215123165419068755e+03 2.341875909316821325e+00
5.245207766801651815e+03 2.222401035476885500e+00
5.275292368184234874e+03 2.170977208600135988e+00
5.305376969566817024e+03 2.189596058475891560e+00
5.335461570949400084e+03 2.033986952698778605e+00
5.365546172331982234e+03 1.530965580866203490e+00
5.395630773714565294e+03 1.853100117898456967e+00
5.425715375097148353e+03 1.610282619887095645e+00
5.455799976479730503e+03 1.600778402340938378e+00
5.485884577862313563e+03 1.546905746189921382e+00
5.515969179244895713e+03 1.531349405391408736e+00
5.546053780627478773e+03 1.687050220636325149e+00
5.576138382010061832e+03 1.770647564115663597e+00
5.606222983392644892e+03 1.838695675341910585e+00
5.636307584775227042e+03 1.956771255095488549e+00
5.666392186157809192e+03 1.998616215467286406e+00
5.696476787540392252e+03 1.862148890016326774e+00
5.726561388922975311e+03 1.716541563037306650e+00
5.756645990305558371e+03 1.851202413227463373e+00
5.786730591688140521e+03 1.813808639360521946e+00
5.816815193070723581e+03 1.905710370237786888e+00
5.846899794453305731e+03 1.436611955731450507e+00
5.876984395835888790e+03 1.341687874442630157e+00
5.907068997218471850e+03 1.139867038073701488e+00
5.937153598601054910e+03 1.230579906272813107e+00
5.967238199983637060e+03 1.287527959201602012e+00
5.997322801366219210e+03 1.018182292868156980e+00
6.027407402748802269e+03 1.109654722993278941e+00
6.057492004131385329e+03 1.090041009106212933e+00
6.087576605513967479e+03 1.000000000000000000e+00
6.117661206896550539e+03 1.023566028213429124e+00
6.147745808279132689e+03 1.022521478239191595e+00
6.177830409661715748e+03 1.012704281593228339e+00
6.207915011044298808e+03 9.721426260030294753e-01
6.237999612426881868e+03 8.907659921130964831e-01
6.268084213809464018e+03 8.677959369622316732e-01
6.298168815192046168e+03 9.207167496495487491e-01
6.328253416574629227e+03 7.732518397377142749e-01
6.358338017957212287e+03 8.259635688708931722e-01
6.388422619339795347e+03 8.348728103972206105e-01
6.418507220722377497e+03 6.577901367584434444e-01
6.448591822104960556e+03 6.617415094333350956e-01
6.478676423487542706e+03 5.335787929453539302e-01
6.508761024870125766e+03 6.255472333670468732e-01
6.538845626252708826e+03 8.471505792652113120e-01
6.568930227635290976e+03 7.535955115056330866e-01
6.599014829017874035e+03 7.051811842674190478e-01
6.629099430400456185e+03 7.074233118118582464e-01
6.659184031783039245e+03 8.465455958905295786e-01
6.689268633165622305e+03 7.805672715257186978e-01
6.719353234548205364e+03 9.673397603692721614e-01
6.749437835930787514e+03 8.878333201563672894e-01
6.779522437313370574e+03 7.487090419922273199e-01
6.809607038695952724e+03 8.814218922445695714e-01
6.839691640078535784e+03 8.203387153577039737e-01
6.869776241461118843e+03 7.063233521108484014e-01
6.899860842843700993e+03 8.290131533200987279e-01
6.929945444226284053e+03 7.191517839882544116e-01
6.960030045608866203e+03 6.488726603976805452e-01
6.990114646991449263e+03 6.956788869517128715e-01
7.020199248374032322e+03 7.913634164267517868e-01
7.050283849756615382e+03 7.903033384351147994e-01
7.080368451139197532e+03 7.045127409690730147e-01
7.110453052521779682e+03 6.723164400936288976e-01
7.140537653904362742e+03 7.309992365976131223e-01
7.170622255286945801e+03 6.943992379934729176e-01
7.200706856669528861e+03 7.017190087637471541e-01
7.230791458052111011e+03 6.602001367573356871e-01
7.260876059434694071e+03 5.793571607590715100e-01
7.290960660817276221e+03 5.567494198596067978e-01
7.321045262199859280e+03 6.942466166001042271e-01
7.351129863582442340e+03 6.985429106698084478e-01
7.381214464965024490e+03 6.332784504390183145e-01
7.411299066347607550e+03 6.941775252313664435e-01
7.441383667730189700e+03 5.361267541166693240e-01
7.471468269112772759e+03 5.333026121079467163e-01
7.501552870495355819e+03 4.832360927401884720e-01
7.531637471877938879e+03 5.398418276635267299e-01
7.561722073260521029e+03 5.162569110294085162e-01
7.591806674643103179e+03 4.541710599631471057e-01
7.621891276025686238e+03 5.127177047426332290e-01
7.651975877408269298e+03 3.824099062030201779e-01
7.682060478790852358e+03 4.296592074699328023e-01
7.712145080173434508e+03 4.653609813529744343e-01
7.742229681556017567e+03 3.498803013269937146e-01
7.772314282938599717e+03 1.314552913297939440e-01
7.802398884321182777e+03 2.079064011731426506e-02
7.832483485703765837e+03 2.928205999220903286e-02
7.862568087086348896e+03 1.610071985377592788e-02
7.892652688468931046e+03 4.283848391454338905e-02
7.922737289851513196e+03 8.785923957470884171e-02
7.952821891234096256e+03 1.232953901950743607e-02
7.982906492616679316e+03 1.206252469757939788e-01
8.012991093999262375e+03 4.831983712900731615e-02
8.043075695381844525e+03 5.079939747599738348e-02
8.073160296764427585e+03 7.924688783265546044e-02
8.103244898147009735e+03 1.305593007229704505e-01
8.133329499529592795e+03 1.361908159587250922e-01
8.163414100912175854e+03 1.462000855019535972e-01
8.193498702294758914e+03 1.849083845127062475e-01
8.223583303677341974e+03 1.912142071351848882e-01
8.253667905059923214e+03 1.801386243904791462e-01
8.283752506442506274e+03 2.726134591241836103e-01
8.313837107825089333e+03 2.516100449175137088e-01
8.343921709207672393e+03 2.482901991105418704e-01
8.374006310590255453e+03 3.336302625069502148e-01
8.404090911972838512e+03 3.330945329820443890e-01
8.434175513355419753e+03 3.058159404459727670e-01
8.464260114738002812e+03 2.752029748210151339e-01
8.494344716120585872e+03 1.883959661423489640e-01
8.524429317503168932e+03 2.953826581698438813e-01
8.554513918885751991e+03 3.480247346361530769e-01
8.584598520268333232e+03 4.030297654552978392e-01
8.614683121650916291e+03 3.826386536555297369e-01
8.644767723033499351e+03 4.600958202380694417e-01
8.674852324416082411e+03 3.666379715305894682e-01
8.704936925798665470e+03 4.357715225614338106e-01
8.735021527181248530e+03 3.777332587939261077e-01
8.765106128563829770e+03 3.910731366665309294e-01
8.795190729946412830e+03 3.827824678380786216e-01
8.825275331328995890e+03 3.879920899799309542e-01
8.855359932711578949e+03 4.002997516661968569e-01
8.885444534094162009e+03 3.871231118457059694e-01
8.915529135476743249e+03 3.810662249447314687e-01
8.945613736859326309e+03 2.775410732677592307e-01
8.975698338241909369e+03 3.348444980763167766e-01
9.005782939624492428e+03 3.728051350507307626e-01
9.035867541007075488e+03 3.260434799996735911e-01
9.065952142389658547e+03 3.179164111129201276e-01
9.096036743772239788e+03 3.910462534402128210e-01
9.126121345154822848e+03 3.347741991780452953e-01
9.156205946537405907e+03 3.434026402356300522e-01
9.186290547919988967e+03 3.539689704791524894e-01
9.216375149302570208e+03 3.212662900627003548e-01
9.246459750685153267e+03 3.680607792080992091e-01
9.276544352067736327e+03 3.602304320854555764e-01
9.306628953450319386e+03 3.709503032173129267e-01
9.336713554832902446e+03 3.300160342935433144e-01
9.366798156215485506e+03 3.779061533895594072e-01
9.396882757598068565e+03 3.479371056580587429e-01
9.426967358980649806e+03 3.213318290051031534e-01
9.457051960363232865e+03 3.528296349756387396e-01
9.487136561745815925e+03 2.835076650245126340e-01
9.517221163128398985e+03 2.782057702703495949e-01
9.547305764510980225e+03 3.381580809778167995e-01
9.577390365893563285e+03 3.054387130201927092e-01
9.607474967276146344e+03 3.150921804781764979e-01
9.637559568658729404e+03 2.366440383509902656e-01
9.667644170041312464e+03 3.075481711042023503e-01
9.697728771423895523e+03 3.306698284491964013e-01
9.727813372806478583e+03 2.721803437603939058e-01
9.757897974189059823e+03 3.155590106573897824e-01
9.787982575571642883e+03 2.846155512152602762e-01
9.818067176954225943e+03 3.185004122771706303e-01
9.848151778336809002e+03 2.800211727563760022e-01
9.878236379719390243e+03 2.775631337614437588e-01
9.908320981101973302e+03 3.248201454921685327e-01
9.938405582484556362e+03 2.920832480461747482e-01
9.968490183867139422e+03 2.577166251669169572e-01
9.998574785249722481e+03 2.735099039393638631e-01
1.002865938663230554e+04 2.338599811529381289e-01
1.005874398801488678e+04 2.588902866361229571e-01
1.008882858939746984e+04 2.520830124486693746e-01
1.011891319078005290e+04 2.321656104229813389e-01
1.014899779216263596e+04 2.859843080983170971e-01
1.017908239354521902e+04 2.094740514643178564e-01
1.020916699492780208e+04 1.777456110455791771e-01
1.023925159631038332e+04 1.824736024627398590e-01
1.026933619769296638e+04 1.499489015598659547e-01
1.029942079907554944e+04 2.148554788402975146e-01
1.032950540045813250e+04 2.118131949595575270e-01
