1.775069056096951499e+03 -4.963876371473354143e-01
1.805209007371314328e+03 3.979800156739811690e-01
1.835348958645677158e+03 2.318485501567397744e-01
1.865488909920039987e+03 4.320430054858934166e-01
1.895628861194402816e+03 4.715928683385579578e-01
1.925768812468765645e+03 3.684242750783698894e-01
1.955908763743128475e+03 4.024970611285266786e-01
1.986048715017491304e+03 6.823491379310343552e-01
2.016188666291854133e+03 9.696032523510972334e-01
2.046328617566216963e+03 1.287264890282131757e+00
2.076468568840579792e+03 1.478203369905956022e+00
2.106608520114942621e+03 1.510237068965517127e+00
2.136748471389305450e+03 1.343965517241379359e+00
2.166888422663668280e+03 1.030054858934169149e+00
2.197028373938031109e+03 8.491859326018809107e-01
2.227168325212393938e+03 1.232827194357366762e+00
2.257308276486756768e+03 1.508238636363636420e+00
2.287448227761119597e+03 1.741291144200626917e+00
2.317588179035482426e+03 1.942329545454545281e+00
2.347728130309845255e+03 1.926606583072100420e+00
2.377868081584208085e+03 1.829535658307209989e+00
2.408008032858570459e+03 1.588695141065830763e+00
2.438147984132933288e+03 1.559717868338557967e+00
2.468287935407296118e+03 1.932464733542319735e+00
2.498427886681658947e+03 2.192177703761755581e+00
2.528567837956021776e+03 2.293147531347962342e+00
2.558707789230384606e+03 2.364704153605015513e+00
2.588847740504747435e+03 2.077733150470219670e+00
2.618987691779110264e+03 1.679021355799372950e+00
2.649127643053473093e+03 1.457699843260187755e+00
2.679267594327835923e+03 1.471297021943573702e+00
2.709407545602198752e+03 1.940105799373040840e+00
2.739547496876561581e+03 2.326523315047022145e+00
2.769687448150924411e+03 2.529839341692790011e+00
2.799827399425287240e+03 2.354378918495297679e+00
2.829967350699650069e+03 2.260178291536050210e+00
2.860107301974012898e+03 2.154981387147335337e+00
2.890247253248375728e+03 2.179702194357366452e+00
2.920387204522738557e+03 2.369161442006269436e+00
2.950527155797101386e+03 2.363802899686520576e+00
2.980667107071463761e+03 2.237039576802507757e+00
3.010807058345826590e+03 2.295180250783698916e+00
3.040947009620189419e+03 2.307459835423196992e+00
3.071086960894552249e+03 2.315860109717867932e+00
3.101226912168915078e+03 2.246605603448275978e+00
3.131366863443277907e+03 2.088749020376175380e+00
3.161506814717640736e+03 1.912784090909090740e+00
3.191646765992003566e+03 1.941653605015674078e+00
3.221786717266366395e+03 1.953742163009404287e+00
3.251926668540729224e+03 1.876004114420062319e+00
3.282066619815092054e+03 1.855544670846394961e+00
3.312206571089454883e+03 1.810354623824451448e+00
3.342346522363817712e+03 1.685932601880877790e+00
3.372486473638180541e+03 1.683503134796238365e+00
3.402626424912543371e+03 1.779217280564263204e+00
3.432766376186906200e+03 1.740037225705328927e+00
3.462906327461269029e+03 1.531132445141065723e+00
3.493046278735631859e+03 1.557807601880877746e+00
3.523186230009994688e+03 1.553164184952978033e+00
3.553326181284357517e+03 1.446483150470219581e+00
3.583466132558720346e+03 1.379280956112852730e+00
3.613606083833083176e+03 1.361471394984326011e+00
3.643746035107446005e+03 1.371835815047021789e+00
3.673885986381808834e+03 1.393906739811912265e+00
3.704025937656171664e+03 1.306852468652037524e+00
3.734165888930534493e+03 1.303213166144200796e+00
3.764305840204897322e+03 1.174745297805642519e+00
3.794445791479260151e+03 1.145160658307210033e+00
3.824585742753622981e+03 1.125352664576802608e+00
3.854725694027985810e+03 1.226283307210031204e+00
3.884865645302348639e+03 1.165076410658307138e+00
3.915005596576711469e+03 1.051048197492162828e+00
3.945145547851074298e+03 1.000000000000000000e+00
3.975285499125437127e+03 1.025587774294670851e+00
4.005425450399799956e+03 1.092829153605015424e+00
4.035565401674162786e+03 1.080387931034482607e+00
4.065705352948525615e+03 1.108885188087774365e+00
4.095845304222888444e+03 1.009384796238244508e+00
4.125985255497251273e+03 9.153526645768026437e-01
4.156125206771614103e+03 8.125661246081503641e-01
4.186265158045976932e+03 7.432930054858933877e-01
4.216405109320339761e+03 7.946649686520375067e-01
4.246545060594702591e+03 8.109840321316613698e-01
4.276685011869065420e+03 8.460575039184954349e-01
4.306824963143428249e+03 8.865732758620690213e-01
4.336964914417791078e+03 9.036500783699060735e-01
4.457524719515242396e+03 6.929540556426332376e-01
4.487664670789605225e+03 6.944930446708463823e-01
4.517804622063968054e+03 7.407229623824451714e-01
4.547944573338330883e+03 8.224862852664576174e-01
4.578084524612693713e+03 8.212779192789968485e-01
4.608224475887056542e+03 8.215899294670845343e-01
4.638364427161419371e+03 7.835197884012539138e-01
4.668504378435782201e+03 7.646664380877742362e-01
4.698644329710145030e+03 7.111334247648903872e-01
4.728784280984507859e+03 6.840340909090908417e-01
4.758924232258870688e+03 6.755461402821315575e-01
4.789064183533233518e+03 7.115262539184953328e-01
4.819204134807596347e+03 7.395772923197492243e-01
4.849344086081959176e+03 6.826596786833855068e-01
4.879484037356322006e+03 6.884992163009403532e-01
4.909623988630684835e+03 6.337264890282131580e-01
4.939763939905047664e+03 6.137451018808777192e-01
4.969903891179410493e+03 6.671061912225705326e-01
5.000043842453773323e+03 6.134561128526645479e-01
5.030183793728136152e+03 6.239782523510971624e-01
5.060323745002498981e+03 6.148981191222571141e-01
5.090463696276861810e+03 6.043544278996864083e-01
5.120603647551224640e+03 6.025685736677115489e-01
5.150743598825586560e+03 5.784277037617554518e-01
5.180883550099949389e+03 5.744807993730407514e-01
5.211023501374312218e+03 5.796223550156739401e-01
5.241163452648675047e+03 5.401444945141065102e-01
5.271303403923037877e+03 5.283571708463949967e-01
5.301443355197400706e+03 5.334570924764889810e-01
5.331583306471763535e+03 5.192814459247648839e-01
5.361723257746126365e+03 5.137078761755485834e-01
5.391863209020489194e+03 4.978560932601880928e-01
5.422003160294852023e+03 4.755260579937303778e-01
5.452143111569214852e+03 4.739219239811912621e-01
5.482283062843577682e+03 4.581524294670845654e-01
5.512423014117940511e+03 4.511432210031348644e-01
5.542562965392303340e+03 4.596566418495297568e-01
5.572702916666666169e+03 4.837392241379310232e-01
5.602842867941028999e+03 4.341923001567397633e-01
5.632982819215391828e+03 4.605632836990596335e-01
5.663122770489754657e+03 4.574343652037617391e-01
5.693262721764117487e+03 4.455015673981190805e-01
5.723402673038480316e+03 5.012818377742946918e-01
5.753542624312843145e+03 4.918798981191221942e-01
5.783682575587205974e+03 4.244896159874607666e-01
5.813822526861568804e+03 4.200480015673981327e-01
5.843962478135931633e+03 4.624088949843260243e-01
5.874102429410294462e+03 4.246546826018808285e-01
5.904242380684657292e+03 4.067672413793104180e-01
