2.729942259562545587e+03 7.121933945305184421e-01
2.749975986023649057e+03 1.023424605900917994e+00
2.770009712484752527e+03 7.028303397591296742e-01
2.790043438945855087e+03 6.536291223202015388e-01
2.810077165406958557e+03 5.062323854111804300e-01
2.830110891868061572e+03 7.011082011680168646e-01
2.850144618329164587e+03 8.649532812371739654e-01
2.870178344790268056e+03 8.391695639419517461e-01
2.890212071251371071e+03 7.941324262851928717e-01
2.910245797712474086e+03 7.737049651425489394e-01
2.930279524173577556e+03 6.577264928294425106e-01
2.950313250634680571e+03 8.192821403474015440e-01
2.970346977095783586e+03 8.238677930387759973e-01
2.990380703556887056e+03 8.749431274282865045e-01
3.010414430017990071e+03 9.326623448107929093e-01
3.030448156479093086e+03 1.039992368204642359e+00
3.050481882940196556e+03 1.035324734165138372e+00
3.070515609401299116e+03 9.386178178028702357e-01
3.090549335862402586e+03 9.204126557141848464e-01
3.110583062323506056e+03 8.428229837095744248e-01
3.130616788784608616e+03 8.504851111054076984e-01
3.150650515245712086e+03 8.213980651553393075e-01
3.170684241706815101e+03 9.489398316296132618e-01
3.190717968167918116e+03 9.069349432928757171e-01
3.210751694629021586e+03 9.228152501003822339e-01
3.230785421090124601e+03 9.968909660796604344e-01
3.250819147551227616e+03 9.995753514645391302e-01
3.270852874012331085e+03 9.609298954477973886e-01
3.290886600473434100e+03 9.981631087327212937e-01
3.310920326934537115e+03 9.806666133558115117e-01
3.330954053395640585e+03 9.677338170621746505e-01
3.350987779856743600e+03 1.000665820056349631e+00
3.371021506317846615e+03 9.937030264374470123e-01
3.391055232778950085e+03 1.031978664910943699e+00
3.411088959240053100e+03 1.066817768295893032e+00
3.431122685701156115e+03 1.068938465627331302e+00
3.451156412162259585e+03 1.060891884949518582e+00
3.471190138623362145e+03 1.099036544166947627e+00
3.491223865084465615e+03 1.079745367841718595e+00
3.511257591545568630e+03 1.059983832811502324e+00
3.531291318006671645e+03 1.147660074150167464e+00
3.551325044467775115e+03 1.203740725130857392e+00
3.571358770928878130e+03 1.107020339646710205e+00
3.591392497389981145e+03 1.174064749780835193e+00
3.611426223851084615e+03 1.182296186202231425e+00
3.631459950312187630e+03 1.179086611120149675e+00
3.651493676773290645e+03 1.204834375405001712e+00
3.671527403234394114e+03 1.235964379581490080e+00
3.691561129695497129e+03 1.241974153285394733e+00
3.711594856156600144e+03 1.338794443594817363e+00
3.731628582617703614e+03 1.450476478140676040e+00
3.751662309078806629e+03 1.293146422930002926e+00
3.771696035539909644e+03 1.383724464613010907e+00
3.791729762001012659e+03 1.276098756874289863e+00
3.811763488462116129e+03 1.302441601811607619e+00
3.831797214923219144e+03 1.250207816884424616e+00
3.851830941384322159e+03 1.259207841701546871e+00
3.871864667845425174e+03 1.206164530732612317e+00
3.891898394306528644e+03 1.281810300887455956e+00
3.911932120767631659e+03 1.339465990679367779e+00
3.931965847228734674e+03 1.355777309387002472e+00
3.951999573689838144e+03 1.368845115067662599e+00
3.972033300150941159e+03 1.489656668901621739e+00
3.992067026612044174e+03 1.489391422651075381e+00
4.012100753073147644e+03 1.449878640030187960e+00
4.032134479534250659e+03 1.336501086968741259e+00
4.052168205995353674e+03 1.333497260677566798e+00
4.072201932456457143e+03 1.307294833987239668e+00
4.092235658917560158e+03 1.273005525309540698e+00
4.112269385378663173e+03 1.378458780350863222e+00
4.132303111839766643e+03 1.340322499563579406e+00
4.152336838300869204e+03 1.258281760030306451e+00
4.172370564761972673e+03 1.250436791956367699e+00
4.192404291223076143e+03 1.246927820566691603e+00
4.212438017684178703e+03 1.259718077491782218e+00
4.232471744145282173e+03 1.236643138479329940e+00
4.252505470606385643e+03 1.244641463641749324e+00
4.272539197067488203e+03 1.235103416342011373e+00
4.292572923528591673e+03 1.207185956817783179e+00
4.312606649989695143e+03 1.193617248281732435e+00
4.332640376450797703e+03 1.212998466217003246e+00
4.352674102911901173e+03 1.260124484381863752e+00
4.372707829373004643e+03 1.222924572705365698e+00
4.392741555834107203e+03 1.171959748748909735e+00
4.412775282295210673e+03 1.180661013594904496e+00
4.432809008756314142e+03 1.147787659611745781e+00
4.452842735217416703e+03 1.174545926205756929e+00
4.472876461678520172e+03 1.176327880424741901e+00
4.492910188139623642e+03 1.272517243127407216e+00
4.512943914600726202e+03 1.315762881518180105e+00
4.532977641061828763e+03 1.368439026345814380e+00
4.553011367522933142e+03 1.449029555071421393e+00
4.573045093984035702e+03 1.466916973151055403e+00
4.593078820445138263e+03 1.513150105197023754e+00
4.613112546906241732e+03 1.517437103973348744e+00
4.633146273367345202e+03 1.448955315816970124e+00
4.653179999828447762e+03 1.416475960162792092e+00
4.673213726289551232e+03 1.376923618624889656e+00
4.693247452750654702e+03 1.321919436833742578e+00
4.713281179211757262e+03 1.273628922934775254e+00
4.733314905672860732e+03 1.235066933051252480e+00
4.753348632133964202e+03 1.218559198487555673e+00
4.773382358595066762e+03 1.194920889589896174e+00
4.793416085056170232e+03 1.218640119274907452e+00
4.813449811517273702e+03 1.191435780817722057e+00
4.833483537978376262e+03 1.202480142590275580e+00
4.853517264439479732e+03 1.244122213084902118e+00
4.873550990900583201e+03 1.318768086538365747e+00
4.893584717361685762e+03 1.299261192150916733e+00
4.913618443822789231e+03 1.231634109925427545e+00
4.933652170283892701e+03 1.258433102053309272e+00
4.953685896744995262e+03 1.296209534568660615e+00
4.973719623206098731e+03 1.235923654047619502e+00
4.993753349667202201e+03 1.176247595973856974e+00
5.013787076128304761e+03 1.146027552944784755e+00
5.033820802589408231e+03 1.063639797924991859e+00
5.053854529050511701e+03 1.044167583874979544e+00
5.073888255511614261e+03 1.051401774996940208e+00
5.093921981972717731e+03 1.063833032098720377e+00
5.113955708433821201e+03 1.066736741452463333e+00
5.133989434894923761e+03 1.047879864765774105e+00
5.154023161356027231e+03 1.052231345637393733e+00
5.174056887817130701e+03 1.068153544595626281e+00
5.194090614278233261e+03 1.096068140605754193e+00
5.214124340739336731e+03 1.121979443362554729e+00
5.234158067200439291e+03 1.147189927557335398e+00
5.254191793661542761e+03 1.181056284596818218e+00
5.274225520122646230e+03 1.204810088563188497e+00
5.294259246583748791e+03 1.207218728145819542e+00
5.314292973044852261e+03 1.195808791073132760e+00
5.334326699505955730e+03 1.189361536048354928e+00
5.354360425967058291e+03 1.186589760455379450e+00
5.374394152428161760e+03 1.181811828094976091e+00
5.394427878889264321e+03 1.190615012831724995e+00
5.414461605350367790e+03 1.197151567073999612e+00
5.434495331811471260e+03 1.201001296641607263e+00
5.454529058272573820e+03 1.198853555010332972e+00
5.474562784733677290e+03 1.193490829437010126e+00
5.494596511194780760e+03 1.190241695437912917e+00
5.514630237655883320e+03 1.165390211066442916e+00
5.534663964116986790e+03 1.178763776419364362e+00
5.554697690578090260e+03 1.150974220524947800e+00
5.574731417039192820e+03 1.142607350492216955e+00
5.594765143500296290e+03 1.122725017589400576e+00
5.614798869961399760e+03 1.112404700659902046e+00
5.634832596422502320e+03 1.151511500615019168e+00
5.654866322883605790e+03 1.084325929841359226e+00
5.674900049344709259e+03 1.031909834516459457e+00
5.694933775805811820e+03 1.034669731828723016e+00
5.714967502266915290e+03 1.062342095757184079e+00
5.735001228728018759e+03 1.031204031318784020e+00
5.755034955189121320e+03 1.034366411446250966e+00
5.775068681650224789e+03 1.008984646685842979e+00
5.795102408111328259e+03 1.022640745429990616e+00
5.815136134572430819e+03 1.026846823418963828e+00
5.835169861033534289e+03 9.872578925342249123e-01
5.855203587494637759e+03 9.935883798173585912e-01
5.875237313955740319e+03 1.025302116645989470e+00
5.895271040416843789e+03 1.092296998591787416e+00
5.915304766877947259e+03 1.000000000000000000e+00
5.935338493339049819e+03 9.666544843585316293e-01
5.955372219800153289e+03 1.011203339833156800e+00
5.975405946261255849e+03 1.005390512265703640e+00
5.995439672722359319e+03 1.039365258616685050e+00
6.015473399183462789e+03 9.542662860243330547e-01
6.035507125644565349e+03 9.899475807229928259e-01
6.055540852105668819e+03 9.608224606409986324e-01
6.075574578566772288e+03 9.261309873163294792e-01
6.095608305027874849e+03 9.641865594284171337e-01
6.115642031488978319e+03 9.588892704550887602e-01
6.135675757950080879e+03 9.396618338326099273e-01
6.155709484411184349e+03 9.982689526983530293e-01
6.175743210872287818e+03 9.110791905884989550e-01
6.195776937333390379e+03 8.811121973610277491e-01
6.215810663794493848e+03 8.502721505012105219e-01
6.235844390255597318e+03 8.810484576582775507e-01
6.255878116716699878e+03 8.621705818681864031e-01
6.275911843177803348e+03 8.744586632649533620e-01
6.295945569638906818e+03 8.649985671823892108e-01
6.315979296100009378e+03 8.866298708639986925e-01
6.336013022561112848e+03 8.652815247979261937e-01
6.356046749022216318e+03 8.595350883351676741e-01
6.376080475483318878e+03 8.613294511152540522e-01
6.396114201944422348e+03 8.735798826044064436e-01
6.416147928405525818e+03 8.897759183554860840e-01
6.436181654866628378e+03 8.984362455554549820e-01
6.456215381327731848e+03 9.649503753006424267e-01
6.476249107788835317e+03 9.581201517789742494e-01
6.496282834249937878e+03 9.974832892741033463e-01
6.516316560711041348e+03 9.653154203203868633e-01
6.536350287172144817e+03 9.673360007143938510e-01
6.556384013633247378e+03 1.000930960250818291e+00
6.576417740094350847e+03 1.030627722592087014e+00
6.596451466555454317e+03 9.984884887793730179e-01
6.616485193016556877e+03 9.492178046094941202e-01
6.636518919477660347e+03 9.122030668448126711e-01
6.656552645938762907e+03 8.870747761103170426e-01
6.676586372399866377e+03 8.827371885848874777e-01
6.696620098860969847e+03 8.960687557310053064e-01
6.716653825322072407e+03 8.500773254863147610e-01
6.736687551783175877e+03 8.980031125337708531e-01
6.756721278244279347e+03 8.513490439150643851e-01
6.776755004705381907e+03 8.123260282613994354e-01
6.796788731166485377e+03 8.150950463963523296e-01
6.816822457627588847e+03 8.237931295600137149e-01
6.836856184088692316e+03 8.193455618819185382e-01
6.856889910549794877e+03 8.149433862051164157e-01
6.876923637010897437e+03 8.045789499472584261e-01
6.896957363472001816e+03 7.506099815313946877e-01
6.916991089933104377e+03 8.002391352441952099e-01
6.937024816394206937e+03 7.725275305669524473e-01
6.957058542855310407e+03 6.817462854389035876e-01
6.977092269316413876e+03 6.723162032263533261e-01
6.997125995777516437e+03 6.040918131707649907e-01
7.017159722238619906e+03 6.821073003276920677e-01
7.037193448699723376e+03 7.213083841359622106e-01
7.057227175160825936e+03 6.346804010701482257e-01
7.077260901621929406e+03 6.423723302238398825e-01
7.097294628083032876e+03 6.344267149320806931e-01
7.117328354544135436e+03 6.256978755058610897e-01
7.137362081005238906e+03 6.654959489759967317e-01
7.157395807466342376e+03 6.746685270316792327e-01
7.177429533927444936e+03 6.651231618625739195e-01
7.197463260388548406e+03 7.090011065891157482e-01
7.217496986849651876e+03 6.185294391521283242e-01
7.237530713310754436e+03 6.461693499207867841e-01
7.257564439771857906e+03 6.275382666237070417e-01
7.277598166232961375e+03 6.908898041292721448e-01
7.297631892694063936e+03 6.917109963395805527e-01
7.317665619155166496e+03 6.258186733784608657e-01
7.337699345616270875e+03 4.923496448288011695e-01
7.357733072077373436e+03 5.940067286217991516e-01
7.377766798538475996e+03 5.586463596145243571e-01
7.397800524999580375e+03 7.165318305045702552e-01
7.417834251460682935e+03 7.315595525027431822e-01
7.437867977921785496e+03 6.136653892565618884e-01
7.457901704382889875e+03 4.935783044899689220e-01
7.477935430843992435e+03 5.284350131838310149e-01
7.497969157305094996e+03 4.790557275902977419e-01
7.518002883766199375e+03 4.617421789475716354e-01
7.538036610227301935e+03 4.761508516196990559e-01
7.558070336688404495e+03 4.600562054789841815e-01
7.578104063149508875e+03 4.044565188110604836e-01
7.598137789610611435e+03 4.027683181648396005e-01
7.618171516071713995e+03 4.238881133832800852e-01
7.638205242532818374e+03 4.377605665261141143e-01
7.658238968993920935e+03 3.810852591172698145e-01
7.678272695455023495e+03 4.067059682209326898e-01
7.698306421916126965e+03 4.293431077442784738e-01
7.718340148377230435e+03 3.080016977456932481e-01
7.738373874838332995e+03 4.427998210621855724e-01
7.758407601299436465e+03 3.543863839268196481e-01
7.778441327760539934e+03 3.479997929785361710e-01
7.798475054221642495e+03 3.411365860166759023e-01
7.818508780682745964e+03 3.234242665214687729e-01
7.838542507143849434e+03 3.003287526299255883e-01
7.858576233604951994e+03 3.575947923920461125e-01
7.878609960066055464e+03 3.932506336320367724e-01
7.898643686527158934e+03 3.372593879249216609e-01
7.918677412988261494e+03 3.123404518879784320e-01
7.938711139449364964e+03 3.282087743586948325e-01
7.958744865910468434e+03 2.922331740441749259e-01
7.978778592371570994e+03 3.147329709467859837e-01
7.998812318832674464e+03 3.187019075458263351e-01
8.018846045293777934e+03 2.548560426616936492e-01
8.038879771754880494e+03 2.813354878272015802e-01
8.058913498215983054e+03 2.315185088006394276e-01
