2.991446731045690285e+03 1.630134632248767090e+00
3.011467513594599950e+03 9.151334892582728697e-01
3.031488296143508705e+03 1.382035458357348867e+00
3.051509078692418370e+03 1.015854084040106908e+00
3.071529861241327581e+03 1.062788202158810202e+00
3.091550643790236791e+03 8.487931405133718465e-01
3.111571426339146456e+03 1.143026044065631908e+00
3.131592208888055211e+03 1.434056258741266632e+00
3.151612991436964876e+03 1.346118951372621275e+00
3.171633773985873631e+03 1.364152549163914374e+00
3.191654556534783296e+03 1.004403839086007055e+00
3.211675339083692052e+03 9.713555458647918917e-01
3.231696121632601717e+03 8.734142681081134008e-01
3.251716904181510472e+03 9.216194098173688953e-01
3.271737686730420137e+03 8.119914344950671659e-01
3.291758469279329347e+03 8.202680023272965748e-01
3.311779251828238557e+03 8.904010364324529414e-01
3.331800034377148222e+03 9.617459809752806343e-01
3.351820816926056978e+03 9.301920428338807945e-01
3.371841599474966642e+03 9.721046302805991246e-01
3.391862382023875398e+03 1.030756500801001341e+00
3.411883164572785063e+03 1.036911896204204542e+00
3.431903947121693818e+03 1.056939722971793394e+00
3.451924729670603483e+03 1.130851413278802786e+00
3.471945512219512693e+03 1.249038310271863406e+00
3.491966294768421903e+03 1.401975478029952038e+00
3.511987077317331568e+03 1.522369220662090017e+00
3.532007859866240324e+03 1.545916096098372661e+00
3.552028642415149989e+03 1.562475860426672192e+00
3.572049424964058744e+03 1.542848205187111077e+00
3.592070207512968409e+03 1.644496722103029773e+00
3.612090990061877164e+03 1.777809571654380472e+00
3.632111772610786829e+03 1.814536796008091368e+00
3.652132555159696039e+03 1.843753903136606587e+00
3.672153337708605250e+03 1.943892582956479265e+00
3.692174120257514460e+03 2.076215559607918593e+00
3.712194902806423670e+03 1.812103349949637954e+00
3.732215685355333335e+03 1.808304898559877083e+00
3.752236467904242090e+03 1.796112878880917973e+00
3.772257250453151755e+03 1.718002247843470665e+00
3.792278033002060511e+03 1.616009948443977828e+00
3.812298815550970176e+03 1.661089039527040123e+00
3.832319598099878931e+03 1.579301906353778540e+00
3.852340380648788596e+03 1.757826579171330561e+00
3.872361163197697806e+03 1.967930524338660003e+00
3.892381945746607016e+03 2.042761692043627786e+00
3.912402728295516681e+03 2.053893534124338505e+00
3.932423510844425437e+03 2.125613633799465774e+00
3.952444293393335101e+03 2.076907483148551670e+00
3.972465075942243857e+03 1.917328757436532083e+00
3.992485858491153522e+03 1.881651109359105511e+00
4.012506641040062732e+03 1.963242606145452207e+00
4.032527423588971942e+03 2.104868640086481335e+00
4.052548206137881152e+03 2.106624327968126043e+00
4.072568988686790362e+03 2.154088466783242950e+00
4.092589771235699573e+03 2.095122688168356895e+00
4.112610553784608783e+03 2.030450992040836233e+00
4.132631336333517538e+03 1.953076324296936006e+00
4.152652118882428113e+03 2.028784609513812232e+00
4.172672901431336868e+03 2.075962489934986888e+00
4.192693683980245623e+03 1.938611762563985152e+00
4.212714466529154379e+03 1.869769229424638857e+00
4.232735249078064953e+03 1.760438635939026053e+00
4.252756031626973709e+03 1.672093870052309361e+00
4.272776814175882464e+03 1.524908952351030189e+00
4.292797596724792129e+03 1.515425604485335143e+00
4.312818379273701794e+03 1.510243578425151778e+00
4.332839161822610549e+03 1.496741625806931708e+00
4.352859944371519305e+03 1.536254818550542689e+00
4.372880726920429879e+03 1.573109190665116008e+00
4.392901509469338635e+03 1.609942269332146125e+00
4.412922292018247390e+03 1.635024406876466552e+00
4.432943074567157055e+03 1.696525785615844661e+00
4.452963857116066720e+03 1.746742091175454981e+00
4.472984639664975475e+03 1.835580760621014829e+00
4.493005422213884231e+03 1.870122228475060044e+00
4.513026204762794805e+03 1.940968661175620502e+00
4.533046987311703560e+03 1.904751004004212378e+00
4.553067769860612316e+03 1.937277539657910941e+00
4.573088552409521071e+03 1.980742142479496648e+00
4.593109334958431646e+03 2.005869273214681670e+00
4.613130117507340401e+03 1.992359783896478387e+00
4.633150900056249156e+03 1.878092969734474149e+00
4.653171682605158821e+03 1.813397755470860906e+00
4.673192465154068486e+03 1.680091511882447319e+00
4.693213247702977242e+03 1.628912869618949433e+00
4.713234030251885997e+03 1.607307057642815229e+00
4.733254812800796572e+03 1.531209633537043535e+00
4.753275595349705327e+03 1.499601349432511332e+00
4.773296377898614082e+03 1.514171788179684786e+00
4.793317160447522838e+03 1.492790170327149335e+00
4.813337942996433412e+03 1.522453804228769636e+00
4.833358725545342168e+03 1.465544455065944884e+00
4.853379508094250923e+03 1.515166995791933369e+00
4.873400290643160588e+03 1.447993932502495307e+00
4.893421073192070253e+03 1.343763959636885108e+00
4.913441855740979008e+03 1.276109500986467804e+00
4.933462638289887764e+03 1.239865238356081978e+00
4.953483420838798338e+03 1.173675896021689091e+00
4.973504203387707093e+03 1.120111933615293598e+00
4.993524985936615849e+03 1.121981897845479859e+00
5.013545768485525514e+03 1.133844027993846204e+00
5.033566551034435179e+03 1.178286858151814886e+00
5.053587333583343934e+03 1.236897503831345002e+00
5.073608116132252690e+03 1.311327319561300220e+00
5.093628898681163264e+03 1.382778640538229409e+00
5.113649681230072019e+03 1.440681426642824503e+00
5.133670463778980775e+03 1.475403366680203776e+00
5.153691246327889530e+03 1.471394477914404364e+00
5.173712028876800105e+03 1.494017653584665206e+00
5.193732811425708860e+03 1.467336782205941992e+00
5.213753593974617615e+03 1.497430462024679665e+00
5.233774376523526371e+03 1.451075353152281311e+00
5.253795159072436945e+03 1.374619073162969052e+00
5.273815941621345701e+03 1.283301919066284658e+00
5.293836724170254456e+03 1.303991431770958664e+00
5.313857506719165031e+03 1.257494760063934791e+00
5.333878289268073786e+03 1.287628302669330926e+00
5.353899071816982541e+03 1.269388943888133392e+00
5.373919854365891297e+03 1.274451063775691395e+00
5.393940636914801871e+03 1.242122797813721258e+00
5.413961419463710627e+03 1.238132796199686858e+00
5.433982202012619382e+03 1.212662473204420888e+00
5.454002984561529047e+03 1.179867340459752167e+00
5.474023767110438712e+03 1.219585613166160876e+00
5.494044549659347467e+03 1.257701656099017518e+00
5.514065332208256223e+03 1.292819182081904161e+00
5.534086114757166797e+03 1.344968129066441032e+00
5.554106897306075552e+03 1.341823622605650357e+00
5.574127679854984308e+03 1.381750425812198424e+00
5.594148462403893063e+03 1.335279860144273023e+00
5.614169244952803638e+03 1.323993561115712980e+00
5.634190027501712393e+03 1.280092147507747136e+00
5.654210810050621149e+03 1.270176120420120958e+00
5.674231592599531723e+03 1.246092050801897999e+00
5.694252375148440478e+03 1.234938370451958978e+00
5.714273157697349234e+03 1.222835247511356638e+00
5.734293940246257989e+03 1.241383338581025342e+00
5.754314722795168564e+03 1.194965348205754285e+00
5.774335505344077319e+03 1.202760793087847002e+00
5.794356287892986074e+03 1.186876199033349844e+00
5.814377070441894830e+03 1.211182646702886556e+00
5.834397852990805404e+03 1.205839989049084071e+00
5.854418635539714160e+03 1.179944114915605802e+00
5.874439418088622915e+03 1.192739797022140724e+00
5.894460200637533489e+03 1.144382877071655980e+00
5.914480983186442245e+03 1.143857214948726497e+00
5.934501765735351000e+03 1.125670749272833282e+00
5.954522548284259756e+03 1.134257184438712152e+00
5.974543330833170330e+03 1.119162990444508621e+00
5.994564113382079086e+03 1.125731678497999155e+00
6.014584895930987841e+03 1.137815596474186286e+00
6.034605678479897506e+03 1.129925488824231605e+00
6.054626461028807171e+03 1.033608460717561961e+00
6.074647243577715926e+03 9.955961609139928337e-01
6.094668026126624682e+03 9.462832151108109269e-01
6.114688808675535256e+03 8.657152112625539075e-01
6.134709591224444011e+03 7.998346466184392822e-01
6.154730373773352767e+03 8.192714780626412230e-01
6.174751156322261522e+03 8.652394003238510489e-01
6.194771938871172097e+03 8.507136823566987527e-01
6.214792721420080852e+03 9.065648061989809436e-01
6.234813503968989608e+03 9.249343319612149950e-01
6.254834286517900182e+03 9.355750172924131025e-01
6.274855069066808937e+03 9.437941064368183808e-01
6.294875851615717693e+03 9.521346454152913585e-01
6.314896634164626448e+03 9.223690844566685421e-01
6.334917416713537023e+03 8.954857210181536020e-01
6.354938199262445778e+03 9.092146826720143293e-01
6.374958981811354533e+03 9.135597718195976880e-01
6.394979764360263289e+03 9.314430896292964501e-01
6.415000546909173863e+03 8.944173256928145133e-01
6.435021329458082619e+03 7.815414866957949291e-01
6.455042112006991374e+03 7.235315523263772253e-01
6.475062894555901948e+03 7.676301005808933153e-01
6.495083677104810704e+03 8.190864202967870211e-01
6.515104459653719459e+03 8.218359537364664513e-01
6.535125242202628215e+03 9.118279198866952040e-01
6.555146024751538789e+03 1.138588244427892748e+00
6.575166807300447545e+03 9.717470002458508116e-01
6.595187589849356300e+03 8.227262377724420261e-01
6.615208372398265055e+03 8.196104933564669626e-01
6.635229154947175630e+03 7.613823125001845105e-01
6.655249937496084385e+03 7.920313472237134889e-01
6.675270720044993141e+03 7.662068901328479287e-01
6.695291502593903715e+03 7.580687978123591408e-01
6.715312285142812470e+03 7.022204434803117623e-01
6.735333067691721226e+03 6.348334922774930833e-01
6.755353850240629981e+03 6.748957744765113898e-01
6.775374632789540556e+03 6.762583735120407669e-01
6.795395415338449311e+03 6.543312075450538057e-01
6.815416197887358067e+03 6.320698388757965969e-01
6.835436980436268641e+03 6.134187311057541780e-01
6.855457762985177396e+03 6.137375425954078034e-01
6.875478545534086152e+03 6.304697429871799486e-01
6.895499328082994907e+03 6.461256481391729478e-01
6.915520110631905482e+03 6.539427496832656006e-01
6.935540893180814237e+03 6.230310655055003588e-01
6.955561675729722992e+03 6.032472280494179939e-01
6.975582458278631748e+03 6.178801850850068611e-01
6.995603240827542322e+03 6.288353687341816656e-01
7.015624023376451078e+03 6.321823899556673343e-01
7.035644805925359833e+03 6.220456646835913483e-01
7.055665588474270407e+03 5.916586437889986838e-01
7.075686371023179163e+03 5.898340359641335295e-01
7.095707153572087918e+03 5.734340859969248028e-01
7.115727936120996674e+03 4.350867163165695328e-01
7.135748718669907248e+03 1.953050672275908339e-01
7.155769501218816004e+03 3.023762942636405437e-01
7.175790283767724759e+03 4.427102971979593460e-01
7.195811066316634424e+03 4.971100614717767208e-01
7.215831848865544089e+03 5.410818024789839642e-01
7.235852631414452844e+03 5.405914175601930216e-01
7.255873413963361600e+03 5.283234860597155746e-01
7.275894196512271265e+03 5.098506257844580558e-01
7.295914979061180929e+03 4.586599702027939207e-01
7.315935761610089685e+03 5.680433932311806933e-01
7.335956544158999350e+03 5.561629661545418601e-01
7.355977326707909015e+03 4.848466020493013007e-01
7.375998109256817770e+03 4.889970763506299445e-01
7.396018891805726525e+03 4.824701579596972212e-01
7.416039674354636190e+03 4.184956292815322221e-01
7.436060456903545855e+03 4.341316030401957682e-01
7.456081239452454611e+03 4.383346163127330164e-01
7.476102022001363366e+03 4.598680033261363653e-01
7.496122804550273031e+03 4.466063352319612489e-01
7.516143587099182696e+03 4.273078249333557843e-01
7.536164369648091451e+03 4.855328458238622469e-01
7.556185152197001116e+03 4.714762465690421345e-01
7.576205934745910781e+03 4.252214575296740517e-01
7.596226717294819537e+03 4.395436119543865705e-01
7.616247499843728292e+03 5.014907002343412801e-01
7.636268282392637957e+03 4.347281146831487031e-01
7.656289064941547622e+03 4.155924107247240262e-01
7.676309847490456377e+03 4.284328363121836514e-01
7.696330630039365133e+03 4.215953241586874456e-01
7.716351412588275707e+03 3.848046507795149784e-01
7.736372195137184463e+03 4.069239390335453455e-01
7.756392977686093218e+03 3.740193606926136005e-01
7.776413760235002883e+03 4.352771360358456132e-01
7.796434542783912548e+03 4.324284223484947121e-01
7.816455325332821303e+03 4.389542056942492554e-01
7.836476107881730059e+03 4.257286592778251610e-01
7.856496890430639723e+03 4.420529879950811369e-01
7.876517672979549388e+03 4.552357159672025810e-01
7.896538455528458144e+03 4.175042127201789022e-01
7.916559238077366899e+03 3.591391454154049256e-01
7.936580020626277474e+03 4.152876510943764865e-01
7.956600803175186229e+03 3.800114911973840881e-01
7.976621585724094984e+03 4.386765100811307327e-01
7.996642368273004649e+03 4.465610287686280211e-01
8.016663150821914314e+03 4.190064223126273024e-01
8.036683933370823070e+03 4.301588314119666467e-01
8.056704715919731825e+03 3.930841969702919547e-01
8.076725498468641490e+03 4.175431220688876621e-01
8.096746281017551155e+03 4.220525589480037532e-01
8.116767063566459910e+03 4.160064797459133157e-01
8.136787846115369575e+03 4.131892703725286164e-01
8.156808628664279240e+03 3.688829180467869673e-01
8.176829411213187996e+03 3.494233402972138358e-01
8.196850193762096751e+03 3.754910148688647697e-01
8.216870976311007325e+03 4.480412411855227983e-01
8.236891758859916081e+03 3.278296506035828783e-01
8.256912541408824836e+03 3.915493162374341640e-01
8.276933323957733592e+03 4.602669217642869626e-01
8.296954106506644166e+03 3.287030224664032052e-01
8.316974889055552921e+03 3.483214838400212621e-01
8.336995671604461677e+03 3.423297165497077854e-01
8.357016454153372251e+03 4.075436918615671922e-01
8.377037236702281007e+03 2.924798035736215773e-01
8.397058019251189762e+03 2.940533848068754286e-01
8.417078801800098518e+03 4.111499846428386395e-01
8.437099584349007273e+03 3.416277138078926967e-01
8.457120366897917847e+03 2.753488845116501826e-01
8.477141149446826603e+03 3.217259042961686522e-01
8.497161931995735358e+03 2.624400611017520535e-01
8.517182714544645933e+03 3.018045493064759888e-01
8.537203497093554688e+03 3.407952035714876815e-01
8.557224279642463443e+03 3.056867624902073755e-01
8.577245062191372199e+03 3.125031174015818758e-01
8.597265844740282773e+03 3.157655732171107399e-01
8.617286627289191529e+03 3.187369671275025462e-01
8.637307409838100284e+03 2.765692669265314430e-01
8.657328192387010859e+03 3.443157732007206540e-01
8.677348974935919614e+03 2.800913302752189304e-01
8.697369757484828369e+03 3.921860311805990262e-01
8.717390540033737125e+03 3.127271253777713644e-01
8.737411322582647699e+03 0.000000000000000000e+00
