3.591485368998353351e+03 1.608687128937530852e+00
3.611508422764795341e+03 1.457788288443420122e+00
3.631531476531237331e+03 1.502656032496108018e+00
3.651554530297679321e+03 1.677104505490007780e+00
3.671577584064121311e+03 1.797829975203903752e+00
3.691600637830563301e+03 1.825100674152921432e+00
3.711623691597005291e+03 1.777472029011555765e+00
3.731646745363447280e+03 1.687088376584929827e+00
3.751669799129888816e+03 1.641703090267726317e+00
3.771692852896330805e+03 1.595108962085934223e+00
3.791715906662772795e+03 1.555192329120393513e+00
3.811738960429214785e+03 1.550004095621750677e+00
3.831762014195656775e+03 1.299570356001253257e+00
3.851785067962098765e+03 1.539817136012486598e+00
3.871808121728540755e+03 1.856770806675727359e+00
3.891831175494982745e+03 1.932605464692527475e+00
3.911854229261424734e+03 1.932928736039640771e+00
3.931877283027866724e+03 2.080427470613128271e+00
3.951900336794308714e+03 1.988477569725958238e+00
3.971923390560750704e+03 1.809070323457225626e+00
3.991946444327192694e+03 1.730396764091923334e+00
4.011969498093634684e+03 1.736196594222438438e+00
4.031992551860076674e+03 1.759034778406389776e+00
4.052015605626518209e+03 1.945067627826624790e+00
4.072038659392960199e+03 2.052300187729679148e+00
4.092061713159402188e+03 1.963041660672558475e+00
4.112084766925843724e+03 1.855959303972546159e+00
4.132107820692286623e+03 1.854261886156147732e+00
4.152130874458727703e+03 1.756234390699693115e+00
4.172153928225170603e+03 1.942388294577224395e+00
4.192176981991611683e+03 1.852368332551269425e+00
4.212200035758054582e+03 1.794642342964020587e+00
4.232223089524495663e+03 1.786011273672688526e+00
4.252246143290938562e+03 1.588798278902374683e+00
4.272269197057379643e+03 1.571291031395124715e+00
4.292292250823822542e+03 1.488680364320402516e+00
4.312315304590263622e+03 1.449165692153285168e+00
4.332338358356706522e+03 1.530015637146683094e+00
4.352361412123147602e+03 1.423622715175665743e+00
4.372384465889590501e+03 1.467008819157755495e+00
4.392407519656031582e+03 1.446563163213780090e+00
4.412430573422474481e+03 1.543277140781286194e+00
4.432453627188915561e+03 1.578623096359368150e+00
4.452476680955358461e+03 1.627845030591892117e+00
4.472499734721799541e+03 1.706682252664530663e+00
4.492522788488241531e+03 1.769945287723154070e+00
4.512545842254683521e+03 1.871593937133857910e+00
4.532568896021125511e+03 1.965949359547528585e+00
4.552591949787567501e+03 1.956023137293287917e+00
4.572615003554009490e+03 2.030300141472768161e+00
4.592638057320451480e+03 2.070109463270036088e+00
4.612661111086892561e+03 1.996450136823766375e+00
4.632684164853335460e+03 1.908967575141989892e+00
4.652707218619776540e+03 1.839586668352888532e+00
4.672730272386219440e+03 1.719909742672318220e+00
4.692753326152660520e+03 1.611575530450922056e+00
4.712776379919103420e+03 1.565449890316188419e+00
4.732799433685544500e+03 1.474953696974138806e+00
4.752822487451987399e+03 1.420749070468187103e+00
4.772845541218428480e+03 1.447868877022677969e+00
4.792868594984871379e+03 1.443727849715066958e+00
4.812891648751312459e+03 1.427519484912878500e+00
4.832914702517755359e+03 1.398354279653106991e+00
4.852937756284196439e+03 1.478806520619017739e+00
4.872960810050639338e+03 1.416947206452518371e+00
4.892983863817080419e+03 1.401199262102947207e+00
4.913006917583523318e+03 1.327600665588703377e+00
4.933029971349964399e+03 1.307524558173021267e+00
4.953053025116407298e+03 1.243897792173050521e+00
4.973076078882848378e+03 1.171607362178577638e+00
4.993099132649291278e+03 1.118616564040310957e+00
5.013122186415732358e+03 1.182900575472862759e+00
5.033145240182175257e+03 1.159419132389407192e+00
5.053168293948616338e+03 1.208665999137415792e+00
5.073191347715059237e+03 1.316264519718974180e+00
5.093214401481500317e+03 1.430794076901891199e+00
5.113237455247942307e+03 1.464322431830803017e+00
5.133260509014384297e+03 1.462189181481529987e+00
5.153283562780826287e+03 1.463274414826259973e+00
5.173306616547268277e+03 1.514367868806481665e+00
5.193329670313710267e+03 1.584834657591122742e+00
5.213352724080152257e+03 1.542816031137184574e+00
5.233375777846594247e+03 1.504128104967268342e+00
5.253398831613036236e+03 1.481866774056213254e+00
5.273421885379478226e+03 1.457508436159858256e+00
5.293444939145920216e+03 1.382128522901093115e+00
5.313467992912361296e+03 1.384635639360609405e+00
5.333491046678804196e+03 1.351208392876605879e+00
5.353514100445245276e+03 1.399175228333699339e+00
5.373537154211688176e+03 1.362915607549962882e+00
5.393560207978129256e+03 1.378602740886156974e+00
5.413583261744572155e+03 1.344466073120094807e+00
5.433606315511013236e+03 1.323557219687224729e+00
5.453629369277456135e+03 1.323876558588806596e+00
5.473652423043897215e+03 1.355533191066643051e+00
5.493675476810340115e+03 1.326343012750710981e+00
5.513698530576781195e+03 1.355875597612632433e+00
5.533721584343224094e+03 1.379558041365637422e+00
5.553744638109665175e+03 1.434824752490560407e+00
5.573767691876108074e+03 1.389889873079104055e+00
5.593790745642549155e+03 1.393108964883240874e+00
5.613813799408992054e+03 1.331664584531352391e+00
5.633836853175433134e+03 1.370642254909673285e+00
5.653859906941876034e+03 1.312618534600929143e+00
5.673882960708317114e+03 1.273202051950078184e+00
5.693906014474759104e+03 1.276414495083419309e+00
5.713929068241201094e+03 1.295407882676257616e+00
5.733952122007643084e+03 1.318717392754558126e+00
5.753975175774085073e+03 1.242806112860902923e+00
5.773998229540527063e+03 1.292978077285081628e+00
5.794021283306969053e+03 1.314774406647178706e+00
5.814044337073411043e+03 1.290232946519206614e+00
5.834067390839853033e+03 1.277261835743817464e+00
5.854090444606295023e+03 1.319661422926226235e+00
5.874113498372737013e+03 1.233204378174043159e+00
5.894136552139179003e+03 1.218808789680630333e+00
5.914159605905620992e+03 1.192258782321484079e+00
5.934182659672062982e+03 1.192333174461182255e+00
5.954205713438504972e+03 1.223383926542403799e+00
5.974228767204946962e+03 1.220572309068569838e+00
5.994251820971388952e+03 1.185079839488924813e+00
6.014274874737830032e+03 1.185253272499076527e+00
6.034297928504272932e+03 1.188090572490893226e+00
6.054320982270714012e+03 1.145850979084680255e+00
6.074344036037156911e+03 1.077185169272219190e+00
6.094367089803597992e+03 1.090615362657930687e+00
6.114390143570040891e+03 9.448124445441564712e-01
6.134413197336481971e+03 8.683610006890088995e-01
6.154436251102924871e+03 8.462567243551695206e-01
6.174459304869365951e+03 8.723352436572642254e-01
6.194482358635808851e+03 8.931138398994801220e-01
6.214505412402249931e+03 9.591734518412955435e-01
6.234528466168692830e+03 9.548012210608241013e-01
6.254551519935133911e+03 9.821774473883888579e-01
6.274574573701576810e+03 9.742767589083926039e-01
6.294597627468017890e+03 9.725079489622892037e-01
6.314620681234459880e+03 9.668574098696151031e-01
6.334643735000901870e+03 9.825638811080633639e-01
6.354666788767343860e+03 9.667627879328001272e-01
6.374689842533785850e+03 1.014524122705354525e+00
6.394712896300227840e+03 9.854758772946451417e-01
6.414735950066669830e+03 9.827033815727507227e-01
6.434759003833111819e+03 9.231363182851681781e-01
6.454782057599553809e+03 7.985949169411760140e-01
6.474805111365995799e+03 8.378859667417675183e-01
6.494828165132437789e+03 8.997353079020727895e-01
6.514851218898879779e+03 9.399161039097243542e-01
6.534874272665321769e+03 9.084966343840588099e-01
6.554897326431763759e+03 1.160820623544374319e+00
6.574920380198205748e+03 1.118307360307625453e+00
6.594943433964647738e+03 9.512392767632664725e-01
6.614966487731089728e+03 8.804833113396787203e-01
6.634989541497530809e+03 8.727649748184633793e-01
6.655012595263973708e+03 8.287085307655787103e-01
6.675035649030414788e+03 8.468386452125139519e-01
6.695058702796857688e+03 8.603587983573485198e-01
6.715081756563298768e+03 8.051779118426386495e-01
6.735104810329741667e+03 7.241307364625205745e-01
6.755127864096182748e+03 7.115861946756348866e-01
6.775150917862625647e+03 7.402333711827836504e-01
6.795173971629066727e+03 6.374708261697114020e-01
6.815197025395509627e+03 6.690858233737223548e-01
6.835220079161950707e+03 7.075296946766179707e-01
6.855243132928393607e+03 7.405134261697235987e-01
6.875266186694834687e+03 7.085907252380237997e-01
6.895289240461277586e+03 6.635303318949569151e-01
6.915312294227718667e+03 7.024958400706023953e-01
6.935335347994161566e+03 7.080778451512002025e-01
6.955358401760602646e+03 6.893826747679637768e-01
6.975381455527044636e+03 6.910226261767209444e-01
6.995404509293486626e+03 6.636522782471159232e-01
7.015427563059928616e+03 6.633760340836809544e-01
7.035450616826370606e+03 6.750658973478878000e-01
7.055473670592812596e+03 7.069008682576218838e-01
7.075496724359254586e+03 6.621509759488589664e-01
7.095519778125696575e+03 6.365505933746116174e-01
7.115542831892138565e+03 6.141114713307793682e-01
7.135565885658580555e+03 1.998367467534874486e-01
7.155588939425022545e+03 3.264057494461788389e-01
7.175611993191464535e+03 4.406417110565104545e-01
7.195635046957906525e+03 5.269774175666679383e-01
7.215658100724348515e+03 6.097803285250131822e-01
7.235681154490790504e+03 6.244429989891790989e-01
7.255704208257232494e+03 6.190555891513881415e-01
7.275727262023674484e+03 6.067960888545391729e-01
7.295750315790115565e+03 6.041815396047229836e-01
7.315773369556558464e+03 6.031676983896978594e-01
7.335796423322999544e+03 5.416573988993085287e-01
7.355819477089442444e+03 5.947475216927580188e-01
7.375842530855883524e+03 5.715615795936399568e-01
7.395865584622326423e+03 5.783268859132076889e-01
7.415888638388767504e+03 5.652582342723614373e-01
7.435911692155210403e+03 5.244375037006034912e-01
7.455934745921651484e+03 5.251505331027892520e-01
7.475957799688094383e+03 4.868266216589491324e-01
7.495980853454535463e+03 5.126883294280161207e-01
7.516003907220978363e+03 4.846507630596363358e-01
7.536026960987419443e+03 4.887227090560510856e-01
7.556050014753862342e+03 5.360981371377135929e-01
7.576073068520303423e+03 5.206279369565737225e-01
7.596096122286745413e+03 5.116305421206571724e-01
7.616119176053187402e+03 5.003990317346123096e-01
7.636142229819629392e+03 4.393075822880949666e-01
7.656165283586071382e+03 4.031264441982228552e-01
7.676188337352514282e+03 4.640584917624083205e-01
7.696211391118955362e+03 4.509935698637157486e-01
7.716234444885398261e+03 4.489659279743410947e-01
7.736257498651839342e+03 4.688377509257513065e-01
7.756280552418281331e+03 5.168560325001622102e-01
7.776303606184723321e+03 4.573475504887999366e-01
7.796326659951164402e+03 4.547097308911982050e-01
7.816349713717607301e+03 4.792071233048092460e-01
7.836372767484048381e+03 4.517537886122822699e-01
7.856395821250491281e+03 5.182307668092434039e-01
7.876418875016932361e+03 4.322486560715367299e-01
7.896441928783375261e+03 3.762402127461140222e-01
7.916464982549816341e+03 4.963276533076559360e-01
7.936488036316259240e+03 4.256346151207111017e-01
7.956511090082700321e+03 5.615983842432663575e-01
7.976534143849143220e+03 4.503872840603448391e-01
7.996557197615584300e+03 4.991713789965529502e-01
8.016580251382027200e+03 5.399761365421305026e-01
8.036603305148468280e+03 4.772930763884232763e-01
8.056626358914911179e+03 5.381400493448940114e-01
8.076649412681352260e+03 5.103379837609863801e-01
8.096672466447795159e+03 3.882200229221033361e-01
8.116695520214236240e+03 3.118894551452796038e-01
8.136718573980679139e+03 4.547554202325821970e-01
8.156741627747120219e+03 4.714678677949920016e-01
8.176764681513563119e+03 3.915712367879711220e-01
8.196787735280004199e+03 4.708935888549952709e-01
8.216810789046447098e+03 3.312882008451554783e-01
8.236833842812888179e+03 3.440338689776851755e-01
8.256856896579331078e+03 4.256212691303085660e-01
8.276879950345772158e+03 3.161825262026041194e-01
8.296903004112215058e+03 2.146443095921934385e-01
8.316926057878656138e+03 4.294751062920769691e-01
8.336949111645099038e+03 4.553700979557991912e-01
8.356972165411540118e+03 4.247534959694155843e-01
8.376995219177981198e+03 2.925859476004875614e-01
8.397018272944424098e+03 3.838915355305878574e-01
8.417041326710865178e+03 2.931166453142306505e-01
8.437064380477308077e+03 3.534402178785635562e-01
8.457087434243749158e+03 2.896026403655519443e-01
8.477110488010192057e+03 3.797177716274419690e-01
8.497133541776633137e+03 3.225198243396850684e-01
8.517156595543076037e+03 3.208658499112432283e-01
8.537179649309517117e+03 3.234487531096978397e-01
8.557202703075960017e+03 2.701424268933544370e-01
8.577225756842401097e+03 2.545212126956611920e-01
8.597248810608843996e+03 2.815327756463404385e-01
8.617271864375285077e+03 4.098007569714404164e-01
8.637294918141727976e+03 4.458791203946374515e-01
8.657317971908169056e+03 2.960239185121068539e-01
8.677341025674611956e+03 4.620209174075154412e-01
8.697364079441053036e+03 3.499362305308219012e-01
8.717387133207495935e+03 3.264596685447066493e-01
8.737410186973937016e+03 1.745319381367939071e-01
