MJD,Mag,Mag_err,band,Instr,source
51221.31,15.828,0.032,Bessell_B,,14
51222.17,15.642,0.018,Bessell_B,,14
51222.17,15.717,0.105,Bessell_I,,14
51222.17,15.689,0.04,Bessell_R,,14
51222.17,15.68,0.028,Bessell_V,,14
51222.25,15.656,0.03600,Bessell_B,,5;11
51222.4,15.603,0.013,Bessell_B,,18;28
51222.4,15.704,0.013,Bessell_I,,18;28
51222.4,15.573,0.011,Bessell_R,,18;28
51222.4,14.986,0.036,Bessell_U,,18;28
51222.4,15.633,0.008,Bessell_V,,18;28
51223.17,15.462,0.02,Bessell_B,,14
51223.17,15.514,0.083,Bessell_I,,14
51223.17,15.486,0.036,Bessell_R,,14
51223.34,15.417,0.012,Bessell_B,,18;28
51223.34,15.534,0.011,Bessell_I,,18;28
51223.34,15.439,0.009,Bessell_R,,18;28
51223.34,14.818,0.037,Bessell_U,,18;28
51223.34,15.466,0.007,Bessell_V,,18;28
51224.29,15.276,0.022,Bessell_B,,18;28
51224.29,15.415,0.020,Bessell_I,,18;28
51224.29,15.346,0.012,Bessell_R,,18;28
51224.29,14.693,0.043,Bessell_U,,18;28
51224.29,15.351,0.009,Bessell_V,,18;28
51225.15,15.211,0.017,Bessell_B,,14
51225.15,15.312,0.025,Bessell_I,,14
51225.15,15.276,0.03,Bessell_R,,14
51225.15,15.26,0.028,Bessell_V,,14
51226.26,15.088,0.021,Bessell_B,,18;28
51226.26,15.282,0.020,Bessell_I,,18;28
51226.26,15.145,0.019,Bessell_R,,18;28
51226.26,14.477,0.041,Bessell_U,,18;28
51226.26,15.147,0.016,Bessell_V,,18;28
51227.23,15.006,0.016,Bessell_B,,14
51227.23,15.08,0.018,Bessell_R,,14
51227.23,15.06,0.024,Bessell_V,,14
51227.25,14.997,0.01100,Bessell_B,,5;11
51227.25,14.975,0.10500,Bessell_V,,5;11
51227.3,14.96,0.013,Bessell_B,,18;28
51227.3,15.064,0.012,Bessell_R,,18;28
51227.3,14.422,0.036,Bessell_U,,18;28
51227.3,15.079,0.009,Bessell_V,,18;28
51228.37,14.976,0.02000,Bessell_B,,5;11
51228.37,15.118,0.04900,Bessell_I,,5;11
51228.37,14.947,0.02100,Bessell_R,,5;11
51228.37,14.928,0.05300,Bessell_V,,5;11
51229.12,14.924,0.017,Bessell_B,,14
51229.12,15.092,0.03,Bessell_R,,14
51229.12,14.965,0.026,Bessell_V,,14
51229.26,14.929,0.01000,Bessell_B,,5;11
51229.26,15.161,0.02000,Bessell_I,,5;11
51229.26,14.924,0.01000,Bessell_R,,5;11
51229.26,14.95,0.01100,Bessell_V,,5;11
51230.14,14.933,0.014,Bessell_B,,18;28
51230.14,15.238,0.010,Bessell_I,,18;28
51230.14,14.994,0.007,Bessell_V,,18;28
51232.11,14.908,0.017,Bessell_B,,14
51232.11,15.253,0.025,Bessell_I,,14
51232.11,15.062,0.03,Bessell_R,,14
51232.11,14.913,0.028,Bessell_V,,14
51232.19,14.876,0.015,Bessell_B,,18;28
51232.19,15.214,0.010,Bessell_I,,18;28
51232.19,14.89,0.008,Bessell_R,,18;28
51232.19,14.442,0.038,Bessell_U,,18;28
51232.19,14.911,0.007,Bessell_V,,18;28
51232.23,14.948,0.01000,Bessell_B,,5;11
51232.23,15.173,0.03400,Bessell_I,,5;11
51232.23,14.844,0.01400,Bessell_R,,5;11
51232.23,14.935,0.01100,Bessell_V,,5;11
51233.12,14.895,0.012,Bessell_B,,18;28
51233.12,15.29,0.023,Bessell_I,,18;28
51233.12,14.888,0.011,Bessell_R,,18;28
51233.12,14.486,0.036,Bessell_U,,18;28
51233.12,14.909,0.008,Bessell_V,,18;28
51233.23,14.943,0.01000,Bessell_B,,5;11
51233.23,15.247,0.01900,Bessell_I,,5;11
51233.23,14.838,0.01000,Bessell_R,,5;11
51233.23,14.92,0.01000,Bessell_V,,5;11
51234.14,14.899,0.037,Bessell_B,,18;28
51234.14,15.277,0.038,Bessell_I,,18;28
51234.14,14.882,0.035,Bessell_R,,18;28
51234.14,14.526,0.055,Bessell_U,,18;28
51234.14,14.905,0.029,Bessell_V,,18;28
51235.1,14.919,0.021,Bessell_B,,14
51235.1,15.307,0.029,Bessell_I,,14
51235.1,15.037,0.031,Bessell_R,,14
51235.1,14.898,0.032,Bessell_V,,14
51239.3,16.28,0.10857362047581294,J,,25
51239.3,15.78,0.10857362047581294,K,,25
51241.1,15.183,0.013,Bessell_B,,14
51241.1,15.575,0.024,Bessell_I,,14
51241.1,15.266,0.03,Bessell_R,,14
51241.1,15.062,0.027,Bessell_V,,14
51242.22,15.266,0.01000,Bessell_B,,5;11
51242.22,15.608,0.03000,Bessell_I,,5;11
51242.22,15.106,0.01000,Bessell_R,,5;11
51242.22,15.104,0.01000,Bessell_V,,5;11
51243.38,15.724,0.039,Bessell_I,,14
51243.38,15.236,0.051,Bessell_R,,14
51244.14,15.406,0.018,Bessell_B,,14
51244.14,15.792,0.025,Bessell_I,,14
51244.14,15.481,0.031,Bessell_R,,14
51244.14,15.222,0.027,Bessell_V,,14
51244.21,15.412,0.01300,Bessell_B,,5;11
51244.21,15.746,0.03500,Bessell_I,,5;11
51244.21,15.25,0.01100,Bessell_R,,5;11
51244.21,15.226,0.01000,Bessell_V,,5;11
51244.3,17.1,0.10857362047581294,J,,25
51245.18,15.507,0.01000,Bessell_B,,5;11
51245.18,15.804,0.02800,Bessell_I,,5;11
51245.18,15.322,0.01000,Bessell_R,,5;11
51245.18,15.262,0.01000,Bessell_V,,5;11
51246.25,15.629,0.012,Bessell_B,,18;28
51246.25,15.682,0.010,Bessell_I,,18;28
51246.25,15.448,0.010,Bessell_R,,18;28
51246.25,15.531,0.036,Bessell_U,,18;28
51246.25,15.371,0.007,Bessell_V,,18;28
51247.08,15.667,0.016,Bessell_B,,14
51247.08,15.932,0.024,Bessell_I,,14
51247.08,15.619,0.03,Bessell_R,,14
51247.08,15.379,0.026,Bessell_V,,14
51247.22,15.7,0.01200,Bessell_B,,5;11
51247.22,15.864,0.04000,Bessell_I,,5;11
51247.22,15.454,0.01600,Bessell_R,,5;11
51247.22,15.404,0.01000,Bessell_V,,5;11
51247.25,15.713,0.023,Bessell_B,,14
51247.25,15.888,0.028,Bessell_I,,14
51247.25,15.492,0.032,Bessell_R,,14
51247.25,15.426,0.042,Bessell_V,,14
51248.13,15.806,0.012,Bessell_B,,18;28
51248.13,15.779,0.012,Bessell_I,,18;28
51248.13,15.531,0.009,Bessell_R,,18;28
51248.13,15.826,0.036,Bessell_U,,18;28
51248.13,15.454,0.007,Bessell_V,,18;28
51249.21,15.928,0.01200,Bessell_B,,5;11
51249.21,15.902,0.03300,Bessell_I,,5;11
51249.21,15.536,0.01500,Bessell_R,,5;11
51249.21,15.529,0.01200,Bessell_V,,5;11
51250.24,16.058,0.013,Bessell_B,,18;28
51250.24,15.837,0.011,Bessell_I,,18;28
51250.24,15.572,0.010,Bessell_R,,18;28
51250.24,16.199,0.037,Bessell_U,,18;28
51250.24,15.554,0.008,Bessell_V,,18;28
51251.17,16.137,0.12500,Bessell_B,,5;11
51251.17,15.59,0.07500,Bessell_V,,5;11
51252.09,16.222,0.016,Bessell_B,,14
51252.09,15.929,0.024,Bessell_I,,14
51252.09,15.715,0.03,Bessell_R,,14
51252.09,15.67,0.026,Bessell_V,,14
51252.19,16.302,0.016,Bessell_B,,18;28
51252.19,15.772,0.012,Bessell_I,,18;28
51252.19,15.646,0.011,Bessell_R,,18;28
51252.19,16.506,0.038,Bessell_U,,18;28
51252.19,15.688,0.008,Bessell_V,,18;28
51252.2,17.0,0.10857362047581294,J,,25
51252.2,15.9,0.10857362047581294,K,,25
51253.23,16.354,0.01800,Bessell_B,,5;11
51253.23,15.795,0.03400,Bessell_I,,5;11
51253.23,15.623,0.01200,Bessell_R,,5;11
51253.23,15.723,0.01100,Bessell_V,,5;11
51254.17,16.51,0.06,Bessell_B,,22
51254.17,15.86,0.04,Bessell_I,,22
51254.17,15.66,0.03,Bessell_R,,22
51254.17,16.86,0.07,Bessell_U,,22
51254.17,15.76,0.02,Bessell_V,,22
51255.04,16.534,0.017,Bessell_B,,14
51255.04,15.851,0.024,Bessell_I,,14
51255.04,15.706,0.03,Bessell_R,,14
51255.04,15.811,0.026,Bessell_V,,14
51255.07,16.61,0.06,Bessell_B,,22
51255.07,15.84,0.04,Bessell_I,,22
51255.07,15.67,0.03,Bessell_R,,22
51255.07,16.91,0.07,Bessell_U,,22
51255.07,15.8,0.03,Bessell_V,,22
51258.07,16.964,0.017,Bessell_B,,14
51258.07,15.762,0.017,Bessell_I,,14
51258.07,15.718,0.03,Bessell_R,,14
51258.07,15.94,0.026,Bessell_V,,14
51258.22,16.914,0.040,Bessell_B,,18;28
51258.22,15.63,0.039,Bessell_I,,18;28
51258.22,15.71,0.037,Bessell_R,,18;28
51258.22,17.236,0.055,Bessell_U,,18;28
51259.1,16.902,0.017,Bessell_B,,14
51259.1,15.784,0.024,Bessell_I,,14
51259.1,16.87,0.10857362047581294,J,,25
51259.1,15.96,0.10857362047581294,K,,25
51259.1,15.724,0.03,Bessell_R,,14
51259.1,15.99,0.026,Bessell_V,,14
51259.21,16.882,0.02000,Bessell_B,,5;11
51259.21,15.679,0.03300,Bessell_I,,5;11
51259.21,15.696,0.01000,Bessell_R,,5;11
51259.21,16.0,0.01200,Bessell_V,,5;11
51261.12,17.13,0.015,Bessell_B,,18;28
51261.12,15.609,0.017,Bessell_I,,18;28
51261.12,15.729,0.013,Bessell_R,,18;28
51261.12,17.409,0.040,Bessell_U,,18;28
51261.12,16.051,0.010,Bessell_V,,18;28
51265.02,17.362,0.019,Bessell_B,,14
51265.02,15.728,0.024,Bessell_I,,14
51265.02,15.823,0.03,Bessell_R,,14
51265.02,16.278,0.027,Bessell_V,,14
51273.17,17.733,0.03400,Bessell_B,,5;11
51273.17,16.133,0.04000,Bessell_I,,5;11
51273.17,16.376,0.01600,Bessell_R,,5;11
51273.17,16.737,0.01400,Bessell_V,,5;11
51274.07,17.91,0.018,Bessell_B,,14
51274.07,16.739,0.026,Bessell_V,,14
51275.15,18.025,0.043,Bessell_B,,18;28
51275.15,16.235,0.041,Bessell_I,,18;28
51275.15,18.123,0.060,Bessell_U,,18;28
51278.18,17.815,0.03400,Bessell_B,,5;11
51278.18,16.421,0.05400,Bessell_I,,5;11
51278.18,16.585,0.01400,Bessell_R,,5;11
51278.18,16.924,0.01500,Bessell_V,,5;11
51279.14,17.973,0.018,Bessell_B,,18;28
51279.14,16.432,0.024,Bessell_I,,18;28
51279.14,16.622,0.013,Bessell_R,,18;28
51279.14,18.184,0.042,Bessell_U,,18;28
51279.14,16.982,0.010,Bessell_V,,18;28
51280.96,17.98,0.05,Bessell_B,EFOSC2,22
51280.96,16.73,0.05,Bessell_I,EFOSC2,22
51280.96,16.8,0.04,Bessell_R,EFOSC2,22
51280.96,18.27,0.05,Bessell_U,EFOSC2,22
51280.96,17.1,0.04,Bessell_V,EFOSC2,22
51281.14,17.983,0.017,Bessell_B,,18;28
51281.14,16.517,0.019,Bessell_I,,18;28
51281.14,16.7,0.013,Bessell_R,,18;28
51281.14,17.033,0.010,Bessell_V,,18;28
51281.18,17.976,0.036,Bessell_B,,14
51281.18,16.746,0.034,Bessell_R,,14
51281.18,17.025,0.041,Bessell_V,,14
51284.17,18.032,0.024,Bessell_B,,18;28
51284.17,16.684,0.067,Bessell_I,,18;28
51284.17,16.787,0.017,Bessell_R,,18;28
51284.17,18.123,0.058,Bessell_U,,18;28
51284.17,17.123,0.011,Bessell_V,,18;28
51284.2,17.986,0.032,Bessell_B,,14
51284.2,16.932,0.044,Bessell_R,,14
51284.2,17.14,0.039,Bessell_V,,14
51285.11,18.009,0.023,Bessell_B,,18;28
51285.11,16.722,0.025,Bessell_I,,18;28
51285.11,16.825,0.017,Bessell_R,,18;28
51285.11,18.271,0.054,Bessell_U,,18;28
51285.11,17.124,0.014,Bessell_V,,18;28
51286.17,17.956,0.04500,Bessell_B,,5;11
51286.17,16.702,0.05000,Bessell_I,,5;11
51286.17,16.848,0.01400,Bessell_R,,5;11
51286.17,17.187,0.02800,Bessell_V,,5;11
51287.9,16.804,0.032,Bessell_I,,14
51289.17,18.082,0.069,Bessell_B,,14
51289.17,17.049,0.04,Bessell_R,,14
51289.17,17.262,0.047,Bessell_V,,14
51291.12,18.218,0.065,Bessell_B,,18;28
51291.12,16.933,0.143,Bessell_I,,18;28
51291.12,16.934,0.045,Bessell_R,,18;28
51291.12,18.21,0.107,Bessell_U,,18;28
51291.12,17.192,0.029,Bessell_V,,18;28
51293.18,18.079,0.07500,Bessell_B,,5;11
51293.18,16.97,0.06100,Bessell_I,,5;11
51293.18,17.045,0.03400,Bessell_R,,5;11
51293.18,17.35,0.03600,Bessell_V,,5;11
51293.21,18.182,0.042,Bessell_B,,14
51293.21,17.157,0.039,Bessell_I,,14
51293.21,17.091,0.041,Bessell_R,,14
51293.21,17.319,0.069,Bessell_V,,14
51294.2,18.301,0.084,Bessell_B,,14
51294.2,17.38,0.105,Bessell_V,,14
51303.19,18.341,0.032,Bessell_B,,14
51303.19,17.52,0.032,Bessell_I,,14
51303.19,17.44,0.036,Bessell_R,,14
51304.19,18.205,0.04000,Bessell_B,,5;11
51304.19,17.385,0.09900,Bessell_I,,5;11
51304.19,17.409,0.03700,Bessell_R,,5;11
51304.19,17.576,0.02300,Bessell_V,,5;11
51304.21,18.263,0.025,Bessell_B,,14
51304.21,17.529,0.031,Bessell_I,,14
51304.21,17.463,0.035,Bessell_R,,14
51304.21,17.68,0.041,Bessell_V,,14
51306.16,18.311,0.020,Bessell_B,,18;28
51306.16,17.554,0.032,Bessell_I,,18;28
51306.16,17.489,0.017,Bessell_R,,18;28
51306.16,18.529,0.049,Bessell_U,,18;28
51306.16,17.654,0.011,Bessell_V,,18;28
51308.2,18.298,0.046,Bessell_B,,14
51312.15,18.399,0.046,Bessell_B,,18;28
51312.15,17.804,0.046,Bessell_I,,18;28
51312.15,17.655,0.041,Bessell_R,,18;28
51312.15,18.65,0.090,Bessell_U,,18;28
51312.15,17.826,0.033,Bessell_V,,18;28
