3.314727259427720128e+03 4.074486150004692497e-01
3.344855178956560849e+03 4.216292815376321279e-01
3.374983098485402479e+03 4.331487540351711685e-01
3.405111018014243200e+03 4.289160531605840099e-01
3.435238937543084830e+03 4.666109363779823438e-01
3.465366857071925551e+03 4.577144615733839683e-01
3.495494776600767182e+03 4.641669158523569205e-01
3.525622696129607903e+03 4.917244886600503628e-01
3.555750615658449533e+03 4.771520367383375594e-01
3.585878535187290254e+03 4.954519064342292056e-01
3.616006454716131884e+03 5.085248789175811357e-01
3.646134374244972605e+03 5.195270637486112397e-01
3.676262293773814235e+03 5.190987190036646659e-01
3.706390213302654956e+03 5.321193079258510483e-01
3.736518132831496587e+03 5.750121682647291177e-01
3.766646052360337308e+03 5.743393669010103952e-01
3.796773971889178938e+03 6.004176497678753721e-01
3.826901891418019659e+03 5.739743189591387518e-01
3.857029810946861289e+03 6.229071130328117656e-01
3.887157730475702010e+03 6.139746245299121385e-01
3.917285650004543641e+03 6.664564048725442058e-01
3.947413569533384361e+03 6.463809507179822944e-01
3.977541489062225992e+03 6.825790828074970173e-01
4.007669408591067167e+03 7.523370707549126291e-01
4.037797328119908343e+03 7.494461529730944704e-01
4.067925247648749519e+03 7.446623333820792112e-01
4.098053167177590694e+03 7.420546142278117152e-01
4.128181086706432325e+03 7.722188148655816375e-01
4.158309006235273046e+03 7.715154564245164659e-01
4.188436925764113766e+03 7.654864359316306821e-01
4.218564845292955397e+03 7.780350271412326268e-01
4.248692764821797027e+03 7.969105703478487346e-01
4.278820684350637748e+03 7.722340934042548621e-01
4.308948603879478469e+03 7.724659997948309931e-01
4.339076523408320099e+03 8.451514648844615785e-01
4.369204442937161730e+03 8.373719603892971763e-01
4.399332362466002451e+03 8.291984878612010945e-01
4.429460281994843172e+03 8.329018965031790289e-01
4.459588201523684802e+03 8.440901521087658121e-01
4.489716121052526432e+03 8.980757771865226502e-01
4.519844040581367153e+03 9.310703271135130077e-01
4.549971960110207874e+03 9.195966902319937519e-01
4.580099879639049504e+03 9.480638817528412865e-01
4.610227799167891135e+03 9.659692377537056895e-01
4.640355718696731856e+03 9.614789843700549676e-01
4.670483638225572577e+03 9.405151923240622214e-01
4.700611557754414207e+03 9.290028134337642296e-01
4.730739477283255837e+03 9.319335645485520292e-01
4.760867396812096558e+03 9.332005919342412081e-01
4.790995316340937279e+03 9.579971145388391784e-01
4.821123235869779819e+03 9.658890254256710106e-01
4.851251155398620540e+03 9.995345502325612141e-01
4.881379074927461261e+03 9.927568813446859819e-01
4.911506994456301982e+03 9.778030116182373499e-01
4.941634913985144522e+03 1.001545315054380714e+00
4.971762833513985242e+03 9.967194794820140036e-01
5.001890753042825963e+03 1.001184086747177293e+00
5.032018672571666684e+03 9.856185298117029481e-01
5.062146592100509224e+03 1.000000000000000000e+00
5.092274511629349945e+03 9.777162513450571302e-01
5.122402431158190666e+03 1.003567538780205215e+00
5.152530350687031387e+03 9.887462649429564765e-01
5.182658270215873927e+03 9.962916803991628267e-01
5.212786189744714648e+03 1.048139401386854797e+00
5.242914109273555368e+03 1.067559515364753242e+00
5.273042028802396089e+03 1.082524298333111368e+00
5.303169948331238629e+03 1.118225332253649951e+00
5.333297867860079350e+03 1.097730263947668927e+00
5.363425787388920071e+03 1.106853734183984361e+00
5.393553706917760792e+03 1.085138565432524738e+00
5.423681626446603332e+03 1.092644693217856622e+00
5.453809545975444053e+03 1.073291150015606155e+00
5.483937465504284773e+03 1.088778131609332345e+00
5.514065385033125494e+03 1.081859136238729313e+00
5.544193304561968034e+03 1.098041291342088721e+00
5.574321224090808755e+03 1.091564282268819408e+00
5.604449143619649476e+03 1.113139761523837867e+00
5.634577063148490197e+03 1.111349989850684894e+00
5.664704982677332737e+03 1.089630455802461650e+00
5.694832902206173458e+03 1.095100172647487158e+00
5.724960821735014179e+03 1.117712409883904856e+00
5.755088741263854899e+03 1.122705218057486576e+00
5.785216660792697439e+03 1.104889350640279710e+00
5.815344580321538160e+03 1.152312843357873540e+00
5.845472499850378881e+03 1.149595446122416265e+00
5.875600419379219602e+03 1.134224144892929997e+00
5.905728338908062142e+03 1.148826062567798623e+00
5.935856258436902863e+03 1.157611222304920418e+00
5.965984177965743584e+03 1.146539738387764906e+00
5.996112097494584305e+03 1.127146907514640084e+00
6.026240017023426844e+03 1.132532592396962690e+00
6.056367936552267565e+03 1.149175286308901534e+00
6.086495856081108286e+03 1.132270674591135506e+00
6.116623775609949007e+03 1.110225925934009705e+00
6.146751695138791547e+03 1.107574008150009170e+00
6.176879614667632268e+03 1.095858642960195084e+00
6.207007534196472989e+03 1.082676538057748550e+00
6.237135453725315529e+03 1.060651978898155434e+00
6.267263373254156249e+03 1.066249380673521596e+00
6.297391292782996970e+03 1.106657295829613696e+00
6.327519212311837691e+03 1.091515172680226797e+00
6.357647131840680231e+03 1.109374693065071416e+00
6.387775051369520952e+03 1.133492957684995917e+00
6.417902970898361673e+03 1.134567912013078494e+00
6.448030890427202394e+03 1.143369441613064641e+00
6.478158809956044934e+03 1.159531952880986871e+00
6.508286729484885655e+03 1.175361610270670321e+00
6.538414649013726375e+03 1.296722316924910245e+00
6.568542568542567096e+03 2.014377104891533321e+00
6.598670488071409636e+03 1.204843733289098440e+00
6.628798407600250357e+03 1.169593961921516323e+00
6.658926327129091078e+03 1.145519350269229797e+00
6.689054246657931799e+03 1.147647432441576187e+00
6.719182166186774339e+03 1.252616449747794958e+00
6.749310085715615060e+03 1.116686565144415111e+00
6.779438005244455780e+03 1.104310948819078320e+00
6.809565924773296501e+03 1.106242592637054267e+00
6.839693844302139041e+03 1.085421218397979670e+00
6.869821763830979762e+03 1.089578072241296214e+00
6.899949683359820483e+03 1.089837261736646079e+00
6.930077602888661204e+03 1.106722775281070659e+00
6.960205522417503744e+03 1.100234852965891852e+00
6.990333441946344465e+03 1.105615081227259600e+00
7.020461361475185186e+03 1.110236839175919421e+00
7.050589281004025906e+03 1.122023140438145106e+00
7.080717200532868446e+03 1.107568551529054313e+00
7.110845120061709167e+03 1.084580898770950652e+00
7.140973039590549888e+03 1.074150022153881112e+00
7.171100959119390609e+03 1.087280834819353004e+00
7.201228878648233149e+03 1.080713245838235137e+00
7.231356798177073870e+03 1.075252805248833043e+00
7.261484717705914591e+03 1.101255241084427183e+00
7.412124315350120924e+03 1.137274396006626498e+00
7.442252234878962554e+03 1.147778391344489668e+00
7.472380154407803275e+03 1.153191359331585897e+00
7.502508073936643996e+03 1.156683596742615672e+00
7.532635993465485626e+03 1.167378573813894427e+00
7.562763912994327256e+03 1.158538847867224941e+00
7.592891832523167977e+03 1.122645195226984471e+00
7.623019752052008698e+03 1.103274190837678637e+00
7.653147671580850329e+03 1.099590971693233277e+00
7.683275591109691959e+03 1.095160195477989040e+00
7.713403510638532680e+03 1.080762355426827970e+00
7.743531430167373401e+03 1.080075912510722214e+00
7.773659349696215031e+03 1.086080923871407089e+00
7.803787269225056662e+03 1.105314967074749299e+00
7.833915188753897382e+03 1.092355492307255593e+00
7.864043108282738103e+03 1.096038711451701397e+00
7.894171027811579734e+03 1.069243428591384326e+00
7.924298947340421364e+03 1.051258405924580863e+00
7.954426866869262085e+03 1.059536645575007929e+00
7.984554786398102806e+03 1.057217036007150446e+00
8.014682705926944436e+03 1.083340608827939811e+00
8.044810625455786067e+03 1.048585752980952135e+00
8.074938544984626787e+03 1.046601725601810751e+00
8.105066464513467508e+03 1.038698355810973917e+00
8.135194384042309139e+03 1.052463227831386128e+00
8.165322303571150769e+03 1.039966474520854334e+00
8.195450223099991490e+03 1.021572750944541141e+00
8.225578142628832211e+03 1.012092417697786129e+00
8.255706062157674751e+03 1.023682826267736878e+00
8.285833981686515472e+03 1.015375666526249665e+00
8.315961901215356193e+03 9.739277194161852780e-01
8.346089820744196913e+03 9.806420915009855799e-01
8.376217740273037634e+03 9.745224911002512425e-01
8.406345659801880174e+03 9.807806896732357282e-01
8.436473579330720895e+03 9.592161236601268737e-01
8.466601498859561616e+03 9.871392900717873564e-01
8.496729418388404156e+03 9.832727284632627462e-01
8.526857337917244877e+03 9.921446484735649829e-01
8.556985257446085598e+03 9.713543769739326761e-01
8.587113176974926319e+03 9.857123836921244386e-01
8.617241096503767039e+03 9.867147649615091165e-01
8.647369016032609579e+03 9.957411073448300121e-01
8.677496935561450300e+03 9.916797443682214830e-01
8.707624855090291021e+03 9.996267671266962918e-01
8.737752774619133561e+03 9.883664841245071164e-01
8.767880694147974282e+03 9.906178859304303197e-01
8.798008613676815003e+03 1.005363312736408332e+00
8.828136533205655724e+03 1.004054815031462766e+00
8.858264452734496444e+03 1.013126447368708272e+00
8.888392372263338984e+03 9.798465161657854416e-01
8.918520291792179705e+03 9.776633221217961855e-01
8.948648211321020426e+03 9.497630735181454842e-01
8.978776130849862966e+03 9.560605597620041030e-01
9.008904050378703687e+03 9.817503312168919249e-01
9.039031969907544408e+03 9.697430368059996031e-01
9.069159889436385129e+03 1.051203294052937887e+00
9.099287808965227669e+03 9.371391809393683214e-01
9.129415728494068389e+03 9.818545526771274012e-01
9.159543648022909110e+03 9.196916354366061475e-01
9.189671567551751650e+03 9.651894866192741729e-01
9.219799487080592371e+03 9.291577814688788406e-01
9.249927406609433092e+03 9.185675715199309588e-01
9.280055326138273813e+03 8.980435831228896770e-01
9.310183245667114534e+03 9.424773932193845072e-01
9.340311165195957074e+03 8.895088822875901746e-01
9.370439084724797794e+03 8.756048664328324183e-01
9.400567004253638515e+03 8.876721836742266225e-01
9.430694923782481055e+03 8.479790858632046957e-01
9.460822843311321776e+03 8.742030605095610918e-01
9.490950762840162497e+03 8.618896496631083259e-01
9.521078682369003218e+03 9.796173380856865176e-01
9.551206601897843939e+03 8.730135171414291628e-01
9.581334521426686479e+03 8.724907728539655904e-01
9.611462440955527200e+03 8.782054919798584214e-01
9.641590360484367920e+03 8.143090062620182978e-01
9.671718280013210460e+03 8.416543165145725647e-01
9.701846199542051181e+03 8.101707049299479158e-01
9.731974119070891902e+03 7.768656732706331614e-01
9.762102038599732623e+03 8.279003577360697363e-01
9.792229958128573344e+03 8.277961362758343711e-01
9.822357877657415884e+03 7.838059494629594504e-01
