3.405984921797610696e+03 3.287892591270764164e+00
3.425994544183944527e+03 3.622308165262138502e+00
3.446004166570278358e+03 2.990309179683751761e+00
3.466013788956612188e+03 2.849837708595095886e+00
3.486023411342946019e+03 3.196829917863372117e+00
3.506033033729279850e+03 3.015761734531074545e+00
3.526042656115613681e+03 3.071179586556425090e+00
3.546052278501947512e+03 2.910744141955980080e+00
3.566061900888281798e+03 2.915155401992110651e+00
3.586071523274615629e+03 2.803492917327557343e+00
3.606081145660949460e+03 3.085639563931510398e+00
3.626090768047283291e+03 2.794876791409683481e+00
3.646100390433617122e+03 2.782185502848327108e+00
3.666110012819950953e+03 2.992104210477234183e+00
3.686119635206284784e+03 2.858865218159387211e+00
3.706129257592618615e+03 2.791081156574903410e+00
3.726138879978952446e+03 2.793285746777978140e+00
3.746148502365286276e+03 2.603965336289666865e+00
3.766158124751620107e+03 2.645025860746079704e+00
3.786167747137953938e+03 2.513166064437444724e+00
3.806177369524287769e+03 2.404376898711293897e+00
3.826186991910621600e+03 2.351617342829775303e+00
3.846196614296955431e+03 2.387867062900634441e+00
3.866206236683289262e+03 2.563949278627438488e+00
3.886215859069623093e+03 2.923428863264767141e+00
3.906225481455956924e+03 2.816023636563573351e+00
3.926235103842291210e+03 2.954894394565350080e+00
3.946244726228625041e+03 2.899907755640704465e+00
3.966254348614958872e+03 2.871688873344769632e+00
3.986263971001292703e+03 2.725635328783297950e+00
4.006273593387626534e+03 2.613138346983125082e+00
4.026283215773960364e+03 2.533757739598366143e+00
4.046292838160294195e+03 2.586636217478509359e+00
4.066302460546628026e+03 2.541794013599028901e+00
4.086312082932961857e+03 2.652182852597067431e+00
4.106321705319296598e+03 2.569880967087776025e+00
4.126331327705629519e+03 2.590676464229160647e+00
4.146340950091964260e+03 2.480055345156187752e+00
4.166350572478297181e+03 2.386934896125401107e+00
4.186360194864631922e+03 2.263658243532843173e+00
4.206369817250964843e+03 2.252872643970777133e+00
4.226379439637299583e+03 2.156946391006483221e+00
4.246389062023632505e+03 2.173944064228897854e+00
4.266398684409967245e+03 2.034434020674149135e+00
4.286408306796300167e+03 2.039303620212573609e+00
4.306417929182634907e+03 1.998178900862287888e+00
4.326427551568967829e+03 1.901386153648462862e+00
4.346437173955302569e+03 1.833125309527383173e+00
4.366446796341635491e+03 1.851783074745330993e+00
4.386456418727970231e+03 1.859871540161558645e+00
4.406466041114303152e+03 1.902594838241637332e+00
4.426475663500637893e+03 1.880653209587809460e+00
4.446485285886970814e+03 1.914474633293737682e+00
4.466494908273305555e+03 1.933656228115999021e+00
4.486504530659638476e+03 1.973330241373530747e+00
4.506514153045973217e+03 1.980999041108155501e+00
4.526523775432306138e+03 1.990627180647094763e+00
4.546533397818640879e+03 2.001511453179028344e+00
4.566543020204973800e+03 1.994980648860607442e+00
4.586552642591308540e+03 1.952441160883020999e+00
4.606562264977642371e+03 2.013459602384963798e+00
4.626571887363976202e+03 1.983058823392057635e+00
4.646581509750310033e+03 1.890813551978089313e+00
4.666591132136643864e+03 1.828445011044294688e+00
4.686600754522977695e+03 1.790333584323997584e+00
4.706610376909311526e+03 1.746808187554312219e+00
4.726619999295645357e+03 1.734026836420902828e+00
4.746629621681979188e+03 1.683501715256917164e+00
4.766639244068313019e+03 1.625353491490774571e+00
4.786648866454646850e+03 1.571237834438249381e+00
4.806658488840981590e+03 1.571456615160677250e+00
4.826668111227314512e+03 1.595189589649601558e+00
4.846677733613649252e+03 1.472520936948464865e+00
4.866687355999982174e+03 1.438206586210039273e+00
4.886696978386316914e+03 1.351740843662831315e+00
4.906706600772649836e+03 1.399237385092234609e+00
4.926716223158984576e+03 1.475106829132711628e+00
4.946725845545317497e+03 1.487065394730917811e+00
4.966735467931652238e+03 1.514644882019672290e+00
4.986745090317985159e+03 1.500603895358565198e+00
5.006754712704319900e+03 1.510254290586770409e+00
5.026764335090652821e+03 1.459229109624301302e+00
5.046773957476987562e+03 1.478298477397085531e+00
5.066783579863320483e+03 1.510247103093679710e+00
5.086793202249655224e+03 1.493082220323881160e+00
5.106802824635988145e+03 1.533232888421430129e+00
5.126812447022322885e+03 1.538698374918757716e+00
5.146822069408655807e+03 1.530075462839894929e+00
5.166831691794990547e+03 1.523775059632477502e+00
5.186841314181323469e+03 1.537357998669182546e+00
5.206850936567658209e+03 1.514059849269878466e+00
5.226860558953992040e+03 1.504988193174420896e+00
5.246870181340325871e+03 1.455724312866539361e+00
5.266879803726659702e+03 1.400841746652762509e+00
5.286889426112993533e+03 1.323832391747415294e+00
5.306899048499327364e+03 1.273806673656655786e+00
5.326908670885661195e+03 1.297899788979581137e+00
5.346918293271995026e+03 1.296256972506780958e+00
5.366927915658328857e+03 1.306885523520578518e+00
5.386937538044662688e+03 1.313118265784154470e+00
5.406947160430996519e+03 1.312158315882075987e+00
5.426956782817331259e+03 1.264687459707169115e+00
5.446966405203664181e+03 1.255039253563154045e+00
5.466976027589998012e+03 1.211072263785228698e+00
5.486985649976331842e+03 1.178299995162124025e+00
5.506995272362666583e+03 1.141015896326724066e+00
5.527004894748999504e+03 1.127900874035644652e+00
5.547014517135334245e+03 1.197445579549458960e+00
5.567024139521667166e+03 1.196813846336943321e+00
5.587033761908001907e+03 1.206046527816948322e+00
5.607043384294334828e+03 1.171281827733522185e+00
5.627053006680669569e+03 1.171676118280888801e+00
5.647062629067002490e+03 1.152569864439502156e+00
5.667072251453337230e+03 1.139155302461749342e+00
5.687081873839670152e+03 1.149679288220735174e+00
5.707091496226004892e+03 1.097626441685241705e+00
5.727101118612337814e+03 1.048723358936618721e+00
5.747110740998672554e+03 1.071078122504216079e+00
5.767120363385005476e+03 1.052817822005710502e+00
5.787129985771340216e+03 1.091327133019919682e+00
5.807139608157674047e+03 1.089137665740124605e+00
5.827149230544007878e+03 1.103921007334818460e+00
5.847158852930341709e+03 1.140187528626836366e+00
5.867168475316675540e+03 1.143079108175857339e+00
5.887178097703009371e+03 1.115479390100713175e+00
5.907187720089343202e+03 1.129444816872527069e+00
5.927197342475677033e+03 1.116401523573408605e+00
5.947206964862010864e+03 1.065063704903862485e+00
5.967216587248344695e+03 1.068240212002588008e+00
5.987226209634678526e+03 1.031055315165734454e+00
6.007235832021012357e+03 1.020058925038533459e+00
6.027245454407346188e+03 1.032993512065246922e+00
6.047255076793680018e+03 1.012428835609336497e+00
6.067264699180013849e+03 1.006569806501740549e+00
6.087274321566347680e+03 9.277634688695078902e-01
6.107283943952681511e+03 8.693584108007663680e-01
6.127293566339015342e+03 8.423424302672704034e-01
6.147303188725349173e+03 8.370592397558704878e-01
6.167312811111683914e+03 8.304521276110574668e-01
6.187322433498016835e+03 8.325096295989283801e-01
6.207332055884351576e+03 8.846652901218816645e-01
6.227341678270684497e+03 9.263816642016362568e-01
6.247351300657019237e+03 9.740078358998278674e-01
6.267360923043352159e+03 9.991964601633013254e-01
6.287370545429686899e+03 9.589279098821172909e-01
6.307380167816019821e+03 1.001178165111091367e+00
6.327389790202354561e+03 9.964659789683006919e-01
6.347399412588687483e+03 9.703072438036330905e-01
6.367409034975022223e+03 9.657336996595463630e-01
6.387418657361355145e+03 9.858504894901704008e-01
6.407428279747689885e+03 1.000000000000000000e+00
6.427437902134023716e+03 9.971040240402306853e-01
6.447447524520357547e+03 9.643004150284717468e-01
6.467457146906691378e+03 9.874924668140310224e-01
6.487466769293025209e+03 9.960454558953898418e-01
6.507476391679359040e+03 9.915009171168214230e-01
6.527486014065692871e+03 1.012022997642867184e+00
6.547495636452026702e+03 1.027120965362777527e+00
6.567505258838360533e+03 1.054704119367550152e+00
6.587514881224694363e+03 1.015207057082048614e+00
6.607524503611028194e+03 9.885318622298406854e-01
6.627534125997362025e+03 9.718753395360789638e-01
6.647543748383695856e+03 9.702327966988028018e-01
6.667553370770029687e+03 9.992210691180714033e-01
6.687562993156363518e+03 1.028506217838248693e+00
6.707572615542697349e+03 9.359906127691762778e-01
6.727582237929031180e+03 8.396819815239834339e-01
6.747591860315365011e+03 8.169047064653360835e-01
6.767601482701698842e+03 8.388268340275041313e-01
6.787611105088033582e+03 7.739199770058596828e-01
6.807620727474366504e+03 7.751789375659325909e-01
6.827630349860701244e+03 7.899439273381664295e-01
6.847639972247034166e+03 7.827071068837138101e-01
6.867649594633368906e+03 7.905283580898081475e-01
6.887659217019701828e+03 7.790681010227328285e-01
6.907668839406036568e+03 8.153601069031967130e-01
6.927678461792369490e+03 7.955090718932462668e-01
6.947688084178704230e+03 7.556231005590119398e-01
6.967697706565037151e+03 6.411975355873944515e-01
6.987707328951371892e+03 6.113223739508905075e-01
7.007716951337704813e+03 7.007953161770913431e-01
7.027726573724039554e+03 6.078335210229794949e-01
7.047736196110372475e+03 6.105891766861658576e-01
7.067745818496707216e+03 5.965469677863856068e-01
7.087755440883041047e+03 6.081279710889110346e-01
7.107765063269374878e+03 6.761478700101376527e-01
7.127774685655708709e+03 7.042599979670705057e-01
7.147784308042042539e+03 7.309255608488421929e-01
7.167793930428376370e+03 7.435567772915497864e-01
7.187803552814710201e+03 7.732873134325636277e-01
7.207813175201044032e+03 7.928993004489593988e-01
7.227822797587377863e+03 7.901968942586963252e-01
7.247832419973711694e+03 7.695269958227165530e-01
7.267842042360045525e+03 7.526962767545308797e-01
7.287851664746379356e+03 7.281173854074626250e-01
7.307861287132713187e+03 7.325682496250646158e-01
7.327870909519047018e+03 6.958569611527308796e-01
7.347880531905380849e+03 6.900144049036653904e-01
7.367890154291714680e+03 7.076312788316070357e-01
7.387899776678048511e+03 6.710222205909491811e-01
7.407909399064382342e+03 6.344331924706303472e-01
7.427919021450716173e+03 6.056399127255915893e-01
7.447928643837050913e+03 5.823179387933520301e-01
7.467938266223383835e+03 5.705968341026627089e-01
7.487947888609718575e+03 5.165568463936407451e-01
7.507957510996051496e+03 5.170398495778095738e-01
7.527967133382385327e+03 4.897436662679858221e-01
7.547976755768719158e+03 5.252746187874064443e-01
7.567986378155052989e+03 5.056281719373855177e-01
7.587996000541387730e+03 5.248466528282493826e-01
7.608005622927721561e+03 5.245221210970727466e-01
7.628015245314055392e+03 5.353007155897309133e-01
7.648024867700389223e+03 5.359342547967030912e-01
7.668034490086723054e+03 5.591702706897461184e-01
7.688044112473056884e+03 5.615314351395152004e-01
7.708053734859390715e+03 6.068023529152508644e-01
7.728063357245724546e+03 5.901322578995110701e-01
7.748072979632058377e+03 6.464346276342254338e-01
7.768082602018392208e+03 6.255568209272945879e-01
7.788092224404726039e+03 6.587549393948393117e-01
7.808101846791059870e+03 6.806484629235906025e-01
7.828111469177393701e+03 6.844957601452560381e-01
7.848121091563727532e+03 6.700870255825864819e-01
7.868130713950061363e+03 6.451576800990574956e-01
7.888140336336395194e+03 5.731058529471020346e-01
7.908149958722729025e+03 4.588654480132272617e-01
7.928159581109062856e+03 4.896060640842721523e-01
7.948169203495396687e+03 4.949663103591623314e-01
7.968178825881730518e+03 5.471187602253034798e-01
7.988188448268064349e+03 4.342483206623060088e-01
8.008198070654398180e+03 5.374257143401287573e-01
8.028207693040732011e+03 4.795499950709121162e-01
8.048217315427065842e+03 4.826657733257318506e-01
8.068226937813399672e+03 5.033178854526672019e-01
8.088236560199733503e+03 5.146165333794111563e-01
8.108246182586067334e+03 4.992454956491587659e-01
8.128255804972401165e+03 5.544979806063194960e-01
8.148265427358734996e+03 5.610935818167661626e-01
8.168275049745068827e+03 5.313048707634014933e-01
8.188284672131402658e+03 5.328534836465560476e-01
8.208294294517738308e+03 5.159620174920961366e-01
8.228303916904071230e+03 5.206210636161729965e-01
8.248313539290404151e+03 4.698673290932718349e-01
8.268323161676738891e+03 4.801351920020204833e-01
8.288332784063073632e+03 5.220812557404171939e-01
8.308342406449406553e+03 5.292759363242109938e-01
8.328352028835739475e+03 5.393268427473562054e-01
8.348361651222074215e+03 5.124880503366775475e-01
8.368371273608408956e+03 5.410532457514801719e-01
8.388380895994741877e+03 5.276412377052822622e-01
8.408390518381074799e+03 5.538251473381355927e-01
8.428400140767409539e+03 5.512314656626456921e-01
8.448409763153744279e+03 5.661000356018058843e-01
8.468419385540077201e+03 5.555291487140481266e-01
8.488429007926410122e+03 5.852665439855240237e-01
8.508438630312744863e+03 5.831440991666813067e-01
8.528448252699079603e+03 5.678676116310713562e-01
8.548457875085412525e+03 6.209640493270719430e-01
8.568467497471745446e+03 5.106977808013084541e-01
8.588477119858080187e+03 6.019464169106462093e-01
8.608486742244414927e+03 6.258406356925361180e-01
8.628496364630747848e+03 5.642634122087123449e-01
8.648505987017080770e+03 5.868761046210034804e-01
8.668515609403415510e+03 5.422618391328133391e-01
8.688525231789750251e+03 4.529502871385247542e-01
8.708534854176083172e+03 3.919366251370640652e-01
8.728544476562416094e+03 3.341567330282674275e-01
8.748554098948750834e+03 3.937821872906004383e-01
8.768563721335085575e+03 4.439431178148329216e-01
8.788573343721418496e+03 4.227762607829727570e-01
8.808582966107751417e+03 3.564607901090754982e-01
8.828592588494086158e+03 3.357005682351771325e-01
8.848602210880420898e+03 3.584317211141767601e-01
8.868611833266753820e+03 3.485374874465143047e-01
8.888621455653088560e+03 3.074498785459606198e-01
8.908631078039423301e+03 3.241275204294458145e-01
8.928640700425756222e+03 3.774021094453073322e-01
8.948650322812089144e+03 3.654412653753064122e-01
8.968659945198423884e+03 3.302790914512541143e-01
8.988669567584758624e+03 3.490571085364724824e-01
9.008679189971091546e+03 2.383899475502725129e-01
