3.301937832753225848e+03 2.865626786103980805e+00
3.321987730577519869e+03 3.575669051355174322e+00
3.342037628401813890e+03 3.883143632080023000e+00
3.362087526226107911e+03 4.273587855160976723e+00
3.382137424050401933e+03 4.493436341583988636e+00
3.402187321874695954e+03 5.276110409246989263e+00
3.422237219698989975e+03 5.915322229859427239e+00
3.442287117523283541e+03 6.046077585758969697e+00
3.462337015347577562e+03 5.492418234479359285e+00
3.482386913171871583e+03 5.126096825578271066e+00
3.502436810996165605e+03 5.233455017272784282e+00
3.522486708820459626e+03 5.125840591565060222e+00
3.542536606644753647e+03 5.084472307872736963e+00
3.562586504469047668e+03 5.129598888365995535e+00
3.582636402293341689e+03 4.955842833241537626e+00
3.602686300117635710e+03 4.834924428780750461e+00
3.622736197941929277e+03 4.712933285629665292e+00
3.642786095766223298e+03 4.573536934960205969e+00
3.662835993590517319e+03 4.539346469656457828e+00
3.682885891414811340e+03 4.588575169647403307e+00
3.702935789239105361e+03 4.550796834337138996e+00
3.722985687063399382e+03 4.653818940830131368e+00
3.743035584887693403e+03 4.624233858815949283e+00
3.763085482711987424e+03 4.558611526373843148e+00
3.783135380536281446e+03 4.377770882849392642e+00
3.803185278360575467e+03 4.211087836604052725e+00
3.823235176184869488e+03 4.043481397796624854e+00
3.843285074009163509e+03 4.029049158035221900e+00
3.863334971833457530e+03 4.081210149004680154e+00
3.883384869657751551e+03 4.175277426020963745e+00
3.903434767482045572e+03 4.308729325730436877e+00
3.923484665306339139e+03 4.265559387354272758e+00
3.943534563130633160e+03 4.053907717156842061e+00
3.963584460954927181e+03 3.920930577803245942e+00
3.983634358779221202e+03 3.854614067930219434e+00
4.003684256603515223e+03 3.817888578287210066e+00
4.023734154427809244e+03 3.939480673334292860e+00
4.043784052252103265e+03 4.059385721263117475e+00
4.063833950076397286e+03 3.958266516033924542e+00
4.083883847900690853e+03 3.821491590744102940e+00
4.103933745724984874e+03 3.723510435672049645e+00
4.123983643549278895e+03 3.518598343534693029e+00
4.144033541373572916e+03 3.428636452034803384e+00
4.164083439197866937e+03 3.383470976227837212e+00
4.184133337022160958e+03 3.192249440694295615e+00
4.204183234846454980e+03 3.039062177573436774e+00
4.224233132670749001e+03 2.995436481132060624e+00
4.244283030495043022e+03 3.021763561029270573e+00
4.264332928319337043e+03 3.042490012663245480e+00
4.284382826143631064e+03 3.118239378387566596e+00
4.304432723967925085e+03 3.155882025466038687e+00
4.324482621792219106e+03 3.205511555025734260e+00
4.344532519616513127e+03 3.252292522450166867e+00
4.364582417440807149e+03 3.232849319257781850e+00
4.384632315265101170e+03 3.084736855388114485e+00
4.404682213089394281e+03 2.899319035099308994e+00
4.424732110913688302e+03 2.767872470876762581e+00
4.444782008737982324e+03 2.766035186897920717e+00
4.464831906562276345e+03 2.774005163278666419e+00
4.484881804386570366e+03 2.689276621392719502e+00
4.504931702210864387e+03 2.633495694051243508e+00
4.524981600035158408e+03 2.666703087723778065e+00
4.545031497859452429e+03 2.751889169139686064e+00
4.565081395683746450e+03 2.829725817729433768e+00
4.585131293508040471e+03 2.901974308309196893e+00
4.605181191332334492e+03 2.963881099104368477e+00
4.625231089156628514e+03 2.958072336376173617e+00
4.645280986980922535e+03 2.888893606471467201e+00
4.665330884805216556e+03 2.765123670767499320e+00
4.685380782629510577e+03 2.694477904641160659e+00
4.705430680453804598e+03 2.673644862032977798e+00
4.725480578278098619e+03 2.653122388112878927e+00
4.745530476102392640e+03 2.573401543639205702e+00
4.765580373926686661e+03 2.534880337528187866e+00
4.785630271750980683e+03 2.468238413427493949e+00
4.805680169575274704e+03 2.458848906551781788e+00
4.825730067399568725e+03 2.445952883226469865e+00
4.845779965223862746e+03 2.412930761887936537e+00
4.865829863048156767e+03 2.359405168919971985e+00
4.885879760872450788e+03 2.287022771573167024e+00
4.905929658696744809e+03 2.262210530535047948e+00
4.925979556521038830e+03 2.231494218404609153e+00
4.946029454345332852e+03 2.181683870172786754e+00
4.966079352169626873e+03 2.153005850627149442e+00
4.986129249993920894e+03 2.132103330893715842e+00
5.006179147818214005e+03 2.144033503413731889e+00
5.026229045642508027e+03 2.147469058184123369e+00
5.046278943466802048e+03 2.161837759036108864e+00
5.066328841291096069e+03 2.150859779424972196e+00
5.086378739115390090e+03 2.145939373785449522e+00
5.106428636939684111e+03 2.163176232884948202e+00
5.126478534763978132e+03 2.128078705112655289e+00
5.146528432588272153e+03 2.099040235865932580e+00
5.166578330412566174e+03 2.067497027180698499e+00
5.186628228236860195e+03 2.049391704015570248e+00
5.206678126061154217e+03 2.013389192150272233e+00
5.226728023885448238e+03 1.979402110738817555e+00
5.246777921709742259e+03 1.894390612868410262e+00
5.266827819534036280e+03 1.837903334753556495e+00
5.286877717358330301e+03 1.813146912944271216e+00
5.306927615182624322e+03 1.797103338316485832e+00
5.326977513006917434e+03 1.791357520676124970e+00
5.347027410831211455e+03 1.791236974894707901e+00
5.367077308655505476e+03 1.776362041142928172e+00
5.387127206479799497e+03 1.755549782290162009e+00
5.407177104304093518e+03 1.723038941334881002e+00
5.427227002128387539e+03 1.680791504788428758e+00
5.447276899952681561e+03 1.648920506589192536e+00
5.467326797776975582e+03 1.609939088751089153e+00
5.487376695601269603e+03 1.573732302261124039e+00
5.507426593425563624e+03 1.509895888230901484e+00
5.527476491249857645e+03 1.465890145976190606e+00
5.547526389074151666e+03 1.443990599804335861e+00
5.567576286898445687e+03 1.440063954584525074e+00
5.587626184722739708e+03 1.464823939323310453e+00
5.607676082547033729e+03 1.479309623027213139e+00
5.627725980371327751e+03 1.512848072232457319e+00
5.647775878195621772e+03 1.510115602216735908e+00
5.667825776019915793e+03 1.474171284866605314e+00
5.687875673844209814e+03 1.459894032538453512e+00
5.707925571668503835e+03 1.397326021410236985e+00
5.727975469492797856e+03 1.378412507070188031e+00
5.748025367317091877e+03 1.415051892583613746e+00
5.768075265141385898e+03 1.412280527254183848e+00
5.788125162965679920e+03 1.452989965899795344e+00
5.808175060789973941e+03 1.424016223205656573e+00
5.828224958614267962e+03 1.418012983908919500e+00
5.848274856438561983e+03 1.394643729318307379e+00
5.868324754262856004e+03 1.369422642120061706e+00
5.888374652087150025e+03 1.341403764531927445e+00
5.908424549911444046e+03 1.342488082743099387e+00
5.928474447735738067e+03 1.304344547159083323e+00
5.948524345560032089e+03 1.277486293855579325e+00
5.968574243384326110e+03 1.262761300053592217e+00
5.988624141208619221e+03 1.250180892899823704e+00
6.008674039032913242e+03 1.234738859535958078e+00
6.028723936857207264e+03 1.207574788117036224e+00
6.048773834681501285e+03 1.187729567712732859e+00
6.068823732505795306e+03 1.163279260929657388e+00
6.088873630330089327e+03 1.088596695679799442e+00
6.108923528154383348e+03 1.090754643313643024e+00
6.128973425978677369e+03 1.086171825244246270e+00
6.149023323802971390e+03 1.085312268502367061e+00
6.169073221627265411e+03 1.079242521188296333e+00
6.189123119451559432e+03 1.080012113960300058e+00
6.209173017275852544e+03 1.073512439819894082e+00
6.229222915100146565e+03 1.065150244283354031e+00
6.249272812924440586e+03 1.049178818977944072e+00
6.269322710748734607e+03 1.020939039760808686e+00
6.289372608573028629e+03 9.878661466769000921e-01
6.309422506397322650e+03 9.917357850247103812e-01
6.329472404221616671e+03 9.711661022887367878e-01
6.349522302045910692e+03 9.433004306691030738e-01
6.369572199870204713e+03 9.505694006707213761e-01
6.389622097694498734e+03 9.656851290745438465e-01
6.409671995518792755e+03 9.886102051208203179e-01
6.429721893343086776e+03 9.950790005388930881e-01
6.449771791167380798e+03 9.980383103994487914e-01
6.469821688991674819e+03 1.009953637379880975e+00
6.489871586815968840e+03 1.006684352652823522e+00
6.509921484640262861e+03 9.927028234731732903e-01
6.529971382464556882e+03 9.864742288855601338e-01
6.550021280288850903e+03 1.000000000000000000e+00
6.570071178113144924e+03 1.002811448286305085e+00
6.590121075937438945e+03 9.857476881783483469e-01
6.610170973761732967e+03 9.724745881476180021e-01
6.630220871586026988e+03 9.608039156595205021e-01
6.650270769410321009e+03 9.286131445376578641e-01
6.670320667234615030e+03 9.157239501605544119e-01
6.690370565058909051e+03 9.027358844898255574e-01
6.710420462883203072e+03 8.978350749625522154e-01
6.730470360707497093e+03 8.792264880055461473e-01
6.750520258531791114e+03 8.621018611852975244e-01
6.770570156356085135e+03 8.460787734021374407e-01
6.790620054180379157e+03 8.183045503063376414e-01
6.810669952004673178e+03 8.072259179368261872e-01
6.830719849828967199e+03 8.132054043702299229e-01
6.850769747653261220e+03 8.128894912878950052e-01
6.870819645477555241e+03 8.084488934877072097e-01
6.890869543301849262e+03 8.108978136973854500e-01
6.910919441126143283e+03 8.014162644762566901e-01
6.930969338950436395e+03 7.883420946759440717e-01
6.951019236774730416e+03 7.776408359226427702e-01
6.971069134599024437e+03 7.526415410857729693e-01
6.991119032423318458e+03 7.476391880677490942e-01
7.011168930247612479e+03 7.480230937213759868e-01
7.031218828071906501e+03 7.419963984720970851e-01
7.051268725896200522e+03 7.522288350853544303e-01
7.071318623720494543e+03 7.408345865442997891e-01
7.091368521544788564e+03 7.425655764597247632e-01
7.111418419369082585e+03 7.560019774258724956e-01
7.131468317193376606e+03 7.608968487373125589e-01
7.151518215017669718e+03 7.527267544829817636e-01
7.171568112841963739e+03 7.597065333735152359e-01
7.191618010666257760e+03 7.668368460354243465e-01
7.211667908490551781e+03 7.519049054116444530e-01
7.231717806314845802e+03 7.476442355512072924e-01
7.251767704139139823e+03 7.365234418492792035e-01
7.271817601963433845e+03 7.225965442552956253e-01
7.291867499787727866e+03 7.126556740394563993e-01
7.311917397612021887e+03 7.118786584976610765e-01
7.331967295436315908e+03 7.013050713847769346e-01
7.352017193260609929e+03 6.875414747262110771e-01
7.372067091084903950e+03 6.340960476719965655e-01
7.392116988909197971e+03 6.153146586342400637e-01
7.412166886733491992e+03 6.126225684861854592e-01
7.432216784557786013e+03 6.197270499092194518e-01
7.452266682382080035e+03 6.177086503474598089e-01
7.472316580206374056e+03 6.093369536655863783e-01
7.492366478030668077e+03 5.932178449324008174e-01
7.512416375854962098e+03 5.862893425355883981e-01
7.532466273679256119e+03 5.711312449617950149e-01
7.552516171503550140e+03 5.795864923404436819e-01
7.572566069327844161e+03 5.771809211063487766e-01
7.592615967152138182e+03 5.712184773523870662e-01
7.612665864976432204e+03 5.697439292877258810e-01
7.632715762800726225e+03 5.647930309098979640e-01
7.652765660625020246e+03 5.618648076092298549e-01
7.672815558449314267e+03 5.540838743295382063e-01
7.692865456273608288e+03 5.577490005240475224e-01
7.712915354097902309e+03 5.657764885251401754e-01
7.732965251922196330e+03 5.685061972704990030e-01
7.753015149746489442e+03 5.746480345247866328e-01
7.773065047570783463e+03 5.657505979041066446e-01
7.793114945395077484e+03 5.624301257565657020e-01
7.813164843219371505e+03 5.621467540969977694e-01
7.833214741043665526e+03 5.536947133548988376e-01
7.853264638867959547e+03 5.386204633886725324e-01
7.873314536692253569e+03 5.102105542879113997e-01
7.893364434516547590e+03 4.570993003297194046e-01
7.913414332340841611e+03 4.199658255678789809e-01
7.933464230165135632e+03 4.331385697510254373e-01
7.953514127989429653e+03 4.543427211577145131e-01
7.973564025813723674e+03 4.557366282513586886e-01
7.993613923638017695e+03 4.458128600971195121e-01
8.013663821462311716e+03 4.779147955101149536e-01
8.033713719286605738e+03 4.477397220618079543e-01
8.053763617110899759e+03 4.628346073280552031e-01
8.073813514935193780e+03 4.675942654649696828e-01
8.093863412759487801e+03 4.881091384688013290e-01
8.113913310583781822e+03 4.942554590760432909e-01
8.133963208408075843e+03 5.001508900643256705e-01
8.154013106232369864e+03 5.039782780064815393e-01
8.174063004056663885e+03 4.993102465398758238e-01
8.194112901880956997e+03 4.926804067084024075e-01
8.214162799705251018e+03 4.970644133116983721e-01
8.234212697529545039e+03 4.922530036237962037e-01
8.254262595353839060e+03 4.817134127965581603e-01
8.274312493178133082e+03 4.849365278955111158e-01
8.294362391002427103e+03 4.791461439453208460e-01
8.314412288826721124e+03 4.707609378224265617e-01
8.334462186651015145e+03 4.705825538187923818e-01
8.354512084475309166e+03 4.709547908783066061e-01
8.374561982299603187e+03 4.637956778696056825e-01
8.394611880123897208e+03 4.632021531970610950e-01
8.414661777948191229e+03 4.525878596146393762e-01
8.434711675772485250e+03 4.507259617311680233e-01
8.454761573596779272e+03 4.428095480572384335e-01
8.474811471421073293e+03 4.433213628799159145e-01
8.494861369245367314e+03 4.383477211354462333e-01
8.514911267069661335e+03 4.232123669282945033e-01
8.534961164893955356e+03 4.253130107793462455e-01
8.555011062718249377e+03 4.153924492616570263e-01
8.575060960542543398e+03 4.132790382465635903e-01
8.595110858366837419e+03 4.023162604679610399e-01
8.615160756191131441e+03 3.935638647690107850e-01
8.635210654015425462e+03 3.861007744918000251e-01
8.655260551839719483e+03 3.746677494013536114e-01
8.675310449664013504e+03 3.507414010923347591e-01
8.695360347488307525e+03 2.947795660054958189e-01
8.715410245312601546e+03 2.680896017387095487e-01
8.735460143136895567e+03 2.712700210658207101e-01
8.755510040961189588e+03 2.795899958877854918e-01
8.775559938785483610e+03 3.004835786063898007e-01
8.795609836609777631e+03 2.721792212920666199e-01
8.815659734434071652e+03 2.508241204388935164e-01
8.835709632258365673e+03 2.543031132581060061e-01
8.855759530082659694e+03 2.342382085590473673e-01
8.875809427906953715e+03 2.342095863587305704e-01
8.895859325731247736e+03 2.332178746234799815e-01
8.915909223555541757e+03 2.515107266446259815e-01
8.935959121379835778e+03 2.575255454622381035e-01
8.956009019204129800e+03 2.523414830397133213e-01
8.976058917028423821e+03 2.476627924756866772e-01
8.996108814852717842e+03 2.346285274857742298e-01
9.016158712677011863e+03 2.142470268095599262e-01
9.036208610501305884e+03 2.117726910361147352e-01
9.056258508325599905e+03 2.009694137347962928e-01
9.076308406149893926e+03 2.117188017274269640e-01
9.096358303974187947e+03 1.959629336567681179e-01
9.116408201798480150e+03 2.063702507263180108e-01
9.136458099622774171e+03 1.967450857552593690e-01
9.156507997447068192e+03 2.097277179585007589e-01
9.176557895271362213e+03 1.967775084137095565e-01
9.196607793095656234e+03 1.830814589602480780e-01
9.216657690919950255e+03 1.807981555901621573e-01
9.236707588744244276e+03 1.838318119129516703e-01
9.256757486568538297e+03 1.814470541253527802e-01
9.276807384392832319e+03 1.751296238288724827e-01
9.296857282217126340e+03 1.570364146240441350e-01
9.316907180041420361e+03 1.501324370586235024e-01
9.336957077865714382e+03 1.464055534194473596e-01
9.357006975690008403e+03 1.375920534795717631e-01
9.377056873514302424e+03 1.334259200152018154e-01
9.397106771338596445e+03 1.223379349557528611e-01
