3.301805187804086927e+03 3.213015699074096343e+00
3.321855088734856508e+03 3.555161982530542275e+00
3.341904989665626090e+03 4.017689402659826214e+00
3.361954890596395671e+03 4.305270635530489720e+00
3.382004791527165253e+03 4.934744049634080199e+00
3.402054692457935289e+03 5.565421880506416841e+00
3.422104593388704870e+03 6.153339444746375619e+00
3.442154494319474452e+03 5.997545622457416847e+00
3.462204395250244033e+03 5.564899790691971937e+00
3.482254296181013615e+03 5.289649041784681316e+00
3.502304197111783196e+03 5.282155108995969961e+00
3.522354098042552778e+03 5.119721026306384815e+00
3.542403998973322814e+03 4.980460788694423435e+00
3.562453899904092395e+03 4.943516824760832762e+00
3.582503800834861977e+03 4.818878989856184347e+00
3.602553701765631558e+03 4.809693819317490515e+00
3.622603602696401140e+03 4.871657549071584548e+00
3.642653503627170721e+03 4.730614707992113033e+00
3.662703404557940303e+03 4.826251286826424902e+00
3.682753305488709884e+03 4.992890414181070824e+00
3.702803206419479466e+03 4.971082611548793828e+00
3.722853107350249047e+03 5.049986767244863728e+00
3.742903008281019083e+03 4.969352494770078010e+00
3.762952909211788665e+03 4.772493253794246826e+00
3.783002810142558246e+03 4.687745302371927991e+00
3.803052711073327828e+03 4.622642368754814157e+00
3.823102612004097409e+03 4.497849017735225274e+00
3.843152512934866991e+03 4.606901083141970332e+00
3.863202413865637027e+03 4.759519599612654694e+00
3.883252314796406608e+03 4.821924328635543766e+00
3.903302215727176190e+03 4.896083021167132010e+00
3.923352116657945771e+03 4.653909716785715744e+00
3.943402017588715353e+03 4.496552957541602780e+00
3.963451918519484934e+03 4.333510973467006977e+00
3.983501819450254516e+03 4.324541581537793888e+00
4.003551720381024097e+03 4.657226097936829845e+00
4.023601621311793679e+03 4.787765769403482530e+00
4.043651522242563260e+03 4.646685160124668812e+00
4.063701423173332842e+03 4.461602932367431329e+00
4.083751324104102423e+03 4.239175453558584827e+00
4.103801225034872004e+03 4.127936720492831668e+00
4.123851125965641586e+03 3.928554230552085524e+00
4.143901026896411167e+03 3.720646958146448302e+00
4.163950927827181658e+03 3.641993294478373056e+00
4.184000828757951240e+03 3.564511555819316779e+00
4.204050729688720821e+03 3.541510722419564328e+00
4.224100630619490403e+03 3.610318272060447420e+00
4.244150531550259984e+03 3.672228682003703781e+00
4.264200432481029566e+03 3.698294849111878779e+00
4.284250333411799147e+03 3.782192738341637384e+00
4.304300234342568729e+03 3.773643795337461082e+00
4.324350135273338310e+03 3.698575611240816130e+00
4.344400036204107892e+03 3.611487419995984993e+00
4.364449937134877473e+03 3.511265615137050045e+00
4.384499838065647054e+03 3.372950415630702636e+00
4.404549738996416636e+03 3.277691518789818570e+00
4.424599639927186217e+03 3.128979789292327229e+00
4.444649540857955799e+03 3.060965094130294606e+00
4.464699441788726290e+03 3.021331812237619374e+00
4.484749342719495871e+03 2.990949795232487496e+00
4.504799243650265453e+03 3.017966276885890142e+00
4.524849144581035034e+03 3.126804785341939841e+00
4.544899045511804616e+03 3.253759810359206917e+00
4.564948946442574197e+03 3.384956259704136716e+00
4.584998847373343779e+03 3.452118115600127712e+00
4.605048748304113360e+03 3.414199676582022391e+00
4.625098649234882942e+03 3.314949569734120693e+00
4.645148550165652523e+03 3.196279943447675631e+00
4.665198451096422104e+03 3.082614048159453279e+00
4.685248352027191686e+03 2.960429202260649539e+00
4.705298252957961267e+03 2.903780513442008271e+00
4.725348153888730849e+03 2.878834062361406598e+00
4.745398054819500430e+03 2.809631612871513973e+00
4.765447955750270012e+03 2.763902932395201351e+00
4.785497856681039593e+03 2.765350065386195766e+00
4.805547757611809175e+03 2.776167044302375597e+00
4.825597658542578756e+03 2.733666711747826383e+00
4.845647559473348338e+03 2.654215472575983448e+00
4.865697460404118829e+03 2.587832863498785052e+00
4.885747361334888410e+03 2.522660503044644731e+00
4.905797262265657992e+03 2.443791060767089185e+00
4.925847163196427573e+03 2.409738863449353286e+00
4.945897064127197154e+03 2.343135199323061357e+00
4.965946965057966736e+03 2.299241886710398752e+00
4.985996865988736317e+03 2.275056909178311493e+00
5.006046766919505899e+03 2.255601565491863525e+00
5.026096667850275480e+03 2.256590759065826290e+00
5.046146568781045062e+03 2.265243009203499192e+00
5.066196469711814643e+03 2.246930431254518190e+00
5.086246370642584225e+03 2.243390217980829160e+00
5.106296271573353806e+03 2.215485905935523192e+00
5.126346172504123388e+03 2.185501843560230917e+00
5.146396073434893879e+03 2.143947659940687700e+00
5.166445974365663460e+03 2.102144095122542744e+00
5.186495875296433042e+03 2.083014502155425607e+00
5.206545776227202623e+03 2.032108523588323834e+00
5.226595677157972204e+03 1.995609724533750962e+00
5.246645578088741786e+03 1.942792841704312545e+00
5.266695479019511367e+03 1.897907558444205778e+00
5.286745379950280949e+03 1.872627303131178422e+00
5.306795280881050530e+03 1.844906833350320019e+00
5.326845181811820112e+03 1.836203207353246603e+00
5.346895082742589693e+03 1.809285867223118238e+00
5.366944983673359275e+03 1.795407997916084408e+00
5.386994884604128856e+03 1.754553081399078618e+00
5.407044785534898438e+03 1.719508913433899000e+00
5.427094686465668019e+03 1.688785594097941711e+00
5.447144587396437601e+03 1.645156103465982289e+00
5.467194488327207182e+03 1.600500761890109702e+00
5.487244389257976763e+03 1.577506871174060743e+00
5.507294290188746345e+03 1.530956732362042994e+00
5.527344191119515926e+03 1.510236987119655705e+00
5.547394092050285508e+03 1.505133559183462921e+00
5.567443992981055089e+03 1.509123380653740076e+00
5.587493893911824671e+03 1.506958096460536689e+00
5.607543794842595162e+03 1.510751301128352875e+00
5.627593695773364743e+03 1.514481188520800270e+00
5.647643596704134325e+03 1.518727611580729775e+00
5.667693497634903906e+03 1.480002988131065900e+00
5.687743398565673488e+03 1.458263779213771816e+00
5.707793299496443069e+03 1.441280308632838514e+00
5.727843200427212651e+03 1.430377795853440714e+00
5.747893101357982232e+03 1.438934792370712756e+00
5.767943002288751813e+03 1.442280888208074208e+00
5.787992903219522304e+03 1.428045054129327918e+00
5.808042804150291886e+03 1.402231045293235612e+00
5.828092705081061467e+03 1.374646096698254105e+00
5.848142606011831049e+03 1.361526923866253069e+00
5.868192506942600630e+03 1.338401122159852630e+00
5.888242407873370212e+03 1.317544467194847746e+00
5.908292308804139793e+03 1.303962356213549389e+00
5.928342209734909375e+03 1.283502267341643632e+00
5.948392110665678956e+03 1.259279243902865941e+00
5.968442011596448538e+03 1.249636411654488910e+00
5.988491912527218119e+03 1.239246268932351569e+00
6.008541813457987701e+03 1.223264766463394437e+00
6.028591714388757282e+03 1.198144748290225436e+00
6.048641615319526863e+03 1.184119694088693775e+00
6.068691516250296445e+03 1.164090884728401054e+00
6.088741417181066026e+03 1.106275269633006930e+00
6.108791318111835608e+03 1.105897865346927356e+00
6.128841219042605189e+03 1.090829742345899467e+00
6.148891119973374771e+03 1.094494368511541582e+00
6.168941020904144352e+03 1.073352785807377474e+00
6.188990921834913934e+03 1.066433429521902010e+00
6.209040822765683515e+03 1.049409413668144886e+00
6.229090723696453097e+03 1.050869598904500268e+00
6.249140624627222678e+03 1.040836587832030702e+00
6.269190525557992260e+03 1.020459533457209522e+00
6.289240426488762751e+03 1.002760966454896652e+00
6.309290327419532332e+03 1.004488028452783954e+00
6.329340228350301913e+03 9.816399340944922391e-01
6.349390129281071495e+03 9.700578714342725783e-01
6.369440030211841076e+03 9.725516834202880823e-01
6.389489931142610658e+03 9.838904744435648109e-01
6.409539832073380239e+03 9.949182332369598258e-01
6.429589733004149821e+03 9.901983191485052016e-01
6.449639633934919402e+03 9.907717848223492885e-01
6.469689534865689893e+03 1.000598459335174439e+00
6.489739435796459475e+03 9.832234213934077927e-01
6.509789336727229056e+03 9.732781658429405791e-01
6.529839237657998638e+03 9.716960670807655021e-01
6.549889138588768219e+03 9.909361875724296276e-01
6.569939039519537801e+03 1.000000000000000000e+00
6.589988940450307382e+03 9.768897499050938071e-01
6.610038841381076963e+03 9.758508467158193422e-01
6.630088742311846545e+03 9.490893004079800077e-01
6.650138643242616126e+03 9.394000910324687981e-01
6.670188544173385708e+03 9.692741812979098759e-01
6.690238445104155289e+03 9.476441113684226369e-01
6.710288346034924871e+03 9.277497123646143429e-01
6.730338246965694452e+03 8.965834498084237492e-01
6.750388147896464034e+03 8.823615010970830008e-01
6.770438048827233615e+03 8.805416848449270084e-01
6.790487949758003197e+03 8.530842039227275464e-01
6.810537850688772778e+03 8.337885419614415872e-01
6.830587751619542360e+03 8.208148877798493448e-01
6.850637652550311941e+03 8.233945113364307122e-01
6.870687553481081522e+03 8.186207220224428482e-01
6.890737454411851104e+03 8.141029788834110992e-01
6.910787355342620685e+03 8.123478684433643737e-01
6.930837256273390267e+03 8.090056605088765673e-01
6.950887157204159848e+03 8.213294794958946321e-01
6.970937058134930339e+03 8.156695260340921516e-01
6.990986959065699921e+03 7.871101023545973296e-01
7.011036859996469502e+03 7.868168433949945806e-01
7.031086760927239084e+03 7.832999575385466429e-01
7.051136661858008665e+03 7.876574635377197042e-01
7.071186562788778247e+03 7.678133295639190115e-01
7.091236463719547828e+03 7.675256247512785013e-01
7.111286364650317410e+03 7.927003512720247613e-01
7.131336265581086991e+03 7.804056915565580343e-01
7.151386166511856572e+03 7.626365868878254295e-01
7.171436067442627063e+03 7.514033246568302404e-01
7.191485968373396645e+03 7.439679881185690125e-01
7.211535869304166226e+03 7.336497715995915492e-01
7.231585770234935808e+03 7.195844498325842942e-01
7.251635671165705389e+03 7.173228011895873557e-01
7.271685572096474971e+03 6.984500875194709080e-01
7.291735473027244552e+03 6.874142752129808187e-01
7.311785373958014134e+03 6.859052134833583114e-01
7.331835274888783715e+03 6.748255234158671012e-01
7.351885175819553297e+03 6.562585655360183567e-01
7.371935076750322878e+03 6.379315468049353566e-01
7.391984977681092460e+03 6.270798544702413935e-01
7.412034878611862041e+03 6.306022944736515701e-01
7.432084779542631622e+03 6.159843350839080411e-01
7.452134680473401204e+03 6.195573178246739365e-01
7.472184581404170785e+03 5.896285192116555995e-01
7.492234482334940367e+03 5.791292375017114136e-01
7.512284383265709948e+03 5.705919582061550477e-01
7.532334284196479530e+03 5.655940590622435815e-01
7.552384185127249111e+03 5.664791123806658391e-01
7.572434086058019602e+03 5.632554854838204283e-01
7.592483986988789184e+03 5.586494314080902024e-01
7.612533887919558765e+03 5.619024952838350684e-01
7.632583788850328347e+03 5.620041361732427410e-01
7.652633689781097928e+03 5.556920425458766744e-01
7.672683590711867510e+03 5.520945104755378141e-01
7.692733491642637091e+03 5.572672819365533936e-01
7.712783392573406672e+03 5.518667349086190388e-01
7.732833293504176254e+03 5.509914291181153834e-01
7.752883194434945835e+03 5.618627831330554878e-01
7.772933095365715417e+03 5.567049245566333404e-01
7.792982996296484998e+03 5.480583396488613035e-01
7.813032897227254580e+03 5.468450640157094256e-01
7.833082798158024161e+03 5.356577345800912493e-01
7.853132699088793743e+03 5.290482719243703169e-01
7.873182600019563324e+03 5.213272856078444706e-01
7.893232500950332906e+03 5.000705376664197344e-01
7.913282401881102487e+03 4.857743855516643006e-01
7.933332302811872978e+03 4.827181051027893410e-01
7.953382203742642560e+03 4.868866867930439768e-01
7.973432104673412141e+03 4.899418286417918100e-01
7.993482005604181722e+03 4.804435708388400950e-01
8.013531906534951304e+03 4.930542337457196056e-01
8.033581807465720885e+03 4.799661085952368622e-01
8.053631708396490467e+03 4.936903501972973451e-01
8.073681609327260048e+03 4.965510413608992812e-01
8.093731510258029630e+03 4.965276861729234215e-01
8.113781411188799211e+03 5.017586095526330725e-01
8.133831312119568793e+03 4.971065949107907889e-01
8.153881213050338374e+03 4.955339381984513736e-01
8.173931113981107956e+03 4.854565494917540414e-01
8.193981014911878447e+03 4.986322635398301450e-01
8.214030915842646209e+03 4.767692526867492453e-01
8.234080816773417610e+03 4.712835328151500636e-01
8.254130717704187191e+03 4.686825535634990825e-01
8.274180618634956772e+03 4.566311099435060861e-01
8.294230519565726354e+03 4.577762361934321622e-01
8.314280420496495935e+03 4.533497199182541793e-01
8.334330321427265517e+03 4.500450580172306592e-01
8.354380222358035098e+03 4.418154506926438851e-01
8.374430123288804680e+03 4.384772139732340812e-01
8.394480024219574261e+03 4.316545553863701534e-01
8.414529925150343843e+03 4.259168160963622829e-01
8.434579826081113424e+03 4.260436172715087455e-01
8.454629727011883006e+03 4.172488754935206878e-01
8.474679627942652587e+03 4.144338671886825254e-01
8.494729528873422169e+03 4.120794920621521085e-01
8.514779429804191750e+03 4.054668080011930575e-01
8.534829330734961331e+03 3.968780973047669192e-01
8.554879231665730913e+03 3.911404135562286943e-01
8.574929132596500494e+03 3.845065959660786681e-01
8.594979033527270076e+03 3.747947256709618369e-01
8.615028934458041476e+03 3.600980084772945622e-01
8.635078835388809239e+03 3.633238570329247463e-01
8.655128736319580639e+03 3.619908895327379472e-01
8.675178637250348402e+03 3.483447947784354959e-01
8.695228538181119802e+03 3.240475957069777202e-01
8.715278439111887565e+03 3.062051207568747824e-01
8.735328340042658965e+03 3.056713950045447103e-01
8.755378240973426728e+03 3.064318965773403236e-01
8.775428141904198128e+03 3.112596721998004967e-01
8.795478042834965891e+03 3.004354728925692775e-01
8.815527943765737291e+03 2.844019558373113155e-01
8.835577844696505053e+03 2.887424106053104178e-01
8.855627745627276454e+03 2.755596150198574845e-01
8.875677646558044216e+03 2.745979977855615983e-01
8.895727547488815617e+03 2.735454869362298203e-01
8.915777448419583379e+03 2.704618800843009430e-01
8.935827349350354780e+03 2.682754623619065248e-01
8.955877250281124361e+03 2.651854126995015215e-01
8.975927151211893943e+03 2.639519477421421456e-01
8.995977052142663524e+03 2.609449325768215533e-01
9.016026953073433106e+03 2.583277629867758440e-01
9.036076854004202687e+03 2.491440087555573113e-01
9.056126754934972269e+03 2.478654163541302580e-01
9.076176655865741850e+03 2.462042820806834564e-01
9.096226556796511431e+03 2.198559920775647880e-01
9.116276457727281013e+03 2.168674444508934540e-01
9.136326358658050594e+03 2.066475918746162599e-01
9.156376259588820176e+03 2.171595370396341429e-01
9.176426160519589757e+03 1.993609676212671766e-01
9.196476061450359339e+03 1.856049007571135834e-01
9.216525962381128920e+03 1.783385491401764111e-01
9.236575863311898502e+03 1.754863558214264374e-01
9.256625764242668083e+03 1.838703128900920913e-01
9.276675665173437665e+03 1.570270095389696974e-01
9.296725566104207246e+03 1.425929479551436285e-01
9.316775467034978647e+03 1.355128824273177657e-01
9.336825367965746409e+03 1.403100269292815727e-01
9.356875268896517809e+03 1.268481910004490565e-01
9.376925169827285572e+03 1.280932641249594439e-01
9.396975070758056972e+03 1.231234967354113002e-01
