3.739362454064669691e+03 8.971180653014878548e-01
3.769408683953585751e+03 5.568256039068957275e-01
3.799454913842501810e+03 5.121300220355983202e-01
3.829501143731417869e+03 6.163341863072849813e-01
3.859547373620333929e+03 6.942128433677434707e-01
3.889593603509249988e+03 7.995289522937323312e-01
3.919639833398166047e+03 8.108798236996229702e-01
3.949686063287081652e+03 8.408500375098750812e-01
3.979732293175997711e+03 8.219327485894329932e-01
4.009778523064913770e+03 1.020407812261092229e+00
4.039824752953829829e+03 1.099941972833710757e+00
4.069870982842745889e+03 1.028033878149413827e+00
4.099917212731661493e+03 9.836296544771259143e-01
4.129963442620577553e+03 9.718957465060323875e-01
4.160009672509493612e+03 1.025958329173093153e+00
4.190055902398409671e+03 9.417970422331386482e-01
4.220102132287325730e+03 9.769796911483568103e-01
4.250148362176241790e+03 9.203307843353067952e-01
4.280194592065157849e+03 9.246161797478186228e-01
4.310240821954073908e+03 9.161537037362689206e-01
4.340287051842989968e+03 8.585475636896305884e-01
4.370333281731906027e+03 8.622471932977895381e-01
4.400379511620822086e+03 9.122394669018064617e-01
4.430425741509738145e+03 9.606129804528292793e-01
4.460471971398654205e+03 1.009647919136018812e+00
4.490518201287570264e+03 1.037650872326587592e+00
4.520564431176486323e+03 1.105658845847102834e+00
4.550610661065402383e+03 1.158033889072392686e+00
4.580656890954318442e+03 1.219869212729623786e+00
4.610703120843234501e+03 1.263766480006886406e+00
4.640749350732150560e+03 1.322432096918771949e+00
4.670795580621066620e+03 1.350686692847230530e+00
4.700841810509982679e+03 1.295738361572039476e+00
4.730888040398898738e+03 1.274784236916532532e+00
4.760934270287813888e+03 1.223994318358798461e+00
4.790980500176729947e+03 1.118409469259064926e+00
4.821026730065646007e+03 1.046057208842030573e+00
4.851072959954562066e+03 9.130467986106070022e-01
4.881119189843478125e+03 8.957670454562771667e-01
4.911165419732394184e+03 1.038456346484809556e+00
4.941211649621310244e+03 1.269941466349489234e+00
4.971257879510226303e+03 1.407870944327499485e+00
5.001304109399142362e+03 1.470383007035000800e+00
5.031350339288058422e+03 1.294059761905081096e+00
5.061396569176974481e+03 1.193655353572619315e+00
5.091442799065890540e+03 1.104048750236314769e+00
5.121489028954806599e+03 1.139035897912251016e+00
5.151535258843722659e+03 1.112096503782396439e+00
5.181581488732638718e+03 1.091014978831033266e+00
5.211627718621554777e+03 1.138134015398869270e+00
5.241673948510470836e+03 1.174630788959001748e+00
5.271720178399386896e+03 1.191717946285764773e+00
5.301766408288302955e+03 1.294431499883591297e+00
5.331812638177219014e+03 1.321420388596175943e+00
5.361858868066135074e+03 1.346905948327985048e+00
5.391905097955051133e+03 1.329403149751124946e+00
5.421951327843967192e+03 1.357627158586247829e+00
5.451997557732883251e+03 1.343154822753010569e+00
5.482043787621799311e+03 1.430335072142691732e+00
5.512090017510715370e+03 1.434506238248613119e+00
5.542136247399631429e+03 1.384128784303408466e+00
5.572182477288546579e+03 1.352617963889536368e+00
5.602228707177462638e+03 1.321670597634771793e+00
5.632274937066378698e+03 1.243114388157437356e+00
5.662321166955294757e+03 9.698753455577182603e-01
5.692367396844210816e+03 8.262097764807766476e-01
5.722413626733126875e+03 8.902149493465231211e-01
5.752459856622042935e+03 1.094981309453002982e+00
5.782506086510958994e+03 1.260063424889400707e+00
5.812552316399875053e+03 1.445534795446660414e+00
5.842598546288791113e+03 1.604992990675860431e+00
5.872644776177707172e+03 1.615212014829121134e+00
5.902691006066623231e+03 1.548977715566109747e+00
5.932737235955539290e+03 1.552953941093795365e+00
5.962783465844455350e+03 1.468521973417519222e+00
5.992829695733371409e+03 1.389600851748086674e+00
6.022875925622286559e+03 1.305725822073387166e+00
6.052922155511202618e+03 1.251808800782333142e+00
6.082968385400118677e+03 1.211777412638076923e+00
6.113014615289034737e+03 1.154145009144714074e+00
6.143060845177950796e+03 1.187514664400733944e+00
6.173107075066866855e+03 1.173352723036043654e+00
6.203153304955782914e+03 1.171249593932769395e+00
6.233199534844698974e+03 1.143731829182214277e+00
6.263245764733615033e+03 1.138022643783188181e+00
6.293291994622531092e+03 1.121497429542319013e+00
6.323338224511447152e+03 1.121955471467962484e+00
6.353384454400363211e+03 1.100471342965055666e+00
6.383430684289279270e+03 1.112822443475101286e+00
6.413476914178195329e+03 1.102570324714922778e+00
6.443523144067111389e+03 1.060524900414512306e+00
6.473569373956027448e+03 9.042899036582571215e-01
6.503615603844943507e+03 8.868585608434697010e-01
6.533661833733859567e+03 1.000000000000000000e+00
6.563708063622775626e+03 1.249251563936213838e+00
6.593754293511691685e+03 1.295262815315715743e+00
6.623800523400607744e+03 1.281251362927657400e+00
6.653846753289523804e+03 1.298626193357523384e+00
6.683892983178439863e+03 1.307750505045575773e+00
6.713939213067355922e+03 1.412599253114922959e+00
6.743985442956271982e+03 1.244977311106929108e+00
6.774031672845188041e+03 1.202451727149204785e+00
6.804077902734104100e+03 1.169470018118825561e+00
6.834124132623020159e+03 1.014069107509978140e+00
6.864170362511936219e+03 8.925441106842870731e-01
6.894216592400852278e+03 9.687492094165495171e-01
6.924262822289768337e+03 1.054617714041263810e+00
6.954309052178684396e+03 1.146244059192662146e+00
6.984355282067600456e+03 1.211838835772716338e+00
7.014401511956516515e+03 1.256233339719359021e+00
7.044447741845431665e+03 1.308888954472754440e+00
7.074493971734347724e+03 1.206698340575074191e+00
7.104540201623263783e+03 1.129128111324308348e+00
7.134586431512179843e+03 1.156774764589108662e+00
7.164632661401095902e+03 1.105169825538287798e+00
7.194678891290011961e+03 1.091124878724371916e+00
7.224725121178928021e+03 1.105992980371059309e+00
7.254771351067844080e+03 1.111441904160100247e+00
7.284817580956760139e+03 1.101933826594019505e+00
7.314863810845676198e+03 1.105035505153929787e+00
7.344910040734592258e+03 1.082838470289618549e+00
7.374956270623508317e+03 1.070975067009905413e+00
7.405002500512424376e+03 1.034403240818382530e+00
7.555233649957003763e+03 9.594237009441133335e-01
7.585279879845919822e+03 9.138941032578294932e-01
7.615326109734835882e+03 8.802452519220641536e-01
7.645372339623751941e+03 8.609991629298413551e-01
7.675418569512668000e+03 9.250235533846180580e-01
7.705464799401584060e+03 9.583078444400172646e-01
7.735511029290500119e+03 9.888533332948293841e-01
7.765557259179416178e+03 9.739732820718633999e-01
7.795603489068332237e+03 9.793580237589509796e-01
7.825649718957248297e+03 9.839123047607032380e-01
7.855695948846164356e+03 1.000142315627214895e+00
7.885742178735080415e+03 9.715405673241511719e-01
7.915788408623996474e+03 9.534800822339073445e-01
7.945834638512912534e+03 9.537275736908608081e-01
7.975880868401828593e+03 9.714115215009926363e-01
8.005927098290744652e+03 9.787438746270180623e-01
8.035973328179660712e+03 9.429220115407900282e-01
8.066019558068576771e+03 9.457956374315478199e-01
8.096065787957492830e+03 9.095609209713092502e-01
8.126112017846408889e+03 9.358365764861514835e-01
8.156158247735324949e+03 9.225668731307334891e-01
8.186204477624241008e+03 8.966546838969372546e-01
8.216250707513157977e+03 8.760318259236968830e-01
8.246296937402072217e+03 8.203053662407122637e-01
8.276343167290988276e+03 6.858320983017462957e-01
8.306389397179904336e+03 6.215075314893330205e-01
8.336435627068820395e+03 6.306263977250493591e-01
8.366481856957736454e+03 6.857337558823242141e-01
8.396528086846652513e+03 6.898122574716012423e-01
8.426574316735568573e+03 6.662799269779530187e-01
8.456620546624484632e+03 6.993973652200924374e-01
8.486666776513400691e+03 7.391862040651071553e-01
8.516713006402316751e+03 8.295739669586582599e-01
8.546759236291232810e+03 8.534569048424254234e-01
8.576805466180148869e+03 9.496939684722353059e-01
8.606851696069064928e+03 9.946641811078975604e-01
8.636897925957980988e+03 9.739561893785988467e-01
8.666944155846897047e+03 9.485381623932945816e-01
8.696990385735813106e+03 9.595386458696335552e-01
8.727036615624729166e+03 9.515548133715432400e-01
8.757082845513645225e+03 9.028899574139380713e-01
8.787129075402561284e+03 7.958692110268411612e-01
8.817175305291477343e+03 7.725817738079415742e-01
8.847221535180393403e+03 7.897652631600498019e-01
8.877267765069309462e+03 7.568236297806478774e-01
8.907313994958225521e+03 7.350036276870997032e-01
8.937360224847141581e+03 7.163075156138718480e-01
8.967406454736057640e+03 7.228223738416392763e-01
8.997452684624971880e+03 7.257211702963134448e-01
9.027498914513889758e+03 8.483565570873311534e-01
9.057545144402803999e+03 8.702873798288394136e-01
9.087591374291721877e+03 7.560142256645981940e-01
9.117637604180636117e+03 8.489925676302736424e-01
9.147683834069553996e+03 8.422092421286431208e-01
9.177730063958468236e+03 9.053618086069549209e-01
9.207776293847386114e+03 7.218917319601277915e-01
9.237822523736300354e+03 8.076751281969741791e-01
9.267868753625218233e+03 6.805734388593970285e-01
9.297914983514132473e+03 7.539582326156823999e-01
9.327961213403050351e+03 8.255310679591576495e-01
9.358007443291964591e+03 8.475158282960917333e-01
9.388053673180882470e+03 7.138965403981420987e-01
9.418099903069796710e+03 6.808692426022213695e-01
9.448146132958714588e+03 6.716598613705304643e-01
9.478192362847628829e+03 6.552411377941864679e-01
9.508238592736546707e+03 6.832957124079113154e-01
