3.696924977624608800e+03 7.250022167082095237e-01
3.706928637049935787e+03 6.502423835547931352e-01
3.716932296475262774e+03 4.930765986453919392e-01
3.726935955900589306e+03 9.790498789841518557e-01
3.736939615325915838e+03 2.835035624494789963e-01
3.746943274751242825e+03 1.295699023100210512e-01
3.756946934176569357e+03 1.076709832660814742e-01
3.766950593601895889e+03 1.679275396790769759e-01
3.776954253027222876e+03 1.147979933747400455e-01
3.786957912452549408e+03 1.358119649699114292e-02
3.796961571877875940e+03 2.995004548356844723e-02
3.806965231303202927e+03 1.057705723423310595e-01
3.816968890728529914e+03 1.277932986447820329e-01
3.826972550153855991e+03 2.325566644569956598e-01
3.836976209579182978e+03 2.060888869497579101e-01
3.846979869004509965e+03 1.922729539548654609e-01
3.856983528429836497e+03 1.650047688548039737e-01
3.866987187855163029e+03 1.980754281296284169e-01
3.876990847280490016e+03 1.834611517781284118e-01
3.886994506705816548e+03 3.378667244652807655e-01
3.896998166131143080e+03 4.032082922245381895e-01
3.907001825556470067e+03 3.799169520238663833e-01
3.917005484981797053e+03 4.292431430998917552e-01
3.927009144407123131e+03 5.700247567602564347e-01
3.937012803832450118e+03 5.774461551020179106e-01
3.947016463257777104e+03 6.318692737970077467e-01
3.957020122683103182e+03 6.770197495799984422e-01
3.967023782108430169e+03 7.093100337361878394e-01
3.977027441533757155e+03 8.397129961028159117e-01
3.987031100959083687e+03 6.846529667062155600e-01
3.997034760384410220e+03 6.360104131334214372e-01
4.007038419809737206e+03 6.796380455623847183e-01
4.017042079235063738e+03 5.796642707452221988e-01
4.027045738660390271e+03 7.172460836982106347e-01
4.037049398085717257e+03 7.668529639851769941e-01
4.047053057511044244e+03 6.790708497475298477e-01
4.057056716936370321e+03 6.462053943183775351e-01
4.067060376361697308e+03 6.465783642710736245e-01
4.077064035787024295e+03 6.405184235428017514e-01
4.087067695212350372e+03 5.509699799065369552e-01
4.097071354637677359e+03 5.821573051208540628e-01
4.107075014063004346e+03 7.219121958359664415e-01
4.117078673488331333e+03 5.241475760002515250e-01
4.127082332913657410e+03 5.739730776682950841e-01
4.137085992338984397e+03 5.972065254259950606e-01
4.147089651764310474e+03 5.279415483366712847e-01
4.157093311189637461e+03 5.088534622167363297e-01
4.167096970614964448e+03 4.671758762096307471e-01
4.177100630040291435e+03 4.248827255799683122e-01
4.187104289465617512e+03 5.318072997960628934e-01
4.197107948890944499e+03 5.692853848791882276e-01
4.207111608316271486e+03 6.081420513535057415e-01
4.217115267741597563e+03 6.443649400738151733e-01
4.227118927166924550e+03 6.635895472707747933e-01
4.237122586592251537e+03 5.624377503766058162e-01
4.247126246017578524e+03 5.887788119288458466e-01
4.257129905442904601e+03 5.572809129929126026e-01
4.267133564868231588e+03 6.094469770433474931e-01
4.277137224293557665e+03 7.028435792167069263e-01
4.287140883718884652e+03 8.429927859635690801e-01
4.297144543144211639e+03 8.723110391130539654e-01
4.307148202569538626e+03 9.029541565976508810e-01
4.317151861994864703e+03 7.808362877714177808e-01
4.327155521420191690e+03 6.851519019825581536e-01
4.337159180845518677e+03 7.889022907861409362e-01
4.347162840270844754e+03 9.893752823664029306e-01
4.357166499696171741e+03 8.328953868542869898e-01
4.367170159121498727e+03 7.938695937536213165e-01
4.377173818546825714e+03 8.369685002244857674e-01
4.387177477972151792e+03 8.012895846615990525e-01
4.397181137397478778e+03 7.879982491523730426e-01
4.407184796822804856e+03 7.922895147590544029e-01
4.417188456248131843e+03 7.843393904591940968e-01
4.427192115673458829e+03 8.096420004513171786e-01
4.437195775098785816e+03 8.449059576202921917e-01
4.447199434524111894e+03 8.075071579736519123e-01
4.457203093949438880e+03 8.647090201023769351e-01
4.467206753374765867e+03 9.326092555660489003e-01
4.477210412800091945e+03 9.019431499963174170e-01
4.487214072225418931e+03 9.608100062912290351e-01
4.497217731650745918e+03 1.121246432741789034e+00
4.507221391076072905e+03 1.303936733036552775e+00
4.517225050501398982e+03 1.556818336422650439e+00
4.527228709926725969e+03 2.061542387917838060e+00
4.537232369352052046e+03 2.327180971119928277e+00
4.547236028777379033e+03 2.244202897530845231e+00
4.557239688202706020e+03 2.120276007147887221e+00
4.567243347628033007e+03 2.183951126392714492e+00
4.577247007053359084e+03 2.187749321030485472e+00
4.587250666478686071e+03 1.940750790860500397e+00
4.597254325904013058e+03 1.856178094794418643e+00
4.607257985329339135e+03 1.680458579458316448e+00
4.617261644754666122e+03 1.568943378469734862e+00
4.627265304179993109e+03 1.463441672894561396e+00
4.637268963605320096e+03 1.369575691554318464e+00
4.647272623030646173e+03 1.310945518707375079e+00
4.657276282455973160e+03 1.285259148436880716e+00
4.667279941881300147e+03 1.326127272360487108e+00
4.677283601306626224e+03 1.270963374350645214e+00
4.687287260731953211e+03 1.245892287215950578e+00
4.697290920157280198e+03 1.191980536129060075e+00
4.707294579582606275e+03 1.158488772666134814e+00
4.717298239007933262e+03 1.173995878095592138e+00
4.727301898433260249e+03 1.127331707278168560e+00
4.737305557858586326e+03 1.124552729272136453e+00
4.747309217283913313e+03 1.077984498524305668e+00
4.757312876709240300e+03 1.090061687822742043e+00
4.767316536134567286e+03 1.095159412987517511e+00
4.777320195559893364e+03 1.049497100451833198e+00
4.787323854985220350e+03 1.067848629558267648e+00
4.797327514410547337e+03 1.048928731775491840e+00
4.807331173835873415e+03 9.856845218407920273e-01
4.817334833261200401e+03 1.033449071304817890e+00
4.827338492686527388e+03 1.020412950455046985e+00
4.837342152111853466e+03 1.001520028486459823e+00
4.847345811537180452e+03 1.006703607112044541e+00
4.857349470962507439e+03 1.099433320244199264e+00
4.867353130387833517e+03 1.516471197571332752e+00
4.877356789813160503e+03 1.096468326406413452e+00
4.887360449238487490e+03 1.174470183280718949e+00
4.897364108663814477e+03 1.149210030874405764e+00
4.907367768089140554e+03 1.135091593444924163e+00
4.917371427514467541e+03 1.092672008347020718e+00
4.927375086939794528e+03 1.027947412644103720e+00
4.937378746365120605e+03 9.623370719466075585e-01
4.947382405790447592e+03 1.003567375497234737e+00
4.957386065215774579e+03 1.151235328089235121e+00
4.967389724641100656e+03 1.225615388693333863e+00
4.977393384066427643e+03 1.231054651122968080e+00
4.987397043491754630e+03 1.329301973832053063e+00
4.997400702917080707e+03 1.336952314735972314e+00
5.007404362342407694e+03 1.547917725174158043e+00
5.017408021767734681e+03 1.482996792458407098e+00
5.027411681193061668e+03 1.290952687236780694e+00
5.037415340618387745e+03 1.261944069519722822e+00
5.047419000043714732e+03 1.193707926526326846e+00
5.057422659469041719e+03 1.103808093588717121e+00
5.067426318894367796e+03 1.065628637336685003e+00
5.077429978319694783e+03 1.009279210936323556e+00
5.087433637745021770e+03 9.959404918230444492e-01
5.097437297170347847e+03 9.975637321203130181e-01
5.107440956595674834e+03 1.186689992535909566e+00
5.117444616021001821e+03 1.311115583622912917e+00
5.127448275446327898e+03 1.457834925844659457e+00
5.137451934871654885e+03 1.586290468999159931e+00
5.147455594296981872e+03 1.634559818046960489e+00
5.157459253722308858e+03 1.652452992884483995e+00
5.167462913147634936e+03 1.790521074209761254e+00
5.177466572572961923e+03 1.829434038035429033e+00
5.187470231998288909e+03 1.821497049784217337e+00
5.197473891423614987e+03 1.854248503076884935e+00
5.207477550848941974e+03 1.934425314291692510e+00
5.217481210274268960e+03 1.990728295377190094e+00
5.227484869699595038e+03 2.002013568599964710e+00
5.237488529124922024e+03 1.973743853619380317e+00
5.247492188550249011e+03 1.887888985376294126e+00
5.257495847975575089e+03 1.859057235171394984e+00
5.267499507400902075e+03 1.851171383680993099e+00
5.277503166826229062e+03 1.858741500859238727e+00
5.287506826251556049e+03 1.828290732658421902e+00
5.297510485676882126e+03 1.833414260775899418e+00
5.307514145102209113e+03 1.759475665235306741e+00
5.317517804527536100e+03 1.743288769288293683e+00
5.327521463952862177e+03 1.690902676422997741e+00
5.337525123378189164e+03 1.655113981024977976e+00
5.347528782803516151e+03 1.574851316349360930e+00
5.357532442228842228e+03 1.576764018861489314e+00
5.367536101654169215e+03 1.538372040108109573e+00
5.377539761079496202e+03 1.530825849304187969e+00
5.387543420504822279e+03 1.470088044366066216e+00
5.397547079930149266e+03 1.440420278493614203e+00
5.407550739355476253e+03 1.422467991437172952e+00
5.417554398780803240e+03 1.404911662418562468e+00
5.427558058206129317e+03 1.344327267762870148e+00
5.437561717631456304e+03 1.278806064538345222e+00
5.447565377056783291e+03 1.297471920523152855e+00
5.457569036482109368e+03 1.298885922331235898e+00
5.467572695907436355e+03 1.303024246800082109e+00
5.477576355332763342e+03 1.314323125216099619e+00
5.487580014758089419e+03 1.311287759689125920e+00
5.497583674183416406e+03 1.377429172067693885e+00
5.507587333608743393e+03 1.440166940412537899e+00
5.517590993034070380e+03 1.507079157360011079e+00
5.527594652459396457e+03 1.584412014042436256e+00
5.537598311884723444e+03 1.499277282752039753e+00
5.547601971310050430e+03 1.448173831208342754e+00
5.557605630735376508e+03 1.264974743600750573e+00
5.567609290160703495e+03 1.160313275994481197e+00
5.577612949586030481e+03 1.125516821414011437e+00
5.587616609011356559e+03 1.065265050275880698e+00
5.597620268436683546e+03 9.493459889779171101e-01
5.607623927862010532e+03 8.505173961161396345e-01
5.617627587287336610e+03 8.542025269066154669e-01
5.627631246712663597e+03 8.208444696531473905e-01
5.637634906137990583e+03 7.941445124860488924e-01
5.647638565563317570e+03 8.142417286289390654e-01
5.657642224988643648e+03 8.091566703682174788e-01
5.667645884413970634e+03 7.963204051157403152e-01
5.677649543839297621e+03 7.468054771693130034e-01
5.687653203264623698e+03 7.166244671103836339e-01
5.697656862689950685e+03 6.765346540691958843e-01
5.707660522115277672e+03 6.113578029770977418e-01
5.717664181540603749e+03 5.079634949208060579e-01
5.727667840965930736e+03 4.568951823072437413e-01
5.737671500391257723e+03 4.118538764714133604e-01
5.747675159816583800e+03 4.400921118497011508e-01
5.757678819241910787e+03 4.072854871527098464e-01
5.767682478667237774e+03 4.537469875052720369e-01
5.777686138092564761e+03 5.013387041006521772e-01
5.787689797517890838e+03 5.730371342020953440e-01
5.797693456943217825e+03 7.524952628124562670e-01
5.807697116368544812e+03 8.443068599730054746e-01
5.817700775793870889e+03 1.007740416666080163e+00
5.827704435219197876e+03 1.312519029677617910e+00
5.837708094644524863e+03 1.539696435298627097e+00
5.847711754069851850e+03 1.884848459258779751e+00
5.857715413495177927e+03 1.857228040397102875e+00
5.867719072920504914e+03 1.929630187390425577e+00
5.877722732345830991e+03 2.207590853369326034e+00
5.887726391771157978e+03 2.320072023078160850e+00
5.897730051196484965e+03 2.148742762858197874e+00
5.907733710621811952e+03 2.530540140246085201e+00
5.917737370047138029e+03 2.498178076966924177e+00
5.927741029472465016e+03 2.268372288754744837e+00
5.937744688897792003e+03 2.075168692667598513e+00
5.947748348323118080e+03 1.926338199770213144e+00
5.957752007748445067e+03 1.797311707644101642e+00
5.967755667173772054e+03 1.629728567011910378e+00
5.977759326599099040e+03 1.437911527774063947e+00
5.987762986024425118e+03 1.325655312898333271e+00
5.997766645449752104e+03 1.219827551829921974e+00
6.007770304875078182e+03 1.089438663801131524e+00
6.017773964300405169e+03 1.024153440307683960e+00
6.027777623725732155e+03 1.015884297683504967e+00
6.037781283151059142e+03 9.321776425390293497e-01
6.047784942576385220e+03 9.109690228515642252e-01
6.057788602001712206e+03 8.819153672534257860e-01
6.067792261427039193e+03 8.961937829896615693e-01
6.077795920852365271e+03 8.436885273973406818e-01
6.087799580277692257e+03 9.406283441213133534e-01
6.097803239703019244e+03 9.506544332522182117e-01
6.107806899128346231e+03 9.571910248885899808e-01
6.117810558553672308e+03 9.660388573701912396e-01
6.127814217978999295e+03 9.762908396233895836e-01
6.137817877404325372e+03 1.054731815838227726e+00
6.147821536829652359e+03 1.162231139097150034e+00
6.157825196254979346e+03 1.290820388461107360e+00
6.167828855680306333e+03 1.295979571567773325e+00
6.177832515105632410e+03 1.442629011244927151e+00
6.187836174530959397e+03 1.657630941774933753e+00
6.197839833956286384e+03 2.124111733353224896e+00
6.207843493381612461e+03 2.916522287417683046e+00
6.217847152806939448e+03 3.791608316807715262e+00
6.227850812232266435e+03 4.857039913414673116e+00
6.237854471657593422e+03 6.018440197434810734e+00
6.247858131082919499e+03 6.700984593760658470e+00
6.257861790508246486e+03 6.890495552743815644e+00
6.267865449933572563e+03 6.350057399841148253e+00
6.277869109358899550e+03 6.640145922734700612e+00
6.287872768784226537e+03 7.730578703931761275e+00
6.297876428209553524e+03 8.894160510316725166e+00
6.307880087634879601e+03 9.035387107625055592e+00
6.317883747060206588e+03 8.828921262993548069e+00
6.327887406485533575e+03 7.604331893528572195e+00
6.337891065910859652e+03 6.271696178207388783e+00
6.347894725336186639e+03 5.741368091318056699e+00
6.357898384761513626e+03 5.790187277830713519e+00
6.367902044186840612e+03 5.307231066379737960e+00
6.377905703612166690e+03 4.739453512227550291e+00
6.387909363037493677e+03 4.341291433091302387e+00
6.397913022462819754e+03 3.563172430811728297e+00
6.407916681888146741e+03 3.113714081703407910e+00
6.417920341313473727e+03 2.799861977660272672e+00
6.427924000738800714e+03 2.610838459910890919e+00
6.437927660164126792e+03 2.410136056623875866e+00
6.447931319589453778e+03 2.265045584434532966e+00
6.457934979014780765e+03 2.132575570984157842e+00
6.467938638440106843e+03 2.005401261717472572e+00
6.477942297865433829e+03 1.889360222824916669e+00
6.487945957290760816e+03 1.830185842248253758e+00
6.497949616716087803e+03 1.804105390518306207e+00
6.507953276141413880e+03 1.749069099838191921e+00
6.517956935566740867e+03 1.728433305700716849e+00
6.527960594992066945e+03 1.673802825094919511e+00
6.537964254417393931e+03 1.663770637084285076e+00
6.547967913842720918e+03 2.118066336107385705e+00
6.557971573268047905e+03 3.064514184352245429e+00
6.567975232693373982e+03 4.293884840952945758e+00
6.577978892118700969e+03 2.075346029324352415e+00
6.587982551544027956e+03 3.287855394623321548e+00
6.597986210969354033e+03 1.563271420321185712e+00
6.607989870394681020e+03 1.494963967349412837e+00
6.617993529820008007e+03 1.461619515289187765e+00
6.627997189245334994e+03 1.424757886203349200e+00
6.638000848670661071e+03 1.341277593325761464e+00
6.648004508095988058e+03 1.234436245360746476e+00
6.658008167521314135e+03 1.209632101500371482e+00
6.668011826946641122e+03 1.166536009897074289e+00
6.678015486371968109e+03 1.126410541866698312e+00
6.688019145797295096e+03 1.000000000000000000e+00
6.698022805222621173e+03 9.845876617786492035e-01
6.708026464647948160e+03 9.347511352126328665e-01
6.718030124073275147e+03 1.373840215919108321e+00
6.728033783498601224e+03 1.089005643340328344e+00
6.738037442923928211e+03 9.577478995223638325e-01
6.748041102349255198e+03 7.355727481411319379e-01
6.758044761774582184e+03 6.943884207607742276e-01
6.768048421199908262e+03 6.501185293818222410e-01
6.778052080625235249e+03 6.334277721402236105e-01
6.788055740050561326e+03 6.008212845272828950e-01
6.798059399475888313e+03 6.038923050434451545e-01
6.808063058901215300e+03 5.808150824357424247e-01
6.818066718326542286e+03 5.441678524296295061e-01
6.828070377751868364e+03 5.815460097141079698e-01
6.838074037177195351e+03 5.551950961253817596e-01
6.848077696602522337e+03 5.469784976957963174e-01
6.858081356027848415e+03 5.226043248563596588e-01
6.868085015453175401e+03 4.832710074739425266e-01
6.878088674878502388e+03 5.094544364424015148e-01
6.888092334303829375e+03 5.009089676520110945e-01
6.898095993729155452e+03 5.236315169462064656e-01
6.908099653154482439e+03 5.528634474902875962e-01
6.918103312579809426e+03 5.803881608546688220e-01
6.928106972005135503e+03 6.157344528999939559e-01
6.938110631430462490e+03 7.169533374711886120e-01
6.948114290855789477e+03 7.472117563882246793e-01
6.958117950281115554e+03 7.929632063968803379e-01
6.968121609706442541e+03 7.970208379954578648e-01
6.978125269131769528e+03 8.271469581368204871e-01
6.988128928557095605e+03 8.412137896608976595e-01
6.998132587982422592e+03 9.233239457499957670e-01
7.008136247407749579e+03 9.490401067022466997e-01
7.018139906833076566e+03 1.020152575205051315e+00
7.028143566258402643e+03 1.087595394689001793e+00
7.038147225683729630e+03 1.152125295385165504e+00
7.048150885109056617e+03 1.230371576593250360e+00
7.058154544534382694e+03 1.346551013141209285e+00
7.068158203959709681e+03 1.516151475530121751e+00
7.078161863385036668e+03 1.649183993349406352e+00
7.088165522810362745e+03 1.758181295298842706e+00
7.098169182235689732e+03 1.788873672965871187e+00
7.108172841661016719e+03 1.854192205725534670e+00
7.118176501086342796e+03 1.851820679799900615e+00
7.128180160511669783e+03 1.998471057766243009e+00
7.138183819936996770e+03 2.249135014653731446e+00
7.148187479362323757e+03 2.463838334649283812e+00
7.158191138787649834e+03 2.687586293283867001e+00
7.168194798212976821e+03 2.879352430333200985e+00
7.178198457638303807e+03 3.300970331764983445e+00
7.188202117063629885e+03 3.631901644774034210e+00
7.198205776488956872e+03 4.128331219836934629e+00
7.208209435914283858e+03 4.799499328888657601e+00
7.218213095339610845e+03 5.679084454940773519e+00
7.228216754764936923e+03 7.008996785890382775e+00
7.238220414190263909e+03 8.960431875747993047e+00
7.248224073615589987e+03 9.848729016921577539e+00
7.258227733040916974e+03 1.000387044290533822e+01
7.268231392466243960e+03 1.056974796144945117e+01
7.278235051891570947e+03 1.140701155362393138e+01
7.288238711316897025e+03 1.067682083227189516e+01
7.298242370742224011e+03 9.465569243631010821e+00
7.308246030167550998e+03 9.369263241254325081e+00
7.318249689592877075e+03 8.857623529290339803e+00
7.328253349018204062e+03 7.869009199456355574e+00
7.338257008443531049e+03 7.441393284382786355e+00
7.348260667868858036e+03 7.034682452443986378e+00
7.358264327294184113e+03 6.340385984023749977e+00
7.368267986719511100e+03 5.555183367510517556e+00
7.378271646144837177e+03 4.368228308278666816e+00
7.388275305570164164e+03 3.578728327279022459e+00
7.398278964995491151e+03 2.969136853700542478e+00
7.408282624420818138e+03 2.428226741335720362e+00
7.418286283846144215e+03 1.968600621428929998e+00
7.428289943271471202e+03 1.649451874912915006e+00
7.438293602696798189e+03 1.480436904978046586e+00
7.448297262122124266e+03 1.286830313684150351e+00
7.458300921547451253e+03 1.228369736608150520e+00
7.468304580972778240e+03 1.148282062866313957e+00
7.478308240398105227e+03 1.107255837214332184e+00
7.488311899823431304e+03 1.042992879792488115e+00
7.498315559248758291e+03 9.776602726949871203e-01
7.508319218674084368e+03 8.942473020667227601e-01
7.518322878099411355e+03 8.525075074863749380e-01
7.528326537524738342e+03 7.391720254707982996e-01
7.538330196950065329e+03 6.777065772664727650e-01
7.648370450628658546e+03 8.606917349389339167e-01
7.658374110053985532e+03 9.086275221799836599e-01
7.668377769479312519e+03 9.443718834138151719e-01
7.678381428904638597e+03 1.040455276680370522e+00
7.688385088329965583e+03 1.115130429234463927e+00
7.698388747755292570e+03 1.216791717158353547e+00
7.708392407180618648e+03 1.329485878513130714e+00
7.718396066605945634e+03 1.341531165979135576e+00
7.728399726031272621e+03 1.379762697281166517e+00
7.738403385456599608e+03 1.310562696718192921e+00
7.748407044881925685e+03 1.369123905309731937e+00
7.758410704307252672e+03 1.456246402247390215e+00
7.768414363732578749e+03 1.499980061354730276e+00
7.778418023157905736e+03 1.495308788626434016e+00
7.788421682583232723e+03 1.775039537160708836e+00
7.798425342008559710e+03 1.509886518614015793e+00
7.808429001433886697e+03 1.391153997182317692e+00
7.818432660859212774e+03 1.271916207022250278e+00
7.828436320284538851e+03 1.192592769824994958e+00
7.838439979709865838e+03 1.156378560279685441e+00
7.848443639135192825e+03 1.084835886183644682e+00
7.858447298560519812e+03 1.034211431271020665e+00
7.868450957985846799e+03 1.000860411186471399e+00
7.878454617411173786e+03 1.029325290318403807e+00
7.888458276836499863e+03 9.357525243497772927e-01
7.898461936261825940e+03 9.308114934795939099e-01
7.908465595687152927e+03 8.969828841977558476e-01
7.918469255112479914e+03 8.375286588704219382e-01
7.928472914537806901e+03 8.877125870087294590e-01
7.938476573963133887e+03 8.864745144236160224e-01
7.948480233388459965e+03 8.714299855644208614e-01
7.958483892813786042e+03 8.511725565424795859e-01
7.968487552239113029e+03 8.274429883760044957e-01
7.978491211664440016e+03 8.237414375247180676e-01
7.988494871089767003e+03 7.803019320781838797e-01
7.998498530515093989e+03 7.966136204873568438e-01
8.008502189940420976e+03 7.784680458579458229e-01
8.018505849365747054e+03 7.782208066565988736e-01
8.028509508791073131e+03 7.804234405281817999e-01
8.038513168216400118e+03 7.638415248325272078e-01
8.048516827641727104e+03 7.483067398719892571e-01
8.058520487067054091e+03 7.362455014897686389e-01
8.068524146492381078e+03 7.066776634159638304e-01
8.078527805917707155e+03 7.068826796037981364e-01
8.088531465343033233e+03 6.157180328391833601e-01
8.098535124768360220e+03 5.778374216939028418e-01
8.108538784193687206e+03 5.496103988714258204e-01
8.118542443619014193e+03 4.909851520427259697e-01
8.128546103044341180e+03 4.970798094709972803e-01
8.138549762469668167e+03 5.018904181438857970e-01
8.148553421894994244e+03 4.922537190264874019e-01
8.158557081320320322e+03 5.076970207910810329e-01
8.168560740745647308e+03 4.816505820442412711e-01
8.178564400170974295e+03 3.825949231986841559e-01
8.188568059596301282e+03 3.636457507932062683e-01
8.198571719021627359e+03 3.876969175792702171e-01
8.208575378446954346e+03 3.669707192784180672e-01
8.218579037872281333e+03 3.313237055479631987e-01
8.228582697297606501e+03 2.810950210153321249e-01
8.238586356722935307e+03 2.934291138937640819e-01
8.248590016148260474e+03 2.865613061736145273e-01
8.258593675573589280e+03 2.534983408701412810e-01
8.268597334998914448e+03 2.310408582718871395e-01
8.278600994424241435e+03 2.279970012277514058e-01
8.288604653849568422e+03 2.559678241871249371e-01
8.298608313274893590e+03 2.938923472664586867e-01
8.308611972700222395e+03 2.763599915366315440e-01
8.318615632125547563e+03 3.147904401467672142e-01
8.328619291550876369e+03 3.236165981480986775e-01
8.338622950976201537e+03 3.688353813840610784e-01
8.348626610401526705e+03 3.587855066222105371e-01
8.358630269826855510e+03 3.652072985762869206e-01
8.368633929252180678e+03 3.681076442889387179e-01
8.378637588677509484e+03 3.865872967841545993e-01
8.388641248102834652e+03 4.516183377362554263e-01
8.398644907528163458e+03 4.909755345785369873e-01
8.408648566953488626e+03 5.939117229382151475e-01
8.418652226378813793e+03 7.254040390534727267e-01
8.428655885804142599e+03 8.520332023012481271e-01
8.438659545229467767e+03 1.011505771182230395e+00
8.448663204654796573e+03 1.297112086619104820e+00
8.458666864080121741e+03 1.654515352522285765e+00
8.468670523505448728e+03 1.861655827080808789e+00
8.478674182930775714e+03 2.007225765045819177e+00
8.488677842356100882e+03 2.276612344414059574e+00
8.498681501781429688e+03 2.233900482233729168e+00
8.508685161206754856e+03 2.208935421777410646e+00
8.518688820632083662e+03 2.236066991971529028e+00
8.528692480057408829e+03 2.372665946998858466e+00
8.538696139482735816e+03 2.414909133729197688e+00
8.548699798908062803e+03 2.529585430996101891e+00
8.558703458333387971e+03 2.845977953018922424e+00
8.568707117758716777e+03 3.305448316920310159e+00
8.578710777184041945e+03 3.805055408322343791e+00
8.588714436609370750e+03 4.316848530568758058e+00
8.598718096034695918e+03 5.088717588559252825e+00
8.608721755460021086e+03 5.577885274442550667e+00
8.618725414885349892e+03 6.005055502151262381e+00
8.628729074310675060e+03 6.217861835978605534e+00
8.638732733736003865e+03 6.415139483725140757e+00
8.648736393161329033e+03 6.384959411955399844e+00
8.658740052586657839e+03 6.426600686170884202e+00
8.668743712011983007e+03 6.380788716509527170e+00
8.678747371437308175e+03 6.403415560306426890e+00
8.688751030862636981e+03 6.190376999904763977e+00
8.698754690287962148e+03 5.999247492070283627e+00
8.708758349713290954e+03 5.891705476653254614e+00
8.718762009138616122e+03 5.879001041031855834e+00
8.728765668563943109e+03 5.596988842334106984e+00
8.738769327989270096e+03 5.542478931889117888e+00
8.748772987414595264e+03 5.657072190562781877e+00
8.758776646839924069e+03 5.695368463818865301e+00
8.768780306265249237e+03 5.426189715506027689e+00
8.778783965690578043e+03 4.975972759588260352e+00
8.788787625115903211e+03 4.431063189554589776e+00
8.798791284541230198e+03 4.117878209124956612e+00
8.808794943966557184e+03 3.852628077647183957e+00
8.818798603391882352e+03 3.498898213919614530e+00
8.828802262817211158e+03 3.213417629234088579e+00
8.838805922242536326e+03 2.975687519674751425e+00
8.848809581667865132e+03 2.760997804872441730e+00
8.858813241093190300e+03 2.486871223092798289e+00
8.868816900518515467e+03 2.204857147816671858e+00
8.878820559943844273e+03 1.864129157383468183e+00
8.888824219369169441e+03 1.640465410203613361e+00
8.898827878794498247e+03 1.512027225399113162e+00
8.908831538219823415e+03 1.315367910228243620e+00
8.918835197645152221e+03 1.160570367232314437e+00
8.928838857070477388e+03 1.069709257020397208e+00
8.938842516495802556e+03 8.956692793329138480e-01
8.948846175921131362e+03 8.571670515998066620e-01
8.958849835346456530e+03 8.138969073519181086e-01
8.968853494771785336e+03 7.783549820106505646e-01
8.978857154197110503e+03 8.009499239751185495e-01
8.988860813622437490e+03 8.089976303506527522e-01
8.998864473047764477e+03 8.101301454019842474e-01
9.008868132473089645e+03 7.605729944420440702e-01
9.018871791898418451e+03 8.385589004001334779e-01
9.028875451323743619e+03 7.615915073568908511e-01
9.038879110749072424e+03 7.596647305069248457e-01
9.048882770174397592e+03 7.354667214627553795e-01
9.058886429599724579e+03 7.795925854511694952e-01
9.068890089025051566e+03 1.135799767210452282e+00
9.078893748450376734e+03 7.767711498593271591e-01
9.088897407875705539e+03 7.370003551424582078e-01
9.098901067301030707e+03 7.403509858369939911e-01
9.108904726726359513e+03 8.205639211855847437e-01
9.118908386151684681e+03 8.040195370574970690e-01
9.128912045577009849e+03 7.973900547913971293e-01
9.138915705002338655e+03 8.427420281777627808e-01
9.148919364427663822e+03 8.808940394710114141e-01
9.158923023852992628e+03 9.026679783949530522e-01
9.168926683278317796e+03 9.192789810554721219e-01
9.178930342703646602e+03 9.620415108520181668e-01
9.188934002128971770e+03 9.976786725459867444e-01
9.198937661554296938e+03 1.036845678169623142e+00
9.208941320979625743e+03 1.087541677632921644e+00
9.218944980404950911e+03 1.112564208302076807e+00
9.228948639830279717e+03 1.327339541992898164e+00
9.238952299255604885e+03 1.353399116788386536e+00
9.248955958680933691e+03 1.382634331344629430e+00
9.258959618106258858e+03 1.492649677064318281e+00
9.268963277531584026e+03 1.614136546410833040e+00
9.278966936956912832e+03 1.857830891201146306e+00
9.288970596382238000e+03 1.840049138204836954e+00
9.298974255807566806e+03 1.642274431760338382e+00
9.308977915232891974e+03 1.616128065214851972e+00
9.318981574658218960e+03 2.142294370405608550e+00
9.328985234083545947e+03 2.212034121824653532e+00
9.338988893508871115e+03 1.439624609261195953e+00
9.348992552934199921e+03 1.449022982924544234e+00
9.358996212359525089e+03 1.406144574413135118e+00
9.368999871784853894e+03 1.418358284788596713e+00
9.379003531210179062e+03 1.293851531686729839e+00
9.389007190635506049e+03 1.099436135111766744e+00
9.399010850060833036e+03 1.138698377088104063e+00
9.409014509486158204e+03 1.087522677276840932e+00
9.419018168911487010e+03 1.130909638528781347e+00
9.429021828336812177e+03 1.047193131347819550e+00
9.439025487762140983e+03 1.154125258791887099e+00
9.449029147187466151e+03 1.110523429315626087e+00
9.459032806612791319e+03 9.767215143612199002e-01
9.469036466038120125e+03 8.112593764411536457e-01
9.479040125463445293e+03 7.614296524717587555e-01
9.489043784888774098e+03 7.390702210937731831e-01
9.499047444314099266e+03 6.761382268867706102e-01
9.509051103739428072e+03 6.675076083524629222e-01
9.519054763164753240e+03 4.964830575466834817e-01
9.529058422590078408e+03 1.540798455951310375e+00
9.539062082015407213e+03 1.093309575851063586e+00
9.549065741440732381e+03 6.494884681912928004e-01
9.559069400866061187e+03 4.634335566930748440e-01
9.569073060291386355e+03 4.326550440784803220e-01
9.579076719716713342e+03 4.093437652325385701e-01
9.589080379142040329e+03 4.273307689889793703e-01
9.599084038567365496e+03 3.562396465652282740e-01
9.609087697992694302e+03 3.902680645299007045e-01
9.619091357418019470e+03 4.571931360392655908e-01
9.629095016843348276e+03 3.732176610420921969e-01
9.639098676268673444e+03 3.405935805068544542e-01
9.649102335694000431e+03 3.735885198441126764e-01
9.659105995119327417e+03 4.271466531928339028e-01
9.669109654544652585e+03 5.268718986610144706e-01
9.679113313969981391e+03 4.709878636984827227e-01
9.689116973395306559e+03 4.886488119616859138e-01
9.699120632820635365e+03 4.729995557200689094e-01
9.709124292245960532e+03 4.361142348322034068e-01
9.719127951671285700e+03 4.564810683736023611e-01
9.729131611096614506e+03 4.363734841351719074e-01
9.739135270521939674e+03 4.118233351583058255e-01
9.749138929947268480e+03 5.322623700528116286e-01
9.759142589372593648e+03 5.249085285326705597e-01
9.769146248797922453e+03 5.072391356667648177e-01
9.779149908223247621e+03 5.745674838696359643e-01
9.789153567648572789e+03 5.250337901394250828e-01
9.799157227073901595e+03 5.161160551132304430e-01
9.809160886499226763e+03 5.637274288671237921e-01
9.819164545924555568e+03 6.841469942609542665e-01
9.829168205349880736e+03 5.759050151088016545e-01
9.839171864775207723e+03 7.314949433249872124e-01
9.849175524200534710e+03 6.328816878321251727e-01
9.859179183625859878e+03 5.938873274192966178e-01
9.869182843051188684e+03 6.632663066451047751e-01
9.879186502476513851e+03 7.090885974875430486e-01
9.889190161901842657e+03 6.732215549422271295e-01
9.899193821327167825e+03 6.975401341472053929e-01
9.909197480752494812e+03 8.688299862212234270e-01
9.919201140177821799e+03 6.955969372364286807e-01
9.929204799603146967e+03 7.215814488967831064e-01
9.939208459028475772e+03 6.863791842419961764e-01
9.949212118453800940e+03 7.332021605046870061e-01
9.959215777879129746e+03 6.810454793461439005e-01
9.969219437304454914e+03 7.651466850946663234e-01
9.979223096729780082e+03 6.589309414465323034e-01
9.989226756155108887e+03 5.358105106216681790e-01
9.999230415580434055e+03 4.891132651103264339e-01
1.000923407500576286e+04 6.008203462380936610e-01
1.001923773443108803e+04 5.529422637821780340e-01
1.002924139385641683e+04 6.392479799806618512e-01
1.003924505328174200e+04 6.279186071659960122e-01
1.004924871270706717e+04 8.608226262808233997e-01
1.005925237213239598e+04 6.492782914129181515e-01
1.006925603155772114e+04 7.718090074823871216e-01
1.007925969098304995e+04 6.532697736236589003e-01
1.008926335040837512e+04 7.371983341613734808e-01
1.009926700983370210e+04 8.223469052173102423e-01
1.010927066925902909e+04 7.188669782725065627e-01
1.011927432868435426e+04 6.327235861037494580e-01
1.012927798810968306e+04 4.225409903360905495e-01
1.013928164753500823e+04 7.410814439707646972e-01
1.014928530696033704e+04 5.005899493276924073e-01
1.015928896638566221e+04 6.802990702961569935e-01
1.016929262581098919e+04 6.885818181135788807e-01
1.017929628523631618e+04 5.249324549069944723e-01
1.018929994466164135e+04 4.987715448790756567e-01
1.019930360408697015e+04 5.026307283141430160e-01
1.020930726351229532e+04 3.652305212337189078e-01
1.021931092293762413e+04 4.076864650377027832e-01
1.022931458236294930e+04 4.078561077231052101e-01
1.023931824178827446e+04 2.476717526632166155e-01
1.024932190121360327e+04 2.122795782765410366e-01
1.025932556063892844e+04 3.014352540582180273e-01
1.026932922006425724e+04 1.134877663509792911e-01
1.027933287948958241e+04 1.645311204721096043e-01
1.028933653891491122e+04 3.610632974578462107e-01
1.029934019834023638e+04 1.388235917803990471e-01
1.030934385776556155e+04 2.385033536801344223e-01
1.031934751719089036e+04 2.023442217102290885e-01
1.032935117661621553e+04 1.566538074133290437e-01
1.033935483604154433e+04 2.234322712368856656e-01
1.034935849546686950e+04 2.639796879156328102e-01
1.035936215489219649e+04 -7.969889361630258517e-02
1.036936581431752347e+04 2.030492052925140234e-01
1.037936947374284864e+04 8.189341128639918144e-02
1.038937313316817745e+04 1.803487761659533506e-02
1.039937679259350261e+04 1.299606059283925918e-01
1.040938045201883142e+04 6.924780639716186792e-02
1.041938411144415659e+04 1.222840867560950158e-03
1.042938777086948357e+04 -2.052271621584217040e-02
1.043939143029481056e+04 -7.059462669930037515e-02
1.044939508972013573e+04 7.094301347524019363e-02
1.045939874914546454e+04 3.960074152994620400e-01
