3.690776555310130789e+03 1.874166478199043584e-01
3.700780362586197498e+03 3.515969971688012174e-01
3.710784169862264207e+03 1.701825633687303052e-01
3.720787977138330461e+03 4.445793770677032297e-01
3.730791784414397625e+03 5.589396823277800186e-01
3.740795591690463880e+03 1.841691632955077262e-01
3.750799398966530134e+03 2.231356502062422642e-01
3.760803206242597298e+03 9.376776305248783749e-02
3.770807013518663553e+03 6.276315684663803796e-02
3.780810820794730262e+03 1.358514019420013208e-01
3.790814628070796971e+03 1.154108505121193839e-01
3.800818435346863225e+03 1.203893702445534980e-01
3.810822242622929934e+03 6.862955318200063271e-02
3.820826049898996644e+03 1.107732059436722510e-01
3.830829857175062898e+03 1.264686282827270358e-01
3.840833664451130062e+03 1.469012544936041942e-01
3.850837471727196316e+03 1.843341006141842875e-01
3.860841279003262571e+03 2.222721441559021849e-01
3.870845086279329735e+03 2.493999873156164115e-01
3.880848893555395989e+03 2.020277469378758683e-01
3.890852700831462698e+03 3.015172761203774310e-01
3.900856508107529407e+03 3.171569799349789331e-01
3.910860315383595662e+03 4.029380984939361365e-01
3.920864122659662371e+03 4.685274529687155076e-01
3.930867929935729080e+03 4.355698348418641785e-01
3.940871737211795335e+03 4.716223215709034466e-01
3.950875544487862498e+03 4.930518717683431973e-01
3.960879351763928753e+03 5.929170926303832800e-01
3.970883159039995462e+03 5.304262366290918296e-01
3.980886966316062171e+03 5.240007594497397836e-01
3.990890773592128426e+03 5.476628821561273508e-01
4.000894580868195135e+03 5.387174676565863463e-01
4.010898388144261844e+03 5.498650040780596049e-01
4.020902195420328098e+03 6.088889296689244945e-01
4.030906002696395262e+03 6.213499753521656288e-01
4.040909809972461517e+03 5.894082170404912890e-01
4.050913617248527771e+03 5.735585856690462725e-01
4.060917424524594935e+03 5.569587808956244501e-01
4.070921231800661189e+03 4.736155242335753357e-01
4.080925039076727899e+03 5.179481507166928678e-01
4.090928846352794608e+03 4.836305408094835334e-01
4.100932653628860862e+03 5.288720467341897491e-01
4.110936460904928026e+03 4.739752848112976369e-01
4.120940268180994281e+03 4.731398094337733173e-01
4.130944075457060535e+03 4.798816903947656920e-01
4.140947882733127699e+03 4.516265705369195138e-01
4.150951690009193953e+03 4.342657027476210518e-01
4.160955497285260208e+03 4.117369065248651094e-01
4.170959304561327372e+03 4.115382719009545442e-01
4.180963111837393626e+03 4.275764549204770781e-01
4.190966919113459880e+03 4.626480697604798964e-01
4.200970726389527044e+03 4.938637529824181915e-01
4.210974533665593299e+03 5.423445157232412717e-01
4.220978340941659553e+03 5.289375860771043936e-01
4.230982148217726717e+03 4.663799807757982863e-01
4.240985955493793881e+03 4.864065857158313411e-01
4.250989762769859226e+03 4.680350004290306787e-01
4.260993570045926390e+03 4.471274458904664906e-01
4.270997377321993554e+03 5.288847512837393516e-01
4.281001184598058899e+03 5.873301157213054458e-01
4.291004991874126063e+03 6.424111944424251153e-01
4.301008799150193227e+03 6.148975766273393484e-01
4.311012606426259481e+03 6.192185350908230301e-01
4.321016413702325735e+03 5.485086421690014147e-01
4.331020220978392899e+03 5.327606471939532184e-01
4.341024028254459154e+03 6.645273952940936590e-01
4.351027835530525408e+03 5.846500607448879006e-01
4.361031642806592572e+03 5.840922705218051236e-01
4.371035450082658826e+03 6.004599651915508707e-01
4.381039257358725081e+03 5.962259219797479970e-01
4.391043064634792245e+03 5.652092767007534935e-01
4.401046871910858499e+03 6.067116118675415226e-01
4.411050679186924754e+03 5.693681009128420678e-01
4.421054486462991918e+03 6.030764974202201811e-01
4.431058293739058172e+03 6.002802865622063333e-01
4.441062101015124426e+03 6.183889078392819094e-01
4.451065908291191590e+03 6.333322813428547970e-01
4.461069715567258754e+03 6.586943937746900790e-01
4.471073522843324099e+03 7.059190193862351359e-01
4.481077330119391263e+03 7.093091175208140475e-01
4.491081137395458427e+03 7.600803290518666211e-01
4.501084944671524681e+03 8.864502651671398725e-01
4.511088751947590936e+03 9.393953662877921884e-01
4.521092559223658100e+03 1.085596700930971270e+00
4.531096366499724354e+03 1.211393520699895587e+00
4.541100173775790608e+03 1.260556295926064330e+00
4.551103981051857772e+03 1.274462332875936132e+00
4.561107788327924027e+03 1.343265535067732941e+00
4.571111595603990281e+03 1.359965564620935208e+00
4.581115402880057445e+03 1.331113532593773963e+00
4.591119210156123700e+03 1.278665723841206470e+00
4.601123017432189954e+03 1.251705459739837156e+00
4.611126824708257118e+03 1.206360199993809390e+00
4.621130631984323372e+03 1.148294661255872873e+00
4.631134439260389627e+03 1.124837021299378792e+00
4.641138246536456791e+03 1.099828014681216271e+00
4.651142053812523045e+03 1.093052859899974916e+00
4.661145861088589299e+03 1.071738860605581545e+00
4.671149668364656463e+03 1.004078664554215905e+00
4.681153475640723627e+03 1.033532448579091989e+00
4.691157282916788972e+03 9.687636466776039512e-01
4.701161090192856136e+03 9.714674974769873517e-01
4.711164897468923300e+03 9.162630031316715273e-01
4.721168704744989554e+03 9.051649741215384015e-01
4.731172512021055809e+03 8.905891250870791032e-01
4.741176319297122973e+03 8.617673419874170015e-01
4.751180126573189227e+03 9.149806502652276796e-01
4.761183933849255482e+03 8.705925674150284399e-01
4.771187741125322646e+03 8.744652367729758291e-01
4.781191548401388900e+03 8.332859601518778359e-01
4.791195355677455154e+03 8.340405700632212982e-01
4.801199162953522318e+03 8.138425545340268741e-01
4.811202970229588573e+03 8.394575479997543610e-01
4.821206777505654827e+03 7.904288763521648553e-01
4.831210584781721991e+03 8.133896272596075061e-01
4.841214392057788245e+03 7.891209127271051615e-01
4.851218199333854500e+03 7.737036393593801353e-01
4.861222006609921664e+03 1.070996753584271044e+00
4.871225813885987918e+03 8.677039964983841447e-01
4.881229621162054173e+03 8.842451183524580038e-01
4.891233428438121337e+03 8.726549392919149550e-01
4.901237235714188500e+03 8.830391944428284123e-01
4.911241042990254755e+03 8.243246145505206401e-01
4.921244850266321009e+03 7.818339460925797235e-01
4.931248657542388173e+03 7.870916130109509856e-01
4.941252464818454428e+03 8.147240082813497208e-01
4.951256272094520682e+03 8.921439199605311066e-01
4.961260079370587846e+03 1.028932695833825406e+00
4.971263886646654100e+03 1.067643559141241205e+00
4.981267693922720355e+03 1.155355769231738883e+00
4.991271501198787519e+03 1.130011604496886202e+00
5.001275308474853773e+03 1.158060628328705599e+00
5.011279115750920027e+03 1.246756331881956115e+00
5.021282923026987191e+03 1.095023073377747513e+00
5.031286730303053446e+03 1.050421029780371551e+00
5.041290537579119700e+03 1.002299624298237379e+00
5.051294344855186864e+03 9.722951081333618406e-01
5.061298152131253119e+03 8.985175706441016485e-01
5.071301959407319373e+03 8.036382805017330266e-01
5.081305766683386537e+03 7.883142746604633322e-01
5.091309573959453701e+03 7.646120217102603256e-01
5.101313381235519046e+03 8.868473327554444730e-01
5.111317188511586210e+03 1.012462658959374373e+00
5.121320995787653374e+03 1.089768431352126088e+00
5.131324803063719628e+03 1.144066264510536834e+00
5.141328610339785882e+03 1.215247032403760530e+00
5.151332417615853046e+03 1.255837463236209706e+00
5.161336224891919301e+03 1.296890904318911630e+00
5.171340032167985555e+03 1.355261049756763203e+00
5.181343839444052719e+03 1.368795024898396440e+00
5.191347646720118973e+03 1.375209007485298729e+00
5.201351453996185228e+03 1.455338214770813376e+00
5.211355261272252392e+03 1.483431603696298007e+00
5.221359068548318646e+03 1.485756939582909775e+00
5.231362875824384901e+03 1.481354712334212120e+00
5.241366683100452065e+03 1.459264928879225875e+00
5.251370490376518319e+03 1.396366720654280469e+00
5.261374297652584573e+03 1.408323113397078385e+00
5.271378104928651737e+03 1.452895714705022101e+00
5.281381912204717992e+03 1.454181092464215785e+00
5.291385719480784246e+03 1.483877876206667557e+00
5.301389526756851410e+03 1.455382277375204092e+00
5.311393334032918574e+03 1.447327088811960483e+00
5.321397141308984828e+03 1.416011382469758439e+00
5.331400948585051083e+03 1.384922543083799473e+00
5.341404755861118247e+03 1.360164602563878944e+00
5.351408563137184501e+03 1.337553730917842021e+00
5.361412370413250756e+03 1.318581805249943395e+00
5.371416177689317919e+03 1.319965794512784063e+00
5.381419984965384174e+03 1.312297893051286968e+00
5.391423792241450428e+03 1.289602727727286124e+00
5.401427599517517592e+03 1.277288389342415842e+00
5.411431406793583847e+03 1.207971157042651011e+00
5.421435214069650101e+03 1.201295622062640289e+00
5.431439021345717265e+03 1.159134868573955757e+00
5.441442828621783519e+03 1.117455274692022993e+00
5.451446635897849774e+03 1.128357794800753933e+00
5.461450443173916938e+03 1.115209190995458899e+00
5.471454250449983192e+03 1.152296997683033064e+00
5.481458057726049447e+03 1.185387711090880147e+00
5.491461865002116610e+03 1.219780741657320533e+00
5.501465672278182865e+03 1.287785372163142261e+00
5.511469479554249119e+03 1.385331105264553608e+00
5.521473286830316283e+03 1.482386402421446814e+00
5.531477094106383447e+03 1.482081594062014451e+00
5.541480901382449701e+03 1.364972568760097316e+00
5.551484708658515956e+03 1.286399164645618320e+00
5.561488515934583120e+03 1.161208331724258302e+00
5.571492323210649374e+03 1.076200174092660777e+00
5.581496130486715629e+03 1.009258894218189706e+00
5.591499937762782793e+03 9.218021867353007881e-01
5.601503745038849047e+03 8.232316199702209847e-01
5.611507552314915301e+03 8.092023690556697790e-01
5.621511359590982465e+03 7.950025141900239900e-01
5.631515166867048720e+03 7.582641834448226037e-01
5.641518974143114974e+03 7.256739889573265989e-01
5.651522781419182138e+03 7.016588612670247027e-01
5.661526588695248392e+03 7.241853384053391629e-01
5.671530395971314647e+03 6.867855644454912145e-01
5.681534203247381811e+03 6.417199056193130247e-01
5.691538010523448065e+03 6.086810187072475564e-01
5.701541817799514320e+03 5.132589619757873534e-01
5.711545625075581484e+03 4.680856169677123924e-01
5.721549432351648647e+03 4.504264947532731767e-01
5.731553239627714902e+03 4.038971911551733074e-01
5.741557046903781156e+03 4.013272422748525026e-01
5.751560854179847411e+03 3.901526834781467445e-01
5.761564661455914575e+03 4.602739322708364056e-01
5.771568468731980829e+03 5.122375565239021267e-01
5.781572276008047993e+03 5.631344019338341278e-01
5.791576083284114247e+03 6.829649232428424144e-01
5.801579890560180502e+03 7.863103840434084724e-01
5.811583697836247666e+03 8.750899779555899594e-01
5.821587505112313920e+03 1.034004735167110889e+00
5.831591312388380175e+03 1.206263907574603778e+00
5.841595119664447338e+03 1.347496150067752696e+00
5.851598926940513593e+03 1.427483792372571836e+00
5.861602734216579847e+03 1.473726537797496849e+00
5.871606541492647011e+03 1.616601498713361895e+00
5.881610348768713266e+03 1.769436221497570072e+00
5.891614156044779520e+03 1.646256538935864766e+00
5.901617963320846684e+03 1.934840785274257735e+00
5.911621770596912938e+03 1.962269907751862386e+00
5.921625577872980102e+03 1.872262812361768836e+00
5.931629385149046357e+03 1.759303839082965615e+00
5.941633192425112611e+03 1.665145582542416403e+00
5.951636999701179775e+03 1.556398066609549824e+00
5.961640806977246029e+03 1.435895414131512338e+00
5.971644614253313193e+03 1.362914431733061038e+00
5.981648421529379448e+03 1.295585763927085354e+00
5.991652228805445702e+03 1.194759534638399678e+00
6.001656036081512866e+03 1.121071836463811700e+00
6.011659843357579120e+03 1.059348294923413203e+00
6.021663650633645375e+03 9.783650595848415454e-01
6.031667457909712539e+03 9.087687305140190741e-01
6.041671265185778793e+03 8.848972852293378599e-01
6.051675072461845048e+03 8.851249588236475008e-01
6.061678879737912212e+03 8.611869658984683262e-01
6.071682687013978466e+03 8.657729049668436705e-01
6.081686494290044720e+03 8.755933201091744555e-01
6.091690301566111884e+03 9.228897365086506932e-01
6.101694108842178139e+03 9.198037409251957897e-01
6.111697916118245303e+03 8.952600636417269442e-01
6.121701723394311557e+03 9.018380962454326522e-01
6.131705530670377811e+03 9.549521880410462016e-01
6.141709337946444975e+03 1.039019402367906242e+00
6.151713145222511230e+03 1.057094951484249368e+00
6.161716952498577484e+03 1.128203928589541771e+00
6.171720759774644648e+03 1.200641438590593468e+00
6.181724567050710903e+03 1.381667960144416396e+00
6.191728374326778066e+03 1.544556418131731501e+00
6.201732181602844321e+03 1.835214530939460076e+00
6.211735988878910575e+03 2.273108088391802450e+00
6.221739796154977739e+03 2.904207595566193234e+00
6.231743603431043994e+03 3.588447410273362337e+00
6.241747410707110248e+03 4.079509507590817208e+00
6.251751217983177412e+03 4.223282659993888188e+00
6.261755025259243666e+03 4.065679697938243464e+00
6.271758832535309921e+03 4.001959323863872875e+00
6.281762639811377085e+03 4.339726914699133964e+00
6.291766447087443339e+03 5.012920829381227072e+00
6.301770254363509594e+03 5.174675960884909998e+00
6.311774061639576757e+03 5.090468996513004107e+00
6.321777868915643012e+03 4.592630131138175642e+00
6.331781676191710176e+03 4.016732900054417854e+00
6.341785483467776430e+03 3.523866958360435842e+00
6.351789290743842685e+03 3.366927456114603867e+00
6.361793098019909849e+03 3.250987350201009374e+00
6.371796905295976103e+03 2.941433942341713070e+00
6.381800712572042357e+03 2.734476830178588891e+00
6.391804519848109521e+03 2.458907084066912052e+00
6.401808327124175776e+03 2.151273474806222996e+00
6.411812134400242940e+03 2.051607291887126649e+00
6.421815941676309194e+03 1.965374254351333505e+00
6.431819748952375448e+03 1.924601119996789844e+00
6.441823556228442612e+03 1.838944223700095248e+00
6.451827363504508867e+03 1.817421305146441846e+00
6.461831170780575121e+03 1.711168922413214943e+00
6.471834978056642285e+03 1.635494575510246573e+00
6.481838785332708539e+03 1.592097447524916776e+00
6.491842592608774794e+03 1.584030865198981841e+00
6.501846399884841958e+03 1.580054946168504726e+00
6.511850207160908212e+03 1.534194143868134130e+00
6.521854014436974467e+03 1.527721075042850263e+00
6.531857821713041631e+03 1.448899831382395309e+00
6.541861628989107885e+03 1.491356822701053630e+00
6.551865436265175049e+03 1.667103494789672569e+00
6.561869243541241303e+03 2.254579612001040623e+00
6.571873050817307558e+03 1.684886133458066482e+00
6.581876858093374722e+03 2.108350246685045448e+00
6.591880665369440976e+03 1.455074242463504808e+00
6.601884472645508140e+03 1.292217041701272384e+00
6.611888279921574394e+03 1.256162135058033202e+00
6.621892087197640649e+03 1.220736406106774474e+00
6.631895894473707813e+03 1.179068508476808441e+00
6.641899701749774067e+03 1.122220690730226345e+00
6.651903509025840322e+03 1.060429593251746683e+00
6.661907316301907485e+03 1.029610574299079317e+00
6.671911123577973740e+03 1.006392505848378027e+00
6.681914930854039994e+03 9.870471067556241263e-01
6.691918738130107158e+03 9.017466436546269781e-01
6.701922545406173413e+03 8.662203874343131771e-01
6.711926352682239667e+03 9.720678378580855927e-01
6.721930159958306831e+03 9.242128245974599032e-01
6.731933967234373085e+03 9.325637468418860321e-01
6.741937774510440249e+03 7.414881282538393625e-01
6.751941581786506504e+03 7.152596865384306390e-01
6.761945389062572758e+03 6.636342452948045256e-01
6.771949196338639922e+03 6.611274158431984516e-01
6.781953003614706176e+03 6.598450629767546038e-01
6.791956810890772431e+03 6.403933893187205850e-01
6.801960618166839595e+03 6.121963474016726137e-01
6.811964425442905849e+03 5.907926096223653500e-01
6.821968232718973013e+03 5.752121937056620116e-01
6.831972039995039268e+03 5.754491436377380253e-01
6.841975847271105522e+03 5.806259450899285968e-01
6.851979654547172686e+03 5.450031947908926533e-01
6.861983461823238940e+03 5.705524472541888548e-01
6.871987269099305195e+03 5.472942485596721252e-01
6.881991076375372359e+03 5.557685864282944088e-01
6.891994883651438613e+03 5.733847551656849895e-01
6.901998690927504867e+03 5.755098431522528424e-01
6.912002498203572031e+03 6.045665595888243260e-01
6.922006305479638286e+03 6.749271782277899145e-01
6.932010112755704540e+03 7.305785500620255446e-01
6.942013920031771704e+03 7.603154640482926441e-01
6.952017727307837959e+03 8.060762432283995471e-01
6.962021534583905122e+03 8.064099897284725538e-01
6.972025341859971377e+03 8.507599589300228748e-01
6.982029149136037631e+03 8.599445416163232769e-01
6.992032956412104795e+03 8.925208215971695003e-01
7.002036763688171050e+03 9.265776857493370766e-01
7.012040570964238213e+03 9.410237668848253634e-01
7.022044378240304468e+03 9.847711774505942817e-01
7.032048185516370722e+03 1.048624747635718668e+00
7.042051992792437886e+03 1.137559921865003654e+00
7.052055800068504141e+03 1.207791075094273303e+00
7.062059607344570395e+03 1.306597986812879197e+00
7.072063414620637559e+03 1.361574202585335458e+00
7.082067221896703813e+03 1.484493542711031955e+00
7.092071029172770068e+03 1.512023696606483725e+00
7.102074836448837232e+03 1.526484095567655075e+00
7.112078643724903486e+03 1.514287929659547505e+00
7.122082451000969741e+03 1.536547712087078299e+00
7.132086258277036904e+03 1.603891101037770106e+00
7.142090065553103159e+03 1.797755267422197711e+00
7.152093872829169413e+03 1.908372167074506409e+00
7.162097680105236577e+03 2.096163962093254174e+00
7.172101487381302832e+03 2.241947659877429277e+00
7.182105294657369996e+03 2.377807692846744203e+00
7.192109101933436250e+03 2.648739270075230134e+00
7.202112909209502504e+03 2.946759770176714976e+00
7.212116716485569668e+03 3.400169010840913053e+00
7.222120523761635923e+03 3.898580589243058281e+00
7.232124331037703087e+03 4.466006104031909452e+00
7.242128138313769341e+03 5.513576878203802600e+00
7.252131945589835595e+03 5.705826961816879539e+00
7.262135752865902759e+03 5.671913880900091520e+00
7.272139560141969014e+03 6.116735451047303762e+00
7.282143367418035268e+03 5.947231552615942718e+00
7.292147174694102432e+03 5.355731924728165616e+00
7.302150981970168687e+03 5.182365238255173701e+00
7.312154789246234941e+03 5.045920392687542666e+00
7.322158596522302105e+03 4.634694289718378712e+00
7.332162403798368359e+03 4.363425941097069938e+00
7.342166211074434614e+03 4.093188072605896011e+00
7.352170018350501778e+03 3.828790263717208209e+00
7.362173825626568032e+03 3.473431913243656410e+00
7.372177632902635196e+03 2.978273102845244047e+00
7.382181440178701450e+03 2.373515370034626315e+00
7.392185247454767705e+03 1.942262460465912222e+00
7.402189054730834869e+03 1.651086486019399224e+00
7.412192862006901123e+03 1.373528175413933905e+00
7.422196669282967378e+03 1.192156412767588325e+00
7.432200476559034541e+03 1.097335704714809568e+00
7.442204283835100796e+03 1.051611022588184952e+00
7.452208091111167960e+03 9.880467329797100184e-01
7.462211898387234214e+03 9.556799772366737500e-01
7.472215705663300469e+03 9.434420678086173906e-01
7.482219512939367632e+03 9.165420999027295013e-01
7.492223320215433887e+03 8.945632291819066717e-01
7.502227127491500141e+03 8.446043021839625409e-01
7.512230934767567305e+03 8.207568543817639339e-01
7.522234742043633560e+03 7.357335722864166705e-01
7.532238549319699814e+03 6.930041389607497493e-01
7.542242356595766978e+03 6.297026117024832059e-01
7.642280429356433160e+03 7.545951901987022481e-01
7.652284236632499415e+03 8.243635348372361227e-01
7.662288043908565669e+03 8.414247365847771221e-01
7.672291851184632833e+03 8.479784692167252613e-01
7.682295658460699087e+03 9.462120629294654695e-01
7.692299465736765342e+03 1.065394248892410189e+00
7.702303273012832506e+03 1.137238476595446857e+00
7.712307080288898760e+03 1.222119992050582082e+00
7.722310887564965014e+03 1.233228003206789714e+00
7.732314694841032178e+03 1.225583393419466871e+00
7.742318502117098433e+03 1.251464274957911238e+00
7.752322309393164687e+03 1.298836716995168450e+00
7.762326116669231851e+03 1.359298474939822032e+00
7.772329923945298106e+03 1.385807021723872268e+00
7.782333731221365269e+03 1.426396444258738461e+00
7.792337538497431524e+03 1.435858712099480350e+00
7.802341345773497778e+03 1.311383367143231560e+00
7.812345153049564942e+03 1.262201232603463730e+00
7.822348960325631197e+03 1.127761689269505485e+00
7.832352767601697451e+03 1.103351006437274240e+00
7.842356574877764615e+03 1.025687288402450381e+00
7.852360382153830869e+03 9.728954485144600817e-01
7.862364189429897124e+03 9.635634527214809175e-01
7.872367996705964288e+03 9.077279657485344266e-01
7.882371803982030542e+03 8.791780196773306688e-01
7.892375611258096797e+03 8.586537190501796202e-01
7.902379418534163960e+03 8.162400845276029937e-01
7.912383225810230215e+03 8.007713879831296344e-01
7.922387033086296469e+03 7.842316777456725951e-01
7.932390840362363633e+03 7.667645353910939043e-01
7.942394647638430797e+03 7.971330469835417043e-01
7.952398454914497052e+03 7.492671441090164031e-01
7.962402262190563306e+03 7.248766272284510315e-01
7.972406069466630470e+03 7.307332229113039368e-01
7.982409876742696724e+03 7.263098214133569819e-01
7.992413684018762979e+03 6.837396991058518614e-01
8.002417491294830143e+03 7.140219004251687762e-01
8.012421298570896397e+03 6.843382245513001116e-01
8.022425105846962651e+03 6.825862066705540299e-01
8.032428913123029815e+03 6.804121154214377576e-01
8.042432720399096070e+03 6.480812550723671350e-01
8.052436527675162324e+03 6.477011268834620417e-01
8.062440334951229488e+03 6.068362374488376343e-01
8.072444142227295742e+03 5.822058465732048438e-01
8.082447949503361997e+03 5.172953788612629777e-01
8.092451756779429161e+03 4.725900855913569565e-01
8.102455564055495415e+03 4.398454199140990895e-01
8.112459371331561670e+03 3.934340871332456246e-01
8.122463178607628834e+03 3.890524291552473479e-01
8.132466985883695997e+03 3.801892917385036874e-01
8.142470793159762252e+03 3.802945580062004893e-01
8.152474600435828506e+03 3.696241480011457914e-01
8.162478407711895670e+03 3.987137349389330288e-01
8.172482214987961925e+03 3.601806344954534556e-01
8.182486022264028179e+03 2.830069490861143455e-01
8.192489829540096252e+03 3.136579856614033490e-01
8.202493636816161597e+03 2.669304507584263075e-01
8.212497444092226942e+03 2.518263546200749659e-01
8.222501251368295925e+03 2.375801180655972289e-01
8.232505058644361270e+03 2.179362628881857666e-01
8.242508865920426615e+03 2.220470921353090987e-01
8.252512673196495598e+03 2.189556517449043616e-01
8.262516480472560943e+03 2.152376552362355588e-01
8.272520287748626288e+03 2.019456715145950820e-01
8.282524095024695271e+03 2.204888690500737825e-01
8.292527902300760616e+03 2.663377734389612561e-01
8.302531709576825961e+03 2.687962046065688337e-01
8.312535516852894943e+03 2.664813550148235066e-01
8.322539324128960288e+03 2.831438758979268333e-01
8.332543131405025633e+03 2.936317840404036872e-01
8.342546938681094616e+03 2.742351634304179830e-01
8.352550745957159961e+03 2.767115422950083281e-01
8.362554553233227125e+03 2.948518241161994236e-01
8.372558360509294289e+03 3.195369655506055673e-01
8.382562167785359634e+03 3.516639481283324598e-01
8.392565975061426798e+03 3.934556647015282627e-01
8.402569782337493962e+03 4.488065638559396997e-01
8.412573589613559307e+03 5.527324007454545995e-01
8.422577396889626471e+03 7.552594566465817838e-01
8.432581204165693634e+03 9.345345652982085527e-01
8.442585011441758979e+03 1.175415244672987303e+00
8.452588818717826143e+03 1.526832764871960846e+00
8.462592625993893307e+03 1.723514114704135070e+00
8.472596433269958652e+03 1.881119899993012545e+00
8.482600240546025816e+03 2.078403808460968172e+00
8.492604047822092980e+03 2.239265588305845434e+00
8.502607855098158325e+03 2.185702804085662088e+00
8.512611662374225489e+03 2.143551931913294073e+00
8.522615469650292653e+03 2.075965744904542998e+00
8.532619276926357998e+03 2.146090825228049503e+00
8.542623084202426980e+03 2.363994015955502626e+00
8.552626891478492325e+03 2.600470048167383919e+00
8.562630698754557670e+03 2.963513642820866156e+00
8.572634506030626653e+03 3.470394920922749815e+00
8.582638313306691998e+03 3.920825650525872952e+00
8.592642120582757343e+03 4.530109631187935193e+00
8.602645927858826326e+03 5.054809544181937397e+00
8.612649735134891671e+03 5.452490177417017136e+00
8.622653542410957016e+03 5.511314258426872392e+00
8.632657349687025999e+03 5.700815722827867305e+00
8.642661156963091344e+03 5.692767491517948919e+00
8.652664964239156689e+03 5.805370132430812902e+00
8.662668771515225671e+03 5.698101385733617796e+00
8.672672578791291016e+03 5.646242624429214985e+00
8.682676386067356361e+03 5.605892571740626273e+00
8.692680193343425344e+03 5.423049904579758440e+00
8.702684000619490689e+03 5.316394202813211400e+00
8.712687807895556034e+03 5.228563416926917284e+00
8.722691615171625017e+03 5.070415974176289531e+00
8.732695422447690362e+03 4.852274825219176080e+00
8.742699229723755707e+03 4.781066833291203189e+00
8.752703036999824690e+03 4.782726491113319156e+00
8.762706844275890035e+03 4.584634331302588350e+00
8.772710651551957199e+03 4.429910058847272403e+00
8.782714458828024362e+03 4.004155396000305345e+00
8.792718266104089707e+03 3.695075888005161069e+00
8.802722073380156871e+03 3.532810557924327188e+00
8.812725880656224035e+03 3.227961866588718642e+00
8.822729687932289380e+03 2.965796428549462238e+00
8.832733495208356544e+03 2.707851724193908627e+00
8.842737302484423708e+03 2.584486514876876306e+00
8.852741109760489053e+03 2.425044418029288273e+00
8.862744917036556217e+03 2.182435919915763023e+00
8.872748724312623381e+03 1.880260830452038956e+00
8.882752531588688726e+03 1.590626643840153731e+00
8.892756338864755890e+03 1.451074325950544752e+00
8.902760146140823053e+03 1.239142676830440992e+00
8.912763953416888398e+03 1.081436868421299380e+00
8.922767760692955562e+03 1.007738583122086640e+00
8.932771567969022726e+03 8.809616981021923809e-01
8.942775375245088071e+03 8.204164531176411090e-01
8.952779182521155235e+03 7.603664839060076952e-01
8.962782989797222399e+03 7.573948292684992145e-01
8.972786797073287744e+03 7.543281929986437317e-01
8.982790604349356727e+03 8.308565679546694449e-01
8.992794411625422072e+03 8.263591574141079255e-01
9.002798218901487417e+03 8.437164961618649484e-01
9.012802026177556399e+03 7.786626485335773618e-01
9.022805833453621744e+03 7.683600654869114921e-01
9.032809640729687089e+03 7.638846358336660591e-01
9.042813448005756072e+03 7.602543612147445451e-01
9.052817255281821417e+03 7.474290176146562992e-01
9.062821062557886762e+03 8.671093025837525170e-01
9.072824869833955745e+03 1.021272154944686372e+00
9.082828677110021090e+03 7.742277524431805391e-01
9.092832484386086435e+03 8.435193739843294125e-01
9.102836291662155418e+03 7.676998322293652199e-01
9.112840098938220763e+03 8.558132439282588599e-01
9.122843906214286108e+03 8.139345112736241505e-01
9.132847713490355090e+03 8.990610430415014731e-01
9.142851520766420435e+03 8.885890660008407549e-01
9.152855328042485780e+03 9.383084214929924283e-01
9.162859135318554763e+03 9.408602210168136581e-01
9.172862942594620108e+03 1.066464254287810665e+00
9.182866749870687272e+03 1.089985820311086151e+00
9.192870557146754436e+03 1.079645526934804645e+00
9.202874364422819781e+03 1.198288475350199223e+00
9.212878171698886945e+03 1.190677845191433937e+00
9.222881978974954109e+03 1.340754269106760210e+00
9.232885786251019454e+03 1.463357205450816378e+00
9.242889593527086618e+03 1.486222369747361993e+00
9.252893400803153781e+03 1.643631940326529151e+00
9.262897208079219126e+03 1.765272557457081559e+00
9.272901015355286290e+03 1.577911103846887375e+00
9.282904822631353454e+03 1.808747727675358741e+00
9.292908629907418799e+03 1.782631610310730030e+00
9.302912437183485963e+03 1.718568011739003865e+00
9.312916244459553127e+03 1.705686001814733954e+00
9.322920051735618472e+03 1.815794114506508405e+00
9.332923859011685636e+03 1.774764267587255917e+00
9.342927666287752800e+03 1.656222249759949694e+00
9.352931473563818145e+03 1.606134159841584363e+00
9.362935280839885309e+03 1.577894971085554321e+00
9.372939088115952472e+03 1.710531880000084826e+00
9.382942895392017817e+03 1.510363232146301637e+00
9.392946702668086800e+03 1.385919547734168811e+00
9.402950509944152145e+03 1.289606155939069687e+00
9.412954317220217490e+03 1.289535978427271745e+00
9.422958124496286473e+03 1.341521381908136856e+00
9.432961931772351818e+03 1.253072912922311710e+00
9.442965739048417163e+03 1.323885853857146744e+00
9.452969546324486146e+03 1.234461756129718202e+00
9.462973353600551491e+03 1.185962944862154256e+00
9.472977160876616836e+03 1.170838178623345049e+00
9.482980968152685818e+03 9.977003757017625096e-01
9.492984775428751163e+03 9.555837856472266800e-01
9.502988582704816508e+03 1.008556312462144611e+00
9.512992389980885491e+03 7.948514712120452463e-01
9.522996197256950836e+03 8.047674729652732895e-01
9.533000004533016181e+03 1.553871474525311047e+00
9.543003811809085164e+03 8.428764834452157073e-01
9.553007619085150509e+03 6.761302789041863104e-01
9.563011426361215854e+03 5.985623491397759066e-01
9.573015233637284837e+03 6.383765924925994817e-01
