3502.18000 2.14183854e-015 
3504.61200 2.10166919e-015 
3507.04600 2.12831674e-015 
3509.48100 2.03858578e-015 
3511.91800 2.16491386e-015 
3514.35600 2.16777996e-015 
3516.79600 2.07676712e-015 
3519.23800 2.14871816e-015 
3521.68000 2.20294756e-015 
3524.12500 2.08059639e-015 
3526.57100 2.08803063e-015 
3529.01800 2.18180703e-015 
3531.46700 2.12793455e-015 
3533.91700 2.18938474e-015 
3536.36900 2.14798303e-015 
3538.82300 2.11194313e-015 
3541.27700 2.19826706e-015 
3543.73400 2.12624906e-015 
3546.19200 2.17601928e-015 
3548.65100 2.13481223e-015 
3551.11200 2.11620642e-015 
3553.57400 2.13634110e-015 
3556.03800 2.13785877e-015 
3558.50300 2.13980755e-015 
3560.97000 2.04514118e-015 
3563.43800 2.17633881e-015 
3565.90700 2.09725574e-015 
3568.37900 2.15629442e-015 
3570.85100 2.10094766e-015 
3573.32500 2.10412955e-015 
3575.80100 2.11245778e-015 
3578.27800 2.09203129e-015 
3580.75600 2.12540266e-015 
3583.23600 2.08456569e-015 
3585.71700 2.13663610e-015 
3588.20000 2.09185246e-015 
3590.68400 2.15149002e-015 
3593.17000 2.13227282e-015 
3595.65700 2.04748182e-015 
3598.14500 2.06558501e-015 
3600.63500 2.00181001e-015 
3603.12700 1.99949323e-015 
3605.62000 2.01427617e-015 
3608.11400 1.96555938e-015 
3610.61000 1.99287483e-015 
3613.10700 2.06883768e-015 
3615.60500 2.05041388e-015 
3618.10500 2.01579072e-015 
3620.60700 2.05816227e-015 
3623.11000 2.01025138e-015 
3625.61400 2.05424932e-015 
3628.12000 2.04340006e-015 
3630.62700 2.06101316e-015 
3633.13500 2.05226616e-015 
3635.64500 1.96877909e-015 
3638.15700 2.03806763e-015 
3640.66900 1.93619309e-015 
3643.18400 1.97081599e-015 
3645.69900 2.01288064e-015 
3648.21600 1.98703237e-015 
3650.73500 1.94534180e-015 
3653.25400 1.96957486e-015 
3655.77500 1.97862924e-015 
3658.29800 1.96187746e-015 
3660.82200 1.94147290e-015 
3663.34700 1.96852609e-015 
3665.87400 1.95483489e-015 
3668.40200 1.92096728e-015 
3670.93200 1.90617018e-015 
3673.46300 1.86829752e-015 
3675.99500 1.91759330e-015 
3678.52800 1.90603413e-015 
3681.06300 1.90351795e-015 
3683.60000 1.93849287e-015 
3686.13800 1.89135789e-015 
3688.67700 1.92748791e-015 
3691.21700 1.92414453e-015 
3693.75900 1.87917838e-015 
3696.30200 1.89643233e-015 
3698.84700 1.92908970e-015 
3701.39300 1.97401224e-015 
3703.94000 1.90014912e-015 
3706.48900 1.90753679e-015 
3709.03900 1.97378446e-015 
3711.59000 1.90703404e-015 
3714.14300 1.96390332e-015 
3716.69700 1.92370531e-015 
3719.25300 1.91946897e-015 
3721.80900 1.90333446e-015 
3724.36800 1.86935082e-015 
3726.92700 1.91208039e-015 
3729.48800 1.92026338e-015 
3732.05000 1.88633713e-015 
3734.61300 1.91462889e-015 
3737.17800 1.89040913e-015 
3739.74400 1.89649649e-015 
3742.31200 1.93286120e-015 
3744.88100 1.93409055e-015 
3747.45100 1.93157998e-015 
3750.02200 1.90822174e-015 
3752.59500 1.97340254e-015 
3755.16900 2.00670476e-015 
3757.74500 1.94097179e-015 
3760.32100 1.96025775e-015 
3762.89900 2.03482566e-015 
3765.47900 1.99865346e-015 
3768.05900 2.00391642e-015 
3770.64100 1.98454525e-015 
3773.22500 1.97362972e-015 
3775.80900 1.97745225e-015 
3778.39500 2.00235610e-015 
3780.98200 1.97999475e-015 
3783.57100 2.01733105e-015 
3786.16100 1.95266719e-015 
3788.75200 1.93255551e-015 
3791.34400 1.90023378e-015 
3793.93800 1.93689300e-015 
3796.53300 1.92133527e-015 
3799.12900 1.95285799e-015 
3801.72600 1.94067204e-015 
3804.32500 1.92948897e-015 
3806.92500 1.87130431e-015 
3809.52700 1.91176347e-015 
3812.12900 1.94893932e-015 
3814.73300 1.95366219e-015 
3817.33800 1.92124553e-015 
3819.94500 1.90116830e-015 
3822.55300 1.89807674e-015 
3825.16200 1.91413259e-015 
3827.77200 1.91825265e-015 
3830.38300 1.95122693e-015 
3832.99600 1.88805200e-015 
3835.61000 1.93132116e-015 
3838.22600 1.94642248e-015 
3840.84200 1.92675731e-015 
3843.46000 1.86853375e-015 
3846.07900 1.93825343e-015 
3848.70000 1.91673131e-015 
3851.32100 1.89450243e-015 
3853.94400 1.91670098e-015 
3856.56800 1.89674724e-015 
3859.19300 1.87438017e-015 
3861.82000 1.89046223e-015 
3864.44800 1.85139080e-015 
3867.07700 1.86927020e-015 
3869.70700 1.83689643e-015 
3872.33900 1.83985676e-015 
3874.97100 1.85838517e-015 
3877.60500 1.86729850e-015 
3880.24100 1.87303101e-015 
3882.87700 1.85215402e-015 
3885.51500 1.84614248e-015 
3888.15400 1.83322066e-015 
3890.79400 1.79275346e-015 
3893.43500 1.80108141e-015 
3896.07800 1.81471572e-015 
3898.72200 1.77659222e-015 
3901.36700 1.82815831e-015 
3904.01300 1.78978765e-015 
3906.66000 1.81186146e-015 
3909.30900 1.82276357e-015 
3911.95900 1.76496723e-015 
3914.61000 1.81952336e-015 
3917.26200 1.77462857e-015 
3919.91500 1.80686155e-015 
3922.57000 1.78635486e-015 
3925.22600 1.79303421e-015 
3927.88300 1.76513661e-015 
3930.54100 1.79083081e-015 
3933.20100 1.74960590e-015 
3935.86100 1.77392592e-015 
3938.52300 1.73270158e-015 
3941.18600 1.79324828e-015 
3943.85000 1.78287661e-015 
3946.51600 1.79244767e-015 
3949.18200 1.76609300e-015 
3951.85000 1.74580059e-015 
3954.51900 1.73365084e-015 
3957.18900 1.72672804e-015 
3959.86000 1.72237660e-015 
3962.53300 1.73710656e-015 
3965.20600 1.73331314e-015 
3967.88100 1.70127123e-015 
3970.55700 1.69508341e-015 
3973.23400 1.71642060e-015 
3975.91200 1.69536787e-015 
3978.59200 1.68260068e-015 
3981.27200 1.68751422e-015 
3983.95400 1.67874849e-015 
3986.63700 1.70761710e-015 
3989.32100 1.72022862e-015 
3992.00600 1.69076203e-015 
3994.69300 1.70246868e-015 
3997.38000 1.67095422e-015 
4000.06900 1.69348582e-015 
4002.75900 1.69119002e-015 
4005.45000 1.68712260e-015 
4008.14200 1.62215410e-015 
4010.83500 1.64504798e-015 
4013.53000 1.66621228e-015 
4016.22500 1.65426555e-015 
4018.92200 1.66212020e-015 
4021.62000 1.66924567e-015 
4024.31800 1.65696516e-015 
4027.01900 1.63727063e-015 
4029.72000 1.69494225e-015 
4032.42200 1.64135812e-015 
4035.12600 1.64238259e-015 
4037.83000 1.63241536e-015 
4040.53600 1.61804777e-015 
4043.24300 1.65589746e-015 
4045.95100 1.61184141e-015 
4048.66000 1.60587597e-015 
4051.37000 1.61273738e-015 
4054.08100 1.63951906e-015 
4056.79300 1.61543950e-015 
4059.50700 1.61522141e-015 
4062.22200 1.61905984e-015 
4064.93700 1.63235933e-015 
4067.65400 1.60203695e-015 
4070.37200 1.63802034e-015 
4073.09100 1.57397048e-015 
4075.81100 1.61018987e-015 
4078.53200 1.57912380e-015 
4081.25500 1.59432242e-015 
4083.97800 1.63367688e-015 
4086.70300 1.57981354e-015 
4089.42800 1.57660787e-015 
4092.15500 1.55608318e-015 
4094.88300 1.58270102e-015 
4097.61100 1.58698717e-015 
4100.34100 1.57989031e-015 
4103.07200 1.55580922e-015 
4105.80500 1.58315913e-015 
4108.53800 1.55358639e-015 
4111.27200 1.56333203e-015 
4114.00700 1.56717525e-015 
4116.74400 1.57072997e-015 
4119.48100 1.55993344e-015 
4122.22000 1.57042924e-015 
4124.95900 1.57584770e-015 
4127.70000 1.53536578e-015 
4130.44200 1.57227685e-015 
4133.18500 1.53946418e-015 
4135.92800 1.56206883e-015 
4138.67300 1.59218284e-015 
4141.41900 1.54855529e-015 
4144.16600 1.58585648e-015 
4146.91500 1.57979269e-015 
4149.66400 1.58098020e-015 
4152.41400 1.57464288e-015 
4155.16500 1.55390436e-015 
4157.91700 1.54080853e-015 
4160.67100 1.52822836e-015 
4163.42500 1.53027192e-015 
4166.18100 1.51244989e-015 
4168.93700 1.51747930e-015 
4171.69500 1.55040826e-015 
4174.45300 1.51051703e-015 
4177.21300 1.51380956e-015 
4179.97400 1.49001421e-015 
4182.73500 1.51561465e-015 
4185.49800 1.48885332e-015 
4188.26200 1.46506807e-015 
4191.02600 1.46785629e-015 
4193.79200 1.48349572e-015 
4196.55900 1.50272363e-015 
4199.32700 1.48700553e-015 
4202.09600 1.47203554e-015 
4204.86600 1.47740529e-015 
4207.63600 1.47185496e-015 
4210.40800 1.47441777e-015 
4213.18100 1.45013951e-015 
4215.95500 1.45091716e-015 
4218.73000 1.45066905e-015 
4221.50600 1.44782850e-015 
4224.28300 1.44052730e-015 
4227.06100 1.45533278e-015 
4229.84000 1.44332482e-015 
4232.62000 1.43058942e-015 
4235.40100 1.45311993e-015 
4238.18300 1.43032797e-015 
4240.96600 1.40986962e-015 
4243.75000 1.43327394e-015 
4246.53500 1.46067787e-015 
4249.32100 1.41662872e-015 
4252.10800 1.40690848e-015 
4254.89600 1.42352836e-015 
4257.68500 1.43426708e-015 
4260.47500 1.42154839e-015 
4263.26600 1.41493839e-015 
4266.05800 1.41901262e-015 
4268.85100 1.40184638e-015 
4271.64400 1.44433831e-015 
4274.43900 1.45776852e-015 
4277.23500 1.44504763e-015 
4280.03200 1.42733135e-015 
4282.83000 1.39647126e-015 
4285.62900 1.42148690e-015 
4288.42800 1.40048187e-015 
4291.22900 1.39642585e-015 
4294.03100 1.39494526e-015 
4296.83300 1.40286274e-015 
4299.63700 1.39060708e-015 
4302.44100 1.36324119e-015 
4305.24700 1.39320595e-015 
4308.05300 1.39424993e-015 
4310.86100 1.38618910e-015 
4313.66900 1.39255827e-015 
4316.47900 1.39179548e-015 
4319.28900 1.38329901e-015 
4322.10000 1.38762304e-015 
4324.91200 1.38476585e-015 
4327.72600 1.39849545e-015 
4330.54000 1.40333759e-015 
4333.35500 1.40662856e-015 
4336.17100 1.37498006e-015 
4338.98800 1.39083833e-015 
4341.80600 1.36684634e-015 
4344.62400 1.37381841e-015 
4347.44400 1.37460933e-015 
4350.26500 1.39985063e-015 
4353.08700 1.36382806e-015 
4355.90900 1.36052118e-015 
4358.73300 1.37337920e-015 
4361.55700 1.36011156e-015 
4364.38200 1.37017000e-015 
4367.20900 1.37256776e-015 
4370.03600 1.37204611e-015 
4372.86400 1.37892745e-015 
4375.69300 1.37953166e-015 
4378.52300 1.35190963e-015 
4381.35400 1.36927151e-015 
4384.18600 1.38599416e-015 
4387.01900 1.38254988e-015 
4389.85200 1.40603359e-015 
4392.68700 1.40397318e-015 
4395.52200 1.39325251e-015 
4398.35900 1.38111501e-015 
4401.19600 1.38515069e-015 
4404.03400 1.33954161e-015 
4406.87300 1.33435320e-015 
4409.71300 1.35405243e-015 
4412.55400 1.32746109e-015 
4415.39600 1.33823982e-015 
4418.23900 1.32105587e-015 
4421.08200 1.30648061e-015 
4423.92700 1.30551658e-015 
4426.77200 1.31724436e-015 
4429.61900 1.31861467e-015 
4432.46600 1.30874267e-015 
4435.31400 1.30397648e-015 
4438.16300 1.29992637e-015 
4441.01300 1.29623459e-015 
4443.86300 1.30458172e-015 
4446.71500 1.30581948e-015 
4449.56800 1.31248943e-015 
4452.42100 1.31757675e-015 
4455.27500 1.30987966e-015 
4458.13000 1.28945965e-015 
4460.98700 1.28355067e-015 
4463.84300 1.28302396e-015 
4466.70100 1.28290497e-015 
4469.56000 1.27582322e-015 
4472.41900 1.30645075e-015 
4475.28000 1.28223115e-015 
4478.14100 1.27430523e-015 
4481.00300 1.27168312e-015 
4483.86600 1.28160046e-015 
4486.73000 1.26601793e-015 
4489.59500 1.26985182e-015 
4492.46000 1.30184109e-015 
4495.32700 1.26443045e-015 
4498.19400 1.26885917e-015 
4501.06200 1.27614762e-015 
4503.93100 1.26360136e-015 
4509.67200 1.25608240e-015 
4512.54400 1.26639838e-015 
4515.41600 1.26422314e-015 
4518.28900 1.26148130e-015 
4521.16300 1.26629803e-015 
4524.03800 1.26027067e-015 
4526.91400 1.26336870e-015 
4529.79100 1.27248046e-015 
4532.66800 1.26851998e-015 
4535.54700 1.24889495e-015 
4538.42600 1.24799872e-015 
4541.30600 1.26541619e-015 
4544.18700 1.27058030e-015 
4547.06800 1.24760496e-015 
4549.95100 1.26635766e-015 
4552.83400 1.26165888e-015 
4555.71800 1.27269309e-015 
4558.60300 1.26845771e-015 
4561.48900 1.27081648e-015 
4564.37600 1.26822414e-015 
4567.26300 1.26633089e-015 
4570.15100 1.25718370e-015 
4573.04000 1.26324930e-015 
4575.93000 1.26451347e-015 
4578.82100 1.26807937e-015 
4581.71300 1.24466113e-015 
4584.60500 1.26327512e-015 
4587.49800 1.26089163e-015 
4590.39200 1.26322101e-015 
4593.28700 1.25868348e-015 
4596.18300 1.25645608e-015 
4599.07900 1.28237256e-015 
4601.97600 1.27351380e-015 
4604.87400 1.26427538e-015 
4607.77300 1.25058487e-015 
4610.67300 1.25007275e-015 
4613.57300 1.24998415e-015 
4616.47400 1.24635155e-015 
4619.37600 1.27088090e-015 
4622.27900 1.24863276e-015 
4625.18300 1.24226983e-015 
4628.08700 1.27091749e-015 
4630.99200 1.26270391e-015 
4633.89800 1.25777323e-015 
4636.80500 1.26256849e-015 
4639.71300 1.27581319e-015 
4642.62100 1.27182253e-015 
4645.53000 1.30112972e-015 
4648.44000 1.30800615e-015 
4651.35100 1.29844015e-015 
4654.26200 1.30003271e-015 
4657.17500 1.30338459e-015 
4660.08800 1.29448479e-015 
4663.00200 1.30053907e-015 
4665.91600 1.28958826e-015 
4668.83200 1.28702609e-015 
4671.74800 1.26554552e-015 
4674.66500 1.28293603e-015 
4677.58200 1.25618768e-015 
4680.50100 1.23983743e-015 
4683.42000 1.23019829e-015 
4686.34000 1.22635694e-015 
4689.26100 1.22090991e-015 
4692.18200 1.22601399e-015 
4695.10400 1.24026555e-015 
4698.02700 1.21879535e-015 
4700.95100 1.23742989e-015 
4703.87600 1.22811211e-015 
4706.80100 1.23962942e-015 
4709.72700 1.24403246e-015 
4712.65400 1.24389635e-015 
4715.58200 1.24094126e-015 
4718.51000 1.26013273e-015 
4721.43900 1.27457096e-015 
4724.36900 1.28465187e-015 
4727.29900 1.30249503e-015 
4730.23100 1.30563599e-015 
4733.16300 1.32310938e-015 
4736.09500 1.34283229e-015 
4739.02900 1.34131625e-015 
4741.96300 1.31636691e-015 
4744.89800 1.30520011e-015 
4747.83400 1.26368520e-015 
4750.77000 1.20093452e-015 
4753.70800 1.18265119e-015 
4756.64600 1.17940112e-015 
4759.58400 1.14491321e-015 
4762.52400 1.12773587e-015 
4765.46400 1.13584702e-015 
4768.40500 1.11580346e-015 
4771.34600 1.11727215e-015 
4774.28900 1.09741453e-015 
4777.23200 1.10152429e-015 
4780.17500 1.10169779e-015 
4783.12000 1.09201346e-015 
4786.06500 1.07487100e-015 
4789.01100 1.07192750e-015 
4791.95800 1.05791462e-015 
4794.90500 1.05646233e-015 
4797.85300 1.04704721e-015 
4800.80200 1.05527072e-015 
4803.75100 1.03783291e-015 
4806.70200 1.04510224e-015 
4809.65200 1.04672130e-015 
4812.60400 1.04410827e-015 
4815.55600 1.02255025e-015 
4818.50900 1.03048186e-015 
4821.46300 1.01251269e-015 
4824.41800 1.02362642e-015 
4827.37300 1.01263017e-015 
4830.32900 1.00545467e-015 
4833.28500 1.01998826e-015 
4836.24200 1.01468028e-015 
4839.20000 1.01723137e-015 
4842.15900 1.00601642e-015 
4845.11800 1.01876637e-015 
4848.07800 9.96576761e-016 
4851.03900 9.99217481e-016 
4854.00000 9.93749633e-016 
4856.96300 1.00801305e-015 
4859.92500 1.01205650e-015 
4862.88900 9.93724525e-016 
4865.85300 1.00329125e-015 
4868.81800 1.00428120e-015 
4871.78300 9.97800439e-016 
4874.75000 9.89377041e-016 
4877.71600 1.01444945e-015 
4880.68400 1.00793491e-015 
4883.65200 1.00109425e-015 
4886.62100 9.84341240e-016 
4889.59100 9.97167163e-016 
4892.56100 1.00966811e-015 
4895.53200 9.99207708e-016 
4898.50400 9.96848049e-016 
4901.47600 1.00351015e-015 
4904.44900 1.01979728e-015 
4907.42200 1.01712137e-015 
4910.39700 1.03398425e-015 
4913.37200 1.04973925e-015 
4916.34700 1.05114156e-015 
4919.32300 1.04869621e-015 
4922.30000 1.05272844e-015 
4925.27800 1.03513606e-015 
4928.25600 1.00306329e-015 
4931.23500 9.68868110e-016 
4934.21500 9.65801886e-016 
4937.19500 9.70416847e-016 
4940.17600 9.63552805e-016 
4943.15700 9.40190935e-016 
4946.13900 9.44758226e-016 
4949.12200 9.59213868e-016 
4952.10600 9.45539109e-016 
4955.09000 9.49254131e-016 
4958.07500 9.36212257e-016 
4961.06000 9.29635517e-016 
4964.04600 9.33228236e-016 
4967.03300 9.30376508e-016 
4970.02000 9.23431716e-016 
4973.00800 9.21022468e-016 
4975.99700 9.36941949e-016 
4978.98600 9.17161296e-016 
4981.97600 9.18865556e-016 
4984.96600 9.07639500e-016 
4987.95800 9.08792153e-016 
4990.94900 9.16586028e-016 
4993.94200 8.98486920e-016 
4996.93500 8.91255103e-016 
4999.92900 9.01365446e-016 
5002.92300 9.13486363e-016 
5005.91800 9.01775432e-016 
5008.91300 8.93652167e-016 
5011.91000 8.93365831e-016 
5014.90700 8.94816363e-016 
5017.90400 9.02964409e-016 
5020.90200 8.94983988e-016 
5023.90100 9.02131915e-016 
5026.90000 8.84267469e-016 
5029.90000 8.75988899e-016 
5032.90000 8.70209147e-016 
5035.90200 8.77032635e-016 
5038.90300 8.72145114e-016 
5041.90600 8.75312304e-016 
5044.90900 8.81907965e-016 
5047.91200 8.62340265e-016 
5050.91700 8.79167796e-016 
5053.92100 8.61225211e-016 
5056.92700 8.64371192e-016 
5059.93300 8.75812291e-016 
5062.94000 8.80067974e-016 
5065.94700 8.77115083e-016 
5068.95500 8.86194905e-016 
5071.96300 8.89739476e-016 
5074.97200 8.58743267e-016 
5077.98200 8.62888263e-016 
5080.99200 8.37094391e-016 
5084.00300 8.51926527e-016 
5087.01400 8.49019511e-016 
5090.02600 8.45932666e-016 
5093.03900 8.48790055e-016 
5096.05200 8.42455946e-016 
5099.06600 8.37287574e-016 
5102.08000 8.31555900e-016 
5105.09500 8.51005522e-016 
5108.11100 8.49587131e-016 
5111.12700 8.52475070e-016 
5114.14400 8.45150060e-016 
5117.16100 8.41195434e-016 
5120.17900 8.37575089e-016 
5123.19800 8.39142260e-016 
5126.21700 8.32598664e-016 
5129.23700 8.29877955e-016 
5132.25700 8.29380798e-016 
5135.27800 8.31636831e-016 
5138.29900 8.29821729e-016 
5141.32100 8.27749614e-016 
5144.34300 8.23602962e-016 
5147.36700 8.43343465e-016 
5150.39000 8.31109898e-016 
5153.41500 8.34047309e-016 
5156.43900 8.26223336e-016 
5159.46500 8.24076143e-016 
5162.49100 8.29397174e-016 
5165.51700 8.21823040e-016 
5168.54400 8.22668714e-016 
5171.57200 8.23599144e-016 
5174.60000 8.33843398e-016 
5177.62900 8.23743553e-016 
5180.65800 8.23410973e-016 
5183.68800 8.15257011e-016 
5186.71900 8.06167744e-016 
5189.75000 7.99456784e-016 
5192.78100 8.14507407e-016 
5195.81400 8.16975451e-016 
5198.84600 8.17100284e-016 
5201.88000 8.18262686e-016 
5204.91300 8.18648763e-016 
5207.94800 8.11210389e-016 
5210.98300 8.13063144e-016 
5214.01800 8.01828259e-016 
5217.05400 8.11340843e-016 
5220.09100 8.06470258e-016 
5223.12800 8.06817918e-016 
5226.16500 7.98003136e-016 
5229.20300 8.02091436e-016 
5232.24200 8.07799807e-016 
5235.28100 8.11520585e-016 
5238.32100 7.92836229e-016 
5241.36200 7.83751655e-016 
5244.40200 7.95983152e-016 
5247.44400 8.06913412e-016 
5250.48600 7.90997923e-016 
5253.52800 7.89369367e-016 
5256.57100 7.80836825e-016 
5259.61500 8.02099980e-016 
5262.65900 7.87537806e-016 
5265.70400 7.85902350e-016 
5268.74900 7.95054144e-016 
5271.79500 7.87207739e-016 
5274.84100 7.85277811e-016 
5277.88700 7.89000747e-016 
5280.93500 7.66578555e-016 
5283.98200 7.87700769e-016 
5287.03100 7.79511975e-016 
5290.08000 7.84430115e-016 
5293.12900 7.71140631e-016 
5296.17900 7.85207602e-016 
5299.22900 7.79056341e-016 
5302.28000 7.87967373e-016 
5305.33200 7.65469941e-016 
5308.38400 7.80546534e-016 
5311.43600 7.68329926e-016 
5314.48900 7.68508715e-016 
5317.54200 7.53374225e-016 
5320.59600 7.59733152e-016 
5323.65100 7.57206007e-016 
5326.70600 7.60857369e-016 
5329.76200 7.67484040e-016 
5332.81800 7.59708438e-016 
5335.87400 7.65768262e-016 
5338.93100 7.60349537e-016 
5341.98900 7.57482356e-016 
5345.04700 7.57918437e-016 
5348.10500 7.53482167e-016 
5351.16400 7.62649130e-016 
5354.22400 7.55329826e-016 
5357.28400 7.55987462e-016 
5360.34500 7.57773016e-016 
5363.40600 7.59138462e-016 
5366.46700 7.61151395e-016 
5369.52900 7.56258625e-016 
5372.59200 7.51638923e-016 
5375.65500 7.46050051e-016 
5378.71900 7.44706616e-016 
5381.78300 7.50771857e-016 
5384.84700 7.60274134e-016 
5387.91200 7.52107376e-016 
5390.97800 7.51554000e-016 
5394.04400 7.60510409e-016 
5397.11000 7.47489303e-016 
5400.17700 7.42691596e-016 
5403.24500 7.46877781e-016 
5406.31300 7.28920232e-016 
5409.38100 7.49262171e-016 
5412.45000 7.48532816e-016 
5415.51900 7.47570479e-016 
5418.58900 7.37021938e-016 
5421.65900 7.47691384e-016 
5424.73000 7.47232908e-016 
5427.80200 7.36684185e-016 
5430.87300 7.38281324e-016 
5433.94600 7.42306119e-016 
5437.01800 7.53249397e-016 
5440.09200 7.40613317e-016 
5443.16500 7.41090782e-016 
5446.23900 7.47029971e-016 
5449.31400 7.39088250e-016 
5452.38900 7.37954944e-016 
5455.46500 7.34881226e-016 
5458.54100 7.37076045e-016 
5461.61700 7.40657763e-016 
5464.69400 7.50913840e-016 
5467.77200 7.39533523e-016 
5477.00700 7.28650149e-016 
5480.08600 7.40250612e-016 
5483.16600 7.28810596e-016 
5486.24600 7.22395490e-016 
5489.32700 7.28281916e-016 
5492.40800 7.21660156e-016 
5495.48900 7.17526007e-016 
5498.57100 7.13327033e-016 
5501.65400 7.12474433e-016 
5504.73700 7.21339248e-016 
5507.82000 7.18890912e-016 
5510.90400 7.13149115e-016 
5513.98800 7.02501768e-016 
5517.07300 7.06195962e-016 
5520.15800 7.06685991e-016 
5523.24400 7.08975951e-016 
5526.33000 7.06367017e-016 
5529.41700 7.07786211e-016 
5532.50400 7.07910443e-016 
5535.59100 6.91017945e-016 
5538.67900 7.05827926e-016 
5541.76700 7.00195563e-016 
5544.85600 6.96358194e-016 
5547.94500 6.90866494e-016 
5551.03500 6.96831711e-016 
5554.12500 6.78326555e-016 
5557.21500 6.85424850e-016 
5560.30600 6.80702453e-016 
5563.39800 6.76271616e-016 
5566.49000 6.77533777e-016 
5569.58200 6.82765995e-016 
5572.67500 6.62297368e-016 
5575.76800 6.66163811e-016 
5578.86100 6.78810825e-016 
5581.95500 6.64304862e-016 
5585.05000 6.79852428e-016 
5588.14500 6.84428965e-016 
5591.24000 6.78163389e-016 
5594.33600 6.67143035e-016 
5597.43200 6.80433682e-016 
5600.52800 6.60781598e-016 
5603.62500 6.66391554e-016 
5606.72300 6.79341460e-016 
5609.82100 6.67027865e-016 
5612.91900 6.76492031e-016 
5616.01800 6.67238869e-016 
5619.11700 6.53822498e-016 
5622.21600 6.67973283e-016 
5625.31600 6.66709575e-016 
5628.41700 6.54215026e-016 
5631.51700 6.71540507e-016 
5634.61900 6.65691303e-016 
5637.72000 6.70502737e-016 
5640.82200 6.69912660e-016 
5643.92500 6.70364520e-016 
5647.02800 6.72733748e-016 
5650.13100 6.63212214e-016 
5653.23500 6.61055799e-016 
5656.33900 6.68916967e-016 
5659.44300 6.53895813e-016 
5662.54800 6.54235780e-016 
5665.65300 6.48295062e-016 
5668.75900 6.52035242e-016 
5671.86500 6.49898923e-016 
5674.97200 6.32501117e-016 
5678.07900 6.45198683e-016 
5681.18600 6.35151407e-016 
5684.29400 6.37192257e-016 
5687.40200 6.40686759e-016 
5690.51100 6.28482822e-016 
5693.62000 6.19680263e-016 
5696.72900 6.32057250e-016 
5699.83900 6.32420698e-016 
5702.94900 6.30600597e-016 
5706.06000 6.22093933e-016 
5709.17100 6.09773878e-016 
5712.28200 6.20480155e-016 
5715.39400 6.30129670e-016 
5718.50600 6.09705522e-016 
5721.61800 6.17854698e-016 
5724.73100 6.16004014e-016 
5727.84500 6.11345147e-016 
5730.95800 6.14487175e-016 
5734.07300 6.17993628e-016 
5737.18700 6.09892815e-016 
5740.30200 6.09348479e-016 
5743.41700 5.98461006e-016 
5746.53300 5.98654207e-016 
5749.64900 6.03022215e-016 
5752.76500 6.08161083e-016 
5755.88200 6.02147522e-016 
5758.99900 6.02222993e-016 
5762.11700 5.94189003e-016 
5765.23500 5.98367157e-016 
5768.35300 5.94570117e-016 
5771.47200 5.92057615e-016 
5774.59100 5.85647700e-016 
5777.71100 5.89637710e-016 
5780.83100 6.02954517e-016 
5783.95100 5.81476175e-016 
5787.07100 5.89982702e-016 
5790.19200 5.85754689e-016 
5793.31400 5.85874033e-016 
5796.43600 6.01377626e-016 
5799.55800 5.82084627e-016 
5802.68000 5.91758543e-016 
5805.80300 5.94129497e-016 
5808.92600 5.82997126e-016 
5812.05000 5.76172231e-016 
5815.17400 5.78261359e-016 
5818.29800 5.86221035e-016 
5821.42300 5.96842048e-016 
5824.54800 5.91420790e-016 
5827.67400 5.86541647e-016 
5830.80000 5.83052977e-016 
5833.92600 5.86529543e-016 
5837.05200 5.71544928e-016 
5840.17900 5.78210528e-016 
5843.30700 5.81511136e-016 
5846.43400 5.80076608e-016 
5849.56200 5.69431307e-016 
5852.69100 5.77480143e-016 
5855.81900 5.74159299e-016 
5858.94800 5.64681315e-016 
5862.07800 5.80210253e-016 
5865.20800 5.72547380e-016 
5868.33800 5.71523530e-016 
5871.46800 5.68266529e-016 
5874.59900 5.50968152e-016 
5877.73100 5.62688193e-016 
5880.86200 5.70080926e-016 
5883.99400 5.47981517e-016 
5887.12600 5.36691772e-016 
5890.25900 5.35988648e-016 
5893.39200 5.25496272e-016 
5896.52500 5.43836669e-016 
5899.65900 5.43434519e-016 
5902.79300 5.43526662e-016 
5905.92800 5.43503459e-016 
5909.06200 5.51846284e-016 
5912.19800 5.38213048e-016 
5915.33300 5.37518605e-016 
5918.46900 5.37764300e-016 
5921.60500 5.38159045e-016 
5924.74100 5.42518351e-016 
5927.87800 5.43712290e-016 
5931.01500 5.43482043e-016 
5934.15300 5.42698361e-016 
5937.29100 5.35753869e-016 
5940.42900 5.40596904e-016 
5943.56800 5.34639754e-016 
5946.70700 5.24767841e-016 
5949.84600 5.23348539e-016 
5952.98500 5.28315171e-016 
5956.12500 5.15125814e-016 
5959.26500 5.21661185e-016 
5962.40600 5.31852473e-016 
5965.54700 5.22522233e-016 
5968.68800 5.20110498e-016 
5971.83000 5.28225933e-016 
5974.97200 5.19768352e-016 
5978.11400 5.28127335e-016 
5981.25700 5.26339220e-016 
5984.40000 5.18411617e-016 
5987.54300 5.21617144e-016 
5990.68600 5.17345984e-016 
5993.83000 5.19911264e-016 
5996.97500 5.13335808e-016 
6000.11900 5.13997264e-016 
6003.26400 5.13541864e-016 
6006.40900 5.12369224e-016 
6009.55500 5.12641642e-016 
6012.70100 5.12293278e-016 
6015.84700 5.09080552e-016 
6018.99300 5.09405666e-016 
6022.14000 5.16687485e-016 
6025.28700 5.17382539e-016 
6028.43500 5.01395973e-016 
6031.58300 5.16036018e-016 
6034.73100 5.07302066e-016 
6037.87900 5.10660061e-016 
6041.02800 5.03734053e-016 
6044.17700 5.15932328e-016 
6047.32700 5.05381023e-016 
6050.47600 5.04337504e-016 
6053.62600 5.01568426e-016 
6056.77700 4.99668231e-016 
6059.92800 5.10534881e-016 
6063.07900 4.99401892e-016 
6066.23000 5.02328050e-016 
6069.38100 5.03354585e-016 
6072.53300 5.05063625e-016 
6075.68600 5.05829795e-016 
6078.83800 4.99140849e-016 
6081.99100 5.02359055e-016 
6085.14400 4.93875613e-016 
6088.29800 4.90569796e-016 
6091.45200 4.85605572e-016 
6094.60600 4.85831209e-016 
6097.76000 5.05195337e-016 
6100.91500 4.89530434e-016 
6104.07000 5.02603594e-016 
6107.22500 5.01738427e-016 
6110.38100 5.11691342e-016 
6113.53700 5.03161813e-016 
6116.69300 4.96019738e-016 
6119.85000 5.02094375e-016 
6123.00700 4.94444035e-016 
6126.16400 4.83630483e-016 
6129.32200 4.93273753e-016 
6132.47900 4.85893467e-016 
6135.63700 4.94887227e-016 
6138.79600 5.05507121e-016 
6141.95500 4.92028024e-016 
6145.11400 4.90904934e-016 
6148.27300 4.82520586e-016 
6151.43300 4.88712126e-016 
6154.59200 4.88976151e-016 
6157.75300 4.95863517e-016 
6160.91300 4.97184923e-016 
6164.07400 4.94008549e-016 
6167.23500 4.87678525e-016 
6170.39600 4.84793079e-016 
6173.55800 4.78058959e-016 
6176.72000 4.92049163e-016 
6179.88200 4.78905716e-016 
6183.04500 4.85243550e-016 
6186.20800 4.94518963e-016 
6189.37100 4.77094421e-016 
6192.53400 4.79480621e-016 
6195.69800 4.82523817e-016 
6198.86200 4.82174691e-016 
6202.02600 4.79181652e-016 
6205.19100 4.86279711e-016 
6208.35600 4.76809366e-016 
6211.52100 4.79497519e-016 
6214.68700 4.74863791e-016 
6217.85200 4.61471938e-016 
6221.01800 4.72132567e-016 
6224.18500 4.72931464e-016 
6227.35100 4.70856135e-016 
6230.51800 4.73326265e-016 
6233.68500 4.65415192e-016 
6236.85300 4.71472015e-016 
6240.02100 4.69577641e-016 
6243.18900 4.79570998e-016 
6246.35700 4.70474032e-016 
6249.52500 4.75007839e-016 
6252.69400 4.64392949e-016 
6255.86300 4.63310570e-016 
6259.03300 4.72288726e-016 
6262.20300 4.69085367e-016 
6265.37300 4.66627607e-016 
6268.54300 4.61922412e-016 
6271.71300 4.63842901e-016 
6274.88400 4.60206485e-016 
6278.05500 4.57317521e-016 
6281.22700 4.47323745e-016 
6284.39800 4.53369374e-016 
6287.57000 4.51028425e-016 
6290.74300 4.50637305e-016 
6293.91500 4.49062276e-016 
6297.08800 4.52609322e-016 
6300.26100 4.52150734e-016 
6303.43400 4.48799654e-016 
6306.60800 4.62154056e-016 
6309.78200 4.64443490e-016 
6312.95600 4.63106371e-016 
6316.13000 4.65394557e-016 
6319.30500 4.68365496e-016 
6322.48000 4.57352633e-016 
6325.65500 4.63893848e-016 
6328.83000 4.63094695e-016 
6332.00600 4.53655056e-016 
6335.18200 4.51397262e-016 
6338.35800 4.55014216e-016 
6341.53500 4.46872618e-016 
6344.71200 4.45059281e-016 
6347.88900 4.47510884e-016 
6351.06600 4.55724397e-016 
6354.24400 4.55400003e-016 
6357.42200 4.48188078e-016 
6360.60000 4.49131557e-016 
6363.77800 4.55008529e-016 
6366.95700 4.41076253e-016 
6370.13600 4.47024821e-016 
6373.31500 4.61340910e-016 
6376.49400 4.50717890e-016 
6379.67400 4.52487701e-016 
6382.85400 4.44085451e-016 
6386.03400 4.54441150e-016 
6389.21500 4.45596116e-016 
6395.57700 4.75035575e-016 
6398.75800 4.49343006e-016 
6401.93900 4.49807170e-016 
6405.12100 4.45703001e-016 
6408.30300 4.36182426e-016 
6411.48600 4.44136397e-016 
6414.66800 4.52048394e-016 
6417.85100 4.35406254e-016 
6421.03400 4.37362213e-016 
6424.21700 4.49035109e-016 
6427.40100 4.49365517e-016 
6430.58500 4.37136558e-016 
6433.76900 4.35256120e-016 
6436.95300 4.43403633e-016 
6440.13800 4.42447996e-016 
6443.32300 4.40050410e-016 
6446.50800 4.37450809e-016 
6449.69300 4.37287251e-016 
6452.87900 4.34889652e-016 
6456.06500 4.39015041e-016 
6459.25100 4.42320178e-016 
6462.43700 4.41870410e-016 
6465.62400 4.37707759e-016 
6468.81000 4.35954829e-016 
6471.99800 4.42212271e-016 
6475.18500 4.28433781e-016 
6478.37300 4.30441142e-016 
6481.56000 4.30343140e-016 
6484.74800 4.27373745e-016 
6487.93700 4.24820403e-016 
6491.12500 4.22253227e-016 
6494.31400 4.20615161e-016 
6497.50300 4.16138064e-016 
6500.69300 4.21140780e-016 
6503.88200 4.13728743e-016 
6507.07200 4.12149874e-016 
6510.26200 4.20480534e-016 
6513.45200 4.20366318e-016 
6516.64300 4.12268423e-016 
6519.83400 4.22973145e-016 
6523.02500 4.30001694e-016 
6526.21600 4.22906746e-016 
6529.40800 4.28220023e-016 
6532.59900 4.33660194e-016 
6535.79100 4.21021832e-016 
6538.98400 4.27577314e-016 
6542.17600 4.27384862e-016 
6545.36900 4.46834376e-016 
6548.56200 4.32524865e-016 
6551.75500 4.26031339e-016 
6554.94800 4.24410700e-016 
6558.14200 4.23384926e-016 
6561.33600 4.31168136e-016 
6564.53000 4.39013008e-016 
6567.72400 4.39210761e-016 
6570.91900 4.34729934e-016 
6574.11400 4.37195042e-016 
6577.30900 4.34921692e-016 
6580.50400 4.20286497e-016 
6583.70000 4.26816895e-016 
6586.89600 4.34464281e-016 
6590.09200 4.25067221e-016 
6593.28800 4.21620101e-016 
6596.48500 4.31628428e-016 
6599.68100 4.40610426e-016 
6602.87800 4.38162320e-016 
6606.07500 4.38702022e-016 
6609.27300 4.43271043e-016 
6612.47100 4.47561751e-016 
6615.66800 4.41286011e-016 
6618.86700 4.43044992e-016 
6622.06500 4.54504004e-016 
6625.26400 4.54372643e-016 
6628.46200 4.75413604e-016 
6631.66100 4.91904100e-016 
6634.86100 5.08131557e-016 
6638.06000 5.40494281e-016 
6641.26000 5.62110442e-016 
6644.46000 5.67946063e-016 
6647.66000 5.58131499e-016 
6650.86100 5.03700560e-016 
6654.06100 4.54159224e-016 
6657.26200 4.44924058e-016 
6660.46300 4.48530156e-016 
6663.66500 4.34008211e-016 
6666.86600 4.25988380e-016 
6670.06800 4.16521803e-016 
6673.27000 4.09751357e-016 
6676.47200 4.17327141e-016 
6679.67500 4.17915303e-016 
6682.87700 4.18198675e-016 
6686.08000 4.12299038e-016 
6689.28300 3.93790206e-016 
6692.48700 4.03555125e-016 
6695.69000 4.04732577e-016 
6698.89400 4.00383762e-016 
6702.09800 3.97706806e-016 
6705.30200 3.84758247e-016 
6708.50700 3.81818141e-016 
6711.71200 3.82559221e-016 
6714.91700 3.93030336e-016 
6718.12200 3.80885182e-016 
6721.32700 3.81834383e-016 
6724.53300 3.78699829e-016 
6727.73900 3.82950939e-016 
6730.94500 3.75053497e-016 
6734.15100 3.84294585e-016 
6737.35700 3.74950874e-016 
6740.56400 3.77187136e-016 
6743.77100 3.74362808e-016 
6746.97800 3.70707609e-016 
6750.18500 3.71029068e-016 
6753.39300 3.71130080e-016 
6756.60100 3.68538495e-016 
6759.80900 3.74299683e-016 
6763.01700 3.83829239e-016 
6766.22600 3.66228263e-016 
6769.43400 3.62694243e-016 
6772.64300 3.65086345e-016 
6775.85200 3.66388369e-016 
6779.06100 3.57972502e-016 
6782.27100 3.62758196e-016 
6785.48100 3.56361707e-016 
6788.69100 3.61105681e-016 
6791.90100 3.70510021e-016 
6795.11100 3.71854128e-016 
6798.32200 3.73593277e-016 
6801.53300 3.59403559e-016 
6804.74400 3.74196144e-016 
6807.95500 3.57640407e-016 
6811.16700 3.52546860e-016 
6814.37800 3.61458629e-016 
6817.59000 3.70295293e-016 
6820.80200 3.59169511e-016 
6824.01500 3.57847482e-016 
6827.22700 3.53757822e-016 
6830.44000 3.46299009e-016 
6833.65300 3.49094325e-016 
6836.86600 3.58068798e-016 
6840.07900 3.41216255e-016 
6843.29300 3.47761799e-016 
6846.50700 3.40052867e-016 
6849.72100 3.55292192e-016 
6852.93500 3.59646562e-016 
6856.14900 3.67135623e-016 
6859.36400 3.42312517e-016 
6862.57900 3.46035681e-016 
6865.79400 3.06508424e-016 
6869.00900 2.89991995e-016 
6872.22500 2.61936741e-016 
6875.44100 2.79624146e-016 
6878.65700 3.02434134e-016 
6881.87300 3.13998598e-016 
6885.08900 3.25928516e-016 
6888.30600 3.18102385e-016 
6891.52200 3.22965873e-016 
6894.73900 3.09582439e-016 
6897.95600 3.13976036e-016 
6901.17400 3.12654183e-016 
6904.39100 3.30091944e-016 
6907.60900 3.26839241e-016 
6910.82700 3.25203867e-016 
6914.04500 3.37329110e-016 
6917.26400 3.34450703e-016 
6920.48200 3.40714725e-016 
6923.70100 3.39522694e-016 
6926.92000 3.29813991e-016 
6930.14000 3.29639202e-016 
6933.35900 3.50835886e-016 
6936.57900 3.30571815e-016 
6939.79900 3.31591249e-016 
6943.01900 3.41056642e-016 
6946.23900 3.38780337e-016 
6949.45900 3.36286757e-016 
6952.68000 3.46853338e-016 
6955.90100 3.30931650e-016 
6959.12200 3.43686360e-016 
6962.34300 3.51465919e-016 
6965.56500 3.34153425e-016 
6968.78700 3.42337846e-016 
6972.00900 3.39453966e-016 
6975.23100 3.31915168e-016 
6978.45300 3.39820922e-016 
6981.67500 3.22482882e-016 
6984.89800 3.20911290e-016 
6988.12100 3.27818596e-016 
6991.34400 3.22915575e-016 
6994.56800 3.21512178e-016 
6997.79100 3.26987537e-016 
7001.01500 3.38150514e-016 
7004.23900 3.24198770e-016 
7007.46300 3.25991068e-016 
7010.68700 3.26111590e-016 
7013.91200 3.21541916e-016 
7017.13700 3.30155857e-016 
7020.36200 3.21004836e-016 
7023.58700 3.15867031e-016 
7026.81200 3.30862506e-016 
7030.03800 3.25199694e-016 
7033.26400 3.26220761e-016 
7036.49000 3.23868028e-016 
7039.71600 3.15856269e-016 
7042.94200 3.23851572e-016 
7046.16900 3.24760412e-016 
7049.39500 3.06459457e-016 
7052.62200 3.23671830e-016 
7055.85000 3.19619298e-016 
7059.07700 3.15152667e-016 
7062.30500 3.09504346e-016 
7065.53200 3.13135469e-016 
7068.76000 3.01671071e-016 
7071.98900 3.16797680e-016 
7075.21700 3.08504040e-016 
7078.44600 3.08545319e-016 
7081.67400 3.13210311e-016 
7084.90300 3.14225023e-016 
7088.13300 3.21782939e-016 
7091.36200 3.14686541e-016 
7094.59100 3.00928573e-016 
7097.82100 3.17133538e-016 
7101.05100 3.09596915e-016 
7104.28100 2.90119584e-016 
7107.51200 3.01257458e-016 
7110.74200 3.10032060e-016 
7113.97300 2.97179789e-016 
7117.20400 2.97646175e-016 
7120.43500 3.16567640e-016 
7123.66700 3.02432604e-016 
7126.89800 3.09774558e-016 
7130.13000 3.04672908e-016 
7133.36200 3.08281472e-016 
7136.59400 2.91465244e-016 
7139.82700 2.95399447e-016 
7143.05900 2.90371361e-016 
7146.29200 3.07503805e-016 
7149.52500 3.03884906e-016 
7152.75800 3.17360533e-016 
7155.99100 3.10303302e-016 
7159.22500 3.16496692e-016 
7162.45900 3.11832587e-016 
7165.69300 3.00776121e-016 
7168.92700 2.98135643e-016 
7172.16100 2.94253662e-016 
7175.39600 2.74159959e-016 
7178.63100 2.75219156e-016 
7181.86600 2.95055779e-016 
7185.10100 2.77181631e-016 
7188.33600 2.71508017e-016 
7191.57200 2.77204333e-016 
7194.80700 2.93921368e-016 
7198.04300 2.98149342e-016 
7201.27900 2.85579007e-016 
7204.51600 2.85867950e-016 
7207.75200 2.90066713e-016 
7210.98900 2.91117195e-016 
7214.22600 2.97797526e-016 
7217.46300 2.93491769e-016 
7220.70000 2.88632612e-016 
7223.93800 2.95388619e-016 
7227.17600 2.94818116e-016 
7230.41300 2.86667148e-016 
7233.65200 2.83806129e-016 
7236.89000 2.82468991e-016 
7240.12800 2.81440103e-016 
7243.36700 2.78260193e-016 
7246.60600 2.83867077e-016 
7249.84500 2.92382977e-016 
7253.08400 2.79608580e-016 
7256.32400 2.79353099e-016 
7259.56300 2.80648215e-016 
7262.80300 2.84151525e-016 
7266.04300 2.88419361e-016 
7269.28400 2.82607754e-016 
7272.52400 2.83416046e-016 
7275.76500 2.84836662e-016 
7279.00600 2.74241558e-016 
7282.24700 2.74239165e-016 
7285.48800 2.90080944e-016 
7288.73000 2.73786700e-016 
7291.97100 2.71762918e-016 
7295.21300 2.70249625e-016 
7298.45500 2.78558661e-016 
7301.69700 2.76011550e-016 
7304.94000 2.86025996e-016 
7308.18200 2.71612845e-016 
7311.42500 2.82069894e-016 
7314.66800 2.79311477e-016 
7317.91100 2.80102375e-016 
7321.15500 2.84599060e-016 
7324.39900 2.79071979e-016 
7327.64200 2.88227836e-016 
7330.88600 2.69726088e-016 
7334.13100 2.83431418e-016 
7337.37500 3.01020984e-016 
7340.62000 2.96006607e-016 
7343.86400 2.96817192e-016 
7347.10900 2.96998959e-016 
7350.35500 3.07132827e-016 
7353.60000 2.99562995e-016 
7356.84600 2.86615063e-016 
7360.09100 2.86963058e-016 
7363.33700 2.79186018e-016 
7366.58400 2.86762593e-016 
7369.83000 2.81729821e-016 
7373.07700 2.71907588e-016 
7376.32300 2.79768340e-016 
7379.57000 2.78709296e-016 
7382.81800 2.82259413e-016 
7386.06500 2.84147220e-016 
7389.31300 2.89019142e-016 
7392.56000 2.96069802e-016 
7395.80800 2.99587869e-016 
7399.05600 2.94180214e-016 
7402.30500 2.83640449e-016 
7405.55300 2.87982106e-016 
7408.80200 2.84075735e-016 
7412.05100 2.74250140e-016 
7415.30000 2.98188166e-016 
7418.55000 2.77035091e-016 
7421.79900 2.70882995e-016 
7425.04900 2.76270460e-016 
7428.29900 2.83521299e-016 
7431.54900 2.83652615e-016 
7434.79900 2.78306968e-016 
7438.05000 2.86602009e-016 
7441.30100 2.83067536e-016 
7444.55200 2.76599631e-016 
7447.80300 2.65743164e-016 
7451.05400 2.62929186e-016 
7454.30600 2.62313952e-016 
7457.55700 2.74314287e-016 
7460.80900 3.05607645e-016 
7464.06200 2.62186533e-016 
7467.31400 2.70084053e-016 
7470.56600 2.58262046e-016 
7473.81900 2.67439855e-016 
7477.07200 2.64909749e-016 
7480.32500 2.75411656e-016 
7483.57900 2.62793424e-016 
7486.83200 2.63083662e-016 
7490.08600 2.54992921e-016 
7493.34000 2.72937974e-016 
7496.59400 2.61438511e-016 
7499.84800 2.60352378e-016 
7503.10300 2.63167266e-016 
7506.35800 2.65869724e-016 
7509.61300 2.68291205e-016 
7512.86800 2.69138494e-016 
7516.12300 2.73179002e-016 
7519.37900 2.66093693e-016 
7522.63500 2.75320000e-016 
7525.89000 2.63606338e-016 
7529.14700 2.66017431e-016 
7532.40300 2.67166059e-016 
7535.66000 2.50190647e-016 
7538.91600 2.58361907e-016 
7542.17300 2.57711685e-016 
7545.43100 2.66654921e-016 
7548.68800 2.56658834e-016 
7551.94500 2.72105625e-016 
7555.20300 2.71650561e-016 
7558.46100 2.70311091e-016 
7561.71900 2.66132897e-016 
7564.97800 2.58001443e-016 
7568.23600 2.66594893e-016 
7571.49500 2.70502846e-016 
7574.75400 2.63999040e-016 
7578.01300 2.62725174e-016 
7581.27300 2.67398454e-016 
7584.53200 2.71427165e-016 
7587.79200 2.69516291e-016 
7591.05200 2.31415352e-016 
7594.31300 1.91610330e-016 
7597.57300 1.39413807e-016 
7600.83400 1.04903098e-016 
7604.09400 9.32302346e-017 
7607.35600 8.70922305e-017 
7610.61700 1.15612467e-016 
7613.87800 1.44983071e-016 
7617.14000 1.73901005e-016 
7620.40200 1.74792733e-016 
7623.66400 1.64146437e-016 
7626.92600 1.40913003e-016 
7630.18900 1.36117361e-016 
7633.45100 1.40021205e-016 
7636.71400 1.46669445e-016 
7639.97700 1.71400691e-016 
7643.24100 1.70587704e-016 
7646.50400 1.93928955e-016 
7649.76800 2.03839173e-016 
7653.03200 2.17150560e-016 
7656.29600 2.18452010e-016 
7659.56000 2.18794101e-016 
7662.82500 2.23780179e-016 
7666.09000 2.16975944e-016 
7669.35500 2.28206676e-016 
7672.62000 2.38035306e-016 
7675.88500 2.47043474e-016 
7679.15100 2.40064246e-016 
7682.41700 2.59221606e-016 
7685.68300 2.45108917e-016 
7688.94900 2.57855123e-016 
7692.21600 2.54545780e-016 
7695.48200 2.51691304e-016 
7698.74900 2.49096276e-016 
7702.01600 2.41424853e-016 
7705.28400 2.45111344e-016 
7708.55100 2.49672619e-016 
7711.81900 2.32979365e-016 
7715.08700 2.29057868e-016 
7718.35500 2.53020962e-016 
7721.62300 2.50271988e-016 
7724.89200 2.62736020e-016 
7728.16100 2.50276092e-016 
7731.43000 2.42441492e-016 
7734.69900 2.58726536e-016 
7737.96800 2.46184397e-016 
7741.23800 2.58381866e-016 
7744.50800 2.55249978e-016 
7747.77800 2.47743183e-016 
7751.04800 2.40196421e-016 
7754.31900 2.55118646e-016 
7757.58900 2.54966514e-016 
7760.86000 2.52349991e-016 
7764.13100 2.59861236e-016 
7767.40300 2.41854204e-016 
7770.67400 2.52672525e-016 
7773.94600 2.52222077e-016 
7777.21800 2.63519655e-016 
7780.49000 2.61611165e-016 
7783.76300 2.52926601e-016 
7787.03500 2.62540799e-016 
7790.30800 2.43538444e-016 
7793.58100 2.28442273e-016 
7796.85500 2.13306764e-016 
7800.12800 2.32114833e-016 
7803.40200 2.15957078e-016 
7806.67600 2.32716227e-016 
7809.95000 2.33579507e-016 
7813.22500 2.52441962e-016 
7816.49900 2.46968470e-016 
7819.77400 2.47425317e-016 
7823.04900 2.49125968e-016 
7826.32400 2.41257168e-016 
7829.60000 2.38058448e-016 
7832.87600 2.44801561e-016 
7836.15100 2.22015206e-016 
7839.42800 2.23443775e-016 
7842.70400 2.23278670e-016 
7845.98100 2.15164775e-016 
7849.25700 2.11714921e-016 
7852.53500 2.33685783e-016 
7855.81200 2.33112987e-016 
7859.08900 2.25591486e-016 
7862.36700 2.44330739e-016 
7865.64500 2.38432442e-016 
7868.92300 2.39537878e-016 
7872.20200 2.33042002e-016 
7875.48000 2.14401060e-016 
7878.75900 2.25846461e-016 
7882.03800 2.14175344e-016 
7885.31700 2.11730466e-016 
7888.59700 2.21278058e-016 
7891.87700 2.17005188e-016 
7895.15700 2.20372642e-016 
7898.43700 2.26280989e-016 
7901.71700 2.28663642e-016 
7904.99800 2.40112554e-016 
7908.27900 2.50986288e-016 
7911.56000 2.47452455e-016 
7914.84100 2.36465711e-016 
7918.12300 2.15532173e-016 
7921.40500 2.21048742e-016 
7924.68700 2.13815728e-016 
7927.96900 2.18196773e-016 
7931.25100 2.15974791e-016 
7934.53400 2.05629164e-016 
7937.81700 2.06553561e-016 
7941.10000 2.08398309e-016 
7944.38400 2.23878715e-016 
7947.66700 2.19653414e-016 
7950.95100 2.28983928e-016 
7954.23500 2.42505167e-016 
7957.52000 2.20933538e-016 
7960.80400 2.29329637e-016 
7964.08900 2.28514286e-016 
7967.37400 2.32885769e-016 
7970.65900 2.36823728e-016 
7973.94500 2.18230863e-016 
7977.23100 2.18375577e-016 
7980.51700 2.06166439e-016 
7983.80300 1.93657659e-016 
7987.08900 1.94555134e-016 
7990.37600 1.98041959e-016 
7993.66300 2.14434427e-016 
7996.95000 2.20110452e-016 
8000.23700 2.16497233e-016 
8003.52500 2.16389270e-016 
8006.81300 2.31286205e-016 
8010.10100 2.35949248e-016 
8013.38900 2.17028436e-016 
8016.67800 2.37806223e-016 
8019.96700 2.41026951e-016 
8023.25600 2.00808115e-016 
8026.54500 2.21479762e-016 
8029.83500 2.11773195e-016 
8033.12400 2.08599744e-016 
8036.41400 1.99310172e-016 
8039.70500 1.93833295e-016 
8042.99500 1.93966959e-016 
8046.28600 1.86550437e-016 
8049.57700 1.95573430e-016 
8052.86800 2.07931587e-016 
8056.16000 2.07580992e-016 
8059.45100 2.13394267e-016 
8062.74300 2.14866288e-016 
8066.03600 2.42875749e-016 
8069.32800 2.37570646e-016 
8072.62100 2.42616432e-016 
8075.91400 2.35043592e-016 
8079.20700 2.34994882e-016 
8082.50000 2.22805836e-016 
8085.79400 2.21776350e-016 
8089.08800 2.13569209e-016 
8092.38200 1.99793308e-016 
8095.67700 1.89358646e-016 
8098.97100 1.86010813e-016 
8102.26600 1.93690855e-016 
8105.56200 1.99910978e-016 
8108.85700 1.92895191e-016 
8112.15300 1.98388388e-016 
8115.44900 2.18156921e-016 
8118.74500 2.09123830e-016 
8122.04100 2.20780880e-016 
8125.33800 2.32009508e-016 
8128.63500 2.25847720e-016 
8131.93200 2.29409999e-016 
8135.23000 2.39069794e-016 
8138.52700 2.08064625e-016 
8141.82500 2.18736764e-016 
8145.12300 2.09356141e-016 
8148.42200 1.77876320e-016 
8151.72100 1.83812859e-016 
8155.02000 1.66545707e-016 
8158.31900 1.71880091e-016 
8161.61800 1.75177865e-016 
8164.91800 1.85817582e-016 
8168.21800 1.85854768e-016 
8171.51800 1.90355257e-016 
8174.81900 2.04519456e-016 
8178.12000 1.92124151e-016 
8181.42100 2.07374684e-016 
8184.72200 2.23669622e-016 
8188.02400 2.18240293e-016 
8191.32600 2.35480941e-016 
8194.62800 2.27135986e-016 
8197.93000 2.19890314e-016 
8201.23300 2.30904332e-016 
8204.53600 2.27889872e-016 
8207.83900 2.06507297e-016 
8211.14200 2.07070055e-016 
8214.44600 1.93335047e-016 
8217.75000 1.78238521e-016 
8221.05400 1.71216902e-016 
8224.35800 1.52757754e-016 
8227.66300 1.63837335e-016 
8230.96800 1.54078605e-016 
8234.27300 1.79592774e-016 
8237.57900 2.07078420e-016 
8240.88500 1.98736594e-016 
8244.19100 2.08934035e-016 
8247.49700 2.22727654e-016 
8250.80400 2.14333035e-016 
8254.11100 2.22925229e-016 
8257.41800 2.34001102e-016 
8260.72500 2.18183325e-016 
8264.03300 2.27739804e-016 
8267.34100 2.13294260e-016 
8270.64900 2.06558277e-016 
8273.95800 1.67996826e-016 
8277.26600 1.81536719e-016 
8280.57600 1.88178295e-016 
8283.88500 1.89879532e-016 
8287.19500 1.63245763e-016 
8290.50400 1.79287933e-016 
8293.81500 1.91274344e-016 
8297.12500 2.00313895e-016 
8300.43600 2.00795544e-016 
8303.74700 2.34399982e-016 
8307.05800 2.26287122e-016 
8310.37000 2.32913339e-016 
8313.68100 2.36246690e-016 
8316.99400 2.46120767e-016 
8320.30600 2.25597777e-016 
8323.61900 2.13840725e-016 
8326.93200 2.18101580e-016 
8330.24500 2.02221918e-016 
8333.55800 1.89704721e-016 
8336.87200 1.87802023e-016 
8340.18600 1.62525957e-016 
8343.50100 1.63628927e-016 
8346.81500 1.86331098e-016 
8350.13000 1.97362267e-016 
8353.44500 2.09165455e-016 
8356.76100 2.09225750e-016 
8360.07700 2.37677606e-016 
8363.39300 2.26508701e-016 
8366.70900 2.09196532e-016 
8370.02600 2.41309564e-016 
8373.34300 2.18258319e-016 
8376.66000 2.10874076e-016 
8379.97800 2.02849199e-016 
8383.29500 1.86353841e-016 
8386.61400 1.84352661e-016 
8389.93200 1.79405368e-016 
8393.25100 1.66723008e-016 
8396.57000 1.59284889e-016 
8399.88900 2.05245672e-016 
8403.20900 2.34266751e-016 
8409.84900 2.42989903e-016 
8413.16900 2.39353252e-016 
8416.49000 2.37190591e-016 
8419.81100 2.29515736e-016 
8423.13200 2.12012844e-016 
8426.45400 2.11965733e-016 
8429.77600 1.93092094e-016 
8433.09800 1.91767614e-016 
8436.42100 1.48135710e-016 
8439.74300 1.66009213e-016 
8443.06700 1.69324339e-016 
8446.39000 1.77624893e-016 
8449.71400 1.94321750e-016 
8453.03800 2.04526997e-016 
8456.36200 1.94776435e-016 
8459.68700 2.10212750e-016 
8463.01200 2.20708212e-016 
8466.33700 2.28069193e-016 
8469.66300 2.24153077e-016 
8472.98900 2.19328734e-016 
8476.31500 1.94469372e-016 
8479.64100 2.01865508e-016 
8482.96800 1.80403517e-016 
8486.29500 1.80212779e-016 
8489.62300 1.68703481e-016 
8492.95000 1.58528357e-016 
8496.27800 1.52160492e-016 
8499.60700 1.71902327e-016 
8502.93500 1.85810325e-016 
8506.26400 1.89308938e-016 
8509.59400 2.27472344e-016 
8512.92300 2.22090761e-016 
8516.25300 2.06147796e-016 
8519.58400 2.31025215e-016 
8522.91400 1.96341044e-016 
8526.24500 1.82737974e-016 
8529.57600 1.73582286e-016 
8532.90800 1.64272845e-016 
8536.23900 1.55809054e-016 
8539.57200 1.57630211e-016 
8542.90400 1.67629427e-016 
8546.23700 1.80661532e-016 
8549.57000 1.82673271e-016 
8552.90300 1.94252381e-016 
8556.23700 2.07947426e-016 
8559.57100 2.22963635e-016 
8562.90600 2.27468891e-016 
8566.24000 1.96995782e-016 
8569.57500 1.84381419e-016 
8572.91100 1.67404865e-016 
8576.24600 1.65285548e-016 
8579.58200 1.49556482e-016 
8582.91900 1.49178204e-016 
8586.25500 1.46672068e-016 
8589.59200 1.56502366e-016 
8592.93000 1.58276209e-016 
8596.26700 1.79724832e-016 
8599.60500 1.85870026e-016 
8602.94400 1.99367199e-016 
8606.28200 2.27710083e-016 
8609.62100 2.14445840e-016 
8612.96100 2.12026005e-016 
8616.30000 2.07490892e-016 
8619.64000 1.90262358e-016 
8622.98000 1.90412270e-016 
8626.32100 1.65866545e-016 
8629.66200 1.64596983e-016 
8633.00300 1.53639565e-016 
8636.34500 1.49482545e-016 
8639.68700 1.55246294e-016 
8643.02900 1.66470719e-016 
8646.37200 1.75381682e-016 
8649.71500 1.88229912e-016 
8653.05800 1.85101341e-016 
8656.40200 1.97412968e-016 
8659.74600 1.86122927e-016 
8663.09100 2.20811993e-016 
8666.43500 1.95751046e-016 
8669.78000 2.14843176e-016 
8673.12600 2.05522620e-016 
8676.47200 1.75059097e-016 
8679.81800 1.62121447e-016 
8683.16400 1.42366671e-016 
8686.51100 1.43966707e-016 
8689.85800 1.48212852e-016 
8693.20600 1.45105938e-016 
8696.55300 1.42807822e-016 
8699.90200 1.50494166e-016 
8703.25000 1.54058649e-016 
8706.59900 1.61719401e-016 
8709.94800 1.94926642e-016 
8713.29800 2.00346506e-016 
8716.64800 2.02317880e-016 
8719.99800 2.07550099e-016 
8723.34900 1.93521553e-016 
8726.70000 2.14648574e-016 
8730.05100 2.24623131e-016 
8733.40300 1.97654865e-016 
8736.75500 1.90356239e-016 
8740.10800 1.57139662e-016 
8743.46000 1.46585038e-016 
8746.81400 1.45428972e-016 
8750.16700 1.45829671e-016 
8753.52100 1.40813511e-016 
8756.87500 1.55439000e-016 
8760.23000 1.40240909e-016 
8763.58500 1.40793335e-016 
8766.94000 1.81194553e-016 
8770.29600 1.84005586e-016 
8773.65200 1.70103184e-016 
8777.00900 1.86629961e-016 
8780.36600 2.16296079e-016 
8783.72300 2.10417991e-016 
8787.08000 2.07873994e-016 
8790.43800 1.97887161e-016 
8793.79700 1.79077618e-016 
8797.15500 1.87076900e-016 
8800.51400 1.73075640e-016 
8803.87400 1.45094395e-016 
8807.23400 1.40065270e-016 
8810.59400 1.41242589e-016 
8813.95400 1.34799784e-016 
8817.31500 1.50405964e-016 
8820.67700 1.58051827e-016 
8824.03800 1.53443719e-016 
8827.40000 1.88197107e-016 
8830.76300 2.01449838e-016 
8834.12600 2.14643833e-016 
8837.48900 2.09454754e-016 
8840.85200 1.97681388e-016 
8844.21600 2.20514464e-016 
8847.58100 2.00698973e-016 
8850.94600 2.01863758e-016 
8854.31100 1.66280877e-016 
8857.67600 1.73695914e-016 
8861.04200 1.49172023e-016 
8864.40800 1.48916676e-016 
8867.77500 1.28445211e-016 
8871.14200 1.34001600e-016 
8874.51000 1.30585218e-016 
8877.87700 1.28383906e-016 
8881.24600 1.48790121e-016 
8884.61400 1.69013093e-016 
8887.98300 1.73681219e-016 
8891.35300 1.97561352e-016 
8894.72300 2.29163916e-016 
8898.09300 2.31655331e-016 
8901.46300 1.96949536e-016 
8904.83400 2.34184894e-016 
8908.20600 1.81020145e-016 
8911.57800 1.63450378e-016 
8914.95000 1.31685873e-016 
8918.32200 1.60986330e-016 
8921.69500 1.53906611e-016 
8925.06900 1.23016695e-016 
8928.44300 1.19343046e-016 
8931.81700 1.44401128e-016 
8935.19200 1.46360938e-016 
8938.56700 1.61282782e-016 
8941.94200 1.87136392e-016 
8945.31800 1.95030598e-016 
8948.69400 1.98533540e-016 
8952.07100 1.98951949e-016 
8955.44800 2.62798285e-016 
8958.82500 2.05661186e-016 
8962.20300 2.00620534e-016 
8965.58100 1.95896924e-016 
8968.96000 1.92323463e-016 
8972.33900 1.65529413e-016 
8975.71900 1.81136750e-016 
8979.09900 1.33791259e-016 
8982.47900 1.27255973e-016 
8985.86000 1.17285651e-016 
8989.24100 1.10589329e-016 
8992.62300 1.34927593e-016 
8996.00500 1.28728427e-016 
8999.38700 1.44236784e-016 
9002.77000 1.68980593e-016 
9006.15300 1.75527023e-016 
9009.53700 1.76810088e-016 
9012.92100 2.24558707e-016 
9016.30600 2.14131813e-016 
9019.69100 1.95440288e-016 
9023.07600 1.98163909e-016 
9026.46200 1.97432111e-016 
9029.84900 1.74781415e-016 
9033.23500 1.88112322e-016 
9036.62200 1.52048064e-016 
9040.01000 1.61547276e-016 
9043.39800 1.66761161e-016 
9046.78600 1.19658974e-016 
9050.17500 1.34761088e-016 
9053.56500 1.22005089e-016 
9056.95400 1.60037515e-016 
9060.34500 1.45086651e-016 
9063.73500 1.44950464e-016 
9067.12600 1.67919558e-016 
9070.51800 1.75066214e-016 
9073.91000 1.87133144e-016 
9077.30200 1.63903818e-016 
9080.69500 3.14290310e-016 
9084.08800 3.22554114e-016 
9087.48200 3.29249950e-016 
9090.87600 3.14494715e-016 
9094.27100 2.85305821e-016 
9097.66600 2.80272545e-016 
9101.06100 2.34323325e-016 
9104.45700 2.13115620e-016 
9107.85400 2.13407592e-016 
9111.25000 1.94327255e-016 
9114.64800 1.83209248e-016 
9118.04500 1.91710587e-016 
9121.44400 NaN 
9124.84200 NaN 
9128.24100 NaN 
9131.64100 NaN 
9135.04100 NaN 
9138.44100 NaN 
9141.84200 NaN 
