3.717502577044751888e+03 4.972139882604007521e-01
3.747680659723456301e+03 4.042787275032371230e-01
3.777858742402160715e+03 5.905780917962669685e-01
3.808036825080866038e+03 6.743501937800877588e-01
3.838214907759570451e+03 5.702232869975590868e-01
3.868392990438274865e+03 5.628510713173886515e-01
3.898571073116980187e+03 5.590070518807270794e-01
3.928749155795684601e+03 5.432181481030305958e-01
3.958927238474389014e+03 5.526702850981082271e-01
3.989105321153094337e+03 7.156463321647875686e-01
4.019283403831798751e+03 6.009303248918305140e-01
4.049461486510503619e+03 6.929476680968945645e-01
4.079639569189208487e+03 6.801861552135641809e-01
4.109817651867912900e+03 6.680450093167841219e-01
4.139995734546617314e+03 7.457036766331441857e-01
4.170173817225322637e+03 6.766489354502510656e-01
4.200351899904027050e+03 7.434004232030787529e-01
4.230529982582731463e+03 6.925190509061869282e-01
4.260708065261436786e+03 6.712235441678735537e-01
4.290886147940141200e+03 5.850353947564326251e-01
4.321064230618845613e+03 6.110953199514534973e-01
4.351242313297550936e+03 8.096668967664215621e-01
4.381420395976255350e+03 7.193707899640411352e-01
4.411598478654959763e+03 7.889037776965660553e-01
4.441776561333665086e+03 7.562972888834748053e-01
4.471954644012369499e+03 7.049489494367067177e-01
4.502132726691073913e+03 6.748036256502574215e-01
4.532310809369779236e+03 7.617497507252652955e-01
4.562488892048483649e+03 7.441606547465969834e-01
4.592666974727188062e+03 9.878926923024864415e-01
4.622845057405893385e+03 8.539633554860744935e-01
4.653023140084597799e+03 1.011547849469642824e+00
4.683201222763302212e+03 9.677138461399639180e-01
4.713379305442007535e+03 9.019865278849320545e-01
4.743557388120711948e+03 8.975266532216220616e-01
4.773735470799416362e+03 9.100422751902834673e-01
4.803913553478121685e+03 8.700703383368749710e-01
4.834091636156826098e+03 9.570480457311982825e-01
4.864269718835530512e+03 1.114066313847042355e+00
4.894447801514235834e+03 1.122523607783687982e+00
4.924625884192940248e+03 1.116674111070505182e+00
4.954803966871644661e+03 1.017277784545417729e+00
4.984982049550349984e+03 9.803467738660819331e-01
5.015160132229054398e+03 9.662971535306775772e-01
5.045338214907758811e+03 1.095992203678889165e+00
5.075516297586464134e+03 1.025484675807492030e+00
5.105694380265169457e+03 9.445234002427326248e-01
5.135872462943872961e+03 9.528769237016284643e-01
5.166050545622578284e+03 9.113371502822105175e-01
5.196228628301283607e+03 1.082571973849839608e+00
5.226406710979987110e+03 1.073864277238622433e+00
5.256584793658692433e+03 1.087911641694075504e+00
5.286762876337397756e+03 1.188025338043610768e+00
5.316940959016101260e+03 1.088112415009722778e+00
5.347119041694806583e+03 1.121506205925745236e+00
5.377297124373511906e+03 1.164234828079389050e+00
5.407475207052215410e+03 1.096899067419228047e+00
5.437653289730920733e+03 1.138459143758205894e+00
5.467831372409626056e+03 1.077087929688733681e+00
5.498009455088330469e+03 1.068610332832527821e+00
5.528187537767034883e+03 1.097499131486218804e+00
5.558365620445740205e+03 1.123538753761679887e+00
5.588543703124444619e+03 1.049845923399340464e+00
5.618721785803149032e+03 9.529603912598187954e-01
5.648899868481854355e+03 1.001349016210753229e+00
5.679077951160558769e+03 1.010065736341774878e+00
5.709256033839263182e+03 1.053001899450918932e+00
5.739434116517968505e+03 1.003564290322725983e+00
5.769612199196672918e+03 1.007036089567457493e+00
5.799790281875377332e+03 1.026754736219957165e+00
5.829968364554082655e+03 1.001308410371633650e+00
5.860146447232787068e+03 1.020805980788926259e+00
5.890324529911491481e+03 1.021302274378166564e+00
5.920502612590196804e+03 1.223230600560360593e+00
5.950680695268901218e+03 1.146641220340818279e+00
5.980858777947605631e+03 1.110664446880794687e+00
6.011036860626310954e+03 1.070469177912228176e+00
6.041214943305015368e+03 1.034246513537535606e+00
6.071393025983719781e+03 1.051747630198111239e+00
6.101571108662425104e+03 1.068465956515658011e+00
6.131749191341129517e+03 1.071141430137653838e+00
6.161927274019833931e+03 1.109482365786422120e+00
6.192105356698539254e+03 1.089975771849325481e+00
6.222283439377243667e+03 1.102705702413340427e+00
6.252461522055948080e+03 1.148472994861105212e+00
6.282639604734653403e+03 1.094789819664956809e+00
6.312817687413357817e+03 1.093397941735132717e+00
6.342995770092062230e+03 1.022418934953957415e+00
6.373173852770767553e+03 1.081856859905343082e+00
6.403351935449471966e+03 1.075817869276268768e+00
6.433530018128176380e+03 1.076106621910008609e+00
6.463708100806881703e+03 1.235166461381591141e+00
6.493886183485586116e+03 1.356266608916139926e+00
6.524064266164290530e+03 1.722305689780412541e+00
6.554242348842995852e+03 1.585412126708265035e+00
6.584420431521700266e+03 2.612958676791055534e+00
6.614598514200404679e+03 1.779780999174347844e+00
6.644776596879110002e+03 1.520038981605554840e+00
6.674954679557814416e+03 1.269130989925240094e+00
6.705132762236518829e+03 1.152048564583587176e+00
6.735310844915224152e+03 1.104952558844628507e+00
6.765488927593928565e+03 1.058725066886840427e+00
6.795667010272632979e+03 1.067423739978253350e+00
6.825845092951338302e+03 1.014221067211687366e+00
6.856023175630042715e+03 1.041201391426753942e+00
6.886201258308747128e+03 9.932549189462333006e-01
6.916379340987452451e+03 9.949581083093081979e-01
6.946557423666156865e+03 9.986915896283663496e-01
6.976735506344861278e+03 9.891898232743647768e-01
7.006913589023566601e+03 9.936045803386526210e-01
7.037091671702271015e+03 1.003564290322726205e+00
7.067269754380975428e+03 9.936496979376744365e-01
7.097447837059680751e+03 9.896229522249743171e-01
7.127625919738385164e+03 9.513451812148365772e-01
7.157804002417089578e+03 9.828846388110609178e-01
7.187982085095794901e+03 9.613657999575893065e-01
7.218160167774499314e+03 9.404086752119398263e-01
7.248338250453203727e+03 9.257747819692025981e-01
7.278516333131909050e+03 9.405530515288097471e-01
7.308694415810613464e+03 9.025347067130475853e-01
7.338872498489317877e+03 9.542868486710611720e-01
7.369050581168023200e+03 9.349449339703936879e-01
7.399228663846727613e+03 8.544619049552659718e-01
7.429406746525432027e+03 8.604715691449762449e-01
7.459584829204137350e+03 8.188753987267812784e-01
7.489762911882841763e+03 8.659014721872558829e-01
