3.450787400062456982e+03 -3.287324354249221425e-01
3.470833519750684900e+03 4.305352233046976784e-01
3.490879639438913273e+03 6.786552041271763924e-01
3.510925759127141191e+03 4.854760798963368429e-01
3.530971878815369564e+03 -2.228622489303823950e-01
3.551017998503597482e+03 -1.323521860990389265e-01
3.571064118191825401e+03 6.092497913532762821e-02
3.591110237880053319e+03 3.514509693455832029e-02
3.611156357568281692e+03 5.805894979661713196e-01
3.631202477256509610e+03 5.376832214407482047e-01
3.651248596944737983e+03 3.309993870901448143e-01
3.671294716632965901e+03 5.535914590449082517e-01
3.691340836321193819e+03 6.212277881610751562e-01
3.711386956009421738e+03 5.431234915711639077e-01
3.731433075697650111e+03 3.623409509272476070e-01
3.751479195385878484e+03 7.150199386469344720e-01
3.771525315074106402e+03 5.819958021042247465e-01
3.791571434762334320e+03 3.640031407265083563e-01
3.811617554450562238e+03 3.796393906907800098e-01
3.831663674138790157e+03 1.815823369183192371e-01
3.851709793827018530e+03 3.461582683531193305e-02
3.871755913515246903e+03 2.147128370535370812e-01
3.891802033203474821e+03 2.502014040666743488e-01
3.911848152891702739e+03 4.814580865494934026e-01
3.931894272579930657e+03 9.296890610916831443e-01
3.951940392268159030e+03 8.820776441291990899e-01
3.971986511956386948e+03 9.466140513496628106e-01
3.992032631644615321e+03 8.426770722955562176e-01
4.012078751332843240e+03 9.073339533565124571e-01
4.032124871021071158e+03 8.941944154199271688e-01
4.052170990709299076e+03 1.143567052583889021e+00
4.072217110397527449e+03 9.819943665061253713e-01
4.092263230085755822e+03 8.997893680122101001e-01
4.112309349773983740e+03 9.286343491547884854e-01
4.132355469462211659e+03 7.772581602435292281e-01
4.152401589150439577e+03 1.140388431459050000e+00
4.172447708838667495e+03 9.156298997060127176e-01
4.192493828526896323e+03 7.783695201054220414e-01
4.212539948215124241e+03 5.897695658117615425e-01
4.232586067903352159e+03 7.140915205428267631e-01
4.252632187591580077e+03 7.668864166423843276e-01
4.272678307279807996e+03 8.360061971277950033e-01
4.292724426968035914e+03 8.349668758371897592e-01
4.312770546656263832e+03 1.039425403800765313e+00
4.332816666344491750e+03 9.091301323117048083e-01
4.352862786032720578e+03 8.984984937213277290e-01
4.372908905720948496e+03 8.096501680231774634e-01
4.392955025409176415e+03 6.911697395579314840e-01
4.413001145097404333e+03 6.290871704219196392e-01
4.433047264785633160e+03 8.022119592046993430e-01
4.453093384473861079e+03 8.529360373793530847e-01
4.473139504162088997e+03 8.790350814908853838e-01
4.493185623850316915e+03 9.434391162199434744e-01
4.513231743538544833e+03 9.930471785388689243e-01
4.533277863226772752e+03 1.244236752630539566e+00
4.553323982915000670e+03 1.294355939606069317e+00
4.573370102603228588e+03 1.287917476130594929e+00
4.593416222291457416e+03 1.484224781553055816e+00
4.613462341979685334e+03 1.320498698326389997e+00
4.633508461667913252e+03 1.355107605837529983e+00
4.653554581356142080e+03 1.301883129640069692e+00
4.673600701044369998e+03 1.213379412152324921e+00
4.693646820732597917e+03 1.144889354833160899e+00
4.713692940420825835e+03 7.971273552700481879e-01
4.733739060109053753e+03 7.984311628771403324e-01
4.753785179797281671e+03 1.070015606632670258e+00
4.773831299485509589e+03 1.131311830143137076e+00
4.793877419173737508e+03 1.064703182332986664e+00
4.813923538861966335e+03 1.136596512479550958e+00
4.833969658550194254e+03 1.128923305305543856e+00
4.854015778238422172e+03 1.113458163114725341e+00
4.874061897926651000e+03 1.284532180612726338e+00
4.894108017614878918e+03 8.938491605437114407e-01
4.914154137303106836e+03 8.020928433624087139e-01
4.934200256991334754e+03 8.532148796768325161e-01
4.954246376679562673e+03 1.076300745644479528e+00
4.974292496367790591e+03 1.363977274094088976e+00
4.994338616056018509e+03 1.338281361448810713e+00
5.014384735744246427e+03 1.342825482099061718e+00
5.034430855432474345e+03 1.173037424231783588e+00
5.054476975120703173e+03 1.000000000000000000e+00
5.074523094808931091e+03 1.010591609976708272e+00
5.094569214497159010e+03 9.049937991215434296e-01
5.114615334185387837e+03 1.285430528756646540e+00
5.134661453873615756e+03 1.324321786597954409e+00
5.154707573561843674e+03 1.418628295069470635e+00
5.174753693250071592e+03 1.310157865350986217e+00
5.194799812938299510e+03 1.493755342267927055e+00
5.214845932626527429e+03 1.529709314664867259e+00
5.234892052314755347e+03 1.617298258697105418e+00
5.254938172002983265e+03 1.590607774035307287e+00
5.274984291691212093e+03 1.473928568518575233e+00
5.295030411379440011e+03 1.654087076655377242e+00
5.315076531067667929e+03 1.668827177139483808e+00
5.335122650755895847e+03 1.610091814905103780e+00
5.355168770444124675e+03 1.505046127318927507e+00
5.375214890132352593e+03 1.484069581758540091e+00
5.395261009820580512e+03 1.447601510042267448e+00
5.415307129508808430e+03 1.481535945113075403e+00
5.435353249197036348e+03 1.369007040768011496e+00
5.455399368885264266e+03 1.188402979887787758e+00
5.475445488573492185e+03 1.197345398048026199e+00
5.495491608261720103e+03 1.333585274333096704e+00
5.515537727949948021e+03 1.983256787501346485e+00
5.535583847638176849e+03 1.861219955744778831e+00
5.555629967326404767e+03 1.681249627358826437e+00
5.575676087014633595e+03 1.539236642050685999e+00
5.595722206702861513e+03 1.220801066326054896e+00
5.615768326391089431e+03 1.149744909737739462e+00
5.635814446079317349e+03 1.149701712461599357e+00
5.655860565767545268e+03 1.076065682622369568e+00
5.675906685455773186e+03 9.786120456509849186e-01
5.695952805144001104e+03 7.109409000475818141e-01
5.715998924832229022e+03 5.234983482215203043e-01
5.736045044520456941e+03 4.371826245035384528e-01
5.756091164208685768e+03 3.745339641170314926e-01
5.776137283896913686e+03 4.666630194714955771e-01
5.796183403585142514e+03 7.423616157798873516e-01
5.816229523273370432e+03 9.653374192265903320e-01
5.836275642961598351e+03 1.063466627970184541e+00
5.856321762649826269e+03 1.168743951249675339e+00
5.876367882338054187e+03 1.186986911095996300e+00
5.896414002026282105e+03 1.309428426316763705e+00
5.916460121714510024e+03 1.265775768112882949e+00
5.936506241402737942e+03 1.243928163705777745e+00
5.956552361090965860e+03 1.194473749183422751e+00
5.976598480779193778e+03 1.175238415984337204e+00
5.996644600467422606e+03 1.117425716528351431e+00
6.016690720155650524e+03 1.063561041178514799e+00
6.036736839843879352e+03 9.745200737354223763e-01
6.056782959532107270e+03 9.577092846595738340e-01
6.076829079220335188e+03 9.589663383285679243e-01
6.096875198908563107e+03 8.691030706408678919e-01
6.116921318596791025e+03 1.015154677935206529e+00
6.136967438285018943e+03 1.034478927683233129e+00
6.157013557973246861e+03 9.626084895063599101e-01
6.177059677661474780e+03 9.504416016153195423e-01
6.197105797349702698e+03 1.054507913831522092e+00
6.217151917037930616e+03 1.286843105553061584e+00
6.237198036726159444e+03 2.291624552555759031e+00
6.257244156414387362e+03 1.999184166413496833e+00
6.277290276102616190e+03 1.928066447240023962e+00
6.297336395790844108e+03 2.241518298896438832e+00
6.317382515479072026e+03 2.079271140378343485e+00
6.337428635167299944e+03 1.785060183246984122e+00
6.357474754855527863e+03 1.721436027485366171e+00
6.377520874543755781e+03 1.709117043795700841e+00
6.397566994231983699e+03 1.973449453819589694e+00
6.417613113920211617e+03 2.143294935610838614e+00
6.437659233608439536e+03 2.216494918694060789e+00
6.457705353296668363e+03 2.327839777940134525e+00
6.477751472984896282e+03 2.266325692718116347e+00
6.497797592673125109e+03 2.239490354914769998e+00
6.517843712361353028e+03 2.047841241991528616e+00
6.537889832049580946e+03 1.818072472872045875e+00
6.557935951737808864e+03 1.496521778605165220e+00
6.577982071426036782e+03 1.781860480816723546e+00
6.598028191114264700e+03 2.104548013578430243e+00
6.618074310802492619e+03 2.182405283828737552e+00
6.638120430490720537e+03 2.055024405814352750e+00
6.658166550178948455e+03 1.898569432960737435e+00
6.678212669867176373e+03 1.903303026693459188e+00
6.698258789555405201e+03 1.902493401098737102e+00
6.718304909243633119e+03 1.696169500938247587e+00
6.738351028931861947e+03 1.540200174108302900e+00
6.758397148620089865e+03 1.461085785522420188e+00
6.778443268308317784e+03 1.231567276071593220e+00
6.798489387996545702e+03 1.132488373918726143e+00
6.818535507684773620e+03 1.031336907843267481e+00
6.838581627373001538e+03 9.323224136051243560e-01
6.858627747061229456e+03 8.649210828444863219e-01
6.878673866749457375e+03 7.558727925577559681e-01
6.898719986437685293e+03 7.419689602997633360e-01
6.918766106125913211e+03 7.583343906319334193e-01
6.938812225814142039e+03 9.992542649873531468e-01
6.958858345502369957e+03 1.277019993225529060e+00
6.978904465190598785e+03 1.450349193071001963e+00
6.998950584878826703e+03 1.412281916805408821e+00
7.018996704567054621e+03 1.500828572902969560e+00
7.039042824255282540e+03 1.407129283627495120e+00
7.059088943943510458e+03 1.391611890839189902e+00
7.079135063631738376e+03 1.517656110623309296e+00
7.099181183319966294e+03 1.424156641083273778e+00
7.119227303008194212e+03 1.449774307165483833e+00
7.139273422696422131e+03 1.380089599428036884e+00
7.159319542384650958e+03 1.405513912432913237e+00
7.179365662072878877e+03 1.484767980833860079e+00
7.199411781761107704e+03 1.445171339926479170e+00
7.219457901449335623e+03 1.502956103419452294e+00
7.239504021137563541e+03 1.622586045029410062e+00
7.259550140825791459e+03 1.794097984614268615e+00
7.279596260514019377e+03 1.933035427327761013e+00
7.299642380202247296e+03 2.027727348622323511e+00
7.319688499890475214e+03 1.973704240148919320e+00
7.339734619578703132e+03 1.780490842630124471e+00
7.359780739266931050e+03 1.744031177569387747e+00
7.379826858955158968e+03 1.488836802113407298e+00
7.399872978643387796e+03 1.469701960781270689e+00
7.419919098331615714e+03 1.343333114760289382e+00
7.439965218019844542e+03 1.247852261176939592e+00
7.460011337708072460e+03 1.130017851856364164e+00
7.480057457396300379e+03 1.122937766563730344e+00
7.500103577084528297e+03 1.022941568958696035e+00
7.520149696772756215e+03 1.006735153749323208e+00
7.540195816460984133e+03 9.733882792339182410e-01
7.560241936149212052e+03 8.461741116654761807e-01
7.580288055837439970e+03 8.295837709644205971e-01
7.600334175525668797e+03 7.644334838900672668e-01
7.620380295213896716e+03 8.458784560569242439e-01
7.640426414902124634e+03 9.698638212336341269e-01
7.660472534590352552e+03 8.928066059240539198e-01
7.680518654278580470e+03 1.007242657077388692e+00
7.700564773966809298e+03 1.554211482223997853e+00
7.720610893655037216e+03 1.502831943583839980e+00
7.740657013343265135e+03 1.491407945375880173e+00
7.760703133031493053e+03 1.657211765851622109e+00
7.780749252719720971e+03 1.458565082193164608e+00
7.800795372407948889e+03 1.401126931574609102e+00
7.820841492096176808e+03 1.293798513677434592e+00
7.840887611784405635e+03 1.027462603639512917e+00
7.860933731472633553e+03 9.303983241526188053e-01
7.880979851160861472e+03 9.118256940761144680e-01
7.901025970849089390e+03 8.269949090587405127e-01
7.921072090537317308e+03 7.909074648385165940e-01
7.941118210225546136e+03 7.998375316817747382e-01
7.961164329913774054e+03 7.707156482391483987e-01
7.981210449602001972e+03 6.665246588546850370e-01
8.001256569290229891e+03 6.218324206938748988e-01
8.021302688978457809e+03 5.739167474675597180e-01
8.041348808666685727e+03 6.413489241873577829e-01
8.061394928354914555e+03 6.049601336994496759e-01
8.081441048043142473e+03 5.439613764618042024e-01
8.101487167731370391e+03 5.736537484824369981e-01
8.121533287419598309e+03 4.667741166577362710e-01
8.141579407107826228e+03 5.801480838839369047e-01
8.161625526796055055e+03 5.663925967628685720e-01
8.181671646484282974e+03 4.747701394043354894e-01
8.201717766172510892e+03 5.744177194709394474e-01
8.221763885860738810e+03 5.590941324260353396e-01
8.241810005548966728e+03 5.377418093631777252e-01
8.261856125237194647e+03 5.789799467638837571e-01
8.281902244925422565e+03 4.810675003999628219e-01
8.301948364613652302e+03 5.064880627431382898e-01
8.321994484301880220e+03 4.401942118495301703e-01
8.342040603990108139e+03 3.480229938842227533e-01
8.362086723678336057e+03 3.726841118995692370e-01
8.382132843366563975e+03 3.657377570965429925e-01
8.402178963054791893e+03 4.408258750132081349e-01
8.422225082743019811e+03 7.043914040524478226e-01
8.442271202431247730e+03 8.945951542226824316e-01
8.462317322119475648e+03 8.946179168592113262e-01
8.482363441807703566e+03 1.091697405925968090e+00
8.502409561495931484e+03 1.167864097747934649e+00
8.522455681184159403e+03 1.310288491844703529e+00
8.542501800872387321e+03 1.423093522490842977e+00
8.562547920560615239e+03 1.531996571636539128e+00
8.582594040248843157e+03 2.016159143938626830e+00
8.602640159937071076e+03 2.411500873839509840e+00
8.622686279625300813e+03 2.655922443558684343e+00
8.642732399313528731e+03 2.874072568061253552e+00
8.662778519001756649e+03 2.937448404151646209e+00
8.682824638689984567e+03 2.690054111701689177e+00
8.702870758378212486e+03 2.301155113270630270e+00
8.722916878066440404e+03 2.257055091659058821e+00
8.742962997754668322e+03 1.908517093123368813e+00
8.763009117442898059e+03 1.997169155748037994e+00
8.783055237131125978e+03 1.725031489391641637e+00
8.803101356819353896e+03 1.539931807796953267e+00
8.823147476507581814e+03 1.410829505395068129e+00
8.843193596195809732e+03 1.163681721952066761e+00
8.863239715884037651e+03 1.266473067856324741e+00
8.883285835572265569e+03 1.168850133775756195e+00
8.903331955260493487e+03 9.928108868517192542e-01
8.923378074948721405e+03 1.016058005405867437e+00
8.943424194636949323e+03 9.543676390839125334e-01
8.963470314325177242e+03 9.393430056431938402e-01
8.983516434013405160e+03 8.250503849666237510e-01
9.003562553701633078e+03 9.314119728105479945e-01
9.023608673389860996e+03 7.707295515540738551e-01
9.043654793078088915e+03 6.095684035981002724e-01
9.063700912766316833e+03 7.243769342582724313e-01
9.083747032454544751e+03 8.464592912878984299e-01
9.103793152142774488e+03 8.361180703130082215e-01
9.123839271831002407e+03 8.860448095433388627e-01
9.143885391519230325e+03 9.001225949043509811e-01
9.163931511207458243e+03 5.754225088072649763e-01
9.183977630895686161e+03 8.726266233090175239e-01
9.204023750583914079e+03 1.310312806479177583e+00
9.224069870272143817e+03 1.124687514913730313e+00
9.244115989960371735e+03 1.021442662276581759e+00
9.264162109648599653e+03 1.120459872511128774e+00
9.284208229336827571e+03 1.351994556625873756e+00
9.304254349025055490e+03 1.156008385444897701e+00
9.324300468713283408e+03 6.639394829441245260e-01
9.344346588401511326e+03 1.127244043528886408e+00
9.364392708089739244e+03 1.072798791614399949e+00
9.384438827777967163e+03 6.139811217556614409e-01
9.404484947466195081e+03 1.142819183574067532e+00
9.424531067154422999e+03 8.454162193355924115e-01
9.444577186842650917e+03 9.901635663567714962e-01
9.464623306530878835e+03 9.808573986781373710e-01
9.484669426219106754e+03 8.757998124410482088e-01
9.504715545907334672e+03 8.589962013556962095e-01
9.524761665595562590e+03 7.588825692394783884e-01
9.544807785283790508e+03 5.103787922584790415e-01
9.564853904972020246e+03 6.601617259458748554e-01
9.584900024660248164e+03 7.880711885937463634e-01
9.604946144348476082e+03 2.578155706521844115e-01
9.624992264036704000e+03 5.636306870863035945e-01
9.645038383724931919e+03 4.005384656870714655e-01
9.665084503413159837e+03 2.667973060937000596e-01
9.685130623101387755e+03 6.568161357087696217e-01
9.705176742789617492e+03 6.191500509119992612e-01
9.725222862477845410e+03 7.071506623991896667e-01
9.745268982166073329e+03 4.602126573451083558e-01
9.765315101854301247e+03 5.701475264580082580e-01
9.785361221542529165e+03 5.269194690252896329e-01
9.805407341230757083e+03 6.190141217586360156e-01
9.825453460918985002e+03 7.752249136022145715e-01
9.845499580607212920e+03 7.555633629674407548e-01
9.865545700295440838e+03 7.824322627263509133e-01
9.885591819983668756e+03 6.823012352998311103e-01
9.905637939671896675e+03 5.096939731651796146e-01
9.925684059360124593e+03 5.051738438164974365e-01
9.945730179048352511e+03 8.302343167697644466e-01
9.965776298736580429e+03 8.719229215740518235e-01
9.985822418424808347e+03 6.570693700401539772e-01
1.000586853811303627e+04 5.048090596328050905e-01
1.002591465780126600e+04 4.644696583755056341e-01
1.004596077748949392e+04 6.796001768760324691e-01
1.006600689717772184e+04 6.024369730401143430e-01
1.008605301686594976e+04 4.679793723953109552e-01
1.010609913655417768e+04 5.654929552873272369e-01
