3.072393372545238890e+03 3.716055395477924073e-01
3.092409121589046663e+03 3.259025906579394727e-01
3.112424870632854436e+03 5.415766960090736548e-01
3.132440619676662664e+03 5.833901012596330073e-03
3.152456368720470891e+03 -1.205481304585643287e-01
3.172472117764278664e+03 3.452036482186772171e-01
3.192487866808086892e+03 -8.775953405638474425e-02
3.212503615851895120e+03 2.811768899865802473e-01
3.232519364895702893e+03 6.438222326187088840e-02
3.252535113939511120e+03 -1.062182167429747276e-01
3.272550862983319348e+03 1.036003563815472289e-01
3.292566612027127121e+03 -1.132447274694786954e-01
3.312582361070935349e+03 -7.585916439858753080e-02
3.332598110114743577e+03 1.307687122040086247e-01
3.352613859158551350e+03 1.625890338990908790e-01
3.372629608202359123e+03 2.117314592607093537e-01
3.392645357246167805e+03 -3.356726490160932136e-02
3.412661106289975578e+03 2.307600746130854530e-01
3.432676855333783351e+03 9.497506555100627967e-02
3.452692604377591579e+03 2.884809862258078117e-01
3.472708353421399806e+03 7.328654115763649779e-02
3.492724102465207579e+03 5.233842320815928345e-02
3.512739851509015807e+03 1.987555191440643909e-01
3.532755600552824035e+03 1.226982406764164091e-01
3.552771349596631808e+03 7.583759871200242142e-02
3.572787098640440036e+03 2.042760713728546951e-01
3.592802847684248263e+03 8.881112876491854824e-02
3.612818596728056036e+03 1.740792828898193312e-01
3.632834345771864264e+03 2.033762250424532569e-01
3.652850094815672492e+03 1.439627661465668063e-01
3.672865843859480265e+03 3.133635867355454852e-01
3.692881592903288492e+03 1.672926978815626464e-01
3.712897341947096265e+03 1.597575785812416493e-01
3.732913090990904493e+03 4.565315263020761072e-02
3.752928840034712266e+03 4.777083199472763331e-02
3.772944589078520494e+03 1.047667650376724185e-01
3.792960338122328722e+03 1.808404317347792334e-01
3.812976087166136494e+03 2.760749920282605796e-01
3.832991836209944722e+03 1.024482791428787815e-01
3.853007585253752950e+03 1.866308392274675099e-01
3.873023334297560723e+03 3.942447953417260731e-01
3.893039083341368951e+03 4.147961040463455928e-01
3.913054832385177178e+03 5.924656911906538426e-01
3.933070581428984951e+03 5.504079127163409302e-01
3.953086330472793179e+03 4.178620996502731555e-01
3.973102079516601407e+03 6.513117707221961483e-01
3.993117828560409180e+03 8.554036185159669126e-01
4.013133577604217407e+03 1.201786587174663357e+00
4.033149326648025180e+03 1.191204455090478564e+00
4.053165075691833408e+03 8.523685846867619098e-01
4.073180824735641181e+03 5.701936540748567817e-01
4.093196573779449409e+03 4.870829453660012742e-01
4.113212322823257637e+03 4.808364175106116245e-01
4.133228071867065410e+03 5.223997149314636435e-01
4.153243820910873183e+03 5.050198089856279271e-01
4.173259569954681865e+03 5.981510559945530936e-01
4.193275318998489638e+03 5.209140900721048739e-01
4.213291068042297411e+03 5.196417568722306868e-01
4.233306817086106093e+03 4.677565000675281137e-01
4.253322566129913866e+03 4.045247009485828382e-01
4.273338315173721639e+03 4.727823495047607238e-01
4.293354064217530322e+03 3.802451847342138702e-01
4.313369813261338095e+03 4.750751086828892134e-01
4.333385562305145868e+03 5.245969610615413004e-01
4.353401311348954550e+03 5.771795255605023378e-01
4.373417060392762323e+03 5.148680618818524124e-01
4.393432809436570096e+03 4.888207730977757182e-01
4.413448558480378779e+03 5.737379463998869555e-01
4.433464307524186552e+03 4.894986850803419443e-01
4.453480056567994325e+03 5.692444111231271808e-01
4.473495805611803007e+03 7.076900581583345229e-01
4.493511554655610780e+03 9.802302645638792944e-01
4.513527303699418553e+03 1.123641111843752816e+00
4.533543052743227236e+03 1.243262825630997215e+00
4.553558801787035009e+03 1.247338601235815192e+00
4.573574550830842782e+03 1.278528307429523503e+00
4.593590299874651464e+03 1.407030530048099193e+00
4.613606048918459237e+03 1.654818418545032532e+00
4.633621797962267010e+03 1.859481178220415032e+00
4.653637547006075692e+03 1.615634187396268739e+00
4.673653296049882556e+03 1.461384629018273262e+00
4.693669045093691238e+03 1.270136004718382727e+00
4.713684794137499011e+03 1.189123583230554226e+00
4.733700543181306784e+03 1.135191551258571296e+00
4.753716292225115467e+03 1.041560983188760448e+00
4.773732041268923240e+03 8.444402753151184493e-01
4.793747790312731013e+03 8.578520148996786610e-01
4.813763539356539695e+03 1.167177806962815811e+00
4.833779288400347468e+03 1.223242041889792686e+00
4.853795037444155241e+03 1.441597970122804995e+00
4.873810786487963924e+03 1.655032765372012937e+00
4.893826535531771697e+03 1.447112367207871619e+00
4.913842284575579470e+03 1.005197464529359319e+00
4.933858033619388152e+03 9.719396810187881375e-01
4.953873782663195925e+03 9.531357551738187661e-01
4.973889531707003698e+03 8.926168528548793502e-01
4.993905280750812381e+03 8.704393730194742718e-01
5.013921029794620154e+03 5.676907661910163272e-01
5.033936778838427927e+03 5.969690135282412768e-01
5.053952527882236609e+03 6.787719950492764331e-01
5.073968276926044382e+03 7.199610699265869274e-01
5.093984025969852155e+03 1.020153826599329960e+00
5.113999775013660837e+03 1.264508240845396259e+00
5.134015524057468610e+03 1.433812159337326086e+00
5.154031273101276383e+03 1.499101259811369102e+00
5.174047022145085066e+03 1.678084657923236023e+00
5.194062771188892839e+03 1.896299361926962135e+00
5.214078520232700612e+03 1.732443599449549065e+00
5.234094269276509294e+03 1.586031335874927617e+00
5.254110018320317067e+03 1.597542601559297948e+00
5.274125767364124840e+03 1.626288116746994028e+00
5.294141516407932613e+03 1.778293838507430058e+00
5.314157265451741296e+03 1.658670009287767755e+00
5.334173014495549069e+03 1.656142271444794645e+00
5.354188763539356842e+03 1.636266229157861352e+00
5.374204512583164615e+03 1.395514804114653673e+00
5.394220261626973297e+03 1.111157537348150592e+00
5.414236010670781070e+03 1.045707230728964987e+00
5.434251759714588843e+03 1.326853704365566822e+00
5.454267508758397526e+03 1.591624717599329886e+00
5.474283257802205299e+03 1.762202636149931223e+00
5.494299006846013071e+03 1.772355208017478478e+00
5.514314755889821754e+03 1.447282111544100580e+00
5.534330504933629527e+03 1.092410677204204816e+00
5.554346253977437300e+03 1.154956749984204389e+00
5.574362003021245982e+03 1.330137390708924006e+00
5.594377752065053755e+03 1.514457897376906947e+00
5.614393501108861528e+03 1.925988665818947565e+00
5.634409250152670211e+03 2.016133256134492679e+00
5.654424999196477984e+03 2.002180730464930836e+00
5.674440748240285757e+03 1.867279069909102862e+00
5.694456497284094439e+03 1.378121948154217513e+00
5.714472246327902212e+03 1.260916338547381388e+00
5.734487995371709985e+03 1.207613176207848804e+00
5.754503744415518668e+03 1.389225470611711755e+00
5.774519493459326441e+03 1.504006514308466214e+00
5.794535242503134214e+03 1.535253337177473254e+00
5.814550991546942896e+03 1.605376277189136669e+00
5.834566740590750669e+03 1.530754169243309981e+00
5.854582489634558442e+03 1.366473663618260614e+00
5.874598238678367125e+03 1.366357518732345122e+00
5.894613987722174897e+03 1.503498530169519620e+00
5.914629736765982670e+03 1.694980285316781021e+00
5.934645485809790443e+03 1.640117616003496037e+00
5.954661234853599126e+03 1.603614963060089771e+00
5.974676983897406899e+03 1.590593176680380250e+00
5.994692732941214672e+03 1.574813044836946618e+00
6.014708481985022445e+03 1.471233700051614024e+00
6.034724231028831127e+03 1.315340221300227874e+00
6.054739980072638900e+03 1.271975717282601170e+00
6.074755729116446673e+03 1.288775716935976146e+00
6.094771478160255356e+03 1.260926762786648281e+00
6.114787227204063129e+03 1.264880913770973114e+00
6.134802976247870902e+03 1.174730563362336611e+00
6.154818725291679584e+03 1.225898362341816261e+00
6.174834474335487357e+03 1.131448204389104317e+00
6.194850223379295130e+03 8.138364164656389788e-01
6.214865972423103813e+03 7.019048092622908186e-01
6.234881721466911586e+03 6.607098978304761783e-01
6.254897470510719359e+03 8.768403656721187600e-01
6.274913219554528041e+03 1.135578649904014137e+00
6.294928968598335814e+03 1.412121585778095545e+00
6.314944717642143587e+03 1.547746290939702618e+00
6.334960466685952269e+03 1.520564972359071954e+00
6.354976215729760042e+03 1.496466450503456169e+00
6.374991964773567815e+03 1.490943489740165218e+00
6.395007713817376498e+03 1.420346234098287974e+00
6.415023462861184271e+03 1.439770363948932985e+00
6.435039211904992044e+03 1.328975253697055825e+00
6.455054960948800726e+03 1.299614912289711821e+00
6.475070709992608499e+03 1.250217806705905321e+00
6.495086459036416272e+03 1.225334408448761847e+00
6.515102208080224955e+03 1.309196954582710903e+00
6.535117957124032728e+03 1.296027521215047384e+00
6.555133706167840501e+03 1.378470000504899984e+00
6.575149455211648274e+03 1.362721396250643258e+00
6.595165204255456956e+03 1.272774280277005232e+00
6.615180953299264729e+03 1.298704256864265938e+00
6.635196702343072502e+03 1.342956579832073949e+00
6.655212451386880275e+03 1.213390218245594232e+00
6.675228200430688958e+03 1.172325418651084528e+00
6.695243949474496731e+03 1.133923413241541445e+00
6.715259698518304504e+03 1.159952305409718720e+00
6.735275447562113186e+03 1.124884603798750771e+00
6.755291196605920959e+03 1.161483317763665868e+00
6.775306945649728732e+03 1.180116352351215259e+00
6.795322694693537414e+03 1.138661981858918093e+00
6.815338443737345187e+03 1.149867911635176654e+00
6.835354192781152960e+03 1.103950080688454571e+00
6.855369941824961643e+03 1.011010519892494353e+00
6.875385690868769416e+03 9.521966815899803871e-01
6.895401439912577189e+03 9.626772219438035627e-01
6.915417188956385871e+03 1.017701709093532969e+00
6.935432938000193644e+03 9.971197495572693414e-01
6.955448687044001417e+03 1.070520947151986979e+00
6.975464436087810100e+03 1.116455956429432517e+00
6.995480185131617873e+03 1.102041603827066840e+00
7.015495934175425646e+03 1.079411013659907770e+00
7.035511683219234328e+03 1.047236815803207932e+00
7.055527432263042101e+03 1.024808415098406922e+00
7.075543181306849874e+03 9.350684840660914432e-01
7.095558930350658557e+03 1.046216616660478049e+00
7.115574679394466330e+03 9.787569041151200633e-01
7.135590428438274103e+03 9.376227540192768606e-01
7.155606177482082785e+03 9.842798903655484155e-01
7.175621926525889648e+03 9.595284390196149316e-01
7.195637675569698331e+03 9.668887930176048862e-01
7.215653424613507013e+03 9.804232786567115276e-01
7.235669173657313877e+03 1.011154471245500508e+00
7.255684922701122559e+03 9.989432777891295023e-01
7.275700671744931242e+03 9.549704722590730555e-01
7.295716420788738105e+03 9.358816257031870034e-01
7.315732169832546788e+03 1.001056722210870387e+00
7.335747918876355470e+03 9.737055063711853586e-01
7.355763667920162334e+03 1.011088026277850549e+00
7.375779416963971016e+03 1.080640232817865254e+00
7.395795166007779699e+03 9.259427125099053413e-01
7.415810915051586562e+03 9.624206429298667320e-01
7.435826664095395245e+03 9.467799767032269997e-01
7.455842413139203018e+03 8.920485916355751499e-01
7.475858162183010791e+03 8.470045617133696858e-01
7.495873911226819473e+03 8.929990579699081943e-01
7.515889660270627246e+03 8.120546871393968802e-01
7.535905409314435019e+03 7.850528999558231691e-01
7.555921158358243702e+03 5.393127755271077683e-01
7.575936907402051474e+03 3.976377577874228852e-01
7.595952656445859247e+03 3.154101274211602024e-01
7.615968405489667930e+03 3.434835569859390758e-01
7.635984154533475703e+03 4.757667200019002895e-01
7.655999903577283476e+03 6.357837831307618925e-01
7.676015652621092158e+03 8.572721825199168810e-01
7.696031401664899022e+03 9.050591381876154085e-01
7.716047150708707704e+03 8.611642468371164538e-01
7.736062899752516387e+03 7.958049547862002804e-01
7.756078648796323250e+03 9.342868955053100777e-01
7.776094397840131933e+03 1.229829727825151764e+00
7.796110146883940615e+03 1.098896822383477190e+00
7.816125895927747479e+03 9.948468830900156767e-01
7.836141644971556161e+03 7.415731431020960995e-01
7.856157394015364844e+03 8.948768483176590127e-01
