3.221691804387641241e+03 6.009294190631261356e-01
3.231705769476082423e+03 6.832529927867281305e-01
3.241719734564523606e+03 5.762428601466286215e-01
3.251733699652964788e+03 5.864782863309276895e-01
3.261747664741405970e+03 5.458102723527152866e-01
3.271761629829847607e+03 7.347034669233856174e-01
3.281775594918288789e+03 6.619564631855519021e-01
3.291789560006729971e+03 6.915573786159762149e-01
3.301803525095171153e+03 6.957915049863849788e-01
3.311817490183612335e+03 7.287962645990125887e-01
3.321831455272053518e+03 8.252481897311225723e-01
3.331845420360494700e+03 8.270977310601650423e-01
3.341859385448935882e+03 9.550532002703889800e-01
3.351873350537377519e+03 9.271539462732005799e-01
3.361887315625818701e+03 9.571356828454107291e-01
3.371901280714259883e+03 9.860005004631021697e-01
3.381915245802701065e+03 9.330084088227473815e-01
3.391929210891142247e+03 1.022016987941966937e+00
3.401943175979583430e+03 1.113419709557628812e+00
3.411957141068024612e+03 1.085211489103632410e+00
3.421971106156465794e+03 1.083703757122476130e+00
3.431985071244906976e+03 1.081439769786973093e+00
3.441999036333348158e+03 1.113906444678843366e+00
3.452013001421789340e+03 1.106757294510371414e+00
3.462026966510230523e+03 1.062129713780286089e+00
3.472040931598672159e+03 1.039832518632693104e+00
3.482054896687113342e+03 1.061160500949663410e+00
3.492068861775554524e+03 1.068182189421808648e+00
3.502082826863995706e+03 1.006763724071058741e+00
3.512096791952436888e+03 1.011866536221885937e+00
3.522110757040878070e+03 9.434368087136185688e-01
3.532124722129319252e+03 8.991386126398211998e-01
3.542138687217760889e+03 9.167922747959482699e-01
3.552152652306202071e+03 9.089363942676121910e-01
3.562166617394643254e+03 8.895750755473380567e-01
3.572180582483084436e+03 9.075520403428866123e-01
3.582194547571525618e+03 9.048782988425052576e-01
3.592208512659966800e+03 8.749325330557615743e-01
3.602222477748407982e+03 8.563261664005058504e-01
3.612236442836849164e+03 8.572387295883168168e-01
3.622250407925290347e+03 8.840687650204094306e-01
3.632264373013731529e+03 9.158662442850762364e-01
3.642278338102172711e+03 9.303685528449067155e-01
3.652292303190613893e+03 9.409636868838698875e-01
3.662306268279055530e+03 8.823918660844149997e-01
3.672320233367496712e+03 8.470039116057044293e-01
3.682334198455937894e+03 8.077762929933427483e-01
3.692348163544379076e+03 7.227924450924205768e-01
3.702362128632820259e+03 6.394744616111784907e-01
3.712376093721261441e+03 5.715339889168274956e-01
3.722390058809702623e+03 5.386529549044515308e-01
3.732404023898144260e+03 5.074819233770138105e-01
3.742417988986585442e+03 5.029500388380219178e-01
3.752431954075026624e+03 5.120675034363395550e-01
3.762445919163467806e+03 5.174224586292524020e-01
3.772459884251908989e+03 5.445572031063465879e-01
3.782473849340350171e+03 5.781277640594508771e-01
3.792487814428791353e+03 6.342472287724578717e-01
3.802501779517232535e+03 7.103478566103702541e-01
3.812515744605673717e+03 7.903657377399571082e-01
3.822529709694114899e+03 8.837110555427155623e-01
3.832543674782556081e+03 9.932708565391237254e-01
3.842557639870997264e+03 1.040139226054665134e+00
3.852571604959438901e+03 1.123335482312626032e+00
3.862585570047880083e+03 1.241523666865345765e+00
3.872599535136321265e+03 1.311389097897881273e+00
3.882613500224762447e+03 1.348918009199484791e+00
3.892627465313203629e+03 1.402702326979653025e+00
3.902641430401644811e+03 1.481047740356962183e+00
3.912655395490086448e+03 1.503000172034191451e+00
3.922669360578527630e+03 1.531253573184909067e+00
3.932683325666968813e+03 1.500617759141705809e+00
3.942697290755409995e+03 1.600077154728246631e+00
3.952711255843851177e+03 1.726294817947858107e+00
3.962725220932292359e+03 1.720204633801764471e+00
3.972739186020733541e+03 1.662205478333249165e+00
3.982753151109174723e+03 1.719414232267010734e+00
3.992767116197615906e+03 1.664792594536263381e+00
4.002781081286057088e+03 1.623396302481289188e+00
4.012795046374498270e+03 1.594626538098622648e+00
4.022809011462939452e+03 1.550332338778765529e+00
4.032822976551380634e+03 1.515975720588669473e+00
4.042836941639822271e+03 1.476609431991756205e+00
4.052850906728263453e+03 1.439398001970573437e+00
4.062864871816704635e+03 1.408294393944396372e+00
4.072878836905145818e+03 1.367883301735807411e+00
4.082892801993587000e+03 1.320541316878291793e+00
4.092906767082028637e+03 1.286926270316108400e+00
4.102920732170469819e+03 1.269259749038607055e+00
4.112934697258911001e+03 1.245307550215737358e+00
4.122948662347352183e+03 1.201124738690489524e+00
4.132962627435793365e+03 1.168317557740061519e+00
4.142976592524234547e+03 1.148945552047293761e+00
4.152990557612675730e+03 1.150316699306823676e+00
4.163004522701116912e+03 1.150213739449872818e+00
4.173018487789558094e+03 1.146063631798174276e+00
4.183032452877999276e+03 1.145998467331749593e+00
4.193046417966440458e+03 1.173099760716079354e+00
4.203060383054881640e+03 1.192003277338231193e+00
4.213074348143322823e+03 1.201813744315486376e+00
4.223088313231764005e+03 1.218849126014176276e+00
4.233102278320205187e+03 1.211341745052279206e+00
4.243116243408647279e+03 1.214072309967382912e+00
4.253130208497088461e+03 1.231960911746459830e+00
4.263144173585529643e+03 1.231280855374851768e+00
4.273158138673970825e+03 1.240604413458981981e+00
4.283172103762412007e+03 1.244718029009482807e+00
4.293186068850853189e+03 1.208566346984275341e+00
4.303200033939294372e+03 1.206085752962376745e+00
4.313213999027735554e+03 1.173716737884187955e+00
4.323227964116176736e+03 1.148448825041227250e+00
4.333241929204617918e+03 1.104944245282527104e+00
4.343255894293059100e+03 1.069032368493762375e+00
4.353269859381500282e+03 1.042263674546064278e+00
4.363283824469941464e+03 1.018333631641779702e+00
4.373297789558382647e+03 1.019978382774338055e+00
4.383311754646823829e+03 1.057057224827835595e+00
4.393325719735265011e+03 1.109126066307885683e+00
4.403339684823706193e+03 1.163441604818347574e+00
4.413353649912147375e+03 1.171160118651460413e+00
4.423367615000588557e+03 1.178341764167189165e+00
4.433381580089029740e+03 1.206674318423124115e+00
4.443395545177470922e+03 1.265922893927888149e+00
4.453409510265912104e+03 1.316379566508592225e+00
4.463423475354353286e+03 1.357031767242952380e+00
4.473437440442794468e+03 1.389932350595255661e+00
4.483451405531236560e+03 1.427659188102879728e+00
4.493465370619677742e+03 1.444504376445565175e+00
4.503479335708118924e+03 1.466121428335595223e+00
4.513493300796560106e+03 1.511532894153791551e+00
4.523507265885001289e+03 1.528753864252858863e+00
4.533521230973442471e+03 1.550297584396672645e+00
4.543535196061883653e+03 1.568774751636496712e+00
4.553549161150324835e+03 1.579667991387863957e+00
4.563563126238766017e+03 1.566223779990859155e+00
4.573577091327207199e+03 1.542845462902303622e+00
4.583591056415648382e+03 1.512339022046442327e+00
4.593605021504089564e+03 1.484611454696794119e+00
4.603618986592530746e+03 1.451461508652972299e+00
4.613632951680972837e+03 1.411882436351693526e+00
4.623646916769414020e+03 1.342729122608246728e+00
4.633660881857855202e+03 1.258685380742944115e+00
4.643674846946296384e+03 1.201787765414871645e+00
4.653688812034737566e+03 1.157299202213158962e+00
4.663702777123178748e+03 1.126706831147572307e+00
4.673716742211619930e+03 1.112696297094359910e+00
4.683730707300061113e+03 1.097411059191925720e+00
4.693744672388502295e+03 1.117779646791214665e+00
4.703758637476943477e+03 1.131209261347740025e+00
4.713772602565384659e+03 1.116619806174810936e+00
4.723786567653825841e+03 1.080798464551399052e+00
4.733800532742267023e+03 1.034749342707748543e+00
4.743814497830708206e+03 9.960081116727804718e-01
4.753828462919149388e+03 9.662892920011050268e-01
4.763842428007590570e+03 9.421126667558694656e-01
4.773856393096031752e+03 9.458372069988374431e-01
4.783870358184472934e+03 9.520186213979254797e-01
4.793884323272914116e+03 9.746584947529570719e-01
4.803898288361355299e+03 9.913142717132346071e-01
4.813912253449796481e+03 9.687448628678968499e-01
4.823926218538237663e+03 9.715768236927572188e-01
4.833940183626678845e+03 9.870140251308937573e-01
4.843954148715120027e+03 9.987912425908000991e-01
4.853968113803561209e+03 1.009578829020604251e+00
4.863982078892003301e+03 1.032071517567471286e+00
4.873996043980444483e+03 1.047860085808569375e+00
4.884010009068885665e+03 1.098989429454686251e+00
4.894023974157326847e+03 1.139551616339425033e+00
4.904037939245768030e+03 1.176425407538572943e+00
4.914051904334209212e+03 1.208653232939508104e+00
4.924065869422650394e+03 1.212004163574974536e+00
4.934079834511091576e+03 1.200389509737308957e+00
4.944093799599532758e+03 1.175714159109036538e+00
4.954107764687973940e+03 1.156468920024953606e+00
4.964121729776415123e+03 1.170604743625611954e+00
4.974135694864856305e+03 1.089547619585484517e+00
4.984149659953297487e+03 1.076565207040542704e+00
4.994163625041739579e+03 1.062686305209507909e+00
5.004177590130180761e+03 1.067873831166687104e+00
5.014191555218621943e+03 1.079509163861698262e+00
5.024205520307063125e+03 1.085681542121442300e+00
5.034219485395504307e+03 1.134362265777186130e+00
5.044233450483945489e+03 1.165452058936480961e+00
5.054247415572386672e+03 1.171536334837618654e+00
5.064261380660827854e+03 1.198111273105147534e+00
5.074275345749269036e+03 1.230791513674980298e+00
5.084289310837710218e+03 1.254245247772678429e+00
5.094303275926151400e+03 1.271030484806253025e+00
5.104317241014592582e+03 1.283693765237624351e+00
5.114331206103033765e+03 1.293897478048263272e+00
5.124345171191474947e+03 1.313786107630845690e+00
5.134359136279916129e+03 1.336159241103312523e+00
5.144373101368357311e+03 1.351036896989749270e+00
5.154387066456798493e+03 1.377488717858712963e+00
5.164401031545239675e+03 1.389471594374655616e+00
5.174414996633680857e+03 1.416260880293743973e+00
5.184428961722122040e+03 1.445250900572925934e+00
5.194442926810563222e+03 1.468671009805948779e+00
5.204456891899004404e+03 1.462274726439569905e+00
5.214470856987445586e+03 1.470646970199855019e+00
5.224484822075886768e+03 1.492669605728912163e+00
5.234498787164327950e+03 1.510024032655217452e+00
5.244512752252770042e+03 1.507817476936122780e+00
5.254526717341211224e+03 1.517740895655180999e+00
5.264540682429652406e+03 1.529021386109020941e+00
5.274554647518093589e+03 1.522239589759273537e+00
5.284568612606534771e+03 1.518478991844883996e+00
5.294582577694975953e+03 1.506708985919261723e+00
5.304596542783417135e+03 1.489419810345336659e+00
5.314610507871858317e+03 1.472925901919658331e+00
5.324624472960299499e+03 1.460285211836647390e+00
5.334638438048740682e+03 1.432791280820620461e+00
5.344652403137181864e+03 1.422121859289933399e+00
5.354666368225623955e+03 1.412404360284777338e+00
5.364680333314065138e+03 1.398492094246933215e+00
5.374694298402506320e+03 1.395882735239379224e+00
5.384708263490947502e+03 1.392237956303315372e+00
5.394722228579388684e+03 1.391443905558442218e+00
5.404736193667829866e+03 1.384775234722407822e+00
5.414750158756271048e+03 1.380805849857593914e+00
5.424764123844712230e+03 1.382236340224547888e+00
5.434778088933153413e+03 1.365551369583312136e+00
5.444792054021594595e+03 1.345153414531154779e+00
5.454806019110035777e+03 1.328623882863830374e+00
5.464819984198476959e+03 1.318157079380746222e+00
5.474833949286918141e+03 1.306725146706935403e+00
5.484847914375359323e+03 1.289316850488385846e+00
5.494861879463800506e+03 1.274335452771401034e+00
5.504875844552241688e+03 1.267764007319272856e+00
5.514889809640682870e+03 1.258042598446131421e+00
5.524903774729124052e+03 1.248246815195310777e+00
5.534917739817565234e+03 1.237245576201589259e+00
5.544931704906006416e+03 1.227795077736864027e+00
5.554945669994447599e+03 1.223048671774402241e+00
5.564959635082888781e+03 1.221309301836595251e+00
5.574973600171329963e+03 1.221311213327610501e+00
5.584987565259771145e+03 1.208827873709526157e+00
5.595001530348212327e+03 1.204224482029377929e+00
5.605015495436653509e+03 1.196783221279412945e+00
5.615029460525094692e+03 1.176910057396861831e+00
5.625043425613535874e+03 1.153892751452298748e+00
5.635057390701977056e+03 1.113131943273897528e+00
5.645071355790419148e+03 1.057102579296467004e+00
5.655085320878860330e+03 1.011288918391497704e+00
5.665099285967301512e+03 9.729808138433654330e-01
5.675113251055742694e+03 9.294154139160020200e-01
5.685127216144183876e+03 9.332287516052180099e-01
5.695141181232625058e+03 9.481857343687821738e-01
5.705155146321066240e+03 9.746871671181839281e-01
5.715169111409507423e+03 1.018815414263545938e+00
5.725183076497948605e+03 1.071141785714906147e+00
5.735197041586390696e+03 1.133354214924574110e+00
5.745211006674831879e+03 1.227822620584672952e+00
5.755224971763273061e+03 1.317645494876335421e+00
5.765238936851714243e+03 1.385697876681025731e+00
5.775252901940155425e+03 1.417541492387921265e+00
5.785266867028596607e+03 1.403521227107722869e+00
5.795280832117037789e+03 1.422182331914775055e+00
5.805294797205478972e+03 1.406463446209773815e+00
5.815308762293920154e+03 1.429757918351530099e+00
5.825322727382361336e+03 1.448287738480225739e+00
5.835336692470802518e+03 1.469146102209161864e+00
5.845350657559243700e+03 1.454213186855197515e+00
5.855364622647684882e+03 1.439756493421864070e+00
5.865378587736126065e+03 1.433131439335357360e+00
5.875392552824567247e+03 1.396618311736381068e+00
5.885406517913008429e+03 1.340499976540791893e+00
5.895420483001449611e+03 1.185897801264016893e+00
5.905434448089890793e+03 1.226816307451165766e+00
5.915448413178331975e+03 1.275750303666413288e+00
5.925462378266773158e+03 1.259645123004446754e+00
5.935476343355214340e+03 1.226013307452903378e+00
5.945490308443655522e+03 1.211996778268779718e+00
5.955504273532096704e+03 1.206586042292607575e+00
5.965518238620537886e+03 1.196483377847904261e+00
5.975532203708979068e+03 1.186903679967747705e+00
5.985546168797420250e+03 1.155412213037411151e+00
5.995560133885861433e+03 1.122769072770462895e+00
6.005574098974302615e+03 1.105914066314836353e+00
6.015588064062743797e+03 1.082364062578740294e+00
6.025602029151185889e+03 1.079537488683104174e+00
6.035615994239627071e+03 1.067940646466261301e+00
6.045629959328068253e+03 1.064270496831269286e+00
6.055643924416509435e+03 1.062821847299671330e+00
6.065657889504950617e+03 1.049198824606797587e+00
6.075671854593391799e+03 1.041086456738613997e+00
6.085685819681832982e+03 1.028645083036907382e+00
6.095699784770274164e+03 1.002496581037661594e+00
6.105713749858715346e+03 9.731918598286261046e-01
6.115727714947157438e+03 9.303741135460416034e-01
6.125741680035598620e+03 8.924171151430055904e-01
6.135755645124039802e+03 8.542733119362186933e-01
6.145769610212480984e+03 8.109902044774069951e-01
6.155783575300922166e+03 7.681145052626821013e-01
6.165797540389363348e+03 7.356432254151844541e-01
6.175811505477804531e+03 6.977467865229456390e-01
6.185825470566245713e+03 6.711902680779261443e-01
6.195839435654686895e+03 6.276510208230881016e-01
6.205853400743128077e+03 5.926306808209679255e-01
6.215867365831569259e+03 5.558621953995624976e-01
6.225881330920010441e+03 5.155412908125052152e-01
6.235895296008451623e+03 4.780407912182627062e-01
6.245909261096892806e+03 4.474932533055761552e-01
6.255923226185333988e+03 4.343851167834124061e-01
6.265937191273775170e+03 4.239284789570904599e-01
6.275951156362216352e+03 4.411259029622897065e-01
6.285965121450657534e+03 4.887069979686062826e-01
6.295979086539098716e+03 5.786517732554602444e-01
6.305993051627539899e+03 6.587962472218215071e-01
6.316007016715981081e+03 7.150236242912277884e-01
6.326020981804422263e+03 7.927697852352959540e-01
6.336034946892863445e+03 9.045964408037298066e-01
6.346048911981304627e+03 1.000000000000000000e+00
6.356062877069745809e+03 1.066266701652744509e+00
6.366076842158186992e+03 1.124689078609199200e+00
6.376090807246628174e+03 1.169713380610877707e+00
6.386104772335069356e+03 1.200476917008273192e+00
6.396118737423510538e+03 1.225830325631182882e+00
6.406132702511952630e+03 1.232261797809431236e+00
6.416146667600393812e+03 1.232450514104197037e+00
6.426160632688834994e+03 1.225630487934147306e+00
6.436174597777276176e+03 1.216125511975491236e+00
6.446188562865717358e+03 1.198939383144472126e+00
6.456202527954158541e+03 1.181977854507730186e+00
6.466216493042599723e+03 1.177445883082783196e+00
6.476230458131040905e+03 1.179483445618949355e+00
6.486244423219482087e+03 1.184746301699315385e+00
6.496258388307924179e+03 1.188828812077842745e+00
6.506272353396365361e+03 1.186559003383339084e+00
6.516286318484806543e+03 1.191808826570420088e+00
6.526300283573247725e+03 1.214895467507259186e+00
6.536314248661688907e+03 1.251962493070844840e+00
6.546328213750130089e+03 1.294637659500892157e+00
6.556342178838571272e+03 1.321863286687160244e+00
6.566356143927012454e+03 1.335844540173459105e+00
6.576370109015453636e+03 1.340469045140729065e+00
6.586384074103894818e+03 1.326900152397965771e+00
6.596398039192336000e+03 1.310070690413177363e+00
6.606412004280777182e+03 1.300016160787673014e+00
6.616425969369218365e+03 1.296683041773029732e+00
6.626439934457659547e+03 1.306376212710719908e+00
6.636453899546100729e+03 1.299445493833703669e+00
6.646467864634541911e+03 1.287714847245801986e+00
6.656481829722983093e+03 1.272031497896491059e+00
6.666495794811424275e+03 1.260905838214875896e+00
6.676509759899865458e+03 1.247793270508995134e+00
6.686523724988306640e+03 1.226516898449433013e+00
6.696537690076747822e+03 1.206402104725379454e+00
6.706551655165189004e+03 1.180989439881001024e+00
6.716565620253630186e+03 1.160047231205264540e+00
6.726579585342071368e+03 1.131683137347580193e+00
6.736593550430512551e+03 1.111207419365489280e+00
6.746607515518953733e+03 1.084854996029311902e+00
6.756621480607394915e+03 1.070906324776224938e+00
6.766635445695836097e+03 1.052225583743290116e+00
6.776649410784277279e+03 1.030658838821339796e+00
6.786663375872719371e+03 1.022056086621821791e+00
6.796677340961160553e+03 1.016941284209172514e+00
6.806691306049601735e+03 9.976049017580502776e-01
6.816705271138042917e+03 9.783902465302094509e-01
6.826719236226484099e+03 9.674321898562384670e-01
6.836733201314925282e+03 9.591379696837524227e-01
6.846747166403366464e+03 9.493872802436975622e-01
6.856761131491807646e+03 9.611986438840106617e-01
6.866775096580248828e+03 9.464387184669146302e-01
6.876789061668690920e+03 9.656604114571294417e-01
6.886803026757132102e+03 9.744857654739540465e-01
6.896816991845573284e+03 9.745292084515706499e-01
6.906830956934014466e+03 1.003837665756680986e+00
6.916844922022455648e+03 1.066324828356795429e+00
6.926858887110896831e+03 1.063829637494417391e+00
6.936872852199338013e+03 1.058966109264301680e+00
6.946886817287779195e+03 1.062726620292736124e+00
6.956900782376220377e+03 1.056334681224118777e+00
6.966914747464661559e+03 1.037686696196306491e+00
6.976928712553102741e+03 1.025155656188799558e+00
6.986942677641543924e+03 1.019933897165258729e+00
6.996956642729985106e+03 1.023217317413509297e+00
7.006970607818426288e+03 1.018910901928346657e+00
7.016984572906867470e+03 1.018763977778048169e+00
7.026998537995308652e+03 1.018278545946162073e+00
7.037012503083749834e+03 1.000320261630988306e+00
7.047026468172191016e+03 9.967186650146750981e-01
7.057040433260632199e+03 9.821381590951346885e-01
7.067054398349073381e+03 9.631952831352623701e-01
7.077068363437514563e+03 9.513398683156462088e-01
7.087082328525955745e+03 9.402196824492107252e-01
7.097096293614396927e+03 9.335599608665655635e-01
7.107110258702838109e+03 9.282905014536020349e-01
7.117124223791279292e+03 9.229301593314647167e-01
7.127138188879720474e+03 9.192713048706528944e-01
7.137152153968161656e+03 9.350298974571954469e-01
7.147166119056602838e+03 9.308314812143876349e-01
7.157180084145044020e+03 9.387845002406740580e-01
7.167194049233486112e+03 9.514478675580007039e-01
7.177208014321927294e+03 9.577308516387559312e-01
7.187221979410368476e+03 9.597507763260100244e-01
7.197235944498809658e+03 9.514074655888172805e-01
7.207249909587250841e+03 9.409211996517610199e-01
7.217263874675692023e+03 9.292533716094927287e-01
7.227277839764133205e+03 9.297288984424824099e-01
7.237291804852574387e+03 9.152099077792471560e-01
7.247305769941016479e+03 9.205998780121188441e-01
7.257319735029457661e+03 9.041049269549773504e-01
7.267333700117898843e+03 9.321869021160205104e-01
7.277347665206340025e+03 8.940970550874333123e-01
7.287361630294781207e+03 8.948096936922534939e-01
7.297375595383222390e+03 8.700507587750470062e-01
7.307389560471663572e+03 8.627592025259485098e-01
7.317403525560104754e+03 8.453960001181648476e-01
7.327417490648545936e+03 8.537064679642795140e-01
7.337431455736987118e+03 8.515731571054464544e-01
7.347445420825428300e+03 8.398932519154007625e-01
7.357459385913869482e+03 8.368427729131295845e-01
7.367473351002310665e+03 8.334066940415347791e-01
7.377487316090751847e+03 8.306226942639629574e-01
7.387501281179193029e+03 8.253422872206398475e-01
7.397515246267634211e+03 8.231360790453665643e-01
7.407529211356075393e+03 8.192332488222608955e-01
7.417543176444516575e+03 8.129220268060548538e-01
7.427557141532957758e+03 8.080443361652362988e-01
7.437571106621398940e+03 8.042566298328139851e-01
7.447585071709840122e+03 8.002458003673538212e-01
7.457599036798281304e+03 7.928875157046362254e-01
7.467613001886722486e+03 7.864246776965491126e-01
7.477626966975163668e+03 7.762974245265148454e-01
7.487640932063604851e+03 7.726222355061193037e-01
7.497654897152046942e+03 7.597128940495284644e-01
7.507668862240488124e+03 7.633270891293505445e-01
7.517682827328929307e+03 7.553738094451982743e-01
7.527696792417370489e+03 7.472655252169106976e-01
7.537710757505811671e+03 7.411100028324820732e-01
7.547724722594252853e+03 7.373446261905546306e-01
7.557738687682694035e+03 7.336602272589045626e-01
7.567752652771135217e+03 7.308048941120862674e-01
7.677906268743989131e+03 7.569572190933623324e-01
7.687920233832430313e+03 7.447207224740949316e-01
7.697934198920871495e+03 7.333072096227931658e-01
7.707948164009312677e+03 7.523049975063730299e-01
7.717962129097753859e+03 7.489578029669816672e-01
7.727976094186195041e+03 7.611023742456126673e-01
7.737990059274636224e+03 7.572086670478063164e-01
7.748004024363077406e+03 7.667094724806114980e-01
7.758017989451518588e+03 7.650659377514261728e-01
7.768031954539959770e+03 7.670679639319021303e-01
7.778045919628400952e+03 7.701227003459799603e-01
7.788059884716842134e+03 7.692940689909238960e-01
7.798073849805283317e+03 7.698962755466428609e-01
7.808087814893724499e+03 7.691956272036449827e-01
7.818101779982165681e+03 7.749069885849231287e-01
7.828115745070606863e+03 7.681804517027039925e-01
7.838129710159048045e+03 7.656247882154841866e-01
7.848143675247489227e+03 7.603833060801051813e-01
7.858157640335930409e+03 7.496287363132898562e-01
7.868171605424371592e+03 7.470716826507861619e-01
7.878185570512813683e+03 7.378759338068038298e-01
7.888199535601254865e+03 7.246568439198077805e-01
7.898213500689696048e+03 7.259285936465513789e-01
7.908227465778137230e+03 7.065160990986451006e-01
7.918241430866578412e+03 7.055714749933531538e-01
7.928255395955019594e+03 6.863854052447837528e-01
7.938269361043460776e+03 6.838543304828945679e-01
7.948283326131901958e+03 6.633853027193565843e-01
7.958297291220343141e+03 6.681738483701062936e-01
7.968311256308784323e+03 6.496101427188699651e-01
7.978325221397225505e+03 6.491731063640486799e-01
7.988339186485666687e+03 6.346163203102871408e-01
7.998353151574107869e+03 6.267156935150061114e-01
8.008367116662549051e+03 6.279432182905361204e-01
8.018381081750990234e+03 6.150738443733524408e-01
8.028395046839431416e+03 6.110777855202818021e-01
8.038409011927872598e+03 5.977781523527847529e-01
8.048422977016313780e+03 5.925561326713781884e-01
8.058436942104755872e+03 5.738824294008170179e-01
8.068450907193197054e+03 5.687213167740287068e-01
8.078464872281638236e+03 5.434733877007716929e-01
8.088478837370079418e+03 5.368714452783565072e-01
8.098492802458520600e+03 5.052289705578251189e-01
8.108506767546961783e+03 4.982277871711149331e-01
8.118520732635402965e+03 4.582921349095603891e-01
8.128534697723844147e+03 4.461151551696273532e-01
8.138548662812285329e+03 4.164519425093011207e-01
8.148562627900726511e+03 4.015797604380442198e-01
8.158576592989167693e+03 3.925745524938874520e-01
8.168590558077608875e+03 4.004989860409024494e-01
8.178604523166050058e+03 3.930956075674191252e-01
8.188618488254491240e+03 4.056583609485860387e-01
8.198632453342932422e+03 4.146121324072448711e-01
8.208646418431373604e+03 3.867676165618532669e-01
8.218660383519814786e+03 3.765273247640611443e-01
8.228674348608255968e+03 4.081970816745356112e-01
8.238688313696697151e+03 4.112058554182950187e-01
8.248702278785138333e+03 4.047093056595773564e-01
8.258716243873581334e+03 4.138921084962299823e-01
8.268730208962022516e+03 4.040647856436598850e-01
8.278744174050463698e+03 4.316638486655186013e-01
8.288758139138904880e+03 4.260711734990885735e-01
8.298772104227346063e+03 4.514262329551477215e-01
8.308786069315787245e+03 4.458717876090201315e-01
8.318800034404228427e+03 4.732815261344264224e-01
8.328813999492669609e+03 4.789868054988383195e-01
8.338827964581110791e+03 5.063782110876904330e-01
8.348841929669551973e+03 5.014211066837889197e-01
8.358855894757993156e+03 5.377640246964638937e-01
8.368869859846434338e+03 5.420985043451665986e-01
8.378883824934875520e+03 5.727735908401350162e-01
8.388897790023316702e+03 5.639862059857472243e-01
8.398911755111757884e+03 5.894608205162068515e-01
8.408925720200199066e+03 5.911656098438311524e-01
8.418939685288640248e+03 6.230093124366817836e-01
8.428953650377081431e+03 6.119030283230836309e-01
8.438967615465522613e+03 6.521523388830289258e-01
8.448981580553963795e+03 6.480532332870519996e-01
8.458995545642404977e+03 6.779757136377932980e-01
8.469009510730846159e+03 6.898586713052181629e-01
8.479023475819287341e+03 6.832125908175445961e-01
8.489037440907728524e+03 7.156298276008875581e-01
8.499051405996169706e+03 7.090844479353289875e-01
8.509065371084610888e+03 7.407083290614404625e-01
8.519079336173052070e+03 7.241168477080353050e-01
8.529093301261493252e+03 7.512828711290133743e-01
8.539107266349934434e+03 7.412192184782098181e-01
8.549121231438375617e+03 7.543644553032581301e-01
8.559135196526816799e+03 7.560261491970867720e-01
8.569149161615257981e+03 7.353086276015826650e-01
8.579163126703699163e+03 7.752544455198994156e-01
8.589177091792140345e+03 7.509967556784316045e-01
8.599191056880581527e+03 7.743460528579396707e-01
8.609205021969022710e+03 7.652565655372071118e-01
8.619218987057463892e+03 7.508590414393875312e-01
8.629232952145905074e+03 7.739101460205363159e-01
8.639246917234346256e+03 7.431385292293042344e-01
8.649260882322787438e+03 7.680214504046278812e-01
8.659274847411228620e+03 7.327068276721341311e-01
8.669288812499669802e+03 7.573641929076730950e-01
8.679302777588110985e+03 7.387238538439214741e-01
8.689316742676552167e+03 7.462178543687125742e-01
8.699330707764993349e+03 7.472501464028346030e-01
8.709344672853434531e+03 7.317279705004804402e-01
8.719358637941875713e+03 7.702429505080221617e-01
8.729372603030316895e+03 7.438472579661385975e-01
8.739386568118758078e+03 7.700716114043028027e-01
8.749400533207199260e+03 7.402418383677952241e-01
8.759414498295640442e+03 7.435163093626566688e-01
8.769428463384081624e+03 7.324386107283300529e-01
8.779442428472522806e+03 7.023865834183367074e-01
8.789456393560963988e+03 7.287185885550344633e-01
8.799470358649405171e+03 6.930113281908432121e-01
8.809484323737846353e+03 6.942240823539836958e-01
8.819498288826289354e+03 6.751562643904863714e-01
8.829512253914730536e+03 6.672101093546631834e-01
8.839526219003171718e+03 6.888801616773855274e-01
8.849540184091612900e+03 6.503465011894686842e-01
8.859554149180054083e+03 6.514862711502136250e-01
8.869568114268495265e+03 6.624859461967410601e-01
8.879582079356936447e+03 6.213376266580010743e-01
8.889596044445377629e+03 6.431737180411734034e-01
8.899610009533818811e+03 6.053048219967435140e-01
8.909623974622259993e+03 5.980089214498832684e-01
8.919637939710701175e+03 5.885569459239191614e-01
8.929651904799142358e+03 5.422936502006197035e-01
8.939665869887583540e+03 5.572452460349593961e-01
8.949679834976024722e+03 5.052386148988560199e-01
8.959693800064465904e+03 5.167234611194038152e-01
8.969707765152907086e+03 4.739528070245557223e-01
