4.196907295449986123e+03 -4.028757460661964163e-01
4.206911025122988576e+03 7.203348467111549136e-02
4.216914754795989211e+03 -4.086396162249200104e-01
4.226918484468991664e+03 -2.332238182765075107e-01
4.236922214141992299e+03 7.151972624869493700e-01
4.246925943814992934e+03 7.543139355829223680e-01
4.256929673487995387e+03 -7.795385598377353731e-02
4.266933403160996022e+03 -1.044292587003986666e-01
4.276937132833998476e+03 5.284218121922855671e-01
4.286940862506999110e+03 5.266698994883163287e-01
4.296944592180001564e+03 2.415547047225335142e-01
4.306948321853002199e+03 7.074727762541631604e-01
4.316952051526003743e+03 3.374059384284618379e-01
4.326955781199005287e+03 3.630975342760560109e-01
4.336959510872005922e+03 8.195964200778619313e-01
4.346963240545008375e+03 -3.654672054390172287e-01
4.356966970218009010e+03 1.116232128784924393e+00
4.366970699891011463e+03 3.731849751859253606e-01
4.376974429564012098e+03 1.759373102197134831e-01
4.386978159237014552e+03 8.862649270382161326e-01
4.396981888910015186e+03 8.207760248882725040e-01
4.406985618583015821e+03 9.061351757837979859e-01
4.416989348256018275e+03 9.419368587030712003e-01
4.426993077929018909e+03 9.386408575440378099e-01
4.436996807602021363e+03 6.976426189512506537e-02
4.447000537275021998e+03 7.115322062530834435e-01
4.457004266948024451e+03 7.787842738582061441e-01
4.467007996621025086e+03 3.246498548219269725e-02
4.477011726294027540e+03 2.526579525830162654e-01
4.487015455967028174e+03 2.853014805455755809e-01
4.497019185640028809e+03 6.032802121424921671e-01
4.507022915313031262e+03 9.003343825351675100e-01
4.517026644986031897e+03 1.692377913803222444e+00
4.527030374659034351e+03 1.745794723795946801e+00
4.537034104332034985e+03 4.799155973329573222e+00
4.547037834005037439e+03 5.547803269557193495e+00
4.557041563678038074e+03 4.966359548609950991e+00
4.567045293351040527e+03 3.848912122694372329e+00
4.577049023024041162e+03 3.704393390555917431e+00
4.587052752697041797e+03 2.939374044615048476e+00
4.597056482370044250e+03 2.437525780228845473e+00
4.607060212043044885e+03 1.554966173174917810e+00
4.617063941716047339e+03 1.768741369227734284e+00
4.627067671389047973e+03 1.268570116420260740e+00
4.637071401062050427e+03 9.038797024631920474e-01
4.647075130735051061e+03 1.431615975952870601e+00
4.657078860408051696e+03 4.670934389779125562e-01
4.667082590081054150e+03 9.907808319229298721e-01
4.677086319754054784e+03 5.528976010189365908e-01
4.687090049427057238e+03 3.279542076322488064e-01
4.697093779100057873e+03 4.705206050182347277e-01
4.707097508773060326e+03 1.221907418692718572e+00
4.717101238446060961e+03 2.662923837511678826e+00
4.727104968119063415e+03 2.810995801668852989e-01
4.737108697792064049e+03 6.013333103589661999e-01
4.747112427465064684e+03 3.967871285405287218e-01
4.757116157138067138e+03 4.611370412789595474e-01
4.767119886811067772e+03 1.038607661927968967e-01
4.777123616484070226e+03 1.808034394034072623e-01
4.787127346157070860e+03 2.307181119008745174e-01
4.797131075830073314e+03 3.996031295307708175e-01
4.807134805503073949e+03 5.338639239961056292e-03
4.817138535176076402e+03 4.195918838125305972e-01
4.827142264849077037e+03 4.484017400973151490e-01
4.837145994522077672e+03 7.871343427285600047e-02
4.847149724195080125e+03 4.703068027452493305e-01
4.857153453868080760e+03 5.168297202038576454e-01
4.867157183541083214e+03 5.327783851528387071e-01
4.877160913214083848e+03 3.494417052981820815e-01
4.887164642887086302e+03 4.214716207372732337e-01
4.897168372560086937e+03 5.419804982788564152e-01
4.907172102233087571e+03 4.029413285068407791e-01
4.917175831906090025e+03 5.046862434061515357e-01
4.927179561579090660e+03 4.810413999266460738e-01
4.937183291252093113e+03 7.971429616326897172e-01
4.947187020925093748e+03 5.798264896093149323e-01
4.957190750598096201e+03 3.448914267750072260e-01
4.967194480271096836e+03 1.588387723389089456e-01
4.977198209944099290e+03 5.165271266908576520e-01
4.987201939617099924e+03 7.414367442414924181e-01
4.997205669290100559e+03 3.804632546683971994e-01
5.007209398963103013e+03 4.209798403445592641e-01
5.017213128636103647e+03 3.711294843532252918e-01
5.027216858309106101e+03 8.985778984010192039e-01
5.037220587982106736e+03 4.130782991044568142e-01
5.047224317655109189e+03 1.093835109920038295e+00
5.057228047328109824e+03 8.667846564517472929e-01
5.067231777001112278e+03 2.033627792044938154e+00
5.077235506674112912e+03 2.037876584747809527e+00
5.087239236347113547e+03 2.066316682660811477e+00
5.097242966020116000e+03 2.263753938902483664e+00
5.107246695693116635e+03 2.438303450831982744e+00
5.117250425366119089e+03 3.172061071494002960e+00
5.127254155039119723e+03 3.285444847628957277e+00
5.137257884712122177e+03 3.309576724246760193e+00
5.147261614385122812e+03 3.479609487335204143e+00
5.157265344058124356e+03 3.251354462014755864e+00
5.167269073731125900e+03 3.064366967689483356e+00
5.177272803404126535e+03 2.848361441182045262e+00
5.187276533077128988e+03 3.231645268270863181e+00
5.197280262750129623e+03 3.075713960690623416e+00
5.207283992423132077e+03 3.351945090793877924e+00
5.217287722096132711e+03 3.142076709301699911e+00
5.227291451769135165e+03 3.117416129201275865e+00
5.237295181442135799e+03 3.047487665050607308e+00
5.247298911115136434e+03 2.901239877359077735e+00
5.257302640788138888e+03 2.716453350840739134e+00
5.267306370461139522e+03 2.564401429240062757e+00
5.277310100134141976e+03 2.543954828643455901e+00
5.287313829807142611e+03 2.434993559558174869e+00
5.297317559480145064e+03 2.434185647186161372e+00
5.307321289153145699e+03 2.416784322385696182e+00
5.317325018826148153e+03 2.292523531436845730e+00
5.327328748499148787e+03 2.079573126882857448e+00
5.337332478172149422e+03 1.845935066702440785e+00
5.347336207845151876e+03 1.727385222816781418e+00
5.357339937518152510e+03 1.652429064590440255e+00
5.367343667191154964e+03 1.629474858716433827e+00
5.377347396864155598e+03 1.759353937355230491e+00
5.387351126537158052e+03 1.642448401740097319e+00
5.397354856210158687e+03 1.692598045748763047e+00
5.407358585883160231e+03 1.871565669121993736e+00
5.417362315556161775e+03 1.287513771433414167e+00
5.427366045229162410e+03 2.340821218750318344e+00
5.437369774902164863e+03 1.686494307338657572e+00
5.447373504575165498e+03 1.650360492434458815e+00
5.457377234248167952e+03 1.612841358361796429e+00
5.467380963921168586e+03 1.520578292950608645e+00
5.477384693594171040e+03 1.582964248954461084e+00
5.487388423267171675e+03 1.749318593166977909e+00
5.497392152940173219e+03 1.587405217549087144e+00
5.507395882613174763e+03 1.617057271932227591e+00
5.517399612286175397e+03 1.532506736705665729e+00
5.527403341959177851e+03 1.435889208224776281e+00
5.537407071632178486e+03 1.446968420911972197e+00
5.547410801305180939e+03 1.175834611282500886e+00
5.557414530978181574e+03 1.134388442861870017e+00
5.567418260651184028e+03 1.055969250450725427e+00
5.577421990324184662e+03 1.007196134398640641e+00
5.587425719997185297e+03 8.778902427745909343e-01
5.597429449670187751e+03 9.870250503824352650e-01
5.607433179343188385e+03 1.000000000000000000e+00
5.617436909016190839e+03 1.198471806056019551e+00
5.627440638689191474e+03 1.289384189673561165e+00
5.637444368362193927e+03 1.315919935268548668e+00
5.647448098035194562e+03 1.478580388072224139e+00
5.657451827708196106e+03 1.550474039727134823e+00
5.667455557381197650e+03 1.670167444454485839e+00
5.677459287054198285e+03 1.622753801407930130e+00
5.687463016727200738e+03 1.619955910314166303e+00
5.697466746400201373e+03 1.429729557707097198e+00
5.707470476073203827e+03 1.381809365031864356e+00
5.717474205746204461e+03 1.253996748658197102e+00
5.727477935419206915e+03 9.878078198884641115e-01
5.737481665092207550e+03 1.000128703341961689e+00
5.747485394765209094e+03 8.846183330526006250e-01
5.757489124438210638e+03 8.150814294791840497e-01
5.767492854111211273e+03 8.685175801380501381e-01
5.777496583784213726e+03 7.419888323477211722e-01
5.787500313457214361e+03 7.869862987204566673e-01
5.797504043130216814e+03 9.886348971023813936e-01
5.807507772803217449e+03 1.180238305138744392e+00
5.817511502476219903e+03 1.336401349064210597e+00
5.827515232149220537e+03 1.404686735714016921e+00
5.837518961822221172e+03 1.725882628881803660e+00
5.847522691495223626e+03 1.816477473926144670e+00
5.857526421168224260e+03 2.286577331543676816e+00
5.867530150841226714e+03 2.279744625844263961e+00
5.877533880514227349e+03 2.113166809025690984e+00
5.887537610187229802e+03 2.108463334844249637e+00
5.897541339860230437e+03 2.262609323115366333e+00
5.907545069533232891e+03 2.489124743428481334e+00
5.917548799206233525e+03 2.364446194090969122e+00
5.927552528879234160e+03 2.103091201087015527e+00
5.937556258552236613e+03 1.839219284121066833e+00
5.947559988225237248e+03 1.746204042621201546e+00
5.957563717898239702e+03 1.344245571602838529e+00
5.967567447571240336e+03 1.138652532273418005e+00
5.977571177244242790e+03 1.077387279960362099e+00
5.987574906917243425e+03 9.908650517327655116e-01
5.997578636590244969e+03 9.077207587589481985e-01
6.007582366263246513e+03 7.729293267443786419e-01
6.017586095936247148e+03 6.597213748470768246e-01
6.027589825609249601e+03 5.975606496916571198e-01
6.037593555282250236e+03 5.707724204914005339e-01
6.047597284955252690e+03 6.422189511099608561e-01
6.057601014628253324e+03 5.932679009293716499e-01
6.067604744301255778e+03 6.268513852664211461e-01
6.077608473974256412e+03 6.509020310864285230e-01
6.087612203647257047e+03 6.852104387553190623e-01
6.097615933320259501e+03 8.098045924587576883e-01
6.107619662993260135e+03 8.480470674451225932e-01
6.117623392666262589e+03 1.182890789587969893e+00
6.127627122339263224e+03 1.054588502712440423e+00
6.137630852012265677e+03 1.102676783358868873e+00
6.147634581685266312e+03 1.055589294273158618e+00
6.157638311358268766e+03 1.017730819421826638e+00
6.167642041031269400e+03 1.043615487864786973e+00
6.177645770704270035e+03 9.928024590074580047e-01
6.187649500377272489e+03 1.411357155642076755e+00
6.197653230050273123e+03 2.694248332043369665e+00
6.207656959723275577e+03 3.640706335193436782e+00
6.217660689396276211e+03 3.873158285066649498e+00
6.227664419069278665e+03 5.508459079897699340e+00
6.237668148742279300e+03 7.408294473246407996e+00
6.247671878415280844e+03 1.059025427349600790e+01
6.257675608088282388e+03 1.833008117101755730e+01
6.267679337761283023e+03 1.778633944135013323e+01
6.277683067434285476e+03 1.659633462728250564e+01
6.287686797107286111e+03 1.712947239717711057e+01
6.297690526780288565e+03 1.765920620983075295e+01
6.307694256453289199e+03 1.793260410816847639e+01
6.317697986126290743e+03 1.978925179402260781e+01
6.327701715799292288e+03 1.780913329551940194e+01
6.337705445472293832e+03 1.464278317108858651e+01
6.347709175145295376e+03 1.436694131584749456e+01
6.357712904818296010e+03 1.217047109291291207e+01
6.367716634491298464e+03 8.829464203767633634e+00
6.377720364164299099e+03 7.149815261473499106e+00
6.387724093837301552e+03 6.626504308221294437e+00
6.397727823510302187e+03 4.912618870371470159e+00
6.407731553183303731e+03 4.622294372674943475e+00
6.417735282856305275e+03 4.382369892701500902e+00
6.427739012529306819e+03 3.549363006369408602e+00
6.437742742202308364e+03 2.847814803627183533e+00
6.447746471875308998e+03 2.656195043936718569e+00
6.457750201548311452e+03 2.670109774104536093e+00
6.467753931221312087e+03 2.705808599844782059e+00
6.477757660894314540e+03 2.767449588553701378e+00
6.487761390567315175e+03 2.849463331679413347e+00
6.497765120240316719e+03 2.838257525541107551e+00
6.507768849913318263e+03 2.759066816375144171e+00
6.517772579586318898e+03 2.816555364063424438e+00
6.527776309259321351e+03 2.741441139847434094e+00
6.537780038932321986e+03 2.656936318922661577e+00
6.547783768605324440e+03 2.697569124419911812e+00
6.557787498278325074e+03 2.763428136590113660e+00
6.567791227951327528e+03 2.861565489781270788e+00
6.577794957624328163e+03 2.879199254223913762e+00
6.587798687297329707e+03 2.635416838827899344e+00
6.597802416970331251e+03 2.604553707095809134e+00
6.607806146643331886e+03 2.550876677231359135e+00
6.617809876316334339e+03 2.572247058372592043e+00
6.627813605989334974e+03 2.559372856043201860e+00
6.637817335662337427e+03 2.541666300366171249e+00
6.647821065335338062e+03 2.475654848581924750e+00
6.657824795008339606e+03 2.284814869385448421e+00
6.667828524681341150e+03 2.135733322455673822e+00
6.677832254354342695e+03 1.857445927893073501e+00
6.687835984027344239e+03 1.649097371111163168e+00
6.697839713700344873e+03 1.494832877303868823e+00
6.707843443373347327e+03 1.281572318794661491e+00
6.717847173046347962e+03 1.163087881525408873e+00
6.727850902719350415e+03 1.054764678598568262e+00
6.737854632392351050e+03 1.006433057207229087e+00
6.747858362065352594e+03 8.649884360398896188e-01
6.757862091738354138e+03 7.498756043518608472e-01
6.767865821411355682e+03 6.975042452762181266e-01
6.777869551084357227e+03 6.084188513121234765e-01
6.787873280757357861e+03 5.783782253637714810e-01
6.797877010430360315e+03 5.109410148364007531e-01
6.807880740103360949e+03 4.976951200686135501e-01
6.817884469776363403e+03 4.821789827442576337e-01
6.827888199449364038e+03 3.976504255474023752e-01
6.837891929122365582e+03 4.342332955545654682e-01
6.847895658795367126e+03 3.986779423922434118e-01
6.857899388468367761e+03 3.989379864397314956e-01
6.867903118141370214e+03 4.803061029647834324e-01
6.877906847814370849e+03 4.107848477485178673e-01
6.887910577487373303e+03 4.351182189426703872e-01
6.897914307160373937e+03 4.527038075441960907e-01
6.907918036833375481e+03 4.704977478673398883e-01
6.917921766506377026e+03 4.725724738716390871e-01
6.927925496179378570e+03 4.269448534311572896e-01
6.937929225852380114e+03 5.701222224605617672e-01
6.947932955525380748e+03 5.885846465352603252e-01
6.957936685198383202e+03 6.838133393629325374e-01
6.967940414871383837e+03 7.720308648899745219e-01
6.977944144544386290e+03 7.910800144457192928e-01
6.987947874217386925e+03 8.552069820508068076e-01
6.997951603890388469e+03 8.434232416433377066e-01
7.007955333563390013e+03 8.648773151216931909e-01
7.017959063236391557e+03 9.948017564138046387e-01
7.027962792909393102e+03 1.124032922736851958e+00
7.037966522582393736e+03 1.265143477852651355e+00
7.047970252255396190e+03 1.771674644984490454e+00
7.057973981928396825e+03 2.058990086677832565e+00
7.067977711601399278e+03 2.245975295288016316e+00
7.077981441274399913e+03 2.431784943045255165e+00
7.087985170947401457e+03 2.284517374775340226e+00
7.097988900620403001e+03 2.570017782863396327e+00
7.107992630293403636e+03 2.913740453183455870e+00
7.117996359966406089e+03 3.245720701791894758e+00
7.128000089639406724e+03 3.352123904043570413e+00
7.138003819312409178e+03 3.374866593359681310e+00
7.148007548985409812e+03 3.267150687349691829e+00
7.158011278658411356e+03 2.902730339421657479e+00
7.168015008331412901e+03 2.892286203880862772e+00
7.178018738004414445e+03 3.125869758547607180e+00
7.188022467677415989e+03 3.239072084069304136e+00
7.198026197350416624e+03 3.798311665340365906e+00
7.208029927023419077e+03 5.160072144201193645e+00
7.218033656696419712e+03 6.397352579288819285e+00
7.228037386369422165e+03 6.881667474872078749e+00
7.238041116042422800e+03 9.341840647680228926e+00
7.248044845715424344e+03 1.339875284351748341e+01
7.258048575388425888e+03 1.503815913429771811e+01
7.268052305061427433e+03 1.932045514565455591e+01
7.278056034734428977e+03 2.379010594816912416e+01
7.288059764407429611e+03 2.526221899330777632e+01
7.298063494080432065e+03 2.538344804692678736e+01
7.308067223753432700e+03 2.282107176125600390e+01
7.318070953426435153e+03 2.077920906521637434e+01
7.328074683099435788e+03 1.897141414379398228e+01
7.338078412772437332e+03 1.580400555745250379e+01
7.348082142445438876e+03 1.251112352039508480e+01
7.358085872118439511e+03 1.012811608900785565e+01
7.368089601791441964e+03 8.335844689527803553e+00
7.378093331464442599e+03 6.939675407358384618e+00
7.388097061137445053e+03 5.744165536409858497e+00
7.398100790810445687e+03 4.613835468601482859e+00
7.408104520483448141e+03 3.688338879415869354e+00
7.418108250156448776e+03 3.241877535605287353e+00
7.428111979829450320e+03 2.764753675517775733e+00
7.438115709502451864e+03 2.355962674624237252e+00
7.448119439175452499e+03 2.184800064984638190e+00
7.458123168848454952e+03 1.792311487406237358e+00
7.468126898521455587e+03 1.425325512202378020e+00
7.478130628194458041e+03 1.280202296334873147e+00
7.488134357867458675e+03 1.073178399359437041e+00
7.498138087540460219e+03 9.617670195224683471e-01
7.508141817213461763e+03 8.564572682047536523e-01
7.518145546886463308e+03 7.414917772278776242e-01
7.528149276559464852e+03 7.581987721138538916e-01
7.538153006232465486e+03 7.064997649229941556e-01
7.548156735905467940e+03 6.337123986680962551e-01
7.558160465578468575e+03 6.038544541026651391e-01
7.568164195251471028e+03 6.721510935036811851e-01
7.678205221654486195e+03 1.030732845971989775e+00
7.688208951327487739e+03 1.202675763578290535e+00
7.698212681000488374e+03 1.158958121831427324e+00
7.708216410673490827e+03 1.191674441028374831e+00
7.718220140346491462e+03 1.285591309218921952e+00
7.728223870019493916e+03 1.558617866766722315e+00
7.738227599692494550e+03 1.408304846876429428e+00
7.748231329365496094e+03 1.310832285127836450e+00
7.758235059038497639e+03 1.362436698878839225e+00
7.768238788711499183e+03 1.322591410142034185e+00
7.778242518384500727e+03 1.386320135848839064e+00
7.788246248057501361e+03 1.394004534155440567e+00
7.798249977730503815e+03 1.367849623859208386e+00
7.808253707403504450e+03 1.247597449704597627e+00
7.818257437076506903e+03 8.999751736176435646e-01
7.828261166749507538e+03 9.325833609084346332e-01
7.838264896422509082e+03 8.017790951311103420e-01
7.848268626095510626e+03 7.382166991531249334e-01
7.858272355768512170e+03 6.316592990450282663e-01
7.868276085441513715e+03 5.833869304217776941e-01
7.878279815114514349e+03 5.258822069036330760e-01
7.888283544787516803e+03 6.054449601564695360e-01
7.898287274460517438e+03 5.263296795884587764e-01
7.908291004133519891e+03 7.520588139107916570e-01
7.918294733806520526e+03 6.621291119574899131e-01
7.928298463479522070e+03 7.198182751009318814e-01
7.938302193152523614e+03 8.207846402759174653e-01
7.948305922825524249e+03 8.159681111096653838e-01
7.958309652498526702e+03 8.535341902537811887e-01
7.968313382171527337e+03 9.295236675248061964e-01
7.978317111844529791e+03 8.319827101477661468e-01
7.988320841517530425e+03 7.877212440338440258e-01
7.998324571190531969e+03 9.442950133784662192e-01
8.008328300863533514e+03 9.191925869688217787e-01
8.018332030536535058e+03 8.218663109859554172e-01
8.028335760209536602e+03 8.368066239319995603e-01
8.038339489882537237e+03 7.990311381208398123e-01
8.048343219555539690e+03 7.990415117508612441e-01
8.058346949228540325e+03 7.288164321112727828e-01
8.068350678901542778e+03 7.702638313015669480e-01
8.078354408574543413e+03 7.222166935267493315e-01
8.088358138247544957e+03 7.581418050608544901e-01
8.098361867920546501e+03 6.883267475434715621e-01
8.108365597593548046e+03 7.762409762605629870e-01
8.118369327266549590e+03 6.722681924459578129e-01
8.128373056939550224e+03 6.922755840969087027e-01
8.138376786612552678e+03 6.666734652038558417e-01
8.148380516285553313e+03 6.403717416691838693e-01
8.158384245958555766e+03 5.898224491683338178e-01
8.168387975631556401e+03 5.473573792905068736e-01
8.178391705304557945e+03 5.634081981215641743e-01
8.188395434977559489e+03 6.396694996639998854e-01
8.198399164650560124e+03 6.621512658114341310e-01
8.208402894323560758e+03 6.221691858177356149e-01
8.218406623996565031e+03 5.666655179483138793e-01
8.228410353669565666e+03 6.114182369822370733e-01
8.238414083342566300e+03 5.921208236029269489e-01
8.248417813015566935e+03 6.081445655013857365e-01
8.258421542688569389e+03 5.681559800108940683e-01
8.268425272361571842e+03 6.385134553014348846e-01
8.278429002034572477e+03 5.908738781094955428e-01
8.288432731707573112e+03 7.172774390426158719e-01
8.298436461380573746e+03 6.418644894468534812e-01
8.308440191053578019e+03 7.492229447816947108e-01
8.318443920726578654e+03 7.617363557754217585e-01
8.328447650399579288e+03 7.749036571089782388e-01
8.338451380072579923e+03 6.418956103369177768e-01
8.348455109745582376e+03 7.619343338670184762e-01
8.358458839418584830e+03 8.137820883629321989e-01
8.368462569091585465e+03 8.114543512806510206e-01
8.378466298764586099e+03 8.507169584938755191e-01
8.388470028437586734e+03 9.094716165174914213e-01
8.398473758110591007e+03 9.088467371768744751e-01
8.408477487783591641e+03 7.169329993610545904e-01
8.418481217456592276e+03 7.472387682597866343e-01
8.428484947129592911e+03 8.376519868666326696e-01
8.438488676802593545e+03 9.529346647682337412e-01
8.448492406475597818e+03 1.160115924436368795e+00
8.458496136148598453e+03 1.300340501218637534e+00
8.468499865821599087e+03 1.610653577372686440e+00
8.478503595494599722e+03 1.667390476445002712e+00
8.488507325167603994e+03 2.058965822933036538e+00
8.498511054840604629e+03 2.276969943549870479e+00
8.508514784513605264e+03 2.565381649364975924e+00
8.518518514186605898e+03 2.250201758312706080e+00
8.528522243859606533e+03 2.509664179222568237e+00
8.538525973532610806e+03 2.259693278133899863e+00
8.548529703205611440e+03 2.546483532829374230e+00
8.558533432878612075e+03 2.284200187850615293e+00
8.568537162551612710e+03 2.308918789949464312e+00
8.578540892224616982e+03 2.692220023637810211e+00
8.588544621897617617e+03 2.668378081187896544e+00
8.598548351570618252e+03 2.733389268884138357e+00
8.608552081243618886e+03 2.588362228874629967e+00
8.618555810916619521e+03 2.731835861744478677e+00
8.628559540589623793e+03 3.093773923085335387e+00
8.638563270262624428e+03 3.903076537345595565e+00
8.648566999935625063e+03 4.065942528683087254e+00
8.658570729608625697e+03 4.062524505503123606e+00
8.668574459281629970e+03 5.268947786882738349e+00
8.678578188954630605e+03 4.420991444744243992e+00
8.688581918627631239e+03 4.462558052767667149e+00
8.698585648300631874e+03 3.488786457595237422e+00
8.708589377973632509e+03 3.525317635276531192e+00
8.718593107646636781e+03 2.829348863067731923e+00
8.728596837319637416e+03 2.640194335013392291e+00
8.738600566992638051e+03 2.617407162165155565e+00
8.748604296665638685e+03 2.265340049350347051e+00
8.758608026338642958e+03 3.012020399831349504e+00
8.768611756011643593e+03 2.618546679049381432e+00
8.778615485684644227e+03 2.237583907721813592e+00
8.788619215357644862e+03 2.464906888758466419e+00
8.798622945030645496e+03 2.273237898281458946e+00
8.808626674703649769e+03 2.362557841778581746e+00
8.818630404376650404e+03 2.304792898388711375e+00
8.828634134049651038e+03 1.835971282978912544e+00
8.838637863722651673e+03 1.630674155841461248e+00
8.848641593395654127e+03 1.230111553445820904e+00
8.858645323068656580e+03 1.269100402321020393e+00
8.868649052741657215e+03 9.768849149485413497e-01
8.878652782414657850e+03 9.341042405641284407e-01
8.888656512087658484e+03 9.537531265945059511e-01
8.898660241760662757e+03 6.717602362233796587e-01
8.908663971433663392e+03 9.185845867550195276e-01
8.918667701106664026e+03 6.025806075008729445e-01
8.928671430779664661e+03 7.874072219453968069e-01
8.938675160452667114e+03 5.746110152478295374e-01
8.948678890125669568e+03 8.826373213669701512e-01
8.958682619798670203e+03 7.782733286235881121e-01
8.968686349471670837e+03 6.509623387999432520e-01
8.978690079144671472e+03 7.661018957720951983e-01
8.988693808817675745e+03 9.382614288391837309e-01
8.998697538490676379e+03 7.496058899713019530e-01
9.008701268163677014e+03 9.364258237980919164e-01
9.018704997836677649e+03 8.387464927460194231e-01
9.028708727509678283e+03 1.108633708530535111e+00
9.038712457182682556e+03 8.606926982655641600e-01
9.048716186855683191e+03 7.584145084534534842e-01
9.058719916528683825e+03 6.777551394303786836e-01
9.068723646201684460e+03 7.567299364325050792e-01
9.078727375874688732e+03 7.734887994685887280e-01
9.088731105547689367e+03 7.077797653731042749e-01
9.098734835220690002e+03 4.954269874028966458e-01
9.108738564893690636e+03 6.196960420909158884e-01
9.118742294566691271e+03 7.166300541995794804e-01
9.128746024239695544e+03 5.866994590591504410e-01
9.138749753912696178e+03 7.184459669260543357e-01
9.148753483585696813e+03 5.836014359917137684e-01
9.158757213258697448e+03 6.839415152321811631e-01
9.168760942931701720e+03 7.857272213546273587e-01
9.178764672604702355e+03 7.625486637533761547e-01
9.188768402277702990e+03 1.144992402634690931e+00
9.198772131950703624e+03 1.320369343426582187e+00
9.208775861623704259e+03 1.349629309759757367e+00
9.218779591296708531e+03 1.680926832853391506e+00
9.228783320969709166e+03 1.679192854221662756e+00
9.238787050642709801e+03 1.534545418741246170e+00
9.248790780315710435e+03 1.880395034864188242e+00
9.258794509988714708e+03 1.556582877040132651e+00
9.268798239661715343e+03 1.472347594671681748e+00
9.278801969334715977e+03 1.519085545172939034e+00
9.288805699007716612e+03 1.171636280135834651e+00
9.298809428680717247e+03 1.333614007424705816e+00
9.308813158353721519e+03 1.097917924542566981e+00
9.318816888026722154e+03 1.113485402544317271e+00
9.328820617699722789e+03 8.273087744382504605e-01
9.338824347372723423e+03 8.213924646654819917e-01
9.348828077045727696e+03 8.396799436237163405e-01
9.358831806718728330e+03 6.575851103595992120e-01
9.368835536391728965e+03 4.344284604583596998e-01
9.378839266064729600e+03 1.066746924570347144e+00
9.388842995737730234e+03 1.059502438506352062e+00
9.398846725410734507e+03 7.978035332935501378e-01
9.408850455083735142e+03 9.997063735231205284e-01
9.418854184756735776e+03 4.872492262854422607e-01
9.428857914429736411e+03 6.598606276432976703e-01
9.438861644102738865e+03 5.932970877528220832e-01
9.448865373775741318e+03 4.998169669686037264e-01
9.458869103448741953e+03 4.439667671091928058e-01
9.468872833121742588e+03 1.425358567159056358e-02
9.478876562794743222e+03 -3.999351067903671869e-02
9.488880292467747495e+03 -1.084132952662137245e-01
9.498884022140748129e+03 3.316102089178756263e-01
9.508887751813748764e+03 5.180253250198945114e-01
9.518891481486749399e+03 3.577720466890713102e-01
9.528895211159750033e+03 4.403069680200326630e-01
9.538898940832754306e+03 1.885246025581019946e-01
9.548902670505754941e+03 3.035798166434519607e-01
9.558906400178755575e+03 6.050511138641280207e-01
9.568910129851756210e+03 4.288831398270381290e-01
9.578913859524760483e+03 3.399736931775624305e-01
9.588917589197761117e+03 4.271779963702844185e-01
9.598921318870761752e+03 2.587424558215229431e-01
9.608925048543762387e+03 4.362422105467114175e-01
9.618928778216763021e+03 4.507720266451082369e-01
9.628932507889767294e+03 3.640869851734453433e-01
9.638936237562767928e+03 3.669279532054340875e-01
9.648939967235768563e+03 3.585153436537472094e-01
9.658943696908769198e+03 5.993929140722334958e-01
9.668947426581773470e+03 3.392022291700146353e-01
9.678951156254774105e+03 3.426597600561793744e-01
9.688954885927774740e+03 3.509732926499490868e-01
9.698958615600775374e+03 4.353211201129213448e-01
9.708962345273776009e+03 2.955371588702097596e-01
9.718966074946780282e+03 2.282951132466332356e-01
9.728969804619780916e+03 4.074023410645595256e-01
9.738973534292781551e+03 4.511324663322958672e-01
9.748977263965782186e+03 4.941287012320707550e-01
9.758980993638786458e+03 6.018340577878005249e-01
9.768984723311787093e+03 6.876793627004351706e-01
9.778988452984787727e+03 8.062075802048632722e-01
9.788992182657788362e+03 1.029684406042868039e+00
9.798995912330788997e+03 9.624682065822264265e-01
9.808999642003793269e+03 7.383557761251080542e-01
9.819003371676793904e+03 1.008464706273303202e+00
9.829007101349794539e+03 9.890232928433557724e-01
9.839010831022795173e+03 1.087880470463461924e+00
9.849014560695799446e+03 9.979497135647343864e-01
9.859018290368800081e+03 1.156362076962488716e+00
9.869022020041800715e+03 1.039674739226281952e+00
9.879025749714801350e+03 1.099963463723415913e+00
9.889029479387801985e+03 1.154685768680709712e+00
9.899033209060806257e+03 1.281071043893114325e+00
9.909036938733806892e+03 1.257122903603658415e+00
9.919040668406807526e+03 1.125427736414148949e+00
9.929044398079808161e+03 1.292201421433466946e+00
9.939048127752810615e+03 9.257202376159077151e-01
9.949051857425813068e+03 1.157612363116435450e+00
9.959055587098813703e+03 1.007374595999857902e+00
9.969059316771814338e+03 1.127648572359937429e+00
9.979063046444814972e+03 9.274093810670350768e-01
9.989066776117819245e+03 9.151250690549692646e-01
9.999070505790819880e+03 8.148132975167640124e-01
1.000907423546382051e+04 5.606644608929971518e-01
1.001907796513682115e+04 7.592837834844072820e-01
1.002908169480982360e+04 9.342139548884236255e-01
1.003908542448282606e+04 1.147974557529514827e+00
1.004908915415582669e+04 1.093878186858263435e+00
1.005909288382882733e+04 9.948629432485075474e-01
1.006909661350182796e+04 9.350107903334646808e-01
1.007910034317483223e+04 1.001995429273117910e+00
1.008910407284783287e+04 1.029674208237084443e+00
1.009910780252083350e+04 8.311222263286949241e-01
1.010911153219383414e+04 8.797281335307722827e-01
1.011911526186683477e+04 1.058810745955427013e+00
1.012911899153983904e+04 1.069553255227518207e+00
1.013912272121283968e+04 1.031290032981110549e+00
1.014912645088584031e+04 8.043361070192903695e-01
1.015913018055884095e+04 6.968246845976912018e-01
1.016913391023184522e+04 9.346598451551103581e-01
1.017913763990484586e+04 9.150561459538094633e-01
1.018914136957784649e+04 7.559939361736918162e-01
1.019914509925084712e+04 8.889902027218294922e-01
1.020914882892384776e+04 7.390836884689894193e-01
1.021915255859685203e+04 8.603359508873673622e-01
1.022915628826985267e+04 5.995595954495280822e-01
1.023916001794285330e+04 4.289109200565872637e-01
1.024916374761585394e+04 7.644087083635018320e-01
1.025916747728885821e+04 5.036569683189340285e-01
1.026917120696185884e+04 4.952019323787015259e-01
1.027917493663485948e+04 5.554917118212612248e-01
1.028917866630786011e+04 4.335324601432827274e-01
1.029918239598086075e+04 5.435347845397044964e-01
1.030918612565386502e+04 6.395539831398622255e-01
1.031918985532686565e+04 5.376561011537938084e-01
1.032919358499986629e+04 3.567897870030020124e-01
1.033919731467286692e+04 3.463356294806609337e-01
