3.132009972107945487e+03 1.526628762378692938e+00
3.152014059758515032e+03 9.467375433560776266e-01
3.172018147409085032e+03 6.197699055735524792e-02
3.192022235059655031e+03 6.144478520127165666e-01
3.212026322710224576e+03 9.735776918716209094e-01
3.232030410360794122e+03 9.064018353193766808e-01
3.252034498011364121e+03 9.986248256372614041e-01
3.272038585661934121e+03 1.082467992741358964e+00
3.292042673312504121e+03 9.428087477419494489e-01
3.312046760963073666e+03 1.001534090706709179e+00
3.332050848613643211e+03 1.076974967113906612e+00
3.352054936264213211e+03 1.049269272511116569e+00
3.372059023914783211e+03 1.123613626144916999e+00
3.392063111565352756e+03 1.167475085068192753e+00
3.412067199215922301e+03 1.222671115228323169e+00
3.432071286866492301e+03 1.142281912662317156e+00
3.452075374517062301e+03 1.166605155081802181e+00
3.472079462167632300e+03 1.345846625452534751e+00
3.492083549818201845e+03 1.316059674731123064e+00
3.512087637468771391e+03 1.236621230291975904e+00
3.532091725119341390e+03 1.320409324663076811e+00
3.552095812769911390e+03 1.403881778295808624e+00
3.572099900420481390e+03 1.515507358237716318e+00
3.592103988071050935e+03 1.684279803458841762e+00
3.612108075721620480e+03 1.748709969178449120e+00
3.632112163372190480e+03 1.869325830289948254e+00
3.652116251022760480e+03 2.051771656941260069e+00
3.672120338673330480e+03 1.866696586778324729e+00
3.692124426323899570e+03 1.856766781223431195e+00
3.712128513974469570e+03 1.940502268804803920e+00
3.732132601625039570e+03 1.833055092734536817e+00
3.752136689275609569e+03 1.708615375594669139e+00
3.772140776926179115e+03 1.560014894297341748e+00
3.792144864576748660e+03 1.707190060385470831e+00
3.812148952227318659e+03 2.086331029868327303e+00
3.832153039877888659e+03 1.945054400078471746e+00
3.852157127528458659e+03 1.522994783981999722e+00
3.872161215179028204e+03 1.625687347436884700e+00
3.892165302829597749e+03 1.784435459277823988e+00
3.912169390480167749e+03 2.211465047035128251e+00
3.932173478130737749e+03 2.326652271037852326e+00
3.952177565781307749e+03 2.411785126471380103e+00
3.972181653431876839e+03 2.198789002660204606e+00
3.992185741082446839e+03 2.311330817523212122e+00
4.012189828733016839e+03 2.178991588119524092e+00
4.032193916383586838e+03 1.894351318553565422e+00
4.052198004034156384e+03 1.765944720675756363e+00
4.072202091684725929e+03 1.880825893719489272e+00
4.092206179335295928e+03 1.999002114957343590e+00
4.112210266985865928e+03 2.108602059501019088e+00
4.132214354636435019e+03 2.215793051465058117e+00
4.152218442287005018e+03 2.077799414146678458e+00
4.172222529937575018e+03 2.012100657612271082e+00
4.192226617588145018e+03 1.988735023162057081e+00
4.212230705238715018e+03 2.185899243202011011e+00
4.232234792889285018e+03 2.286733307413529648e+00
4.252238880539855018e+03 2.102929568002358529e+00
4.272242968190424108e+03 1.921007617298756687e+00
4.292247055840994108e+03 1.800016384823050819e+00
4.312251143491563198e+03 1.755145533121864831e+00
4.332255231142133198e+03 1.626647969336817434e+00
4.352259318792703198e+03 1.489795241770667911e+00
4.372263406443273198e+03 1.500292488271014912e+00
4.392267494093843197e+03 1.615644930472729612e+00
4.412271581744413197e+03 1.683891828384596279e+00
4.432275669394983197e+03 1.693158843187653639e+00
4.452279757045552287e+03 1.714878323509289482e+00
4.472283844696122287e+03 1.746781601542474860e+00
4.492287932346692287e+03 1.722042710685397937e+00
4.512292019997261377e+03 1.887229126406717805e+00
4.532296107647831377e+03 2.010653422907352716e+00
4.552300195298401377e+03 2.077332528887840368e+00
4.572304282948971377e+03 2.067430396696293471e+00
4.592308370599541377e+03 2.119842650899973258e+00
4.612312458250111376e+03 2.185788001761231669e+00
4.632316545900681376e+03 2.207235132348545292e+00
4.652320633551250467e+03 2.239723660917456893e+00
4.672324721201820466e+03 2.131363811844145140e+00
4.692328808852389557e+03 1.970643767369488097e+00
4.712332896502959557e+03 1.816140913862135831e+00
4.732336984153529556e+03 1.619438099207089810e+00
4.752341071804099556e+03 1.556958494612872945e+00
4.772345159454669556e+03 1.562963614459085715e+00
4.792349247105239556e+03 1.585799893087659784e+00
4.812353334755809556e+03 1.507246448288210861e+00
4.832357422406378646e+03 1.450703739109777901e+00
4.852361510056948646e+03 1.491678674440415575e+00
4.872365597707517736e+03 1.517194611420769723e+00
4.892369685358087736e+03 1.475451671758839511e+00
4.912373773008657736e+03 1.340343188064615498e+00
4.932377860659227736e+03 1.253540341050913609e+00
4.952381948309797735e+03 1.332425866210521948e+00
4.972386035960367735e+03 1.509773766144736129e+00
4.992390123610937735e+03 1.471459857594516363e+00
5.012394211261506825e+03 1.384540015272408775e+00
5.032398298912076825e+03 1.302837834912770054e+00
5.052402386562646825e+03 1.246459247958541461e+00
5.072406474213215915e+03 1.228545540081304788e+00
5.092410561863785915e+03 1.308084540207068214e+00
5.112414649514355915e+03 1.374324434292064634e+00
5.132418737164925915e+03 1.480123264284181950e+00
5.152422824815495915e+03 1.558192288228217093e+00
5.172426912466065914e+03 1.556592439034347519e+00
5.192431000116635914e+03 1.615812066627595023e+00
5.212435087767205005e+03 1.579872313457556521e+00
5.232439175417774095e+03 1.576952088640248828e+00
5.252443263068344095e+03 1.642691944229131229e+00
5.272447350718914095e+03 1.690319172517117163e+00
5.292451438369484094e+03 1.661840267702801244e+00
5.312455526020054094e+03 1.518969542586703358e+00
5.332459613670624094e+03 1.360986147152698722e+00
5.352463701321194094e+03 1.276833093177858425e+00
5.372467788971764094e+03 1.299660056020751187e+00
5.392471876622333184e+03 1.316223522961630588e+00
5.412475964272903184e+03 1.316831514974166506e+00
5.432480051923472274e+03 1.370991574967826310e+00
5.452484139574042274e+03 1.369057727457922091e+00
5.472488227224612274e+03 1.276379907603845565e+00
5.492492314875182274e+03 1.227541353183628781e+00
5.512496402525752274e+03 1.138321607773091548e+00
5.532500490176322273e+03 1.053833459507430570e+00
5.552504577826892273e+03 1.087005328355415745e+00
5.572508665477462273e+03 1.153996239162521809e+00
5.592512753128031363e+03 1.210152891222584515e+00
5.612516840778600454e+03 1.221302242720603948e+00
5.632520928429170453e+03 1.229689189770500235e+00
5.652525016079740453e+03 1.216541876237595243e+00
5.672529103730310453e+03 1.166308967895884452e+00
5.692533191380880453e+03 1.120322961849939736e+00
5.712537279031450453e+03 1.060420267971315056e+00
5.732541366682020453e+03 1.030426726002741544e+00
5.752545454332590452e+03 1.027411151379051368e+00
5.772549541983159543e+03 1.000315366744672696e+00
5.792553629633728633e+03 1.042076937977964857e+00
5.812557717284298633e+03 1.072783959532227049e+00
5.832561804934868633e+03 1.157200869436797674e+00
5.852565892585438633e+03 1.217243300100637748e+00
5.872569980236008632e+03 1.262889005975528667e+00
5.892574067886578632e+03 1.235009325375460376e+00
5.912578155537148632e+03 1.324758974595030558e+00
5.932582243187718632e+03 1.291880279002301402e+00
5.952586330838287722e+03 1.227818908798184117e+00
5.972590418488857722e+03 1.206580561407604169e+00
5.992594506139426812e+03 1.167501936450449973e+00
6.012598593789996812e+03 1.084056608193671778e+00
6.032602681440566812e+03 1.045533094465628698e+00
6.052606769091136812e+03 1.060621379344546700e+00
6.072610856741706812e+03 1.064464140937973591e+00
6.092614944392276811e+03 1.053258072744778673e+00
6.112619032042846811e+03 1.017688211065016279e+00
6.132623119693416811e+03 9.128110958679285236e-01
6.152627207343985901e+03 7.860525700745728539e-01
6.172631294994554992e+03 6.898169420714307387e-01
6.192635382645124992e+03 5.982027657471712390e-01
6.212639470295694991e+03 6.006347337973142464e-01
6.232643557946264991e+03 6.323116930371899258e-01
6.252647645596834991e+03 7.464530831003702849e-01
6.272651733247404991e+03 8.954442794089079172e-01
6.292655820897974991e+03 9.770034350589731353e-01
6.312659908548544990e+03 9.996846332553271930e-01
6.332663996199114081e+03 1.005654955902084646e+00
6.352668083849683171e+03 1.010197223402678368e+00
6.372672171500253171e+03 9.853618867644331480e-01
6.392676259150823171e+03 9.621466748535983937e-01
6.412680346801393171e+03 9.352610433844359417e-01
6.432684434451963170e+03 9.030026695205850551e-01
6.452688522102533170e+03 9.063393647565743949e-01
6.472692609753103170e+03 9.414705625282384638e-01
6.492696697403673170e+03 9.665790708818952082e-01
6.512700785054242260e+03 9.825846866566988469e-01
6.532704872704812260e+03 9.721953936727730783e-01
6.552708960355381350e+03 9.652101983741763203e-01
6.572713048005951350e+03 9.384344383773106646e-01
6.592717135656521350e+03 9.052696933654345024e-01
6.612721223307091350e+03 8.773311041206186545e-01
6.632725310957661350e+03 8.374896807124054821e-01
6.652729398608231349e+03 8.073520180594724316e-01
6.672733486258801349e+03 7.770905102557210675e-01
6.692737573909371349e+03 7.325610547003754691e-01
6.712741661559940439e+03 6.917612013418019679e-01
6.732745749210509530e+03 6.966941838536062637e-01
6.752749836861079530e+03 6.994472725160485460e-01
6.772753924511649529e+03 6.977654992069253215e-01
6.792758012162219529e+03 6.949765173702414645e-01
6.812762099812789529e+03 6.856188106536420523e-01
6.832766187463359529e+03 6.570040049658617543e-01
6.852770275113929529e+03 6.200855463119214761e-01
6.872774362764499529e+03 6.051361762371295638e-01
6.892778450415068619e+03 5.972985865487178136e-01
6.912782538065637709e+03 5.924023191922446197e-01
6.932786625716207709e+03 5.997311025862539502e-01
6.952790713366777709e+03 6.010196949408982414e-01
6.972794801017347709e+03 5.804989370414543881e-01
6.992798888667917709e+03 5.779513436513878943e-01
7.012802976318487708e+03 5.723481725579421253e-01
7.032807063969057708e+03 5.946726309614520645e-01
7.052811151619627708e+03 5.648300595196507068e-01
7.072815239270196798e+03 5.513043606918779371e-01
7.092819326920765889e+03 5.269343749477699568e-01
7.112823414571335888e+03 5.345583591503894061e-01
7.132827502221905888e+03 5.372493882405739996e-01
7.152831589872475888e+03 5.374879545521175084e-01
7.172835677523045888e+03 5.416847160014236495e-01
7.192839765173615888e+03 5.447986543621576860e-01
7.212843852824185888e+03 5.567957423571512354e-01
7.232847940474755887e+03 5.516939797283024749e-01
7.252852028125325887e+03 5.410151850046537314e-01
7.272856115775894978e+03 5.254528910307889600e-01
7.292860203426464068e+03 5.343388354007527763e-01
7.312864291077034068e+03 5.239669136171852815e-01
7.332868378727604068e+03 5.270044625353349499e-01
7.352872466378174067e+03 5.012830850813446704e-01
7.372876554028744067e+03 4.860932855378729545e-01
7.392880641679314067e+03 4.647473408226770464e-01
7.412884729329884067e+03 4.675949573104121182e-01
7.432888816980454067e+03 4.487287925453986581e-01
7.452892904631023157e+03 3.672219696913652798e-01
7.472896992281592247e+03 3.776309902214389780e-01
7.492901079932162247e+03 3.648065508604909080e-01
7.512905167582732247e+03 3.452969940973538154e-01
7.532909255233302247e+03 3.252735621564290525e-01
7.552913342883872247e+03 3.152809298469279042e-01
7.572917430534442246e+03 3.170918089858424938e-01
7.592921518185012246e+03 3.198586521318490528e-01
7.612925605835582246e+03 3.110811818663299921e-01
7.632929693486151336e+03 3.375053805512150951e-01
7.652933781136720427e+03 3.445213179425594130e-01
7.672937868787290427e+03 3.615786311220123839e-01
7.692941956437860426e+03 3.634111557629505218e-01
7.712946044088430426e+03 3.812861209315018263e-01
7.732950131739000426e+03 3.715288766066647819e-01
7.752954219389570426e+03 3.726375647001864966e-01
7.772958307040140426e+03 3.835852568375812122e-01
7.792962394690710425e+03 3.723680097015688029e-01
7.812966482341280425e+03 4.108945921590128059e-01
7.832970569991849516e+03 4.233564830607506879e-01
7.852974657642418606e+03 4.425413024947948415e-01
7.872978745292988606e+03 4.550457172182296728e-01
7.892982832943558606e+03 4.586678590872338424e-01
7.912986920594128605e+03 4.472579943825812365e-01
7.932991008244698605e+03 4.548765261106402780e-01
7.952995095895268605e+03 4.426887111035123223e-01
7.972999183545838605e+03 4.359830441740857876e-01
7.993003271196408605e+03 4.313081637243854072e-01
8.013007358846977695e+03 4.080274125213475545e-01
8.033011446497546785e+03 3.975646892267596377e-01
8.053015534148116785e+03 4.035483279671667756e-01
8.073019621798686785e+03 3.890474307748075788e-01
8.093023709449256785e+03 3.766381466627978791e-01
8.113027797099826785e+03 3.868626872370173886e-01
8.133031884750396785e+03 3.638422026462859171e-01
8.153035972400966784e+03 3.574942070882716760e-01
8.173040060051536784e+03 3.681525618821613888e-01
8.193044147702104965e+03 3.450064785809537904e-01
8.213048235352674965e+03 3.628600448418083935e-01
8.233052323003244965e+03 3.475283439629187621e-01
8.253056410653814964e+03 3.346295427127403688e-01
8.273060498304384964e+03 3.268968104119796547e-01
8.293064585954954964e+03 3.054800657256079299e-01
8.313068673605524964e+03 3.243879323312287566e-01
8.333072761256094964e+03 2.874430058862065818e-01
8.353076848906664964e+03 2.939479998323158427e-01
8.373080936557234963e+03 3.021761949344593523e-01
8.393085024207803144e+03 2.965120876429116481e-01
8.413089111858373144e+03 3.295611525161251665e-01
8.433093199508943144e+03 3.427815401678869223e-01
8.453097287159513144e+03 3.716513517890007168e-01
8.473101374810083144e+03 3.599668906017148284e-01
8.493105462460653143e+03 3.655410183633314714e-01
8.513109550111223143e+03 4.068045786538634356e-01
8.533113637761793143e+03 4.102956967372008434e-01
8.553117725412363143e+03 4.421547521877711717e-01
8.573121813062931324e+03 4.286718511753918603e-01
8.593125900713501323e+03 4.303805854642507867e-01
8.613129988364071323e+03 4.537192589347289751e-01
8.633134076014641323e+03 4.630175090191875342e-01
8.653138163665211323e+03 4.428220912349690730e-01
8.673142251315781323e+03 4.828496659605849284e-01
8.693146338966351323e+03 4.705130449768872292e-01
8.713150426616921322e+03 4.425116563768333733e-01
8.733154514267491322e+03 4.938229491092328005e-01
8.753158601918061322e+03 4.471861806347283141e-01
8.773162689568629503e+03 4.755393497417198523e-01
8.793166777219199503e+03 4.839236116533903176e-01
8.813170864869769503e+03 4.418831148370600537e-01
8.833174952520339502e+03 4.431598158652762520e-01
8.853179040170909502e+03 4.375239847232074708e-01
8.873183127821479502e+03 3.898663431349098651e-01
8.893187215472049502e+03 3.368434117804686156e-01
8.913191303122619502e+03 3.015361456594329304e-01
