3.132721551830770295e+03 3.515104769046422550e+00
3.152740708946372706e+03 4.715197580394653976e+00
3.172759866061975117e+03 3.058711911074184275e+00
3.192779023177577074e+03 3.108525960878309569e+00
3.212798180293179030e+03 3.025686870469219247e+00
3.232817337408781441e+03 2.891480787594401747e+00
3.252836494524383852e+03 2.872696215317564139e+00
3.272855651639985808e+03 2.459688097500345894e+00
3.292874808755588219e+03 2.132305395384084257e+00
3.312893965871190630e+03 2.238799470522770285e+00
3.332913122986792587e+03 2.186289207385925248e+00
3.352932280102394543e+03 2.369658707901687311e+00
3.372951437217996954e+03 2.539497123661991207e+00
3.392970594333599365e+03 2.608021909512110881e+00
3.412989751449201322e+03 2.529235475450743564e+00
3.433008908564803733e+03 2.453997150159670682e+00
3.453028065680405689e+03 2.448531681201354893e+00
3.473047222796008100e+03 2.703427053078920839e+00
3.493066379911610056e+03 2.613744217402445003e+00
3.513085537027212467e+03 2.532794699352562962e+00
3.533104694142814878e+03 2.631782884960174762e+00
3.553123851258416835e+03 2.825187761366859007e+00
3.573143008374018791e+03 3.020484194977667070e+00
3.593162165489621202e+03 3.321768171304818829e+00
3.613181322605223613e+03 3.365975431192671508e+00
3.633200479720825570e+03 3.246228943524612109e+00
3.653219636836427981e+03 3.545372860064265552e+00
3.673238793952030392e+03 3.395780259407320756e+00
3.693257951067632348e+03 3.171545580871811154e+00
3.713277108183234304e+03 3.283035907630874828e+00
3.733296265298836715e+03 3.016491083977398624e+00
3.753315422414439126e+03 2.814179017529554905e+00
3.773334579530041083e+03 2.667702226420389344e+00
3.793353736645643494e+03 2.781076567972899483e+00
3.813372893761245905e+03 3.393964920247938721e+00
3.833392050876847861e+03 3.093840490320208580e+00
3.853411207992449818e+03 2.505158512692189809e+00
3.873430365108052229e+03 2.635089636588789919e+00
3.893449522223654640e+03 2.965848162936712828e+00
3.913468679339256596e+03 3.737653520311017274e+00
3.933487836454859007e+03 3.798593816771423715e+00
3.953506993570460963e+03 3.973684926115140126e+00
3.973526150686063374e+03 3.647358955431696081e+00
3.993545307801665331e+03 3.767365854752621424e+00
4.013564464917267742e+03 3.511690835792390608e+00
4.033583622032870153e+03 3.149646786923127273e+00
4.053602779148472109e+03 3.005603812648900419e+00
4.073621936264074520e+03 3.152105215835012686e+00
4.093641093379676477e+03 3.348252353976447271e+00
4.113660250495278888e+03 3.498702804605713812e+00
4.133679407610881753e+03 3.591202929154731383e+00
4.153698564726482800e+03 3.391904651226028466e+00
4.173717721842085666e+03 3.193612292700315436e+00
4.193736878957688532e+03 3.189448882006328478e+00
4.213756036073289579e+03 3.412782043981384295e+00
4.233775193188892445e+03 3.655097468786825399e+00
4.253794350304493491e+03 3.328629383207458048e+00
4.273813507420096357e+03 3.001411026250169645e+00
4.293832664535699223e+03 2.886262630312511401e+00
4.313851821651300270e+03 2.750189999279501141e+00
4.333870978766903136e+03 2.496751503569643926e+00
4.353890135882506002e+03 2.305970592140768272e+00
4.373909292998107048e+03 2.310909680227589913e+00
4.393928450113709914e+03 2.518539146203080392e+00
4.413947607229312780e+03 2.561898083374204216e+00
4.433966764344913827e+03 2.634599776863734810e+00
4.453985921460516693e+03 2.680730748443335365e+00
4.474005078576117739e+03 2.654485938068471551e+00
4.494024235691720605e+03 2.674337959940668696e+00
4.514043392807323471e+03 2.868297798985624425e+00
4.534062549922924518e+03 3.109541407536892343e+00
4.554081707038527384e+03 3.138659876379888747e+00
4.574100864154130250e+03 3.089248750093535278e+00
4.594120021269731296e+03 3.146169735600793160e+00
4.614139178385334162e+03 3.217204953299576342e+00
4.634158335500937028e+03 3.306707168088775184e+00
4.654177492616538075e+03 3.339796517668989662e+00
4.674196649732140941e+03 3.197645497567869644e+00
4.694215806847743806e+03 2.925261260174066624e+00
4.714234963963344853e+03 2.668417564527803876e+00
4.734254121078947719e+03 2.381391523164033241e+00
4.754273278194548766e+03 2.375250412996605665e+00
4.774292435310151632e+03 2.383982936685232978e+00
4.794311592425754498e+03 2.409367515273877824e+00
4.814330749541355544e+03 2.264973223449672002e+00
4.834349906656958410e+03 2.179403780375321897e+00
4.854369063772561276e+03 2.238960639929879370e+00
4.874388220888162323e+03 2.279503876104392202e+00
4.894407378003765189e+03 2.181277077006226417e+00
4.914426535119368054e+03 2.003482608888095484e+00
4.934445692234969101e+03 1.859238371339474449e+00
4.954464849350571967e+03 1.983942207667575008e+00
4.974484006466174833e+03 2.193333025020756555e+00
4.994503163581775880e+03 2.149336158693908150e+00
5.014522320697378746e+03 2.030918723181023289e+00
5.034541477812979792e+03 1.943641122572708158e+00
5.054560634928582658e+03 1.880665169167339723e+00
5.074579792044185524e+03 1.848636123740789339e+00
5.094598949159786571e+03 1.985704749952214687e+00
5.114618106275389437e+03 2.079079397170841670e+00
5.134637263390992302e+03 2.215997572137699656e+00
5.154656420506593349e+03 2.309753706549015462e+00
5.174675577622196215e+03 2.346885391283394906e+00
5.194694734737798171e+03 2.371684043653091045e+00
5.214713891853400128e+03 2.335370908961713177e+00
5.234733048969002994e+03 2.285819652624351495e+00
5.254752206084604950e+03 2.381395492853863427e+00
5.274771363200206906e+03 2.413445180667530998e+00
5.294790520315809772e+03 2.338422012565259056e+00
5.314809677431410819e+03 2.163400769762554798e+00
5.334828834547013685e+03 1.877718865375313184e+00
5.354847991662616550e+03 1.803509483688246595e+00
5.374867148778217597e+03 1.834896233300258972e+00
5.394886305893820463e+03 1.857929564602434303e+00
5.414905463009423329e+03 1.889592207657650569e+00
5.434924620125024376e+03 1.950661122068557685e+00
5.454943777240627242e+03 1.950489631467890117e+00
5.474962934356229198e+03 1.815258574678896286e+00
5.494982091471831154e+03 1.729603386304212842e+00
5.515001248587434020e+03 1.554912421695386904e+00
5.535020405703035976e+03 1.467512554640299394e+00
5.555039562818637933e+03 1.499333588319743171e+00
5.575058719934240798e+03 1.690923919505011197e+00
5.595077877049841845e+03 1.746122853563898403e+00
5.615097034165444711e+03 1.760711463690140199e+00
5.635116191281047577e+03 1.778787049363291350e+00
5.655135348396648624e+03 1.782028301109706669e+00
5.675154505512251490e+03 1.721572703777576541e+00
5.695173662627854355e+03 1.660449801584978013e+00
5.715192819743455402e+03 1.517895857966085726e+00
5.735211976859058268e+03 1.529904963640618121e+00
5.755231133974660224e+03 1.516438187860410514e+00
5.775250291090262181e+03 1.464769498967582795e+00
5.795269448205865046e+03 1.521204991408598550e+00
5.815288605321466093e+03 1.581930130680204272e+00
5.835307762437068959e+03 1.672190556226984093e+00
5.855326919552671825e+03 1.751770928254406279e+00
5.875346076668272872e+03 1.797650221498767964e+00
5.895365233783875738e+03 1.811579069175219159e+00
5.915384390899478603e+03 1.878170616077998067e+00
5.935403548015079650e+03 1.852291017167518872e+00
5.955422705130682516e+03 1.798115469146875922e+00
5.975441862246284472e+03 1.753056313821447443e+00
5.995461019361886429e+03 1.718881254072653686e+00
6.015480176477489294e+03 1.606570392425673122e+00
6.035499333593091251e+03 1.570571260199870034e+00
6.055518490708693207e+03 1.589686110670585739e+00
6.075537647824296073e+03 1.552832304224325499e+00
6.095556804939897120e+03 1.575019694623670308e+00
6.115575962055499986e+03 1.494419112309869346e+00
6.135595119171102851e+03 1.338758840747357404e+00
6.155614276286703898e+03 1.149674574751939016e+00
6.175633433402306764e+03 9.827173598704451729e-01
6.195652590517909630e+03 8.856461374818708210e-01
6.215671747633510677e+03 8.799405022888238115e-01
6.235690904749113542e+03 9.576821139868645361e-01
6.255710061864715499e+03 1.145690594038279997e+00
6.275729218980317455e+03 1.359194803993587275e+00
6.295748376095920321e+03 1.447981283706388123e+00
6.315767533211521368e+03 1.495763249286398588e+00
6.335786690327124234e+03 1.497763179022888691e+00
6.355805847442727099e+03 1.478205311167114733e+00
6.375825004558328146e+03 1.451781864749888573e+00
6.395844161673931012e+03 1.399475246701336717e+00
6.415863318789533878e+03 1.346926080604154974e+00
6.435882475905134925e+03 1.323834394861474584e+00
6.455901633020737791e+03 1.321348575089759558e+00
6.475920790136339747e+03 1.385110527081521825e+00
6.495939947251941703e+03 1.429907682878152064e+00
6.515959104367544569e+03 1.454497529562776004e+00
6.535978261483146525e+03 1.437270663575336727e+00
6.555997418598748482e+03 1.424360041340349659e+00
6.576016575714351347e+03 1.382043544718655204e+00
6.596035732829952394e+03 1.337159055745758884e+00
6.616054889945555260e+03 1.294905677192365268e+00
6.636074047061158126e+03 1.247755289264350864e+00
6.656093204176759173e+03 1.205355429156220515e+00
6.676112361292362039e+03 1.156089593517655167e+00
6.696131518407964904e+03 1.109225023257420117e+00
6.716150675523565951e+03 1.063654571881853084e+00
6.736169832639168817e+03 1.030437795258086320e+00
6.756188989754770773e+03 1.032077277157988027e+00
6.776208146870372730e+03 1.034178830954132655e+00
6.796227303985975595e+03 1.033029208779286501e+00
6.816246461101577552e+03 1.015219592324763553e+00
6.836265618217179508e+03 9.847804076752364466e-01
6.856284775332782374e+03 9.573288115919705854e-01
6.876303932448383421e+03 9.302880784061376973e-01
6.896323089563986287e+03 9.210410829155067924e-01
6.916342246679589152e+03 9.000977933089686633e-01
6.936361403795190199e+03 8.982733238629766470e-01
6.956380560910793065e+03 8.930507999222735416e-01
6.976399718026395931e+03 8.839919677295973166e-01
6.996418875141996978e+03 8.675074337404183877e-01
7.016438032257599843e+03 8.605886613352408121e-01
7.036457189373201800e+03 8.479432143809159106e-01
7.056476346488803756e+03 8.254207821598962269e-01
7.076495503604406622e+03 7.925943848340382125e-01
7.096514660720007669e+03 7.698927608140800904e-01
7.116533817835610535e+03 8.056398177356610679e-01
7.136552974951213400e+03 8.201180704846215974e-01
7.156572132066814447e+03 8.175274509013874535e-01
7.176591289182417313e+03 8.203570458124039844e-01
7.196610446298020179e+03 8.292888479305113858e-01
7.216629603413621226e+03 8.236439489918673251e-01
7.236648760529224091e+03 8.301367736782568896e-01
7.256667917644826048e+03 8.250412798121224967e-01
7.276687074760428004e+03 8.124367206630493943e-01
7.296706231876030870e+03 7.985642425821878332e-01
7.316725388991632826e+03 7.886111980583453418e-01
7.336744546107234783e+03 7.628430680383002649e-01
7.356763703222837648e+03 7.379015068347143380e-01
7.376782860338439605e+03 7.187534300601189363e-01
7.396802017454041561e+03 6.898780253254300776e-01
7.416821174569643517e+03 6.559408293912658561e-01
7.436840331685245474e+03 6.496738006624220851e-01
7.456859488800848339e+03 6.326865451531376028e-01
7.476878645916450296e+03 6.013388175921567935e-01
7.496897803032052252e+03 5.738366873573516047e-01
7.516916960147655118e+03 5.074186159001559115e-01
7.536936117263257074e+03 4.748512805326211561e-01
7.556955274378859031e+03 4.458363808972967690e-01
7.576974431494461896e+03 4.498046813361261109e-01
7.596993588610063853e+03 4.591475051392596152e-01
7.617012745725665809e+03 4.696807595286945358e-01
7.637031902841268675e+03 5.003985370105099584e-01
7.657051059956870631e+03 5.319098554893961772e-01
7.677070217072472587e+03 5.565087530668334503e-01
7.697089374188074544e+03 5.615447809793104872e-01
7.717108531303676500e+03 5.763645064474709478e-01
7.737127688419279366e+03 5.739269581040919999e-01
7.757146845534881322e+03 5.707520795716386486e-01
7.777166002650483279e+03 5.732679895922671021e-01
7.797185159766086144e+03 5.851534791254852097e-01
7.817204316881688101e+03 6.269899608529038160e-01
7.837223473997290057e+03 6.527792890166422834e-01
7.857242631112892923e+03 6.859684365991903787e-01
7.877261788228494879e+03 7.032823975815061246e-01
7.897280945344096835e+03 7.098492172863318794e-01
7.917300102459699701e+03 7.181081172813100766e-01
7.937319259575301658e+03 6.983420391939385574e-01
7.957338416690903614e+03 6.868392277603584395e-01
7.977357573806505570e+03 6.688952770019790384e-01
7.997376730922107527e+03 6.522478269421657648e-01
8.017395888037710392e+03 6.405127886535149084e-01
8.037415045153312349e+03 6.341309564947796851e-01
8.057434202268914305e+03 6.163949380897097985e-01
8.077453359384517171e+03 6.195440930320629258e-01
8.097472516500119127e+03 6.132593991834744962e-01
8.117491673615721083e+03 5.832957436787155059e-01
8.137510830731323949e+03 5.546045722490495766e-01
8.157529987846925906e+03 5.646697208136990387e-01
8.177549144962527862e+03 5.533430842147862849e-01
8.197568302078128909e+03 5.682300959255698336e-01
8.217587459193731775e+03 5.650739146322171225e-01
8.237606616309334640e+03 5.544351458870936389e-01
8.257625773424937506e+03 5.426997106294597639e-01
8.277644930540538553e+03 5.210136920556780460e-01
8.297664087656141419e+03 5.046117276149686415e-01
8.317683244771742466e+03 5.066635015006419884e-01
8.337702401887345331e+03 4.874340063876279050e-01
8.357721559002948197e+03 4.759773227498755865e-01
8.377740716118551063e+03 4.747004323190708863e-01
8.397759873234152110e+03 4.832773441663522629e-01
8.417779030349754976e+03 5.141470813748703073e-01
8.437798187465356023e+03 5.470689894380447171e-01
8.457817344580958888e+03 5.502139365091778256e-01
8.477836501696561754e+03 5.734778273966952833e-01
8.497855658812162801e+03 5.903891030426282605e-01
8.517874815927765667e+03 6.139746975939908147e-01
8.537893973043366714e+03 6.616462264029230322e-01
8.557913130158969579e+03 6.733435923350846730e-01
8.577932287274572445e+03 6.712832836162762051e-01
8.597951444390175311e+03 6.626221349507966929e-01
8.617970601505776358e+03 6.687516536239198617e-01
8.637989758621379224e+03 6.833597152303302336e-01
8.658008915736980271e+03 6.926499406432128358e-01
8.678028072852583136e+03 6.940384190551462940e-01
8.698047229968186002e+03 6.947162832905631191e-01
8.718066387083787049e+03 6.812765807949978658e-01
8.738085544199389915e+03 6.732299004183456281e-01
8.758104701314990962e+03 6.638454345688925562e-01
8.778123858430593828e+03 6.484589167867662596e-01
8.798143015546196693e+03 6.453577950913593764e-01
8.818162172661799559e+03 5.966689141727254952e-01
8.838181329777400606e+03 5.904113333056777435e-01
8.858200486893003472e+03 5.943186196118159792e-01
8.878219644008604519e+03 5.412983307255778698e-01
8.898238801124207384e+03 4.924318458839376800e-01
8.918257958239810250e+03 4.749818436311387670e-01
8.938277115355413116e+03 4.547497239576934192e-01
8.958296272471014163e+03 4.323105758293127598e-01
8.978315429586615210e+03 4.071119375123184447e-01
8.998334586702218076e+03 3.980797816353018326e-01
9.018353743817820941e+03 4.143356614902571899e-01
9.038372900933423807e+03 4.034826088880958395e-01
9.058392058049024854e+03 3.970662404278372248e-01
9.078411215164627720e+03 4.193733566724630046e-01
9.098430372280228767e+03 4.416315663383799106e-01
9.118449529395831632e+03 4.105414319504851473e-01
9.138468686511434498e+03 4.358623367142519522e-01
9.158487843627037364e+03 4.407484691387380527e-01
9.178507000742638411e+03 4.358390743318465987e-01
9.198526157858241277e+03 4.383035371722748264e-01
9.218545314973842324e+03 4.007861573739866512e-01
9.238564472089445189e+03 3.868276958114015840e-01
9.258583629205048055e+03 4.193774057560899493e-01
9.278602786320649102e+03 4.118825122658452687e-01
9.298621943436251968e+03 4.143879820022202121e-01
9.318641100551853015e+03 4.149230961913406013e-01
9.338660257667455880e+03 4.296903423599448546e-01
9.358679414783058746e+03 4.123394632622077172e-01
9.378698571898661612e+03 4.103057514652621030e-01
9.398717729014262659e+03 3.794836108378089046e-01
9.418736886129865525e+03 3.568274000695091930e-01
9.438756043245466572e+03 4.020814671656037231e-01
9.458775200361069437e+03 3.890390512282517199e-01
9.478794357476672303e+03 3.231698290869891577e-01
9.498813514592273350e+03 3.162845608639791584e-01
9.518832671707876216e+03 3.394344422595712563e-01
9.538851828823477263e+03 2.924827770044601261e-01
9.558870985939080128e+03 2.931972020832138148e-01
9.578890143054682994e+03 3.006625610811211602e-01
9.598909300170285860e+03 2.896820020416114860e-01
9.618928457285886907e+03 2.718320535384127767e-01
9.638947614401489773e+03 2.696016436103773062e-01
9.658966771517090820e+03 2.857454194245259704e-01
9.678985928632693685e+03 2.771172985784342568e-01
9.699005085748296551e+03 2.404148961023004905e-01
9.719024242863899417e+03 2.519080214926946448e-01
9.739043399979500464e+03 2.462641943703049452e-01
9.759062557095101511e+03 2.625586199135123699e-01
9.779081714210704376e+03 2.532602566364777763e-01
9.799100871326307242e+03 2.558352356417807338e-01
9.819120028441910108e+03 2.337051675635849757e-01
9.839139185557511155e+03 2.327858667926910596e-01
9.859158342673114021e+03 2.781613270037952002e-01
9.879177499788715068e+03 2.805903008171407587e-01
9.899196656904317933e+03 3.123240807141153819e-01
9.919215814019920799e+03 2.596526878670598060e-01
9.939234971135523665e+03 2.681030063056538126e-01
9.959254128251124712e+03 2.814972161557642294e-01
9.979273285366725759e+03 3.085821716863063058e-01
9.999292442482328624e+03 2.443245245254384579e-01
1.001931159959793149e+04 2.891149715462556502e-01
1.003933075671353436e+04 2.896209482120218892e-01
1.005934991382913540e+04 2.359894064857189222e-01
1.007936907094473827e+04 2.766872223822227639e-01
1.009938822806033932e+04 3.078515899699434399e-01
1.011940738517594218e+04 1.796826907827969999e-01
1.013942654229154505e+04 2.270555401288997521e-01
1.015944569940714791e+04 2.511967324689068914e-01
1.017946485652274896e+04 1.968190081452080853e-01
1.019948401363835183e+04 1.168786249470790822e-01
1.021950317075395287e+04 2.201235089596891847e-01
1.023952232786955574e+04 6.987602857144557811e-02
1.025954148498515860e+04 1.047648782486204772e-01
1.027956064210075965e+04 1.825448371504216349e-01
1.029957979921636252e+04 2.909216567818082022e-01
1.031959895633196356e+04 1.421396667882053322e-01
1.033961811344756643e+04 7.560376699746753325e-03
1.035963727056316930e+04 4.773328130393195146e-01
