3.198899854477641384e+03 6.044007185700684959e-01
3.228977983932015377e+03 5.062382154947493440e-01
3.259056113386390280e+03 5.818892129106374433e-01
3.289134242840764273e+03 5.253823098524622592e-01
3.319212372295139176e+03 5.200358947550662858e-01
3.349290501749513624e+03 5.628902364983782158e-01
3.379368631203888071e+03 5.899361717278519546e-01
3.409446760658262974e+03 6.823486293272569281e-01
3.439524890112636967e+03 6.664626015867803899e-01
3.469603019567011870e+03 7.685054910268175332e-01
3.499681149021385863e+03 7.941022717033168199e-01
3.529759278475760766e+03 8.631669392971633714e-01
3.559837407930134759e+03 9.511610616828891640e-01
3.589915537384509662e+03 1.026261285873240503e+00
3.619993666838883655e+03 9.619510871527759965e-01
3.650071796293258558e+03 1.063300785290574924e+00
3.680149925747633006e+03 1.193539754048706270e+00
3.710228055202007454e+03 1.254130883562422971e+00
3.740306184656381902e+03 1.262346584176676778e+00
3.770384314110756350e+03 9.969548855306271662e-01
3.800462443565131252e+03 8.253552774165765493e-01
3.830540573019505246e+03 9.000457965237165237e-01
3.860618702473880148e+03 1.195882565158801425e+00
3.890696831928254142e+03 1.334821860972283503e+00
3.920774961382629044e+03 1.566929577635907123e+00
3.950853090837003037e+03 1.718965936768398928e+00
3.980931220291377940e+03 1.606455656174414326e+00
4.011009349745752388e+03 1.270498837875243980e+00
4.041087479200126836e+03 1.247156447607190577e+00
4.071165608654501284e+03 1.213831292626287306e+00
4.101243738108875732e+03 1.132677287725350368e+00
4.131321867563250635e+03 1.112352675755549969e+00
4.161399997017624628e+03 1.157007829956866241e+00
4.191478126471998621e+03 1.167789080853307127e+00
4.221556255926374433e+03 1.144861795405970772e+00
4.251634385380748427e+03 1.120400309539952399e+00
4.281712514835122420e+03 1.155703118382157779e+00
4.311790644289496413e+03 1.227186868378360884e+00
4.341868773743872225e+03 1.115488573311729903e+00
4.371946903198246218e+03 9.956663731684344265e-01
4.402025032652620212e+03 9.007369629243898723e-01
4.432103162106995114e+03 9.683214274746070327e-01
4.462181291561370017e+03 1.023387950553253489e+00
4.492259421015744010e+03 1.184567415216527753e+00
4.522337550470118003e+03 1.384695186505245923e+00
4.552415679924493816e+03 1.719681401987846137e+00
4.582493809378867809e+03 1.951201897197772706e+00
4.612571938833241802e+03 2.081227576324446105e+00
4.642650068287615795e+03 1.920740627996221583e+00
4.672728197741991607e+03 1.610964436991306981e+00
4.702806327196365601e+03 1.300770441296922320e+00
4.732884456650739594e+03 1.127948467605118577e+00
4.762962586105114497e+03 1.075956420068529429e+00
4.793040715559489399e+03 1.173017376692775615e+00
4.823118845013863393e+03 1.142763322417988947e+00
4.853196974468237386e+03 1.139232569056736866e+00
4.883275103922613198e+03 1.275209433881395515e+00
4.913353233376987191e+03 1.513094194708459739e+00
4.943431362831361184e+03 1.531973026961226836e+00
4.973509492285735178e+03 1.243924029743104231e+00
5.003587621740110990e+03 1.084761367038044932e+00
5.033665751194484983e+03 9.909402529169550888e-01
5.063743880648858976e+03 9.866994340737610392e-01
5.093822010103233879e+03 9.722153131830877371e-01
5.123900139557608782e+03 1.018879844703549198e+00
5.153978269011982775e+03 1.063948753791206459e+00
5.184056398466356768e+03 1.224549771574229284e+00
5.214134527920732580e+03 1.324172903644721400e+00
5.244212657375106573e+03 1.506074535951620996e+00
5.274290786829480567e+03 1.608784292973557850e+00
5.304368916283854560e+03 1.717454010266926012e+00
5.334447045738230372e+03 1.764654465734784461e+00
5.364525175192604365e+03 1.712594246512191498e+00
5.394603304646978359e+03 1.764458725250218851e+00
5.424681434101352352e+03 1.887599739057685078e+00
5.454759563555728164e+03 2.137729079645116048e+00
5.484837693010102157e+03 2.323675790310643308e+00
5.514915822464476150e+03 2.419865364294978338e+00
5.544993951918851963e+03 2.479370471602949433e+00
5.575072081373225956e+03 2.318397546899251704e+00
5.605150210827599949e+03 2.160077243245012824e+00
5.635228340281973942e+03 1.887059765307159021e+00
5.665306469736349754e+03 1.660635272367822379e+00
5.695384599190723748e+03 1.567881281371209301e+00
5.725462728645097741e+03 1.601886128310587631e+00
5.755540858099471734e+03 1.708719934852167111e+00
5.785618987553847546e+03 1.867310225381668909e+00
5.815697117008221539e+03 1.954070507747442509e+00
5.845775246462595533e+03 2.030112311165273464e+00
5.875853375916971345e+03 1.974825748783287427e+00
5.905931505371345338e+03 1.750473405111594216e+00
5.936009634825719331e+03 1.617396874294448450e+00
5.966087764280093324e+03 1.357116027197127872e+00
5.996165893734469137e+03 1.236398820562335299e+00
6.026244023188843130e+03 1.206533547387927507e+00
6.056322152643217123e+03 1.116041371438830865e+00
6.086400282097591116e+03 1.167548792534323088e+00
6.116478411551966929e+03 1.172933005794255967e+00
6.146556541006340922e+03 1.283705245878734802e+00
6.176634670460714915e+03 1.369103444458806385e+00
6.206712799915090727e+03 1.345615936245299293e+00
6.236790929369464720e+03 1.180607382723607435e+00
6.266869058823838714e+03 1.062495549435103159e+00
6.296947188278212707e+03 1.065212967334625560e+00
6.327025317732588519e+03 1.075699257569841416e+00
6.357103447186962512e+03 1.246907384714760703e+00
6.387181576641336505e+03 1.461978929549287320e+00
6.417259706095710499e+03 1.673797132536894772e+00
6.447337835550086311e+03 1.800447975722780480e+00
6.477415965004460304e+03 1.889395151778184623e+00
6.507494094458834297e+03 1.919957666057958701e+00
6.537572223913210109e+03 1.958714282001966511e+00
6.567650353367584103e+03 2.189438315929867152e+00
6.597728482821958096e+03 1.668782126328884008e+00
6.627806612276332089e+03 1.490759530452326009e+00
6.657884741730707901e+03 1.331995773355467705e+00
6.687962871185081895e+03 1.114318180207464870e+00
6.718041000639455888e+03 9.573275619138964521e-01
6.748119130093829881e+03 8.676271224765087497e-01
6.778197259548205693e+03 8.116230699735109688e-01
6.808275389002579686e+03 7.726943373965232675e-01
6.838353518456953680e+03 7.541448891315770675e-01
6.868431647911328582e+03 7.654580141722860942e-01
6.898509777365703485e+03 7.470570586887345099e-01
6.928587906820077478e+03 7.429276094315864221e-01
6.958666036274451471e+03 7.004755481324164146e-01
6.988744165728827284e+03 6.639719726624789820e-01
7.018822295183201277e+03 6.583528708210673042e-01
7.048900424637575270e+03 6.533648633005827433e-01
7.078978554091949263e+03 6.777305038258828462e-01
7.109056683546325075e+03 6.878982095482883974e-01
7.139134813000699069e+03 7.747617618938499318e-01
7.169212942455073062e+03 8.618494033458797832e-01
7.199291071909447965e+03 9.123828467888603910e-01
7.229369201363822867e+03 9.164704480803427256e-01
7.379759848635694652e+03 1.071429415137556740e+00
7.409837978090069555e+03 1.098397054173203991e+00
7.439916107544444458e+03 1.093942945698552105e+00
7.469994236998818451e+03 1.014833416410544809e+00
7.500072366453192444e+03 9.412903415232727333e-01
7.530150495907567347e+03 9.174693995188158979e-01
7.560228625361942250e+03 9.316673343217103387e-01
7.590306754816316243e+03 9.681533606447556561e-01
7.620384884270690236e+03 1.048828813809288718e+00
7.650463013725065139e+03 1.114573317804588237e+00
7.680541143179440041e+03 1.163770326215016970e+00
7.710619272633814035e+03 1.183021065388458970e+00
7.740697402088188937e+03 1.183835750784565155e+00
7.770775531542563840e+03 1.173288713502415037e+00
7.800853660996937833e+03 1.120720918954327239e+00
7.830931790451311826e+03 1.067653648687003187e+00
7.861009919905686729e+03 9.785053324095283056e-01
7.891088049360061632e+03 9.124969162436590286e-01
7.921166178814435625e+03 8.001844010358046821e-01
7.951244308268809618e+03 7.172484827581319111e-01
7.981322437723184521e+03 6.856924167773893464e-01
8.011400567177559424e+03 6.410278130354387649e-01
8.041478696631933417e+03 6.189287123279719749e-01
8.071556826086308320e+03 6.053483725022418271e-01
8.101634955540683222e+03 5.671816778806839654e-01
8.131713084995057216e+03 5.017861319216619931e-01
8.161791214449431209e+03 3.698975433556736525e-01
8.191869343903806111e+03 2.845972150178849858e-01
8.221947473358181014e+03 2.569492090565747566e-01
8.252025602812555007e+03 3.363631485464412818e-01
8.282103732266929001e+03 3.971749923306853169e-01
8.312181861721302994e+03 3.606390184357162743e-01
8.342259991175678806e+03 3.562200082548487301e-01
8.372338120630052799e+03 5.074916295631578533e-01
8.402416250084426792e+03 6.470721442053898320e-01
8.432494379538802605e+03 7.414366069129464387e-01
8.462572508993176598e+03 7.708192785478216180e-01
8.492650638447550591e+03 8.264851724895524443e-01
8.522728767901924584e+03 8.902466228860450581e-01
8.552806897356300396e+03 9.084140397224939045e-01
8.582885026810674390e+03 9.134209463242467519e-01
8.612963156265048383e+03 9.592073455329152010e-01
8.643041285719424195e+03 9.584102092837011311e-01
8.673119415173798188e+03 1.003045114469372834e+00
8.703197544628172182e+03 9.822453255991092647e-01
8.733275674082546175e+03 9.944534571313153881e-01
8.763353803536920168e+03 9.897394862892227030e-01
8.793431932991295980e+03 9.781752734545192673e-01
8.823510062445669973e+03 9.661419584240460434e-01
8.853588191900045786e+03 9.148032791255933383e-01
8.883666321354419779e+03 8.623380795901059992e-01
8.913744450808793772e+03 8.727507984018127996e-01
8.943822580263167765e+03 8.039453182082186844e-01
8.973900709717541758e+03 7.781291731955680691e-01
9.003978839171917571e+03 7.647641479028601807e-01
9.034056968626291564e+03 7.191876634897086396e-01
9.064135098080665557e+03 7.285082853909764511e-01
9.094213227535041369e+03 6.890706275541180759e-01
9.124291356989415362e+03 7.221568441504137015e-01
9.154369486443789356e+03 6.868587600785256431e-01
9.184447615898163349e+03 6.799673450874369474e-01
9.214525745352539161e+03 6.587004789229684576e-01
9.244603874806913154e+03 6.423669479367434265e-01
9.274682004261287148e+03 6.086563866914019849e-01
9.304760133715662960e+03 5.856973777862223285e-01
9.334838263170036953e+03 5.903053787797740704e-01
9.364916392624410946e+03 5.943329079915102842e-01
9.394994522078784939e+03 6.002375209535126821e-01
9.425072651533158933e+03 6.098294796644198046e-01
9.455150780987534745e+03 6.399694644844078351e-01
9.485228910441908738e+03 6.311550679742581327e-01
9.515307039896284550e+03 6.561329037392169550e-01
9.545385169350658543e+03 6.442811548823582646e-01
9.575463298805032537e+03 6.021841263241590747e-01
9.605541428259406530e+03 6.070587393570330281e-01
9.635619557713780523e+03 5.762815855114243879e-01
9.665697687168156335e+03 5.866544812590298585e-01
9.695775816622530328e+03 5.717991284148700171e-01
9.725853946076904322e+03 5.795464018005425100e-01
