4.931432817672093734e+03 4.586771345507160702e-01
4.961456761767510216e+03 5.019099422569365254e-01
4.991480705862926698e+03 4.758794764271646605e-01
5.021504649958342270e+03 5.936656797202609637e-01
5.051528594053757843e+03 5.774359936228078416e-01
5.081552538149174325e+03 4.775986388178078967e-01
5.111576482244590807e+03 5.776128401280797853e-01
5.141600426340006379e+03 4.522042845085141316e-01
5.171624370435422861e+03 5.812596294261866969e-01
5.201648314530839343e+03 5.695314907356547884e-01
5.231672258626254916e+03 7.032328077062204308e-01
5.261696202721670488e+03 6.649642957623825845e-01
5.291720146817086970e+03 7.832987232218218132e-01
5.321744090912503452e+03 7.535402794710681640e-01
5.351768035007919025e+03 7.693251698128374949e-01
5.381791979103335507e+03 6.969145643815062297e-01
5.411815923198751989e+03 7.419434359132381918e-01
5.441839867294167561e+03 8.840449618842191049e-01
5.471863811389583134e+03 9.935075896625179537e-01
5.501887755484999616e+03 1.122961911014053848e+00
5.531911699580416098e+03 9.204271111051565146e-01
5.561935643675831670e+03 9.706113262148149401e-01
5.591959587771248152e+03 9.136694310097668303e-01
5.621983531866664634e+03 7.326321994614219957e-01
5.652007475962080207e+03 5.545424096676089265e-01
5.682031420057495779e+03 6.765584598277086803e-01
5.712055364152912261e+03 6.834340375932798084e-01
5.742079308248328744e+03 6.820058680885840996e-01
5.772103252343744316e+03 6.919039133988023060e-01
5.802127196439160798e+03 6.716469500676571780e-01
5.832151140534577280e+03 6.373949973874949437e-01
5.862175084629992853e+03 8.644873460966492340e-01
5.892199028725408425e+03 1.212207767848769491e+00
5.922222972820824907e+03 1.490931257619807049e+00
5.952246916916241389e+03 1.023884996181723128e+00
5.982270861011656962e+03 9.608445760372986699e-01
6.012294805107073444e+03 8.724722337589261301e-01
6.042318749202489926e+03 7.951340416125186605e-01
6.072342693297905498e+03 7.815597325866481260e-01
6.102366637393321980e+03 8.182875363406170166e-01
6.132390581488737553e+03 8.279631837729933830e-01
6.162414525584154035e+03 8.328157446979541634e-01
6.192438469679569607e+03 1.156099194812502562e+00
6.222462413774986089e+03 1.425211344971262450e+00
6.252486357870402571e+03 1.879894427995337791e+00
6.282510301965818144e+03 2.093567878243860481e+00
6.312534246061234626e+03 1.944738146595034856e+00
6.342558190156650198e+03 1.584458943476105608e+00
6.372582134252066680e+03 1.492600581449873509e+00
6.402606078347482253e+03 1.198802266850658382e+00
6.432630022442898735e+03 1.177947776691094628e+00
6.462653966538315217e+03 1.178338982596696116e+00
6.492677910633730789e+03 1.300928444152677610e+00
6.522701854729147271e+03 1.395160836537559845e+00
6.552725798824562844e+03 1.508326522956552118e+00
6.582749742919979326e+03 1.585075226752053146e+00
6.612773687015394898e+03 1.530654733993381589e+00
6.642797631110811380e+03 1.424587023217802395e+00
6.672821575206227863e+03 1.348701116008627965e+00
6.702845519301643435e+03 1.349529079192400838e+00
6.732869463397059917e+03 1.145986790101954700e+00
6.762893407492475490e+03 1.016478878900336280e+00
6.792917351587891972e+03 9.693975161104486649e-01
6.822941295683307544e+03 8.610522367063677684e-01
6.852965239778724026e+03 8.332712584236545705e-01
6.882989183874140508e+03 7.629158237429831679e-01
6.913013127969556081e+03 7.275947535536769761e-01
6.943037072064972563e+03 6.398172586112189641e-01
6.973061016160388135e+03 7.722163422247826370e-01
7.003084960255804617e+03 7.901930574349218528e-01
7.033108904351220190e+03 8.591846304309963545e-01
7.063132848446636672e+03 9.951688750150721186e-01
7.093156792542053154e+03 1.168416821853940801e+00
7.123180736637468726e+03 1.119907289559357366e+00
7.153204680732885208e+03 1.146849586688281519e+00
7.183228624828300781e+03 1.372854061440763385e+00
7.213252568923717263e+03 1.912586916038102602e+00
7.243276513019132835e+03 3.394391822188877583e+00
7.273300457114549317e+03 6.179767152101391936e+00
7.303324401209965799e+03 8.875497380796078417e+00
7.333348345305381372e+03 8.405434010798353839e+00
7.363372289400797854e+03 6.279712222505057895e+00
7.393396233496213426e+03 4.245945257968140929e+00
7.423420177591629908e+03 2.165364879891748640e+00
7.573539898068710500e+03 9.611500381827681183e-01
7.603563842164126072e+03 1.004102303023807208e+00
7.633587786259542554e+03 1.115668332417840025e+00
7.663611730354959036e+03 1.376693774199166498e+00
7.693635674450374609e+03 1.324336490668667432e+00
7.723659618545791091e+03 1.455151994212296129e+00
7.753683562641206663e+03 8.822095095188972058e-01
7.783707506736623145e+03 1.404402406184268592e+00
7.813731450832038718e+03 1.348379576908133481e+00
7.843755394927455200e+03 1.304023257994935792e+00
7.873779339022871682e+03 1.140091906592891169e+00
7.903803283118287254e+03 1.011961254538390476e+00
7.933827227213703736e+03 1.043386342626706487e+00
7.963851171309119309e+03 9.649147251510563628e-01
7.993875115404535791e+03 1.229710212885679388e+00
8.023899059499951363e+03 1.261478276014522892e+00
8.053923003595367845e+03 1.000000000000000000e+00
8.083946947690784327e+03 9.776235580980962014e-01
8.113970891786199900e+03 7.998954997923393151e-01
8.143994835881616382e+03 6.073444889537921165e-01
8.174018779977031954e+03 5.059599951769134796e-01
8.204042724072449346e+03 5.010913572969279972e-01
8.234066668167863099e+03 4.148961026781526895e-01
8.264090612263280491e+03 3.982661004005841332e-01
8.294114556358697882e+03 2.816527109765410430e-01
8.324138500454111636e+03 3.233833951849520161e-01
8.354162444549529027e+03 4.709634115298562684e-01
8.384186388644946419e+03 4.924794683886872249e-01
8.414210332740360172e+03 6.574617167508474136e-01
8.444234276835777564e+03 1.022419313781969707e+00
8.474258220931194955e+03 2.003416352942752887e+00
8.504282165026608709e+03 3.326321994614219957e+00
8.534306109122026101e+03 4.547803486019748043e+00
8.564330053217439854e+03 5.814605913639957713e+00
8.594353997312857246e+03 7.605337549068207359e+00
8.624377941408274637e+03 9.863426267065015907e+00
8.654401885503688391e+03 1.148352781983092363e+01
8.684425829599105782e+03 1.105529132782251089e+01
8.714449773694523174e+03 8.964778071033347118e+00
8.744473717789936927e+03 6.524644632306642045e+00
8.774497661885354319e+03 5.597808175131630648e+00
8.804521605980771710e+03 4.223978778419367863e+00
8.834545550076185464e+03 2.949226296539435133e+00
