3.318873272022673518e+03 1.189150693358373978e+00
3.348950199548846285e+03 9.833801556340922012e-01
3.379027127075019052e+03 8.109273146944486754e-01
3.409104054601191820e+03 3.723524151003470006e-01
3.439180982127364587e+03 7.166486431855059180e-01
3.469257909653536899e+03 1.086133690620477710e+00
3.499334837179709666e+03 4.780824686778404331e-01
3.529411764705882433e+03 6.887132479558574216e-01
3.559488692232055200e+03 8.424443467646747230e-01
3.589565619758227967e+03 6.778951890026417848e-01
3.619642547284400734e+03 6.153275215428913869e-01
3.649719474810573502e+03 3.077659637079601107e-01
3.679796402336746269e+03 4.599902381941676222e-01
3.709873329862918581e+03 4.722915459502309288e-01
3.739950257389091348e+03 2.222661599827305545e-01
3.770027184915264115e+03 2.032575254504968565e-01
3.800104112441436882e+03 1.701226004860938446e-01
3.830181039967609649e+03 1.055657554684433647e-01
3.860257967493782417e+03 1.620295707056922385e-01
3.890334895019955184e+03 3.432083556025889437e-01
3.920411822546127951e+03 3.444862297840406984e-01
3.950488750072300263e+03 3.774213821914796374e-01
3.980565677598473030e+03 3.825604008952490087e-01
4.010642605124645797e+03 4.408391659121467798e-01
4.040719532650818564e+03 2.964337456102909552e-01
4.070796460176991332e+03 4.239126253904968999e-01
4.100873387703164553e+03 5.581148401140672011e-01
4.130950315229336411e+03 3.519994597878300935e-01
4.161027242755510088e+03 3.387371855653172892e-01
4.191104170281681945e+03 1.859630154482649622e-01
4.221181097807855622e+03 1.797664373464493426e-01
4.251258025334027479e+03 1.193840157306676752e-01
4.281334952860201156e+03 2.673931436574861764e-01
4.311411880386373014e+03 2.910941801449994371e-01
4.341488807912545781e+03 3.676371840375396993e-01
4.371565735438718548e+03 9.494575391145394783e-02
4.401642662964891315e+03 3.782491378378584623e-01
4.431719590491064082e+03 1.991947066072396189e-01
4.461796518017235940e+03 2.606832838429630206e-01
4.491873445543409616e+03 6.348555480479399771e-01
4.521950373069581474e+03 2.827444281175333640e-01
4.552027300595755150e+03 4.308767022056801954e-01
4.582104228121927008e+03 4.808236608587666550e-01
4.612181155648100685e+03 4.976528660065810405e-01
4.642258083174272542e+03 5.078049026216937545e-01
4.672335010700446219e+03 6.374685478422436047e-01
4.702411938226618076e+03 3.974819819978310242e-01
4.732488865752791753e+03 5.210824385989953900e-01
4.762565793278963611e+03 5.304004306450579298e-01
4.792642720805136378e+03 5.292362335081518543e-01
4.822719648331309145e+03 4.837050039084621611e-01
4.852796575857481912e+03 5.162201642621482289e-01
4.882873503383654679e+03 3.773553167394562147e-01
4.912950430909827446e+03 5.309984659156483655e-01
4.943027358436000213e+03 5.297128576295971891e-01
4.973104285962172071e+03 7.286712531971796247e-01
5.003181213488345747e+03 7.305787343122652766e-01
5.033258141014517605e+03 4.277729599758051116e-01
5.063335068540691282e+03 7.885255998386251353e-01
5.093411996066863139e+03 5.643973469765086737e-01
5.123488923593036816e+03 7.818608026972656555e-01
5.153565851119208673e+03 7.468261029301551668e-01
5.183642778645382350e+03 7.889628387863737435e-01
5.213719706171554208e+03 8.170047963199148500e-01
5.243796633697727884e+03 7.265415634748749740e-01
5.273873561223899742e+03 6.369573187640932277e-01
5.303950488750072509e+03 6.759737325034060884e-01
5.334027416276245276e+03 9.650399097264877879e-01
5.364104343802418043e+03 1.012421162555589449e+00
5.394181271328590810e+03 9.192263138441351122e-01
5.424258198854763577e+03 9.053008600036408504e-01
5.454335126380936345e+03 7.335849029515756348e-01
5.484412053907109112e+03 3.357903845164321721e-01
5.514488981433281879e+03 9.304456886555725337e-01
5.544565908959453736e+03 1.155715285725183117e+00
5.574642836485627413e+03 1.029074674891745200e+00
5.604719764011799271e+03 8.710884210160021457e-01
5.634796691537972947e+03 7.900480591222260873e-01
5.664873619064144805e+03 6.374658956954579736e-01
5.694950546590318481e+03 3.025365735006994017e-01
5.725027474116490339e+03 4.987401032443347093e-01
5.755104401642663106e+03 7.027184885342442344e-01
5.785181329168835873e+03 7.420445840796014991e-01
5.815258256695008640e+03 9.631740371410008050e-01
5.845335184221181407e+03 1.339708204779396672e+00
5.875412111747354174e+03 1.649350435264868020e+00
5.905489039273526942e+03 1.638162568591255974e+00
5.935565966799699709e+03 1.723662634354928613e+00
5.965642894325872476e+03 1.366526268052392856e+00
5.995719821852045243e+03 1.151291060273980538e+00
6.025796749378218010e+03 1.228646335722182847e+00
6.055873676904389868e+03 1.097420591947009028e+00
6.085950604430563544e+03 8.969144861175001315e-01
6.116027531956735402e+03 1.114599007004575038e+00
6.146104459482909078e+03 1.068167032138586103e+00
6.176181387009080936e+03 1.173427623979295120e+00
6.206258314535254613e+03 1.189585137229872247e+00
6.236335242061426470e+03 1.381939528576389131e+00
6.266412169587599237e+03 1.529077454087688359e+00
6.296489097113772004e+03 1.435449686092308497e+00
6.326566024639944771e+03 1.265373772123495222e+00
6.356642952166117539e+03 1.296688859893801338e+00
6.386719879692290306e+03 1.336869994847043053e+00
6.416796807218463073e+03 1.245750236572835457e+00
6.446873734744635840e+03 1.276576376474361840e+00
6.476950662270808607e+03 1.238305041279713636e+00
6.507027589796981374e+03 1.302897678367481271e+00
6.537104517323154141e+03 1.360724387353356546e+00
6.567181444849325999e+03 1.193573965942727355e+00
6.597258372375499675e+03 1.423287099903854269e+00
6.627335299901671533e+03 1.335230174099207412e+00
6.657412227427845210e+03 1.591840840448746519e+00
6.687489154954017067e+03 1.667011509268371494e+00
6.717566082480190744e+03 1.615956382063915564e+00
6.747643010006362601e+03 1.465548407252463603e+00
6.777719937532535369e+03 1.325559907087480394e+00
6.807796865058708136e+03 1.096021656001207711e+00
6.837873792584880903e+03 1.122608363142708621e+00
6.867950720111053670e+03 9.856116750866237286e-01
6.898027647637226437e+03 1.049538893318888055e+00
6.928104575163399204e+03 1.066315674895653709e+00
6.958181502689571971e+03 1.099703947369166768e+00
6.988258430215744738e+03 1.146751220281157169e+00
7.018335357741917505e+03 1.279976460370879199e+00
7.048412285268090272e+03 1.447011711911674992e+00
7.078489212794262130e+03 1.482167235226371949e+00
7.108566140320435807e+03 1.352915196829016731e+00
7.138643067846607664e+03 1.447913314757899972e+00
7.168719995372781341e+03 1.341021255638004117e+00
7.198796922898953198e+03 1.346008117347327504e+00
7.228873850425126875e+03 1.720651828429250907e+00
7.258950777951298733e+03 2.101991654218148486e+00
7.289027705477471500e+03 2.643803065367016369e+00
7.319104633003644267e+03 2.742976583386058209e+00
7.349181560529817034e+03 2.455053052622081289e+00
7.379258488055989801e+03 1.662294753618401177e+00
7.409335415582162568e+03 1.284419234969120582e+00
7.439412343108335335e+03 1.063818114949720339e+00
7.589796980739199171e+03 1.101954015967713696e+00
7.619873908265371938e+03 1.414080942692731879e+00
7.649950835791544705e+03 1.229772815203145742e+00
7.680027763317716563e+03 1.297627306934526104e+00
7.710104690843889330e+03 1.393760670721976958e+00
7.740181618370062097e+03 1.478673579780499736e+00
7.770258545896234864e+03 1.391652865180478260e+00
7.800335473422407631e+03 1.353837572178147930e+00
7.830412400948580398e+03 1.343925658071112528e+00
7.860489328474753165e+03 1.247504274323314233e+00
7.890566256000925932e+03 1.078436747840102683e+00
7.920643183527098699e+03 1.311581029165489687e+00
7.950720111053271467e+03 1.295052215369705939e+00
7.980797038579444234e+03 1.382607869557419988e+00
8.010873966105617001e+03 1.361306716197575595e+00
8.040950893631789768e+03 1.119690557045662116e+00
8.071027821157962535e+03 1.019815506507742109e+00
8.101104748684135302e+03 1.004890812706399350e+00
8.131181676210308069e+03 7.310536432727680056e-01
8.161258603736480836e+03 6.814226394678346566e-01
8.191335531262652694e+03 6.190817067335361301e-01
8.221412458788825461e+03 4.208285598661570259e-01
8.251489386314999138e+03 3.422924121064464531e-01
8.281566313841170995e+03 3.339283829536670578e-01
8.311643241367342853e+03 4.455716756316779326e-01
8.341720168893516529e+03 7.209623995784608663e-01
8.371797096419690206e+03 5.465348368686240299e-01
8.401874023945862064e+03 8.183746380573334589e-01
8.431950951472033921e+03 8.931118476347996715e-01
8.462027878998207598e+03 9.662767629795245838e-01
8.492104806524381274e+03 1.526784728805394842e+00
8.522181734050553132e+03 1.768168070763901811e+00
8.552258661576724990e+03 2.251697111881725277e+00
8.582335589102898666e+03 3.561892037044628978e+00
8.612412516629072343e+03 3.057565146966869651e+00
8.642489444155244200e+03 3.264679957828245271e+00
8.672566371681416058e+03 3.337522454709372255e+00
8.702643299207589735e+03 3.114518140349840536e+00
8.732720226733761592e+03 2.460459874623520449e+00
8.762797154259933450e+03 2.397756010693226081e+00
8.792874081786107126e+03 2.013522009911418387e+00
8.822951009312280803e+03 1.725101527194672801e+00
8.853027936838452661e+03 1.573303700436852415e+00
8.883104864364624518e+03 1.348392000248510136e+00
8.913181791890798195e+03 1.475163217398695492e+00
8.943258719416971871e+03 1.629946249720061191e+00
8.973335646943143729e+03 1.338030205823403929e+00
9.003412574469315587e+03 1.026822795845946157e+00
9.033489501995489263e+03 1.027418337780869662e+00
9.063566429521662940e+03 1.218720287420083093e+00
9.093643357047834797e+03 1.530557828408266152e+00
9.123720284574006655e+03 9.583281997618559034e-01
9.153797212100180332e+03 1.796875415390456920e+00
9.183874139626354008e+03 7.822845744571194082e-01
9.213951067152524047e+03 9.951091872936005389e-01
9.244027994678697723e+03 1.144581414854472845e+00
9.274104922204871400e+03 9.237802245073843954e-01
9.304181849731043258e+03 2.638784497004459384e-01
9.334258777257215115e+03 9.535430917785369109e-01
9.364335704783388792e+03 5.360908100128406462e-01
9.394412632309562468e+03 1.122094069008645389e+00
9.424489559835734326e+03 1.234115729329531508e+00
