3.765149932134643223e+03 5.365311867505925258e-01
3.775164817183663217e+03 5.625928382843269349e-01
3.785179702232683667e+03 5.499445362354868916e-01
3.795194587281704116e+03 5.292613819748029913e-01
3.805209472330724566e+03 5.528077758229261729e-01
3.815224357379744561e+03 5.149150600945195944e-01
3.825239242428765010e+03 5.297294018382929792e-01
3.835254127477785460e+03 5.169648616564781474e-01
3.845269012526805454e+03 5.692487647123186667e-01
3.855283897575825904e+03 5.164957430473435807e-01
3.865298782624846353e+03 5.299534086065662564e-01
3.875313667673866803e+03 5.114620687823929757e-01
3.885328552722886798e+03 5.461823853676379681e-01
3.895343437771907247e+03 5.865138128350888547e-01
3.905358322820927242e+03 6.085807456728877796e-01
3.915373207869947692e+03 6.301238973057383674e-01
3.925388092918968141e+03 6.048741272411549685e-01
3.935402977967988591e+03 5.609248508338334771e-01
3.945417863017009040e+03 6.546570563047627855e-01
3.955432748066029035e+03 6.498610773475730351e-01
3.965447633115049484e+03 6.295894033307558590e-01
3.975462518164069479e+03 6.712063632022758908e-01
3.985477403213089929e+03 6.462347589100260192e-01
3.995492288262110378e+03 6.408628083297738254e-01
4.005507173311130828e+03 6.279820757960525857e-01
4.015522058360150822e+03 6.486925613546434821e-01
4.025536943409171272e+03 6.553575524342023506e-01
4.035551828458191267e+03 6.893680335520295799e-01
4.045566713507211716e+03 6.955744814492821337e-01
4.055581598556232166e+03 6.974602952237983766e-01
4.065596483605252615e+03 6.925321921028572136e-01
4.075611368654273065e+03 7.190589792927648549e-01
4.085626253703293060e+03 7.281879990422599480e-01
4.095641138752313054e+03 7.363593704004331997e-01
4.105656023801333504e+03 7.418824900689416912e-01
4.115670908850353953e+03 7.476329585237254660e-01
4.125685793899374403e+03 7.398727011608705606e-01
4.135700678948394852e+03 7.468527575539907204e-01
4.145715563997415302e+03 7.529881532328988047e-01
4.155730449046435751e+03 7.436246886315077687e-01
4.165745334095455291e+03 7.394622281005114317e-01
4.175760219144475741e+03 7.433944556379157298e-01
4.185775104193496190e+03 7.257763896957802885e-01
4.195789989242516640e+03 7.337341008071660564e-01
4.205804874291537089e+03 7.281800331363373902e-01
4.215819759340557539e+03 7.030561610101867531e-01
4.225834644389577079e+03 6.759161821885091292e-01
4.235849529438597528e+03 6.665642086353167350e-01
4.245864414487617978e+03 7.122670830912658513e-01
4.255879299536638428e+03 7.302862369747137317e-01
4.265894184585658877e+03 7.418608814045997146e-01
4.275909069634679327e+03 7.599105254796825193e-01
4.285923954683699776e+03 7.930487856800479962e-01
4.295938839732719316e+03 7.903211496175678308e-01
4.305953724781739766e+03 8.202932826811589750e-01
4.315968609830760215e+03 8.208785478611314579e-01
4.325983494879780665e+03 8.266928351254333451e-01
4.335998379928801114e+03 8.212496492025623818e-01
4.346013264977821564e+03 8.251773901952517143e-01
4.356028150026841104e+03 8.112877802545336303e-01
4.366043035075861553e+03 7.920180707033666057e-01
4.376057920124882003e+03 7.692753635131293066e-01
4.386072805173902452e+03 7.764753979404929174e-01
4.396087690222922902e+03 7.903737062842299821e-01
4.406102575271943351e+03 8.221509410985351485e-01
4.416117460320963801e+03 8.062435305627546622e-01
4.426132345369983341e+03 8.146160639360090494e-01
4.436147230419003790e+03 8.148771991508528822e-01
4.446162115468024240e+03 8.355602618493995770e-01
4.456177000517044689e+03 8.279365236328742883e-01
4.466191885566065139e+03 8.421533766513803476e-01
4.476206770615085588e+03 8.802881826701258738e-01
4.486221655664105128e+03 8.790937545924133456e-01
4.496236540713125578e+03 8.924874182178437199e-01
4.506251425762146027e+03 9.124323527486266627e-01
4.516266310811166477e+03 9.064462949152342075e-01
4.526281195860186926e+03 9.121392623479552819e-01
4.536296080909207376e+03 9.213156197223011379e-01
4.546310965958227825e+03 9.479757671648103567e-01
4.556325851007247365e+03 9.431371660328278228e-01
4.566340736056267815e+03 9.274667640887804820e-01
4.576355621105288265e+03 9.404017471886990664e-01
4.586370506154308714e+03 9.341787265446417354e-01
4.596385391203329164e+03 9.382610244246577524e-01
4.606400276252349613e+03 9.375248648428403664e-01
4.616415161301369153e+03 9.254020378984841866e-01
4.626430046350389603e+03 9.494892892901143355e-01
4.636444931399410052e+03 9.468980808118264703e-01
4.646459816448430502e+03 9.438495194590142967e-01
4.656474701497450951e+03 9.413063811026737282e-01
4.666489586546471401e+03 9.271572840655785130e-01
4.676504471595491850e+03 9.473709992496481824e-01
4.686519356644511390e+03 9.389990152492161402e-01
4.696534241693531840e+03 9.385558545059329294e-01
4.706549126742552289e+03 9.257083132468895137e-01
4.716564011791572739e+03 8.944349906537949479e-01
4.726578896840593188e+03 8.820674181171254125e-01
4.736593781889613638e+03 8.625480186182449271e-01
4.746608666938633178e+03 8.863190143885320005e-01
4.756623551987653627e+03 8.928025293124735029e-01
4.766638437036674077e+03 9.169043390838934604e-01
4.776653322085694526e+03 9.437089715786548538e-01
4.786668207134714976e+03 9.677440325521708964e-01
4.796683092183735425e+03 9.709322261639722340e-01
4.806697977232755875e+03 9.889379204132749956e-01
4.816712862281775415e+03 1.013460091955854070e+00
4.826727747330795864e+03 1.029147890705939261e+00
4.836742632379816314e+03 1.039473810710847212e+00
4.846757517428836763e+03 1.046883018840283119e+00
4.856772402477857213e+03 1.028095841751327288e+00
4.866787287526877662e+03 1.062551131730904208e+00
4.876802172575898112e+03 1.051143405076845783e+00
4.886817057624917652e+03 1.029132782953327663e+00
4.896831942673938102e+03 1.003674846370179230e+00
4.906846827722958551e+03 1.018437409725455378e+00
4.916861712771979001e+03 1.012423608564539057e+00
4.926876597820999450e+03 1.027265830979041894e+00
4.936891482870019900e+03 1.045682639223662891e+00
4.946906367919039440e+03 1.051491799008290373e+00
4.956921252968059889e+03 1.064563667503086730e+00
4.966936138017080339e+03 1.059626637073784128e+00
4.976951023066100788e+03 1.073619162856537246e+00
4.986965908115121238e+03 1.071873530713832068e+00
4.996980793164141687e+03 1.084068233935766346e+00
5.006995678213162137e+03 1.097433559079782350e+00
5.017010563262181677e+03 1.053788635215988201e+00
5.027025448311202126e+03 1.066753833821130648e+00
5.037040333360222576e+03 1.035050443870349834e+00
5.047055218409243025e+03 1.043782724880042201e+00
5.057070103458263475e+03 1.041881894915050788e+00
5.067084988507283924e+03 1.051996764194076839e+00
5.077099873556303464e+03 1.074220726096903000e+00
5.087114758605323914e+03 1.086520267965750408e+00
5.097129643654344363e+03 1.064833775807360494e+00
5.107144528703364813e+03 1.087682649295498072e+00
5.117159413752385262e+03 1.091357495665677524e+00
5.127174298801405712e+03 1.093495471565607335e+00
5.137189183850426161e+03 1.105843541367086846e+00
5.147204068899445701e+03 1.108084982481874148e+00
5.157218953948466151e+03 1.111025958323662133e+00
5.167233838997486600e+03 1.125233197317778933e+00
5.177248724046507050e+03 1.119579693166122603e+00
5.187263609095527499e+03 1.142927122490453362e+00
5.197278494144547949e+03 1.140566192786826472e+00
5.207293379193567489e+03 1.135596657798873643e+00
5.217308264242587938e+03 1.146865210004628377e+00
5.227323149291608388e+03 1.166829876175943914e+00
5.237338034340628838e+03 1.161368652512075883e+00
5.247352919389649287e+03 1.173594029049919163e+00
5.257367804438669737e+03 1.160189789997660537e+00
5.267382689487690186e+03 1.168736657679842805e+00
5.277397574536709726e+03 1.166017262209696481e+00
5.287412459585730176e+03 1.172549762876955670e+00
5.297427344634750625e+03 1.164831532535003156e+00
5.307442229683771075e+03 1.169783212906232661e+00
5.317457114732791524e+03 1.179716331343230173e+00
5.327471999781811974e+03 1.182167907562528875e+00
5.337486884830831514e+03 1.185390894786406246e+00
5.347501769879851963e+03 1.173611425855957346e+00
5.357516654928872413e+03 1.156792376902718411e+00
5.367531539977892862e+03 1.172090578759690027e+00
5.377546425026913312e+03 1.182070393886579307e+00
5.387561310075933761e+03 1.162081005938262246e+00
5.397576195124954211e+03 1.149511355765141296e+00
5.407591080173973751e+03 1.149409721793024586e+00
5.417605965222994200e+03 1.154129749957538031e+00
5.427620850272014650e+03 1.162636788110107178e+00
5.437635735321035099e+03 1.174015672690997603e+00
5.447650620370055549e+03 1.154696519585827863e+00
5.457665505419075998e+03 1.169532332650737638e+00
5.467680390468095538e+03 1.176922770542079943e+00
5.477695275517115988e+03 1.186724039501737327e+00
5.487710160566136437e+03 1.186947451116119323e+00
5.497725045615156887e+03 1.176750633724441109e+00
5.507739930664177336e+03 1.165234405937987772e+00
5.517754815713197786e+03 1.178028383346861663e+00
5.527769700762218235e+03 1.175304867580548196e+00
5.537784585811238685e+03 1.173101424752633237e+00
5.547799470860258225e+03 1.186644380442510416e+00
5.557814355909278675e+03 1.178420269293401157e+00
5.567829240958299124e+03 1.181568633375589261e+00
5.577844126007319574e+03 1.184597051058252193e+00
5.587859011056340023e+03 1.181979289560222357e+00
5.597873896105359563e+03 1.177790779601237681e+00
5.607888781154380013e+03 1.184163046528673435e+00
5.617903666203400462e+03 1.205469555818339034e+00
5.627918551252420912e+03 1.187501402045223697e+00
5.637933436301441361e+03 1.198004494785307461e+00
5.647948321350461811e+03 1.192491538514010463e+00
5.657963206399482260e+03 1.184503199867784184e+00
5.667978091448502710e+03 1.201449062380826049e+00
5.677992976497522250e+03 1.193542671847252157e+00
5.688007861546542699e+03 1.184581027684270094e+00
5.698022746595563149e+03 1.178257288689466442e+00
5.708037631644583598e+03 1.165714191536087574e+00
5.718052516693604048e+03 1.100976555972621229e+00
5.728067401742624497e+03 1.091153312100073602e+00
5.738082286791644037e+03 1.094336011983652490e+00
5.748097171840664487e+03 1.106962888492424746e+00
5.758112056889684936e+03 1.123109413549090219e+00
5.768126941938705386e+03 1.146793791537735530e+00
5.778141826987725835e+03 1.166554274143447589e+00
5.788156712036746285e+03 1.193615005935515505e+00
5.798171597085766734e+03 1.188432588978940219e+00
5.808186482134787184e+03 1.207235331631193231e+00
5.818201367183806724e+03 1.231594980380523063e+00
5.828216252232827173e+03 1.197227132241821090e+00
5.838231137281847623e+03 1.220879005671816619e+00
5.848246022330868072e+03 1.238277185141845704e+00
5.858260907379887612e+03 1.223767333284805359e+00
5.868275792428908062e+03 1.184989394815477270e+00
5.878290677477928512e+03 1.241703440309956274e+00
5.888305562526948961e+03 9.543320107182637901e-01
5.898320447575969411e+03 1.059181645087760026e+00
5.908335332624989860e+03 1.217298468302790537e+00
5.918350217674010310e+03 1.208873836073559138e+00
5.928365102723030759e+03 1.202530411219291606e+00
5.938379987772051209e+03 1.205100560406059840e+00
5.948394872821070749e+03 1.201654161567800250e+00
5.958409757870091198e+03 1.198763087090700008e+00
5.968424642919111648e+03 1.192863280790401159e+00
5.978439527968132097e+03 1.180894278236275241e+00
5.988454413017151637e+03 1.191950864094777796e+00
5.998469298066172087e+03 1.178118114241162750e+00
6.008484183115192536e+03 1.194314540662516189e+00
6.018499068164212986e+03 1.208771744290757510e+00
6.028513953213233435e+03 1.207170780324578585e+00
6.038528838262253885e+03 1.197456037584425870e+00
6.048543723311274334e+03 1.206847565980820436e+00
6.058558608360294784e+03 1.187385118131180084e+00
6.068573493409315233e+03 1.192004427944947542e+00
6.078588378458334773e+03 1.187777004077719800e+00
6.088603263507355223e+03 1.205015407618610812e+00
6.098618148556375672e+03 1.201502168420310435e+00
6.108633033605396122e+03 1.204612992026311336e+00
6.118647918654415662e+03 1.191856097282939508e+00
6.128662803703436111e+03 1.181493094612529715e+00
6.138677688752456561e+03 1.201512698066070195e+00
6.148692573801477010e+03 1.190064226261028146e+00
6.158707458850497460e+03 1.195506679686802576e+00
6.168722343899517909e+03 1.188256789675819602e+00
6.178737228948538359e+03 1.177063318422439275e+00
6.188752113997558808e+03 1.157355484045526461e+00
6.198766999046579258e+03 1.149519596357475137e+00
6.208781884095598798e+03 1.131219529837582449e+00
6.218796769144619248e+03 1.128930934222218463e+00
6.228811654193639697e+03 1.152642780851976578e+00
6.238826539242660147e+03 1.165155662500131584e+00
6.248841424291679687e+03 1.153720467204960576e+00
6.258856309340700136e+03 1.174578322023120514e+00
6.268871194389720586e+03 1.166688870484899221e+00
6.278886079438741035e+03 1.178221579456020018e+00
6.288900964487761485e+03 1.170432388457860018e+00
6.298915849536781934e+03 1.181118605472027960e+00
6.308930734585802384e+03 1.195475548560208212e+00
6.318945619634822833e+03 1.188394132881382736e+00
6.328960504683843283e+03 1.196518899111801648e+00
6.338975389732862823e+03 1.179488799432681034e+00
6.348990274781883272e+03 1.191303061975205857e+00
6.359005159830903722e+03 1.190045456022934545e+00
6.369020044879924171e+03 1.158130099724901552e+00
6.379034929928943711e+03 1.147622428877965506e+00
6.389049814977964161e+03 1.119942737039493874e+00
6.399064700026984610e+03 1.137443466103010170e+00
6.409079585076005060e+03 1.140194908321121137e+00
6.419094470125025509e+03 1.143275974232583536e+00
6.429109355174045959e+03 1.150362883639631573e+00
6.439124240223066408e+03 1.177744540722031719e+00
6.449139125272086858e+03 1.191786052248102079e+00
6.459154010321107307e+03 1.210118165515959632e+00
6.469168895370126847e+03 1.232840225444293836e+00
6.479183780419147297e+03 1.245156706308493844e+00
6.489198665468167746e+03 1.241801411796590981e+00
6.499213550517188196e+03 1.246682589322298140e+00
6.509228435566208645e+03 1.250964950471751047e+00
6.519243320615228185e+03 1.261964309994602296e+00
6.529258205664248635e+03 1.255287598961502216e+00
6.539273090713269085e+03 1.249369938044480044e+00
6.549287975762289534e+03 1.203415817084487527e+00
6.559302860811309984e+03 1.379661943433827531e+00
6.569317745860330433e+03 1.305260839926951633e+00
6.579332630909350883e+03 1.342237751160664461e+00
6.589347515958371332e+03 1.287487255695050292e+00
6.599362401007390872e+03 1.268365876805891412e+00
6.609377286056411322e+03 1.232389739730047395e+00
6.619392171105431771e+03 1.236219783922512860e+00
6.629407056154452221e+03 1.216871788744174898e+00
6.639421941203472670e+03 1.219863123761335988e+00
6.649436826252492210e+03 1.199238752392633112e+00
6.659451711301512660e+03 1.195412828496334345e+00
6.669466596350533109e+03 1.197337006806271420e+00
6.679481481399553559e+03 1.200418072717733597e+00
6.689496366448574008e+03 1.190430016998510698e+00
6.699511251497594458e+03 1.179992391186411860e+00
6.709526136546614907e+03 1.173573885379769921e+00
6.719541021595635357e+03 1.173007573562165229e+00
6.729555906644655806e+03 1.194421668362855238e+00
6.739570791693675346e+03 1.174773349375019649e+00
6.749585676742695796e+03 1.144990017438008989e+00
6.759600561791716245e+03 1.162271912993994905e+00
6.769615446840736695e+03 1.154757866217645867e+00
6.779630331889756235e+03 1.148609468715277915e+00
6.789645216938776684e+03 1.160986380589925648e+00
6.799660101987797134e+03 1.123574549205263562e+00
6.809674987036817583e+03 1.134136241713054272e+00
6.819689872085838033e+03 1.142204239418507239e+00
6.829704757134858482e+03 1.153063966682369657e+00
6.839719642183878932e+03 1.140049324523224605e+00
6.849734527232899381e+03 1.120935270605029066e+00
6.859749412281919831e+03 1.096861295723269958e+00
6.869764297330939371e+03 1.112879175977391499e+00
6.879779182379959821e+03 1.087727514742648616e+00
6.889794067428980270e+03 1.076281789801717848e+00
6.899808952478000720e+03 1.087979768430199279e+00
6.909823837527020260e+03 1.093629610096373606e+00
6.919838722576040709e+03 1.100919329636969701e+00
6.929853607625061159e+03 1.100719724178218284e+00
6.939868492674081608e+03 1.092079920926938508e+00
6.949883377723102058e+03 1.105361924526246042e+00
6.959898262772122507e+03 1.096951942238941546e+00
6.969913147821142957e+03 1.110647806697678819e+00
6.979928032870163406e+03 1.092987301705024450e+00
6.989942917919183856e+03 1.079570701764265062e+00
6.999957802968203396e+03 1.077995375196457939e+00
7.009972688017223845e+03 1.082845879406256095e+00
7.019987573066244295e+03 1.086086263436171429e+00
7.030002458115264744e+03 1.084644617588445659e+00
7.040017343164284284e+03 1.080901099615484640e+00
7.050032228213304734e+03 1.081672052809378171e+00
7.060047113262325183e+03 1.061826417416217305e+00
7.070061998311345633e+03 1.085094645492006737e+00
7.080076883360366082e+03 1.066726365180018066e+00
7.090091768409386532e+03 1.067283520783918416e+00
7.100106653458406981e+03 1.054482676214766323e+00
7.110121538507427431e+03 1.052144179234714372e+00
7.120136423556447880e+03 1.050571141720333390e+00
7.130151308605467420e+03 1.024815628191798833e+00
7.140166193654487870e+03 1.036067699212886106e+00
7.150181078703508319e+03 1.037802343899146162e+00
7.160195963752528769e+03 1.043725956355076256e+00
7.170210848801548309e+03 1.024858662396208597e+00
7.180225733850568758e+03 1.032298543841553506e+00
7.190240618899589208e+03 1.041298644102093718e+00
7.200255503948609658e+03 1.021503825694990875e+00
7.210270388997630107e+03 1.019049960422266032e+00
7.220285274046650557e+03 1.013758584522610917e+00
7.230300159095671006e+03 1.017125324301644262e+00
7.240315044144691456e+03 1.015449737193776292e+00
7.250329929193711905e+03 1.023808444684337182e+00
7.260344814242731445e+03 1.013278798924511115e+00
7.270359699291751895e+03 1.000292083217164008e+00
7.280374584340772344e+03 1.007965448111965756e+00
7.290389469389792794e+03 9.946990100759554032e-01
7.300404354438812334e+03 9.889823280497400670e-01
7.310419239487832783e+03 9.981435776714742136e-01
7.320434124536853233e+03 1.010164770643713794e+00
7.330449009585873682e+03 1.015229072443505132e+00
7.340463894634894132e+03 1.010167517507825297e+00
7.350478779683914581e+03 1.004604202061155416e+00
7.360493664732935031e+03 1.009197874476550849e+00
7.370508549781955480e+03 1.019765976333934399e+00
7.380523434830975930e+03 1.000048070121946964e+00
7.390538319879995470e+03 1.018484106415346924e+00
7.400553204929015919e+03 1.010843246079194735e+00
7.410568089978036369e+03 1.023642717216291409e+00
7.420582975027056818e+03 1.015598983477154604e+00
7.430597860076076358e+03 9.975726877470175724e-01
7.440612745125096808e+03 9.999519298780529253e-01
7.450627630174117257e+03 1.012204775057008899e+00
7.460642515223137707e+03 1.012679066926886362e+00
7.470657400272158156e+03 1.017461357344588091e+00
7.480672285321178606e+03 1.022741745787798306e+00
7.490687170370199055e+03 1.002462563675743601e+00
7.500702055419219505e+03 1.021816052582304124e+00
7.510716940468239954e+03 1.020671525869279561e+00
7.610865790958442631e+03 9.493171524724752786e-01
7.620880676007463080e+03 9.534163893478440066e-01
7.630895561056483530e+03 9.752045154783504088e-01
7.640910446105503979e+03 9.631654678893876165e-01
7.650925331154523519e+03 9.544931600794576143e-01
7.660940216203543969e+03 9.291670729736496437e-01
7.670955101252564418e+03 9.431074083382890993e-01
7.680969986301584868e+03 9.468065186747846029e-01
7.690984871350605317e+03 9.618758151891512176e-01
7.700999756399624857e+03 9.451794594995489573e-01
7.711014641448645307e+03 9.550681703000812872e-01
7.721029526497665756e+03 9.691348614138384221e-01
7.731044411546686206e+03 9.515595092086329698e-01
7.741059296595706655e+03 9.735417470696682285e-01
7.751074181644727105e+03 9.592928473031974157e-01
7.761089066693747554e+03 9.605110815365408561e-01
7.771103951742768004e+03 9.690927428307990477e-01
7.781118836791788453e+03 9.673182686149258691e-01
7.791133721840807993e+03 9.603453540684948608e-01
7.801148606889828443e+03 9.781015414943581288e-01
7.811163491938848892e+03 9.642857306360957947e-01
7.821178376987869342e+03 9.548740585695520977e-01
7.831193262036888882e+03 9.672715719250343236e-01
7.841208147085909332e+03 9.617842530521093503e-01
7.851223032134929781e+03 9.517124179774929527e-01
7.861237917183950231e+03 9.630679542134376048e-01
7.871252802232970680e+03 9.326391092102810365e-01
7.881267687281991130e+03 9.447793329606753998e-01
7.891282572331011579e+03 9.398349775604092349e-01
7.901297457380032029e+03 9.306705232638788905e-01
7.911312342429052478e+03 9.274475360400017410e-01
7.921327227478072928e+03 9.227723733226388392e-01
7.931342112527092468e+03 9.107927495606160662e-01
7.941356997576112008e+03 9.296642553777876294e-01
7.951371882625132457e+03 9.158388304951361469e-01
7.961386767674152907e+03 9.213385102565616602e-01
7.971401652723173356e+03 9.081861586433054301e-01
7.981416537772193806e+03 8.835877158405702758e-01
7.991431422821214255e+03 8.811840266189444604e-01
8.001446307870234705e+03 8.688689191867999817e-01
8.011461192919255154e+03 8.854857989414500752e-01
8.021476077968275604e+03 8.972191205548298854e-01
8.031490963017296053e+03 8.850639721760976686e-01
8.041505848066316503e+03 8.840630148939551125e-01
8.051520733115336952e+03 8.691028604469421825e-01
8.061535618164356492e+03 8.786844718398357790e-01
8.071550503213376032e+03 8.799676236283420216e-01
8.081565388262396482e+03 8.896644201896343196e-01
8.091580273311416931e+03 8.774880293951083932e-01
8.101595158360437381e+03 8.748422956642123438e-01
8.111610043409457830e+03 8.715174455628759143e-01
8.121624928458478280e+03 8.488279817553284756e-01
8.131639813507498729e+03 8.733689693170700874e-01
8.141654698556519179e+03 8.668943817014901354e-01
8.151669583605539628e+03 8.585948233514579808e-01
8.161684468654560078e+03 8.888858673383664977e-01
8.171699353703580528e+03 8.664198151452013885e-01
8.181714238752600977e+03 8.766563705043562971e-01
8.191729123801621427e+03 8.786164411720137624e-01
8.201744008850640967e+03 9.007033345556878512e-01
8.211758893899659597e+03 8.704482744886368195e-01
8.221773778948681866e+03 8.659103634147000683e-01
8.231788663997700496e+03 8.733743257020869510e-01
8.241803549046722765e+03 8.492636344033742679e-01
8.251818434095741395e+03 8.567287869985428239e-01
8.261833319144763664e+03 8.573387739555162756e-01
8.271848204193782294e+03 8.514742190779784892e-01
8.281863089242804563e+03 8.468870017932443872e-01
8.291877974291823193e+03 8.460649111458131699e-01
8.301892859340845462e+03 8.257855459094843864e-01
8.311907744389864092e+03 8.343963697443905758e-01
8.321922629438886361e+03 8.506670988399535061e-01
8.331937514487904991e+03 8.625541532814265944e-01
8.341952399536923622e+03 8.319438321226531041e-01
8.351967284585945890e+03 8.391051815471162190e-01
8.361982169634964521e+03 8.690773146107075853e-01
8.371997054683986789e+03 8.741227546102680046e-01
8.382011939733005420e+03 8.444165179926466092e-01
8.392026824782027688e+03 8.673387327525547974e-01
8.402041709831046319e+03 8.539147620597634658e-01
8.412056594880068587e+03 8.493512593685232925e-01
8.422071479929087218e+03 8.307183644804831957e-01
8.432086364978109486e+03 8.197506396759799419e-01
8.442101250027128117e+03 8.445431484281756829e-01
8.452116135076150385e+03 8.433872680101578423e-01
8.462131020125169016e+03 8.210838759534478948e-01
8.472145905174187646e+03 8.405573570406018602e-01
8.482160790223209915e+03 8.213754555788580491e-01
8.492175675272228546e+03 8.346854314110321305e-01
8.502190560321250814e+03 8.536683225679151388e-01
8.512205445370269445e+03 8.425166952111630136e-01
8.522220330419291713e+03 8.444707685588439539e-01
8.532235215468310344e+03 8.265915674018649018e-01
8.542250100517332612e+03 8.258515622102917675e-01
8.552264985566351243e+03 8.278755432496043287e-01
8.562279870615373511e+03 8.348067970236812130e-01
8.572294755664392142e+03 8.152273327629011579e-01
8.582309640713414410e+03 8.725579576882207533e-01
8.592324525762433041e+03 8.345942813036066887e-01
8.602339410811451671e+03 8.323567773607122300e-01
8.612354295860473940e+03 8.174861706837265318e-01
8.622369180909492570e+03 8.164279412848639561e-01
8.632384065958514839e+03 8.139111270429231215e-01
8.642398951007533469e+03 7.914747409821595303e-01
8.652413836056555738e+03 8.293981300264751111e-01
8.662428721105574368e+03 8.196679132851623084e-01
8.672443606154596637e+03 8.324746178310851175e-01
8.682458491203615267e+03 8.318326756882840067e-01
8.692473376252637536e+03 8.095057063812857168e-01
8.702488261301656166e+03 8.133581832973265646e-01
8.712503146350678435e+03 8.191575459332904874e-01
8.722518031399697065e+03 8.023305310741292162e-01
8.732532916448715696e+03 8.186358248764252776e-01
8.742547801497737964e+03 7.871438976811431232e-01
8.752562686546756595e+03 7.579853399862381824e-01
8.762577571595778863e+03 7.575282617981247135e-01
8.772592456644797494e+03 7.686245856241035179e-01
8.782607341693819762e+03 7.572620906657437923e-01
8.792622226742838393e+03 7.364169629846326615e-01
8.802637111791860661e+03 7.400538110679395487e-01
8.812651996840879292e+03 7.243896353492110807e-01
8.822666881889901560e+03 7.296244258481744405e-01
8.832681766938920191e+03 7.536268907009036067e-01
8.842696651987942460e+03 7.472503203530269644e-01
8.852711537036961090e+03 7.787854190959245804e-01
8.862726422085979721e+03 7.462420838809893375e-01
8.872741307135001989e+03 7.424954985764375959e-01
8.882756192184020620e+03 7.418643607658073069e-01
8.892771077233042888e+03 7.183988162846922654e-01
8.902785962282061519e+03 7.475845221532301244e-01
8.912800847331083787e+03 7.235213516036421710e-01
8.922815732380102418e+03 6.889034014876100898e-01
8.932830617429124686e+03 7.030555658562959165e-01
8.942845502478143317e+03 7.161652495136906493e-01
8.952860387527165585e+03 6.995432880604346426e-01
8.962875272576184216e+03 6.874612520481304667e-01
8.972890157625206484e+03 6.675442897502138484e-01
8.982905042674225115e+03 6.574574842661913276e-01
8.992919927723243745e+03 6.722604723049715458e-01
9.002934812772266014e+03 6.431499389509451881e-01
9.012949697821284644e+03 6.813675171415765064e-01
9.022964582870306913e+03 6.541742949372089111e-01
9.032979467919325543e+03 6.500131620571997226e-01
9.042994352968347812e+03 6.482895048273846772e-01
9.053009238017366442e+03 6.586765883398365551e-01
9.063024123066388711e+03 6.845510410843886895e-01
9.073039008115407341e+03 6.716430688148975481e-01
9.083053893164429610e+03 7.212515262263717863e-01
9.093068778213448240e+03 6.842374407650199108e-01
9.103083663262470509e+03 6.473439426381524253e-01
9.113098548311489139e+03 6.939708621811291334e-01
9.123113433360507770e+03 6.824208479661073579e-01
9.133128318409530038e+03 6.900107539729956052e-01
