2.954717104878109240e+03 5.749027269269998408e-01
2.964729801741108531e+03 3.079196220072526469e+00
2.974742498604106913e+03 2.128040169077580757e+00
2.984755195467106205e+03 2.007191623815105075e+00
2.994767892330104587e+03 2.672373532087944259e+00
3.004780589193103879e+03 1.019288509997954062e+00
3.014793286056103170e+03 1.000355891545653408e+00
3.024805982919101552e+03 6.630596570025396597e-01
3.034818679782100844e+03 1.932902937884143135e+00
3.044831376645099226e+03 2.202281282531970419e+00
3.054844073508098518e+03 2.051718231801377357e+00
3.064856770371096900e+03 1.823159248691152756e+00
3.074869467234096192e+03 1.323676148969568089e+00
3.084882164097094574e+03 1.357509719884382626e+00
3.094894860960093865e+03 1.296173381545533410e+00
3.104907557823092247e+03 1.112036934627324447e+00
3.114920254686091539e+03 2.415272405322859584e+00
3.124932951549090831e+03 6.285985129856845877e-01
3.134945648412089213e+03 4.417160220614921307e-02
3.144958345275088504e+03 1.381480624932865053e+00
3.154971042138086887e+03 2.048207503148114839e+00
3.164983739001086178e+03 1.348681594851834031e+00
3.174996435864084560e+03 1.843538694912951525e+00
3.185009132727083852e+03 1.940551250836013653e+00
3.195021829590082234e+03 1.697094352120893435e+00
3.205034526453081526e+03 2.215176444841986392e+00
3.215047223316079908e+03 2.528519564448539203e+00
3.225059920179079199e+03 2.168657049578418761e+00
3.235072617042078491e+03 2.869430055038110883e+00
3.245085313905076873e+03 2.027910453975596994e+00
3.255098010768076165e+03 2.031278713612825193e+00
3.265110707631074547e+03 2.060947982827181058e+00
3.275123404494073839e+03 1.354458623649634763e+00
3.285136101357072221e+03 1.854852469587717101e+00
3.295148798220071512e+03 1.600958419672110056e+00
3.305161495083069894e+03 1.734988414819563785e+00
3.315174191946069186e+03 1.870904747018872882e+00
3.325186888809067568e+03 1.834787509822031204e+00
3.335199585672066860e+03 1.887339673341222657e+00
3.345212282535066151e+03 2.166467542844676242e+00
3.355224979398064534e+03 1.798826739059136814e+00
3.365237676261063825e+03 1.944984167396148989e+00
3.375250373124062207e+03 1.733211407406519911e+00
3.385263069987061499e+03 1.791964732809476546e+00
3.395275766850059881e+03 1.644837328236572915e+00
3.405288463713059173e+03 1.519871483431737502e+00
3.415301160576057555e+03 2.266612438620926540e+00
3.425313857439056846e+03 1.972816444587963014e+00
3.435326554302055229e+03 1.946475581002727440e+00
3.445339251165054520e+03 1.768090428558136695e+00
3.455351948028053812e+03 1.965501808868481692e+00
3.465364644891052194e+03 2.223312011413719702e+00
3.475377341754051486e+03 1.491653577974721534e+00
3.485390038617049868e+03 1.527040715843219765e+00
3.495402735480049159e+03 1.757865933818696602e+00
3.505415432343047542e+03 1.831777606777513334e+00
3.515428129206046833e+03 1.930358572605290979e+00
3.525440826069045215e+03 1.831857550174874394e+00
3.535453522932044507e+03 1.799921891017379538e+00
3.545466219795042889e+03 1.945535042850494722e+00
3.555478916658042181e+03 1.840172482012225830e+00
3.565491613521041018e+03 2.007541293726924359e+00
3.575504310384039854e+03 2.284441280213279413e+00
3.585517007247039146e+03 1.311092057822547119e+00
3.595529704110037528e+03 1.744996248832837660e+00
3.605542400973036820e+03 1.689088816836343598e+00
3.615555097836035202e+03 1.763618166872083615e+00
3.625567794699034494e+03 1.706968486030338683e+00
3.635580491562032876e+03 1.441942638659787335e+00
3.645593188425032167e+03 1.647923363839713273e+00
3.655605885288030549e+03 1.293825357232252005e+00
3.665618582151029841e+03 1.137869968234511253e+00
3.675631279014028678e+03 1.434696987433732973e+00
3.685643975877027515e+03 1.816535429811138247e+00
3.695656672740026806e+03 1.753070743525373620e+00
3.705669369603025189e+03 1.388824553110471038e+00
3.715682066466024480e+03 1.737933556910783661e+00
3.725694763329022862e+03 1.903774554719450007e+00
3.735707460192022154e+03 1.973993816308865723e+00
3.745720157055020536e+03 1.714689399800633840e+00
3.755732853918019828e+03 1.669646455664919760e+00
3.765745550781018210e+03 1.756423989159039856e+00
3.775758247644017501e+03 1.901380022829531891e+00
3.785770944507016338e+03 1.964118446580757071e+00
3.795783641370015175e+03 1.562432920881623888e+00
3.805796338233014467e+03 1.349242510117431681e+00
3.815809035096012849e+03 1.065180058599180857e+00
3.825821731959012141e+03 1.474237473624055106e+00
3.835834428822010523e+03 1.559856998301185627e+00
3.845847125685009814e+03 1.501113679051540473e+00
3.855859822548008196e+03 1.556386207734634208e+00
3.865872519411007488e+03 1.222740029039427689e+00
3.875885216274005870e+03 1.298101083880346618e+00
3.885897913137005162e+03 1.394098100026620157e+00
3.895910610000003999e+03 1.162054552826626175e+00
3.905923306863002836e+03 1.673933854966115575e+00
3.915936003726002127e+03 1.840739562158669074e+00
3.925948700589000509e+03 1.319211466150765677e+00
3.935961397451999801e+03 1.616256348670960241e+00
3.945974094314998183e+03 1.798493920473175800e+00
3.955986791177997475e+03 1.616222414341661251e+00
3.965999488040995857e+03 2.261843572776673028e+00
3.976012184903995148e+03 1.851473370857334988e+00
3.986024881766993985e+03 1.871815906617420477e+00
3.996037578629992822e+03 1.853201076631230126e+00
4.006050275492991659e+03 1.791376704938418385e+00
4.016062972355990496e+03 1.643030454501386517e+00
4.026075669218989333e+03 1.717999293585088738e+00
4.036088366081988170e+03 1.675163410325268831e+00
4.046101062944987461e+03 1.463540953018557023e+00
4.056113759807985844e+03 1.538794199673275021e+00
4.066126456670985135e+03 1.608944599255049512e+00
4.076139153533983517e+03 1.220236410369459401e+00
4.086151850396982809e+03 1.357933262312656320e+00
4.096164547259981191e+03 1.732277157584106497e+00
4.106177244122980483e+03 1.054336360805036454e+00
4.116189940985979774e+03 1.491390337229924867e+00
4.126202637848978156e+03 1.570638729446962589e+00
4.136215334711976539e+03 1.058538107832718955e+00
4.146228031574975830e+03 1.060683286609760856e+00
4.156240728437975122e+03 1.548515331447587240e+00
4.166253425300974413e+03 1.654381648285060180e+00
4.176266122163971886e+03 1.037738773915948709e+00
4.186278819026971178e+03 1.079736825130748423e+00
4.196291515889970469e+03 1.078849003880271606e+00
4.206304212752969761e+03 1.187534748567396825e+00
4.216316909615968143e+03 1.198346216345843596e+00
4.226329606478966525e+03 1.081087986694426739e+00
4.236342303341965817e+03 1.305700967944640967e+00
4.246355000204965108e+03 1.170397131116578393e+00
4.256367697067963491e+03 1.151135189880658549e+00
4.266380393930961873e+03 1.328903365297383843e+00
4.276393090793961164e+03 1.408605776643481189e+00
4.286405787656960456e+03 1.340286883977348298e+00
4.296418484519959748e+03 1.391486709987259873e+00
4.306431181382957220e+03 1.419775311278006047e+00
4.316443878245956512e+03 1.494353112695701702e+00
4.326456575108955803e+03 1.742379654459808469e+00
4.336469271971955095e+03 1.911785761489676272e+00
4.346481968834953477e+03 1.748147312621421756e+00
4.356494665697951859e+03 2.023333773980235506e+00
4.366507362560951151e+03 1.920262351005135093e+00
4.376520059423950443e+03 1.906591292913895730e+00
4.386532756286949734e+03 1.882822891804180720e+00
4.396545453149947207e+03 1.491979747359921227e+00
4.406558150012946498e+03 1.608953584304976703e+00
4.416570846875945790e+03 1.428712579914163339e+00
4.426583543738945082e+03 1.370645111334373389e+00
4.436596240601943464e+03 1.189412828859877980e+00
4.446608937464941846e+03 1.107825180928942554e+00
4.456621634327941138e+03 1.041837949172628619e+00
4.466634331190940429e+03 1.263441177179833952e+00
4.476647028053938811e+03 1.571875115685120061e+00
4.486659724916937193e+03 1.357933460841858286e+00
4.496672421779936485e+03 1.336520216347423462e+00
4.506685118642935777e+03 1.359109864122664657e+00
4.516697815505935068e+03 1.542250412510800528e+00
4.526710512368932541e+03 1.524768676704840509e+00
4.536723209231931833e+03 1.641758892585173824e+00
4.546735906094931124e+03 1.825726192630924505e+00
4.556748602957930416e+03 1.816537443586271339e+00
4.566761299820928798e+03 1.858052450278077750e+00
4.576773996683927180e+03 1.726681526371619313e+00
4.586786693546926472e+03 1.764851352823536335e+00
4.596799390409925763e+03 1.905402630004623621e+00
4.606812087272925055e+03 1.795841758711733460e+00
4.616824784135922528e+03 1.807952211614072047e+00
4.626837480998921819e+03 1.817632740249951029e+00
4.636850177861921111e+03 1.690652233925817205e+00
4.646862874724920403e+03 1.669943271580191624e+00
4.656875571587918785e+03 1.740075548787738846e+00
4.666888268450917167e+03 1.513862180668776425e+00
4.676900965313916458e+03 1.417162831708983495e+00
4.686913662176915750e+03 1.367177570395863295e+00
4.696926359039914132e+03 1.464410576672201536e+00
4.706939055902912514e+03 1.012523268026869427e+00
4.716951752765911806e+03 1.344723871814666571e+00
4.726964449628911098e+03 1.253669299338819876e+00
4.736977146491910389e+03 7.416383006650413279e-01
4.746989843354907862e+03 6.564573109634054271e-01
4.757002540217907153e+03 8.717809489143084622e-01
4.767015237080906445e+03 1.356945177588281037e+00
4.777027933943905737e+03 6.833818329492785670e-01
4.787040630806904119e+03 1.248536143248617947e+00
4.797053327669902501e+03 1.847393028104511004e+00
4.807066024532901793e+03 6.577056133538486948e-01
4.817078721395901084e+03 5.031781752850469358e-01
4.827091418258900376e+03 8.675074045095355624e-01
4.837104115121897848e+03 1.104625470096308959e+00
4.847116811984897140e+03 1.109098214534835369e+00
4.857129508847896432e+03 1.013811247698817475e+00
4.867142205710895723e+03 4.126244524498010047e-02
4.877154902573894105e+03 1.123631596969575375e+00
4.887167599436892488e+03 1.012856401186330135e+00
4.897180296299891779e+03 1.201993458865135533e+00
4.907192993162891071e+03 1.357650662516908913e+00
4.917205690025889453e+03 5.268825065735417423e-01
4.927218386888887835e+03 1.404168932089226995e+00
4.937231083751887127e+03 1.310644465812200066e+00
4.947243780614886418e+03 1.795511544501274370e+00
4.957256477477885710e+03 1.833914081310403343e+00
4.967269174340883183e+03 2.789029143417021572e+00
4.977281871203882474e+03 2.680243671635625713e+00
4.987294568066881766e+03 3.008792790908424664e+00
4.997307264929881057e+03 2.475044768764329994e+00
5.007319961792879440e+03 2.741260221272015851e+00
5.017332658655877822e+03 2.355334476848077063e+00
5.027345355518877113e+03 1.979951725037863763e+00
5.037358052381876405e+03 2.036061814515160329e+00
5.047370749244875697e+03 1.853684465986530583e+00
5.057383446107873169e+03 1.397409209446734746e+00
5.067396142970872461e+03 1.557888014235826013e+00
5.077408839833871752e+03 1.142839703292879205e+00
5.087421536696871044e+03 1.190800552651305688e+00
5.097434233559868517e+03 1.387310518117624403e+00
5.107446930422867808e+03 6.634665574982362424e-01
5.117459627285867100e+03 1.478786461129056651e+00
5.127472324148866392e+03 1.116459354037438345e+00
5.137485021011865683e+03 1.425179931842841530e+00
5.147497717874863156e+03 1.135212509077751619e+00
5.157510414737862448e+03 1.529200861483903662e+00
5.167523111600861739e+03 1.314743481833940519e+00
5.177535808463861031e+03 1.517718231653746530e+00
5.187548505326858503e+03 1.483001429928728854e+00
5.197561202189857795e+03 1.292743064000078324e+00
5.207573899052857087e+03 1.412020663335285864e+00
5.217586595915856378e+03 1.684899957454002450e+00
5.227599292778853851e+03 1.500795227906080109e+00
5.237611989641853143e+03 1.478941621207319201e+00
5.247624686504852434e+03 1.451817794728590627e+00
5.257637383367851726e+03 1.551021507150127876e+00
5.267650080230851017e+03 1.460526944668384397e+00
5.277662777093848490e+03 1.558169360432767547e+00
5.287675473956847782e+03 1.963275748711149848e+00
5.297688170819847073e+03 1.603848373862765353e+00
5.307700867682846365e+03 2.025997272409836736e+00
5.317713564545843838e+03 1.559783536533519754e+00
5.327726261408843129e+03 1.532827361865575888e+00
5.337738958271842421e+03 1.538454675287288742e+00
5.347751655134841712e+03 1.673489005482021952e+00
5.357764351997841004e+03 1.348653252563987159e+00
5.367777048860838477e+03 1.322737681097878593e+00
5.377789745723837768e+03 1.465348054798223831e+00
5.387802442586837060e+03 1.174646321918276781e+00
5.397815139449836352e+03 1.021767487516263673e+00
5.407827836312833824e+03 1.132563617680314882e+00
5.417840533175833116e+03 6.057159170669897952e-01
5.427853230038832407e+03 7.001357744585453569e-01
5.437865926901831699e+03 7.760599690215623792e-01
5.447878623764829172e+03 1.117002923883513077e+00
5.457891320627828463e+03 1.342802318761381120e+00
5.467904017490827755e+03 1.077629807930738703e+00
5.477916714353827047e+03 8.370394224312215359e-01
5.487929411216826338e+03 8.692786365085306555e-01
5.497942108079823811e+03 5.092891677345173784e-01
5.507954804942823102e+03 9.140474548427727219e-01
5.517967501805822394e+03 7.816398906052228757e-01
5.527980198668821686e+03 5.848570142610942657e-01
5.537992895531819158e+03 7.151432366237694405e-01
5.548005592394818450e+03 9.759812676919474850e-01
5.558018289257817742e+03 8.261892555744833055e-01
5.568030986120817033e+03 8.971100216635857771e-01
5.578043682983816325e+03 7.166303610435961202e-01
5.588056379846813797e+03 5.955606891188391927e-01
5.598069076709813089e+03 8.235572995576696531e-01
5.608081773572812381e+03 6.427946542210838388e-01
5.618094470435811672e+03 6.628728702297618236e-01
5.628107167298809145e+03 5.278692300898322198e-01
5.638119864161808437e+03 4.479245236845199596e-01
5.648132561024807728e+03 5.730987414465339436e-01
5.658145257887807020e+03 4.551071836769336465e-01
5.668157954750804493e+03 5.949702793269407985e-01
5.678170651613803784e+03 5.243071919862249963e-01
5.688183348476803076e+03 5.988487134115240140e-01
5.698196045339802367e+03 5.507546572741447433e-01
5.708208742202801659e+03 3.853290276374424783e-01
5.718221439065799132e+03 3.285948578587796765e-01
5.728234135928798423e+03 5.620019508454675572e-01
5.738246832791797715e+03 3.553193645374278509e-01
5.748259529654797007e+03 7.029006806216306913e-01
5.758272226517794479e+03 4.062232716652636189e-01
5.768284923380793771e+03 8.189179210278673127e-01
5.778297620243793062e+03 2.285643106166521110e-01
5.788310317106792354e+03 2.461624962481658019e-01
5.798323013969791646e+03 6.963967563874031708e-01
5.808335710832789118e+03 5.348032799029714957e-01
5.818348407695788410e+03 4.591837094299660027e-01
5.828361104558787702e+03 4.426600769288944748e-01
5.838373801421786993e+03 5.309494430241551433e-01
5.848386498284784466e+03 4.307050790135465990e-01
5.858399195147783757e+03 4.936386401251459111e-01
5.868411892010783049e+03 4.560264799150421933e-01
5.878424588873782341e+03 8.861570502353588452e-01
5.888437285736779813e+03 5.770856705980048629e-01
5.898449982599779105e+03 4.226916778176875722e-01
5.908462679462778397e+03 2.032057647587088567e-01
5.918475376325777688e+03 3.876472385767914530e-01
5.928488073188776980e+03 2.047919826298367774e-01
5.938500770051774452e+03 3.901742694189614946e-01
5.948513466914773744e+03 2.516017555471758982e-01
5.958526163777773036e+03 5.186811859907827227e-01
5.968538860640772327e+03 5.454371194465876815e-01
5.978551557503769800e+03 3.426043732329910885e-01
5.988564254366769092e+03 5.393657841024602773e-01
5.998576951229768383e+03 6.569518387352121236e-01
6.008589648092767675e+03 6.124196538170345594e-01
6.018602344955766057e+03 5.310683114494226809e-01
6.028615041818764439e+03 7.141990985264792258e-01
6.038627738681763731e+03 7.878878640090941632e-01
6.048640435544763022e+03 6.053147148343925865e-01
6.058653132407762314e+03 6.027807730673734321e-01
6.068665829270759787e+03 5.649597011314401174e-01
6.078678526133759078e+03 6.859060619837421546e-01
6.088691222996758370e+03 6.064216189372763077e-01
6.098703919859757661e+03 6.220584365221498713e-01
6.108716616722755134e+03 5.713774617736044892e-01
6.118729313585754426e+03 7.035881149189042727e-01
6.128742010448753717e+03 6.397464250241943207e-01
6.138754707311753009e+03 5.840031978992527018e-01
6.148767404174752301e+03 6.517528550080008420e-01
6.158780101037749773e+03 7.710032365811686494e-01
6.168792797900749065e+03 7.675528416697189327e-01
6.178805494763748356e+03 5.533456843097364075e-01
6.188818191626747648e+03 8.115797827941738651e-01
6.198830888489745121e+03 5.835172127981306245e-01
6.208843585352744412e+03 9.263765013543597826e-01
6.218856282215743704e+03 9.001003633913868818e-01
6.228868979078742996e+03 6.474752149183627958e-01
6.238881675941741378e+03 5.810758287310067161e-01
6.248894372804739760e+03 1.010593099402105288e+00
6.258907069667739052e+03 7.524858230415847338e-01
6.268919766530738343e+03 6.953193436602400634e-01
6.278932463393737635e+03 9.629096731814337229e-01
6.288945160256735107e+03 1.001296605849732790e+00
6.298957857119734399e+03 9.371943814119033656e-01
6.308970553982733691e+03 1.281202387522786257e+00
6.318983250845732982e+03 1.094724273622264876e+00
6.328995947708730455e+03 1.276804285055761712e+00
6.339008644571729747e+03 1.257144375384053880e+00
6.349021341434729038e+03 1.128580920163885892e+00
6.359034038297728330e+03 9.434987804842692727e-01
6.369046735160727621e+03 1.311126166453268738e+00
6.379059432023725094e+03 1.114001708081451492e+00
6.389072128886724386e+03 1.134914277163462160e+00
6.399084825749723677e+03 9.935568431143368962e-01
6.409097522612722969e+03 1.080239549397676413e+00
6.419110219475720442e+03 1.081058060382822594e+00
6.429122916338719733e+03 1.181892741544818826e+00
6.439135613201719025e+03 9.276526952536375825e-01
6.449148310064718316e+03 1.257656186101810514e+00
6.459161006927716699e+03 1.125604511861417079e+00
6.469173703790715081e+03 7.460286982568939962e-01
6.479186400653714372e+03 8.895255911877383292e-01
6.489199097516713664e+03 9.106848834772928170e-01
6.499211794379712956e+03 8.436685504497858368e-01
6.509224491242710428e+03 8.942573660154031767e-01
6.519237188105709720e+03 7.711263309467958349e-01
6.609351459872699706e+03 4.530285885899126286e-01
6.619364156735698998e+03 6.772332569744241582e-01
6.629376853598698290e+03 4.901829560727920532e-01
6.639389550461695762e+03 7.706539738073451273e-01
6.649402247324695054e+03 5.740922350562235321e-01
6.659414944187694346e+03 4.168210310238772975e-01
6.669427641050693637e+03 5.190110578028750421e-01
6.679440337913692019e+03 6.617283033246127433e-01
6.689453034776690401e+03 8.643433398795912215e-01
6.699465731639689693e+03 3.168928250978751970e-01
6.709478428502688985e+03 6.664084808378157865e-01
6.719491125365688276e+03 8.907813305070938492e-01
6.729503822228685749e+03 5.727771090403751542e-01
6.739516519091685041e+03 5.428641451442102195e-01
6.749529215954684332e+03 5.933641166885881280e-01
6.759541912817683624e+03 6.906134650515616258e-01
6.769554609680681097e+03 5.535984461501011200e-01
6.779567306543680388e+03 4.944717706400365564e-01
6.789580003406679680e+03 5.947632806149877327e-01
6.799592700269678971e+03 4.894452951652971118e-01
6.809605397132678263e+03 4.985922492461310473e-01
6.819618093995675736e+03 5.284441346673643958e-01
6.829630790858675027e+03 5.277292136614191165e-01
6.839643487721674319e+03 3.230489731184588154e-01
6.849656184584673611e+03 2.580339172456640462e-01
6.859668881447671083e+03 6.157680024716823963e-01
6.869681578310670375e+03 3.793592143345530521e-01
6.879694275173669666e+03 3.780073967978961891e-01
6.889706972036668958e+03 5.090860638446522701e-01
6.899719668899666431e+03 4.347534749284258093e-01
6.909732365762665722e+03 3.939545334090656659e-01
6.919745062625665014e+03 4.868496781398449214e-01
6.929757759488664306e+03 4.000935342327854860e-01
6.939770456351663597e+03 4.320083988981632261e-01
6.949783153214661070e+03 5.305296908468224437e-01
6.959795850077660361e+03 5.310405181637751770e-01
6.969808546940659653e+03 4.667862166851505235e-01
6.979821243803658945e+03 4.813249873142401714e-01
6.989833940666656417e+03 4.772545154222575525e-01
6.999846637529655709e+03 4.688991376198311523e-01
7.009859334392655001e+03 5.969446109559197744e-01
7.019872031255654292e+03 5.400402511439543751e-01
7.029884728118653584e+03 3.687747437409371609e-01
7.039897424981651056e+03 4.691649353287265511e-01
7.049910121844650348e+03 5.356633421307067655e-01
7.059922818707649640e+03 5.183786556766569742e-01
7.069935515570648931e+03 7.455111012559539896e-01
7.079948212433647313e+03 3.558558426280833409e-01
7.089960909296645696e+03 5.534489211415904997e-01
7.099973606159644987e+03 6.126552642238066726e-01
7.109986303022644279e+03 7.931110814333086623e-01
7.119998999885642661e+03 8.745413776829533692e-01
7.130011696748641043e+03 9.777448792090291940e-01
7.140024393611640335e+03 7.204715886886854381e-01
7.150037090474639626e+03 1.109647095076938150e+00
7.160049787337638008e+03 9.409028474825048560e-01
7.170062484200636391e+03 9.304420515975256878e-01
7.180075181063635682e+03 6.851373029351706112e-01
7.190087877926634974e+03 8.124086389700247990e-01
7.200100574789634265e+03 9.212859393628318738e-01
7.210113271652632648e+03 7.842237718773562571e-01
7.220125968515631030e+03 9.411573191491998669e-01
7.230138665378630321e+03 1.084303294404870721e+00
7.240151362241629613e+03 1.605290415280983485e+00
7.250164059104627995e+03 1.573691232039003962e+00
7.260176755967626377e+03 2.267315629937679766e+00
7.270189452830625669e+03 3.110778230731715777e+00
7.280202149693624960e+03 4.088680379584992863e+00
7.290214846556623343e+03 4.273965860821632212e+00
7.300227543419621725e+03 3.825867879705114660e+00
7.310240240282621016e+03 3.170520883692841352e+00
7.320252937145620308e+03 2.985811842134222349e+00
7.330265634008619600e+03 2.844871867644898522e+00
7.340278330871617982e+03 3.011743084419179262e+00
7.350291027734616364e+03 3.302442397926995454e+00
7.360303724597615656e+03 3.241944462850341768e+00
7.370316421460614947e+03 3.051018768735079156e+00
7.380329118323613329e+03 2.414938122408146981e+00
7.390341815186611711e+03 2.019841667178818856e+00
7.400354512049611003e+03 1.720373400445138978e+00
7.410367208912610295e+03 1.715907671444991456e+00
7.420379905775609586e+03 8.233942030098088116e-01
7.430392602638607968e+03 1.021014779717166920e+00
7.440405299501606351e+03 1.176883151878856948e+00
7.450417996364605642e+03 9.057728790785489759e-01
7.460430693227604934e+03 8.921525264094982699e-01
7.470443390090603316e+03 7.826086826444554889e-01
7.480456086953601698e+03 6.183848184418428984e-01
7.490468783816600990e+03 6.389503118879762411e-01
7.500481480679600281e+03 7.138469316735008841e-01
7.510494177542598663e+03 7.348463617580774931e-01
7.520506874405597046e+03 4.648459994959002195e-01
7.530519571268596337e+03 4.262114686009249032e-01
7.540532268131595629e+03 4.141720154675317400e-01
7.550544964994594920e+03 6.445034678471514011e-01
7.560557661857593303e+03 4.460322966504355890e-01
7.570570358720591685e+03 4.962236229311541846e-01
7.580583055583590976e+03 4.630861010838406289e-01
7.590595752446590268e+03 4.665549301435305551e-01
7.600608449309588650e+03 5.437584319242945163e-01
7.610621146172587032e+03 5.542701650277590542e-01
7.620633843035586324e+03 4.848349456225875542e-01
7.630646539898585615e+03 4.608295662109832547e-01
7.640659236761584907e+03 2.718662889771280011e-01
7.650671933624583289e+03 5.854653061468343411e-01
7.660684630487581671e+03 3.729641173238086860e-01
7.670697327350580963e+03 5.965894644070932618e-01
7.680710024213580255e+03 5.738660287549403050e-01
7.690722721076578637e+03 4.226735755221223689e-01
7.700735417939577019e+03 4.878594611033830741e-01
7.710748114802576310e+03 5.709821774893103496e-01
7.720760811665575602e+03 6.871374347692877915e-01
7.730773508528573984e+03 6.908228662826184641e-01
7.740786205391572366e+03 9.929614833567695920e-01
7.750798902254571658e+03 9.296611170350571607e-01
7.760811599117570950e+03 1.070351914874945187e+00
7.770824295980570241e+03 1.159477887350474745e+00
7.780836992843568623e+03 1.234393296470526868e+00
7.790849689706567005e+03 1.119658407732788241e+00
7.800862386569566297e+03 9.136235323303202316e-01
7.810875083432565589e+03 9.224210016634906140e-01
7.820887780295563971e+03 9.565302889979281353e-01
7.830900477158562353e+03 9.238358046678261104e-01
7.840913174021561645e+03 8.488081462586348769e-01
7.850925870884560936e+03 6.986680794740495193e-01
7.860938567747560228e+03 7.978373721125842088e-01
7.870951264610558610e+03 7.250969392826176474e-01
7.880963961473556992e+03 7.345852562038486244e-01
7.890976658336556284e+03 6.464845834062620256e-01
7.900989355199555575e+03 6.934326679891962275e-01
7.911002052062553958e+03 7.753566045418184283e-01
7.921014748925552340e+03 6.181745858962780504e-01
7.931027445788551631e+03 8.448597468364765772e-01
7.941040142651550923e+03 5.031124056314562054e-01
7.951052839514549305e+03 4.693398006066720196e-01
7.961065536377547687e+03 6.222359510734201127e-01
7.971078233240546979e+03 5.979289838017102232e-01
7.981090930103546270e+03 4.322361489418536373e-01
7.991103626966545562e+03 4.332213632262842951e-01
8.001116323829543944e+03 9.193386342722448257e-02
8.011129020692542326e+03 -5.474199460326138050e-02
8.021141717555541618e+03 2.422877544282759643e-01
8.031154414418540910e+03 -5.702044165523240116e-02
8.041167111281539292e+03 2.522198690885406047e-01
8.051179808144537674e+03 9.895550594935957622e-02
8.061192505007536965e+03 4.145464370572073953e-01
8.071205201870536257e+03 1.529066023056649126e-01
8.081217898733535549e+03 3.060583833000954379e-01
8.091230595596533931e+03 1.896097216481949232e-01
8.101243292459532313e+03 7.329914914919379854e-01
8.111255989322531605e+03 2.561692561582277761e-01
8.121268686185530896e+03 4.004600863694579016e-01
8.131281383048529278e+03 2.170338492402394404e-01
8.141294079911527660e+03 1.529135468890781835e-01
8.151306776774526952e+03 1.467254876019060683e-01
8.161319473637526244e+03 4.066417888419654458e-01
8.171332170500524626e+03 2.281060610790870691e-01
8.181344867363523008e+03 4.020799924187536956e-01
8.191357564226522300e+03 3.669984190430136684e-01
8.201370261089521591e+03 2.041915312044511321e-01
8.211382957952520883e+03 1.263648547146782042e-01
8.221395654815518355e+03 3.810511830750651363e-01
8.231408351678517647e+03 4.850431380699531392e-01
8.241421048541516939e+03 2.885616743507148918e-01
8.251433745404516230e+03 3.340844349578625527e-01
8.261446442267515522e+03 3.348777280923329602e-01
8.271459139130512995e+03 4.305762068132380493e-01
8.281471835993512286e+03 7.645568499369398419e-02
8.291484532856511578e+03 1.586841235926554350e-01
8.301497229719510869e+03 4.694690285333530944e-01
8.311509926582508342e+03 5.549478408156266473e-02
8.321522623445507634e+03 -3.370158821283122247e-02
8.331535320308506925e+03 2.942781683838941453e-01
8.341548017171506217e+03 2.048186471314216439e-01
8.351560714034505509e+03 7.921448892042065593e-02
8.361573410897502981e+03 5.888376843389663273e-01
8.371586107760502273e+03 8.066377779524479263e-02
8.381598804623501564e+03 3.707812410128903391e-01
8.391611501486499037e+03 6.926380167590048265e-01
8.401624198349498329e+03 5.068308015410547540e-01
8.411636895212497620e+03 6.789809451961159592e-01
8.421649592075496912e+03 2.529434498451482161e-01
8.431662288938496204e+03 6.230966903755200681e-01
8.441674985801495495e+03 9.725968629317963687e-01
8.451687682664492968e+03 6.127186624362799261e-01
8.461700379527492260e+03 4.726231852783391862e-01
8.471713076390491551e+03 9.649118333485788845e-01
8.481725773253489024e+03 9.352330878973632577e-01
8.491738470116488315e+03 9.193685865686672676e-01
8.501751166979487607e+03 9.062856806384325115e-01
8.511763863842486899e+03 1.146642583608294963e+00
8.521776560705486190e+03 1.414393884895317255e+00
8.531789257568485482e+03 1.120243997988527029e+00
8.541801954431482955e+03 1.263326357055300164e+00
8.551814651294482246e+03 2.364698448835601319e+00
8.561827348157481538e+03 8.602043119772079249e-01
8.571840045020479010e+03 6.669446019102046597e-01
8.581852741883478302e+03 1.000000000000000000e+00
8.591865438746477594e+03 1.190518991704317298e+00
8.601878135609476885e+03 1.361277783884183634e+00
8.611890832472476177e+03 2.330593145445267744e+00
8.621903529335473650e+03 5.983438419307506306e-01
8.631916226198472941e+03 8.815382449224842265e-01
8.641928923061472233e+03 5.599657932733549393e-01
8.651941619924471524e+03 1.336424907747409740e+00
8.661954316787468997e+03 7.020752436416041187e-01
8.671967013650468289e+03 1.149852923042393060e+00
8.681979710513467580e+03 8.183480769050697212e-01
8.691992407376466872e+03 7.338122300718367130e-01
8.702005104239466164e+03 5.599387366416259670e-01
8.712017801102463636e+03 8.641859153210832423e-01
8.722030497965462928e+03 9.968307307258117422e-01
8.732043194828462219e+03 5.748837754368352204e-01
8.742055891691461511e+03 -2.684564518839417935e-01
8.752068588554458984e+03 3.792400607429995407e-01
8.762081285417458275e+03 -6.345844426960475237e-01
