2.412024314828424394e+03 3.754861094757003803e-01
2.422033545989032518e+03 2.061174826711882346e+00
2.432042777149640642e+03 -2.159990266035528850e-02
2.442052008310249221e+03 1.321656500953771518e+00
2.452061239470857345e+03 2.412696543657615392e-02
2.462070470631465469e+03 1.928204162054808490e-01
2.472079701792074047e+03 6.618098893939037275e-01
2.482088932952682171e+03 5.578884362072078495e-01
2.492098164113290295e+03 5.718963175784407271e-01
2.502107395273898874e+03 -3.607846831359065587e-01
2.512116626434507452e+03 2.235750339511260731e-01
2.522125857595115122e+03 1.604149494854343605e-01
2.532135088755723700e+03 1.687971488904065565e+00
2.542144319916332279e+03 1.493621898280071303e+00
2.552153551076939948e+03 9.671533648902179703e-01
2.562162782237548527e+03 6.040992550377191073e-01
2.572172013398157105e+03 6.384420946863542667e-01
2.582181244558765229e+03 -3.712063050969863220e-02
2.592190475719373353e+03 3.988358492491502205e-01
2.602199706879981932e+03 1.032329321997974558e-01
2.612208938040590056e+03 -2.254739420201115896e-01
2.622218169201198180e+03 6.824184191727700188e-01
2.632227400361806758e+03 3.473337572317861111e-01
2.642236631522414882e+03 5.700814042028745643e-01
2.652245862683023006e+03 2.714025543806764529e-01
2.662255093843631585e+03 -3.976167486988672617e-01
2.672264325004239709e+03 3.571364089521072982e-01
2.682273556164847832e+03 2.658675395834804722e-01
2.692282787325456411e+03 -7.867567058380235678e-02
2.702292018486064535e+03 7.790303715391437567e-02
2.712301249646672659e+03 4.740413222491738354e-01
2.722310480807281238e+03 2.666262393142265208e-01
2.732319711967889361e+03 4.270910361177180925e-01
2.742328943128497485e+03 4.921849610248922313e-01
2.752338174289106064e+03 4.688901710508756593e-01
2.762347405449714643e+03 3.842694424165351563e-01
2.772356636610322312e+03 2.921888860105660846e-01
2.782365867770930890e+03 1.393746712824498191e-01
2.792375098931539469e+03 6.571462214162917537e-01
2.802384330092147138e+03 1.016596016924538048e-01
2.812393561252755717e+03 -1.868819128810179642e-01
2.822402792413364295e+03 3.421833910306227300e-01
2.832412023573972419e+03 2.837191594250680904e-01
2.842421254734580543e+03 3.939676895179332616e-01
2.852430485895189122e+03 2.924020127326534824e-01
2.862439717055797246e+03 1.633318810886340011e-01
2.872448948216405370e+03 3.009965538625783976e-01
2.882458179377013948e+03 5.746296776016767034e-04
2.892467410537622072e+03 2.292203408457559044e-01
2.902476641698230196e+03 3.184968874863606803e-01
2.912485872858838775e+03 2.362393927262165239e-01
2.922495104019446899e+03 9.171985022254666720e-02
2.932504335180055023e+03 5.936305332485536379e-01
2.942513566340663601e+03 6.665493095950199010e-01
2.952522797501271725e+03 4.157953198470825118e-01
2.962532028661879849e+03 2.559443908029735426e-01
2.972541259822488428e+03 3.027262950490230420e-01
2.982550490983096552e+03 4.877877995745315554e-01
2.992559722143704676e+03 4.868387380386061114e-01
3.002568953304313254e+03 3.576070147343962113e-01
3.012578184464921378e+03 5.513741374843981191e-01
3.022587415625529502e+03 4.126266789126218915e-01
3.032596646786138081e+03 3.148957131306470703e-01
3.042605877946746659e+03 1.319734435469310518e-01
3.052615109107354328e+03 3.169555456122585269e-01
3.062624340267962907e+03 7.114342682649207328e-01
3.072633571428571486e+03 3.579339660410238988e-01
3.082642802589179610e+03 3.040121203557606955e-01
3.092652033749787734e+03 4.729906035842968426e-01
3.102661264910396312e+03 6.585800186829318115e-01
3.112670496071004436e+03 3.994944618452142548e-01
3.122679727231612560e+03 4.702211336928619478e-01
3.132688958392221139e+03 4.899072918383847175e-01
3.142698189552829263e+03 3.793019805477709783e-01
3.152707420713437386e+03 2.273155452982596469e-01
3.162716651874045965e+03 3.366071638838518676e-01
3.172725883034654089e+03 2.040988625391517153e-01
3.182735114195262213e+03 6.265356506448751528e-01
3.192744345355870792e+03 3.210771730683182335e-01
3.202753576516478915e+03 5.984566956330609200e-01
3.212762807677087039e+03 4.556504093760057050e-01
3.222772038837695618e+03 5.256172039972053511e-01
3.232781269998303742e+03 6.239176852004488794e-01
3.242790501158911866e+03 4.225910400427038138e-01
3.252799732319520444e+03 6.222660512289129864e-01
3.262808963480128568e+03 4.708420664264574840e-01
3.272818194640736692e+03 4.270042939343270949e-01
3.282827425801345271e+03 2.103619621788380412e-01
3.292836656961953395e+03 3.995874840056833910e-01
3.302845888122561519e+03 5.843263547088052290e-01
3.312855119283170097e+03 6.009836014098548507e-01
3.322864350443778676e+03 3.988798090886968017e-01
3.332873581604386800e+03 1.552657607799731443e-01
3.342882812764994924e+03 3.903983075461773811e-01
3.352892043925603502e+03 5.972556500168773042e-01
3.362901275086211626e+03 2.555985995651115505e-01
3.372910506246819750e+03 7.998704754727644639e-01
3.382919737407428329e+03 7.233619072290385921e-01
3.392928968568036453e+03 3.320836178947946249e-01
3.402938199728644577e+03 2.658471296579766885e-01
3.412947430889253155e+03 5.269779965303126312e-01
3.422956662049861279e+03 5.812770333388282973e-01
3.432965893210469403e+03 4.185746022027019841e-01
3.442975124371077982e+03 2.708122365353366479e-01
3.452984355531686106e+03 7.109781849296249456e-01
3.462993586692294230e+03 4.637692422422657890e-01
3.473002817852902808e+03 4.707867241284569015e-01
3.483012049013510932e+03 4.634681958410851732e-01
3.493021280174119056e+03 5.978938526874375547e-01
3.503030511334727635e+03 3.508921492436552492e-01
3.513039742495335759e+03 6.644160798813084634e-01
3.523048973655943882e+03 4.694804888962154643e-01
3.533058204816552461e+03 3.868057681589462393e-01
3.543067435977160585e+03 5.038610084073191775e-01
3.553076667137769164e+03 4.277100063584768352e-01
3.563085898298377288e+03 6.034579123786197874e-01
3.573095129458985411e+03 1.907236888585356338e-01
3.583104360619593990e+03 5.272244856306274041e-01
3.593113591780202114e+03 5.938048026124704837e-01
3.603122822940810693e+03 3.111716867233434436e-01
3.613132054101418817e+03 4.476701285040309286e-01
3.623141285262026940e+03 5.358284467261694578e-02
3.633150516422635519e+03 4.911020574774901948e-01
3.643159747583243643e+03 5.800755952240773672e-01
3.653168978743851767e+03 4.572867359034138990e-01
3.663178209904460346e+03 5.665163397153599734e-01
3.673187441065068469e+03 3.830656493103799520e-01
3.683196672225676593e+03 3.836618546342305258e-01
3.693205903386285172e+03 2.011743557136016491e-01
3.703215134546893296e+03 1.826539183131981325e-01
3.713224365707501420e+03 4.759775176820604248e-01
3.723233596868109998e+03 5.571807612902212048e-01
3.733242828028718122e+03 6.723484759280627943e-01
3.743252059189326246e+03 3.331288415797281632e-01
3.753261290349934825e+03 5.277363037624911435e-01
3.763270521510542949e+03 1.913740589846847140e+00
3.773279752671151073e+03 4.209040812001036413e-01
3.783288983831759651e+03 3.568114201383165152e-01
3.793298214992367775e+03 4.873313237406682874e-01
3.803307446152976354e+03 6.121246732449425743e-01
3.813316677313584478e+03 6.744102709025112663e-01
3.823325908474192602e+03 3.412390394775058899e-01
3.833335139634801180e+03 4.209299861055506575e-01
3.843344370795409304e+03 6.073526756627337653e-01
3.853353601956017883e+03 8.137943621505780989e-01
3.863362833116626007e+03 6.172691519675951310e-01
3.873372064277234131e+03 5.393574013454851546e-01
3.883381295437842709e+03 4.650264151535846713e-01
3.893390526598450833e+03 4.976512885727966684e-01
3.903399757759058957e+03 5.090023471414328871e-01
3.913408988919667536e+03 4.252270604212294858e-01
3.923418220080275660e+03 5.527635824129241149e-01
3.933427451240883784e+03 4.699573746555825160e-01
3.943436682401492362e+03 5.668016861738455203e-01
3.953445913562100486e+03 5.295975319690082728e-01
3.963455144722708610e+03 6.042978593128135456e-01
3.973464375883317189e+03 6.453610594321329552e-01
3.983473607043925313e+03 8.013764924758024488e-01
3.993482838204533437e+03 6.846835284051213666e-01
4.003492069365142015e+03 4.571077565566885048e-01
4.013501300525750139e+03 8.880397836547896384e-01
4.023510531686358263e+03 8.341709252761226878e-01
4.033519762846966842e+03 8.748832316762042982e-01
4.043528994007574966e+03 7.552991231582004694e-01
4.053538225168183544e+03 8.293282779517854308e-01
4.063547456328791668e+03 8.290052516308314967e-01
4.073556687489399792e+03 7.128975029241143568e-01
4.083565918650008371e+03 9.234549293895077948e-01
4.093575149810616495e+03 8.847310207317743425e-01
4.103584380971224164e+03 6.411271773858026046e-01
4.113593612131833652e+03 6.134316934743186955e-01
4.123602843292441321e+03 4.983624959768895857e-01
4.133612074453049900e+03 5.889115229729411372e-01
4.143621305613658478e+03 6.170709401910683400e-01
4.153630536774266147e+03 6.683964078531112740e-01
4.163639767934874726e+03 2.901679108871252355e-01
4.173648999095483305e+03 9.596707722016813991e-01
4.183658230256090974e+03 8.966826021085022580e-01
4.193667461416699553e+03 7.918638971967750795e-01
4.203676692577308131e+03 7.234282394869258059e-01
4.213685923737915800e+03 6.231209131086671293e-01
4.223695154898524379e+03 9.391313221706739656e-01
4.233704386059132958e+03 7.037703412382544377e-01
4.243713617219740627e+03 7.942640259363052957e-01
4.253722848380349205e+03 8.756329039399005643e-01
4.263732079540957784e+03 1.643313001907543036e+00
4.273741310701565453e+03 1.173959290048591120e+00
4.283750541862174032e+03 8.436913705264975638e-01
4.293759773022782610e+03 4.876410051103313714e-01
4.303769004183390280e+03 4.768323795618146232e-01
4.313778235343998858e+03 9.703899080768353391e-01
4.323787466504607437e+03 6.597563368893702984e-01
4.333796697665215106e+03 4.802431921123487268e-01
4.343805928825823685e+03 1.227598144266773383e+00
4.353815159986432263e+03 7.347918580097182462e-01
4.363824391147039933e+03 7.668813633830235954e-01
4.373833622307648511e+03 5.474993916272206107e-01
4.383842853468257090e+03 9.891434896262628618e-01
4.393852084628864759e+03 8.796658267197324799e-01
4.403861315789473338e+03 8.866385637692422161e-01
4.413870546950081916e+03 7.056209719834521943e-01
4.423879778110689585e+03 -6.627573809355595535e-02
4.433889009271298164e+03 4.572902683905203380e-01
4.443898240431906743e+03 1.123228850214696761e+00
4.453907471592514412e+03 1.021214547566901221e+00
4.463916702753122991e+03 1.298416660779188048e+00
4.473925933913731569e+03 1.050691189977156492e+00
4.483935165074339238e+03 1.086279035081521904e+00
4.493944396234947817e+03 5.448563062744821162e-01
4.503953627395556396e+03 1.247442871833517763e+00
4.513962858556164065e+03 1.329989245539253684e+00
4.523972089716772643e+03 1.253656124155146712e+00
4.533981320877381222e+03 1.174920911538672952e+00
4.543990552037989801e+03 1.578943236857185406e+00
4.553999783198597470e+03 1.429377732771275333e+00
4.564009014359206049e+03 1.572290386140090535e+00
4.574018245519814627e+03 1.237736382262204726e+00
4.584027476680422296e+03 9.607815431473675227e-01
4.594036707841030875e+03 1.320455455337588013e+00
4.604045939001639454e+03 1.533939351121368144e+00
4.614055170162247123e+03 1.514341897652073721e+00
4.624064401322855701e+03 1.761588520201901042e+00
4.634073632483464280e+03 1.314516952013125017e+00
4.644082863644071949e+03 1.101507979495874867e+00
4.654092094804680528e+03 1.691998524205386545e+00
4.664101325965289107e+03 1.077856015825542135e+00
4.674110557125897685e+03 1.313677005078931259e+00
4.684119788286505354e+03 1.798137986796348065e+00
4.694129019447113933e+03 1.173029068443900202e+00
4.704138250607722512e+03 9.519267754672695592e-01
4.714147481768330181e+03 6.600813257031611370e-01
4.724156712928938759e+03 9.873105213165971339e-01
4.734165944089547338e+03 7.497641083610043777e-01
4.744175175250155007e+03 1.432478471453579205e+00
4.754184406410763586e+03 1.249609463925456465e+00
4.764193637571372165e+03 1.430531678559373132e+00
4.774202868731979834e+03 1.370114374082534558e+00
4.784212099892588412e+03 1.037915361608930054e+00
4.794221331053196991e+03 8.501518969455760244e-01
4.804230562213804660e+03 1.149636153828038410e+00
4.814239793374413239e+03 8.958779800453727793e-01
4.824249024535021817e+03 1.566555982070665376e+00
4.834258255695629487e+03 9.260925197623028904e-01
4.844267486856238065e+03 9.183288980995218953e-01
4.854276718016846644e+03 1.030795437596652819e+00
4.864285949177454313e+03 1.113895234282394897e+00
4.874295180338062892e+03 1.095730400584037811e+00
4.884304411498671470e+03 1.230871582318724400e+00
4.894313642659279139e+03 9.580026532903153091e-01
4.904322873819887718e+03 1.896984826005384983e+00
4.914332104980496297e+03 1.498225906475441294e+00
4.924341336141103966e+03 1.230679258020707989e+00
4.934350567301712545e+03 1.211768677044328779e+00
4.944359798462321123e+03 1.345163240154173101e+00
4.954369029622928792e+03 1.372363390873623246e+00
4.964378260783537371e+03 1.153545439559145569e+00
4.974387491944145950e+03 1.184034728273241743e+00
4.984396723104753619e+03 9.467143944924599763e-01
4.994405954265362197e+03 1.243451161403260841e+00
5.004415185425970776e+03 1.356184599926209877e+00
5.014424416586578445e+03 9.073389382128754788e-01
5.024433647747187024e+03 9.443044532887455711e-01
5.034442878907795603e+03 1.601350980068922736e+00
5.044452110068404181e+03 9.249778238309429579e-01
5.054461341229011850e+03 2.293840127483534275e+00
5.064470572389620429e+03 8.110825895485481718e-01
5.074479803550229008e+03 8.076180046942827984e-01
5.084489034710836677e+03 1.080587805854508643e+00
5.094498265871445255e+03 8.897393024515459770e-01
5.104507497032053834e+03 8.999324902464105325e-01
5.114516728192661503e+03 8.793380904159698863e-01
5.124525959353270082e+03 1.199844570567317303e+00
5.134535190513878661e+03 1.096342698349150879e+00
5.144544421674486330e+03 8.802369121352705550e-01
5.154553652835094908e+03 1.500592672836744246e+00
5.164562883995703487e+03 9.597610468721787802e-01
5.174572115156312066e+03 1.290982737913006329e+00
5.184581346316919735e+03 1.379942538209735448e+00
5.194590577477528313e+03 1.553697729003288952e+00
5.204599808638136892e+03 1.014734396219453716e+00
5.214609039798744561e+03 1.154236237037734814e+00
5.224618270959353140e+03 1.569896144879071143e+00
5.234627502119961719e+03 1.153215740762546071e+00
5.244636733280569388e+03 1.636499226777822225e+00
5.254645964441177966e+03 1.518608357079496818e+00
5.264655195601786545e+03 1.219913022317468565e+00
5.274664426762394214e+03 1.230318159338718464e+00
5.284673657923002793e+03 1.083154746485175179e+00
5.294682889083611371e+03 9.242163766102253764e-01
5.304692120244219041e+03 1.095985524652834942e+00
5.314701351404827619e+03 1.038488409517305255e+00
5.324710582565436198e+03 1.376625925315372756e+00
5.334719813726043867e+03 1.460887517760560250e+00
5.344729044886652446e+03 1.307530477513757061e+00
5.354738276047261024e+03 1.648647057438240360e+00
5.364747507207868694e+03 1.159173869015378111e+00
5.374756738368477272e+03 1.395418756721537701e+00
5.384765969529085851e+03 1.265988429142233640e+00
5.394775200689693520e+03 1.254331221691040721e+00
5.404784431850302099e+03 1.315765097457394006e+00
5.414793663010910677e+03 1.305136236252737447e+00
5.424802894171518346e+03 1.193266294578024578e+00
5.434812125332126925e+03 1.591126392388667377e+00
5.444821356492735504e+03 1.365769414941635285e+00
5.454830587653343173e+03 1.328458501126470681e+00
5.464839818813951752e+03 9.935473235522689350e-01
5.474849049974560330e+03 1.475810313292356346e+00
5.484858281135167999e+03 1.325389162329557280e+00
5.494867512295776578e+03 1.274725447252117450e+00
5.504876743456385157e+03 1.337187669265007095e+00
5.514885974616992826e+03 1.729976685585097540e+00
5.524895205777601404e+03 1.333019334479428997e+00
5.534904436938209983e+03 6.451758001083295335e-01
5.544913668098817652e+03 1.272865004042735393e+00
5.554922899259426231e+03 1.150115002080242421e+00
5.564932130420034810e+03 1.138708993712172823e+00
5.574941361580643388e+03 1.383188501361970024e+00
5.584950592741251057e+03 1.501456169684980635e+00
5.594959823901859636e+03 1.647010338412264741e+00
5.604969055062468215e+03 1.463470158333922244e+00
5.614978286223075884e+03 1.080870404823022435e+00
5.624987517383684462e+03 1.248475143065727710e+00
5.634996748544293041e+03 1.105527164825848230e+00
5.645005979704900710e+03 1.475229415412633527e+00
5.655015210865509289e+03 7.741814442377284999e-01
5.665024442026117867e+03 1.421645510993884809e+00
5.675033673186726446e+03 1.255940465817299678e+00
5.685042904347334115e+03 1.049266420177566328e+00
5.695052135507942694e+03 6.621160382764602614e-01
5.705061366668551273e+03 1.376413976088987079e+00
5.785135215953417173e+03 1.282944367253059381e+00
5.795144447114025752e+03 1.088614401557433942e+00
5.805153678274633421e+03 6.680090117671070304e-01
5.815162909435242000e+03 9.061535925393872093e-01
5.825172140595850578e+03 8.310921665135921899e-01
5.835181371756458248e+03 6.350595420326714535e-01
5.845190602917066826e+03 7.585647112388039792e-01
5.855199834077675405e+03 1.046723029460942422e+00
5.865209065238283074e+03 1.482608388479381922e+00
5.875218296398891653e+03 1.333733681872061094e+00
5.885227527559500231e+03 1.449206760395324478e+00
5.895236758720107900e+03 1.168209186036470726e+00
5.905245989880716479e+03 1.186256270164613769e+00
5.915255221041325058e+03 2.007394673009443409e+00
5.925264452201932727e+03 1.472819474208918900e+00
5.935273683362541306e+03 1.848479853048536237e+00
5.945282914523149884e+03 1.562513246826648938e+00
5.955292145683757553e+03 1.557764014161348243e+00
5.965301376844366132e+03 1.420978263429338195e+00
5.975310608004974711e+03 1.298039862154503288e+00
5.985319839165582380e+03 1.776848864501644476e+00
5.995329070326190958e+03 1.799637331323740597e+00
6.005338301486799537e+03 1.618546342305850372e+00
6.015347532647407206e+03 1.392325868010581891e+00
6.025356763808015785e+03 1.402373831335515630e+00
6.035365994968624364e+03 1.389829577122043247e+00
6.045375226129232033e+03 1.525359332438436244e+00
6.055384457289840611e+03 1.168326935606684991e+00
6.065393688450449190e+03 1.319603733446372829e+00
6.075402919611057769e+03 1.160916562654546347e+00
6.085412150771665438e+03 1.440768041196649474e+00
6.095421381932274016e+03 1.155044784086538101e+00
6.105430613092882595e+03 1.252600303008894134e+00
6.115439844253490264e+03 9.554906624590819852e-01
6.125449075414098843e+03 1.318740236598136439e+00
6.135458306574707422e+03 1.074307828776424945e+00
6.145467537735315091e+03 1.210167282889417439e+00
6.155476768895923669e+03 1.202301611599117637e+00
6.165486000056532248e+03 1.191790499964675121e+00
6.175495231217139917e+03 1.360627683708954372e+00
6.185504462377748496e+03 1.205159001169645583e+00
6.195513693538357074e+03 1.376005777578911626e+00
6.205522924698965653e+03 1.530281264473384528e+00
6.215532155859573322e+03 1.256011115559428015e+00
6.225541387020181901e+03 3.494603144698521513e-01
6.235550618180790480e+03 1.140059188783960842e+00
6.245559849341398149e+03 1.312986207600342237e+00
6.255569080502006727e+03 1.262063443468431245e+00
6.265578311662615306e+03 1.184207427642888888e+00
6.275587542823222975e+03 -2.792690106681110507e-01
6.285596773983831554e+03 1.871660818438012575e+00
6.295606005144440132e+03 1.190110606096287604e+00
6.305615236305047802e+03 1.295724120606959850e+00
6.315624467465656380e+03 1.520837748942216239e+00
6.325633698626264959e+03 1.643791850159746604e+00
6.335642929786872628e+03 1.734490419109970150e+00
6.345652160947481207e+03 1.210897330224744550e+00
6.355661392108089785e+03 1.633877336347722364e+00
6.365670623268697454e+03 1.303095243702360406e+00
6.375679854429306033e+03 1.570339668260210653e+00
6.385689085589914612e+03 1.509989088539826829e+00
6.395698316750522281e+03 1.846697909552629913e+00
6.405707547911130860e+03 9.023699063498418216e-01
6.415716779071739438e+03 1.277245288054698724e+00
6.425726010232347107e+03 1.436615406353766611e+00
6.435735241392955686e+03 1.487710869855324747e+00
6.445744472553564265e+03 1.429448382513403670e+00
6.455753703714171934e+03 1.311361263531388044e+00
6.465762934874780512e+03 1.274458548226298893e+00
6.475772166035389091e+03 1.000000000000000000e+00
6.485781397195996760e+03 1.278265784329887245e+00
6.495790628356605339e+03 7.473926320168929882e-01
6.505799859517213918e+03 7.480881394782908922e-01
6.515809090677822496e+03 1.429173633516237274e+00
6.525818321838430165e+03 1.274599847710555789e+00
6.535827552999038744e+03 1.311471163130254469e+00
6.545836784159647323e+03 1.424667749962712504e+00
6.555846015320254992e+03 1.647928785059934231e+00
6.565855246480863570e+03 2.103494022246818584e+00
6.575864477641472149e+03 2.352871912017520994e+00
6.585873708802079818e+03 3.078515413418740909e+00
6.595882939962688397e+03 2.920181491337556334e+00
6.605892171123296976e+03 3.544591762240067556e+00
6.615901402283904645e+03 2.944492852601087840e+00
6.625910633444513223e+03 4.549081945850897313e+00
6.635919864605121802e+03 3.004089835072101700e+00
6.645929095765729471e+03 3.278862382152305077e+00
6.655938326926338050e+03 2.554098077542016565e+00
6.665947558086946628e+03 2.202513560825502648e+00
6.675956789247554298e+03 2.340343357746744513e+00
6.685966020408162876e+03 4.514549921892784923e+00
6.695975251568771455e+03 1.865066842506024836e+00
6.705984482729379124e+03 1.575803248318143224e+00
6.715993713889987703e+03 1.660904787697524920e+00
6.726002945050596281e+03 1.685467348044179525e+00
6.736012176211203951e+03 1.189294209076136921e+00
6.746021407371812529e+03 1.447605366240413138e+00
6.756030638532421108e+03 1.530053615304304060e+00
6.766039869693028777e+03 1.406809065146912063e+00
6.776049100853637356e+03 1.438601449104710772e+00
6.786058332014245934e+03 1.480881394782908922e+00
6.796067563174853603e+03 1.656304704487828738e+00
6.806076794335462182e+03 1.322209923933777453e+00
6.816086025496070761e+03 1.087299531356710647e+00
6.826095256656678430e+03 1.253766023754013137e+00
6.836104487817287009e+03 1.256741162894755348e+00
6.846113718977895587e+03 1.324596315223449450e+00
6.856122950138503256e+03 1.083861243906459659e+00
6.866132181299111835e+03 1.258860655158608566e+00
6.876141412459720414e+03 1.367103910070728290e+00
6.886150643620328083e+03 1.352911161874259083e+00
6.896159874780936661e+03 9.991051032663730291e-01
6.906169105941545240e+03 1.297600263759037142e+00
6.916178337102153819e+03 1.135820204256254184e+00
6.926187568262762397e+03 1.021446121721655498e+00
6.936196799423370067e+03 9.839939084222341092e-01
6.946206030583978645e+03 1.178374898931618731e+00
6.956215261744587224e+03 8.466586596958920463e-01
6.966224492905194893e+03 8.455282638218369895e-01
6.976233724065803472e+03 1.052877406997464460e+00
6.986242955226412050e+03 1.205276750739859626e+00
6.996252186387019719e+03 9.615900901961706992e-01
7.006261417547628298e+03 1.279301980547771000e+00
7.016270648708236877e+03 1.461052367158859777e+00
7.026279879868844546e+03 1.400521238097480969e+00
7.036289111029453125e+03 1.345634238435029717e+00
7.046298342190061703e+03 1.685310348617227616e+00
7.056307573350669372e+03 1.033056229344762711e+00
7.066316804511277951e+03 9.887588410302302622e-01
7.076326035671886530e+03 1.259732001978192795e+00
7.086335266832494199e+03 1.180839789934766682e+00
7.096344497993102777e+03 1.092299963105134664e+00
7.106353729153711356e+03 1.389837427093391087e+00
7.116362960314319025e+03 9.778002810289743163e-01
7.126372191474927604e+03 8.676730329934295716e-01
7.136381422635536182e+03 1.118550267291524403e+00
7.146390653796143852e+03 1.090141220984543358e+00
7.156399884956752430e+03 1.205166851140993201e+00
7.166409116117361009e+03 1.311863661697634686e+00
7.176418347277968678e+03 1.413104742167690775e+00
7.186427578438577257e+03 1.254448971261254986e+00
7.196436809599185835e+03 1.521324447165767646e+00
7.206446040759793505e+03 1.395874055059699081e+00
7.216455271920402083e+03 1.225733776071717296e+00
7.226464503081010662e+03 1.024711709802259341e+00
7.236473734241618331e+03 1.468596189623907922e+00
7.246482965402226910e+03 1.143069652795767333e+00
7.256492196562835488e+03 1.276012842553124527e+00
7.266501427723443157e+03 1.194074841626828087e+00
7.276510658884051736e+03 1.601661053937152968e+00
7.286519890044660315e+03 7.364552669382755656e-01
7.296529121205267984e+03 1.084646241041220094e+00
7.306538352365876563e+03 5.350736719810972319e-01
7.316547583526485141e+03 1.476096837246543947e+00
7.326556814687092810e+03 1.484986929797706079e+00
7.336566045847701389e+03 1.310631216196060933e+00
7.346575277008309968e+03 1.266263178139399814e+00
7.356584508168917637e+03 1.025104208369639336e+00
7.366593739329526215e+03 1.326488158318221977e+00
7.376602970490134794e+03 8.996420413065492339e-01
7.386612201650742463e+03 1.579571234564993709e+00
7.396621432811351042e+03 1.153200040819851058e+00
7.406630663971959621e+03 1.351144918321047994e+00
7.416639895132568199e+03 1.544599612211415396e+00
7.426649126293176778e+03 1.046848629002504083e+00
7.436658357453784447e+03 1.196743831885013432e+00
7.446667588614393026e+03 9.884212922622832576e-01
7.456676819775001604e+03 1.038527659374043122e+00
7.466686050935609273e+03 1.270564962437886969e+00
7.476695282096217852e+03 1.740927395615005979e+00
7.486704513256826431e+03 1.196775231770403902e+00
7.496713744417434100e+03 1.214869415726632651e+00
7.506722975578042679e+03 8.584807165453844924e-01
7.516732206738651257e+03 1.401353335060326888e+00
7.526741437899258926e+03 4.790134941007464509e-01
7.536750669059867505e+03 1.516457464930252907e+00
7.546759900220476084e+03 4.774517423011405692e-01
7.556769131381083753e+03 1.093241959666847007e+00
7.566778362541692331e+03 8.391776370016248432e-01
7.576787593702300910e+03 1.950690404980021386e-01
7.586796824862908579e+03 1.243247062148223003e+00
7.596806056023517158e+03 8.455910635926179308e-01
7.606815287184125737e+03 2.588096303448492730e-01
7.616824518344733406e+03 9.392569217122356262e-01
7.626833749505341984e+03 1.175596009074566961e+00
7.636842980665950563e+03 7.342643399351591604e-01
7.646852211826558232e+03 4.333270533562552096e-01
7.656861442987166811e+03 2.324374161034312158e-01
7.666870674147775389e+03 6.166874690907377943e-01
7.676879905308383059e+03 3.600232359151889217e-01
7.686889136468991637e+03 1.724458155727731645e+00
7.696898367629600216e+03 6.426661642685003173e-01
7.706907598790207885e+03 9.316816993617973441e-01
7.716916829950816464e+03 9.592900485913224973e-01
7.726926061111425042e+03 9.057257691009426015e-01
