3.080858419733861410e+03 1.199479615288548129e-01
3.100925659499481299e+03 1.577379569796835690e-01
3.120992899265101187e+03 2.784090845172318418e-02
3.141060139030721075e+03 -2.217807057809175874e-03
3.161127378796341418e+03 2.001176525673976636e-01
3.181194618561961306e+03 4.982458549497246342e-02
3.201261858327581194e+03 1.893763257683649115e-02
3.221329098093201083e+03 2.074074640292201954e-01
3.241396337858820971e+03 1.227491802398218701e-01
3.261463577624440859e+03 9.831453089750497032e-02
3.281530817390061202e+03 5.876693796898556366e-02
3.301598057155681090e+03 2.169899813187396997e-01
3.321665296921300978e+03 2.832625124541848227e-01
3.341732536686920866e+03 2.683304364994755220e-01
3.361799776452540755e+03 2.043070535203657390e-01
3.381867016218160643e+03 2.677048060254057504e-01
3.401934255983780531e+03 2.541032319215527635e-01
3.422001495749400419e+03 2.548723971358294871e-01
3.442068735515020308e+03 3.710872764066791007e-01
3.462135975280640650e+03 4.216795217598993117e-01
3.482203215046260539e+03 3.188478305955377845e-01
3.502270454811880427e+03 2.774496632147243069e-01
3.522337694577500315e+03 3.351703221574292568e-01
3.542404934343120203e+03 4.497617764515263739e-01
3.562472174108740546e+03 4.897229372004485715e-01
3.582539413874360434e+03 5.821155943414817457e-01
3.602606653639980323e+03 5.063014255920248452e-01
3.622673893405600211e+03 4.755315056759181758e-01
3.642741133171220099e+03 5.792136282499480426e-01
3.662808372936839987e+03 5.234219563341847570e-01
3.682875612702459875e+03 7.150054308927009661e-01
3.702942852468079764e+03 7.582138204995151343e-01
3.723010092233699652e+03 8.388776351730307113e-01
3.743077331999319995e+03 7.586259793660099504e-01
3.763144571764939883e+03 8.304274886816447321e-01
3.783211811530559771e+03 7.940708660043228617e-01
3.803279051296179659e+03 7.450591318628909665e-01
3.823346291061799548e+03 7.023145390222451656e-01
3.843413530827419891e+03 6.865512703155379759e-01
3.863480770593039779e+03 6.804759197340278787e-01
3.883548010358659667e+03 7.586087240809972210e-01
3.903615250124279555e+03 8.336598711635928582e-01
3.923682489889899443e+03 8.340372748884973264e-01
3.943749729655519332e+03 9.219760331541378973e-01
3.963816969421139220e+03 1.056221565521754169e+00
3.983884209186759108e+03 9.610826940910645044e-01
4.003951448952378996e+03 9.314446587301635772e-01
4.024018688717998884e+03 9.731635226146937434e-01
4.044085928483619227e+03 9.084886816472700355e-01
4.064153168249239116e+03 9.651161237873562282e-01
4.084220408014859004e+03 9.143765321061413376e-01
4.104287647780479347e+03 8.612133357998716932e-01
4.124354887546099235e+03 7.694248499162263943e-01
4.144422127311719123e+03 7.493796627333398908e-01
4.164489367077339011e+03 7.778652313070323343e-01
4.184556606842958900e+03 9.054876121645630827e-01
4.204623846608578788e+03 8.556317773908778124e-01
4.224691086374198676e+03 9.327089721576776737e-01
4.244758326139818564e+03 9.491367390335440080e-01
4.264825565905438452e+03 8.682167650951310156e-01
4.284892805671058341e+03 8.965406653769814049e-01
4.304960045436678229e+03 9.734382740544333945e-01
4.325027285202299026e+03 1.017737847113349137e+00
4.345094524967918915e+03 9.347492253245324179e-01
4.365161764733538803e+03 8.703347154997216339e-01
4.385229004499158691e+03 8.065920420925594136e-01
4.405296244264778579e+03 6.922010761957949621e-01
4.425363484030398467e+03 6.671059484411473450e-01
4.445430723796018356e+03 7.828204598541852466e-01
4.465497963561638244e+03 7.891457890084877524e-01
4.485565203327258132e+03 9.027790958178283365e-01
4.505632443092878020e+03 9.419774102620586120e-01
4.525699682858497908e+03 1.104720851082474198e+00
4.545766922624117797e+03 1.394692874359644064e+00
4.565834162389737685e+03 1.776393522177446060e+00
4.585901402155357573e+03 1.886414375004380917e+00
4.605968641920977461e+03 1.798715635306618710e+00
4.626035881686597349e+03 2.008208535699405939e+00
4.646103121452217238e+03 1.985977887979567758e+00
4.666170361217837126e+03 1.839245937975896306e+00
4.686237600983457014e+03 1.313194900251382080e+00
4.706304840749077812e+03 1.353825000577805193e+00
4.726372080514697700e+03 1.269566176255869427e+00
4.746439320280317588e+03 1.126669367812338063e+00
4.766506560045937476e+03 1.078180680029793503e+00
4.786573799811557365e+03 1.180386442907858546e+00
4.806641039577177253e+03 1.263053949365542161e+00
4.826708279342797141e+03 1.374721721130676588e+00
4.846775519108417029e+03 1.220166830371042677e+00
4.866842758874036917e+03 1.334971490560438623e+00
4.886909998639657715e+03 1.604584558146043838e+00
4.906977238405277603e+03 1.809019867067234832e+00
4.927044478170897492e+03 1.865022522675937156e+00
4.947111717936517380e+03 1.724249279591962170e+00
4.967178957702137268e+03 1.614878325308393814e+00
4.987246197467757156e+03 1.437502845253996631e+00
5.007313437233377044e+03 1.240950615548332747e+00
5.027380676998996933e+03 1.127443597096701833e+00
5.047447916764616821e+03 1.049539818153776505e+00
5.067515156530236709e+03 9.809197129652044156e-01
5.087582396295856597e+03 9.560308925327852814e-01
5.107649636061476485e+03 9.506795078035730207e-01
5.127716875827096374e+03 9.143492360430468535e-01
5.147784115592716262e+03 8.811364687869192025e-01
5.167851355358336150e+03 1.025227908930127496e+00
5.187918595123956038e+03 1.069158674217083549e+00
5.207985834889575926e+03 1.219246165673040228e+00
5.228053074655195815e+03 1.415799090889583445e+00
5.248120314420815703e+03 1.477256002620990438e+00
5.268187554186435591e+03 1.591078004180567884e+00
5.288254793952055479e+03 1.682107072629350331e+00
5.308322033717676277e+03 1.718336580737832131e+00
5.328389273483296165e+03 1.665181151832306750e+00
5.348456513248916053e+03 1.631509537566734558e+00
5.368523753014535941e+03 1.722119500681698057e+00
5.388590992780155830e+03 1.818058799582512375e+00
5.408658232545775718e+03 2.104707658266172565e+00
5.428725472311396516e+03 2.289425026309708677e+00
5.448792712077016404e+03 2.346747825843481294e+00
5.468859951842636292e+03 2.418289649600298574e+00
5.488927191608256180e+03 2.372205683779422092e+00
5.508994431373876068e+03 2.318846897217906822e+00
5.529061671139495957e+03 2.289759989295301335e+00
5.549128910905115845e+03 2.277310340746582451e+00
5.569196150670735733e+03 2.175817956894710914e+00
5.589263390436355621e+03 2.132550634103345111e+00
5.609330630201975509e+03 1.968514801424719574e+00
5.629397869967595398e+03 1.782446722102430270e+00
5.649465109733215286e+03 1.671621854302550947e+00
5.669532349498835174e+03 1.671598223192906074e+00
5.689599589264455062e+03 1.596133227522147369e+00
5.709666829030074950e+03 1.548432667288297315e+00
5.729734068795694839e+03 1.550799759647872422e+00
5.749801308561314727e+03 1.687208322530884930e+00
5.769868548326934615e+03 1.863779757636613077e+00
5.789935788092554503e+03 1.947694963204761764e+00
5.810003027858174391e+03 1.968666030913666987e+00
5.830070267623794280e+03 2.039637235765304535e+00
5.850137507389414168e+03 2.051574065152593995e+00
5.870204747155034966e+03 2.033005458828335055e+00
5.890271986920654854e+03 1.872885971674849159e+00
5.910339226686274742e+03 1.736396364265672343e+00
5.930406466451894630e+03 1.608419909538644221e+00
5.950473706217514518e+03 1.485395838467782559e+00
5.970540945983134407e+03 1.387209930300726590e+00
5.990608185748755204e+03 1.409242568671792206e+00
6.010675425514375092e+03 1.456976061462257999e+00
6.030742665279994981e+03 1.378707004477928155e+00
6.050809905045614869e+03 1.288918278829224162e+00
6.070877144811234757e+03 1.440922293267329124e+00
6.090944384576854645e+03 1.541741879965845774e+00
6.111011624342474533e+03 1.627634456941600805e+00
6.131078864108094422e+03 1.595057214749517227e+00
6.151146103873714310e+03 1.521629744154816777e+00
6.171213343639334198e+03 1.484286126194872990e+00
6.191280583404954086e+03 1.456971174905447919e+00
6.211347823170573974e+03 1.424736291662364485e+00
6.231415062936193863e+03 1.335085118298790618e+00
6.251482302701813751e+03 1.274081368428010563e+00
6.271549542467433639e+03 1.319631799759176882e+00
6.291616782233053527e+03 1.337625117799093433e+00
6.311684021998673416e+03 1.356130295932572949e+00
6.331751261764293304e+03 1.454151589691085267e+00
6.351818501529913192e+03 1.573806719932662412e+00
6.371885741295533080e+03 1.686728066074138388e+00
6.391952981061152968e+03 1.675690526327793251e+00
6.412020220826772857e+03 1.774153278433697745e+00
6.432087460592392745e+03 1.842895776324561918e+00
6.452154700358013542e+03 1.872813410254795308e+00
6.472221940123633431e+03 1.922515988237923690e+00
6.492289179889253319e+03 1.932676260429200710e+00
6.512356419654873207e+03 1.951988186571401496e+00
6.532423659420493095e+03 1.916376011888252906e+00
6.552490899186112983e+03 1.866318628053287743e+00
6.572558138951733781e+03 1.743939681404830688e+00
6.592625378717353669e+03 1.592480600212490049e+00
6.612692618482973558e+03 1.543391283400564973e+00
6.632759858248593446e+03 1.369798064994930620e+00
6.652827098014213334e+03 1.363704367531759054e+00
6.672894337779833222e+03 1.351364213016429616e+00
6.692961577545453110e+03 1.313209707745502053e+00
6.713028817311072999e+03 1.262054077895811144e+00
6.733096057076692887e+03 1.242628549946829031e+00
6.753163296842312775e+03 1.212243533661560901e+00
6.773230536607932663e+03 1.137831960343078208e+00
6.793297776373552551e+03 1.114836752298502542e+00
6.813365016139172440e+03 1.072726571530064010e+00
6.833432255904792328e+03 1.063707398457957032e+00
6.853499495670412216e+03 1.076158164974554854e+00
6.873566735436032104e+03 1.052454860236930800e+00
6.893633975201651992e+03 1.061950639880244296e+00
6.913701214967271881e+03 1.033303093816725360e+00
6.933768454732891769e+03 1.022620903156057803e+00
6.953835694498511657e+03 1.014045493749134774e+00
6.973902934264131545e+03 1.005799625756881532e+00
6.993970174029751433e+03 9.841964963019500523e-01
7.014037413795372231e+03 9.428973418044988009e-01
7.034104653560992119e+03 9.719475106095187833e-01
7.054171893326612008e+03 9.141585001526666421e-01
7.074239133092231896e+03 9.044262338619664110e-01
7.094306372857851784e+03 9.012370538235143780e-01
7.114373612623471672e+03 9.465294995414152979e-01
7.134440852389092470e+03 1.036693062143563493e+00
7.154508092154712358e+03 1.027020011475882288e+00
7.174575331920332246e+03 1.034435865919797637e+00
7.194642571685951225e+03 1.020302455959378518e+00
7.214709811451572023e+03 1.051114366018369495e+00
7.234777051217191911e+03 1.001619395481935904e+00
7.254844290982811799e+03 1.034883682250949732e+00
7.274911530748431687e+03 1.000000000000000000e+00
7.294978770514051575e+03 1.045980877777208162e+00
7.315046010279671464e+03 1.061038532986328109e+00
7.335113250045291352e+03 1.089402318602671782e+00
7.355180489810911240e+03 1.125612718422197789e+00
7.375247729576531128e+03 1.096616643135601699e+00
7.395314969342151016e+03 1.155332033410219283e+00
7.415382209107770905e+03 1.061329690926162250e+00
7.435449448873390793e+03 1.073759436021592961e+00
7.455516688639010681e+03 1.061759339209701780e+00
7.475583928404630569e+03 1.016805931723122391e+00
7.495651168170250457e+03 1.008253870309368638e+00
7.515718407935871255e+03 9.876605342077027228e-01
7.535785647701491143e+03 1.009695516038847440e+00
7.555852887467111032e+03 9.967099028843314779e-01
7.575920127232730920e+03 9.959423284079143013e-01
7.595987366998350808e+03 9.803931072106666367e-01
7.616054606763970696e+03 1.012284647873277210e+00
7.636121846529590584e+03 1.031867735273219733e+00
7.656189086295210473e+03 1.038872664195190199e+00
7.676256326060830361e+03 1.026199559393912830e+00
7.696323565826450249e+03 9.867105407734991784e-01
7.716390805592070137e+03 1.025922537769148768e+00
7.736458045357690025e+03 1.004737351741647577e+00
7.756525285123309914e+03 9.133687808356597548e-01
7.776592524888930711e+03 9.420531022528629839e-01
7.796659764654550600e+03 8.858440585846064641e-01
7.816727004420170488e+03 8.303642286792909388e-01
7.836794244185790376e+03 8.651940437607935630e-01
7.856861483951410264e+03 8.398487884149352656e-01
7.876928723717030152e+03 8.633383329142415574e-01
7.896995963482650041e+03 8.331348232853249547e-01
7.917063203248269929e+03 8.322043952406034117e-01
7.937130443013889817e+03 7.812854070279676710e-01
7.957197682779509705e+03 7.694355261754839415e-01
7.977264922545129593e+03 7.211619116199564639e-01
7.997332162310749482e+03 7.581274947118770147e-01
8.017399402076369370e+03 7.142137048437152691e-01
8.037466641841989258e+03 7.588395730700030484e-01
8.057533881607609146e+03 7.620626055733388249e-01
8.077601121373229944e+03 7.630224501476505772e-01
8.097668361138849832e+03 7.315955146340112902e-01
8.117735600904469720e+03 7.404394711646158367e-01
8.137802840670089608e+03 7.296069643875099375e-01
8.157870080435709497e+03 7.635040756037351217e-01
8.177937320201329385e+03 7.400157424665814165e-01
8.198004559966948364e+03 6.671829175674625079e-01
8.218071799732568252e+03 6.608584363832733510e-01
8.238139039498188140e+03 5.473870167590518809e-01
8.258206279263808028e+03 4.942159263368012256e-01
8.278273519029427916e+03 4.402533365890892170e-01
8.298340758795047805e+03 5.300385540147306562e-01
8.318407998560667693e+03 6.201020788253875926e-01
8.338475238326287581e+03 6.243170355821922035e-01
8.358542478091909288e+03 5.374739304771136705e-01
8.378609717857529176e+03 5.644316539717487702e-01
8.398676957623149065e+03 5.592168232715288845e-01
8.418744197388768953e+03 6.321350120326305611e-01
8.438811437154388841e+03 6.925837063811970395e-01
8.458878676920008729e+03 6.741280630486558012e-01
8.478945916685628617e+03 7.418345310461419428e-01
8.499013156451248506e+03 7.996285955570794357e-01
8.519080396216868394e+03 8.027163470236169385e-01
8.539147635982488282e+03 8.510715961366434046e-01
8.559214875748108170e+03 8.502541345364031944e-01
8.579282115513728058e+03 9.358075645486452210e-01
8.599349355279347947e+03 9.864822601102944954e-01
8.619416595044967835e+03 1.010522073445898394e+00
8.639483834810587723e+03 9.972442767134402919e-01
8.659551074576209430e+03 1.015047770655457482e+00
8.679618314341829318e+03 9.561669070746035004e-01
8.699685554107449207e+03 9.530602607112624858e-01
8.719752793873069095e+03 9.133072748438825217e-01
8.739820033638688983e+03 1.022305193083032027e+00
8.759887273404308871e+03 9.566720096225762582e-01
8.779954513169928759e+03 9.232554964202885905e-01
8.800021752935548648e+03 9.881476332262836282e-01
8.820088992701168536e+03 9.861300229737401946e-01
8.840156232466788424e+03 9.046799398856225638e-01
8.860223472232408312e+03 7.949467454730788640e-01
8.880290711998028200e+03 8.506075255017908621e-01
8.900357951763648089e+03 8.182415452559818059e-01
8.920425191529267977e+03 7.880911701505014522e-01
8.940492431294887865e+03 7.792855182480640241e-01
8.960559671060507753e+03 7.695084904339096754e-01
8.980626910826127641e+03 7.372088767011758526e-01
9.000694150591747530e+03 7.370066429938727515e-01
9.020761390357367418e+03 6.912643522621042536e-01
