3.402622189625455576e+03 1.246997655907770008e+00
3.422670925668001018e+03 1.288264602646828960e+00
3.442719661710546461e+03 1.303122000916235645e+00
3.462768397753091449e+03 1.405089232669266552e+00
3.482817133795636892e+03 1.367695555587756129e+00
3.502865869838182334e+03 1.366208065772797742e+00
3.522914605880727322e+03 1.231426440869911154e+00
3.542963341923272765e+03 1.102890601226774958e+00
3.563012077965818207e+03 1.132193816188838076e+00
3.583060814008363195e+03 1.022713283969552300e+00
3.603109550050908183e+03 8.469331181331082314e-01
3.623158286093454080e+03 8.689870913304255096e-01
3.643207022135999068e+03 8.389124047399038053e-01
3.663255758178544056e+03 7.269157631563987199e-01
3.683304494221089953e+03 5.266785115961785113e-01
3.703353230263634941e+03 5.439168410152604993e-01
3.723401966306179929e+03 6.151020064671531840e-01
3.743450702348725827e+03 6.878414845248670417e-01
3.763499438391270814e+03 8.691306014942891123e-01
3.783548174433815802e+03 1.092074783564380036e+00
3.803596910476361700e+03 1.429113168492635921e+00
3.823645646518906688e+03 1.861462142854754198e+00
3.843694382561451675e+03 2.238470086908640688e+00
3.863743118603997573e+03 2.500155492565894644e+00
3.883791854646542561e+03 2.704855715159911966e+00
3.903840590689087549e+03 2.749064202267404333e+00
3.923889326731633446e+03 2.611359540054104755e+00
3.943938062774178434e+03 2.481185845383542699e+00
3.963986798816723422e+03 2.446800029872406412e+00
3.984035534859269319e+03 2.467499378587056924e+00
4.004084270901814307e+03 2.434253396035663819e+00
4.024133006944359295e+03 2.378004991367097087e+00
4.044181742986905192e+03 2.384844434982371641e+00
4.064230479029450180e+03 2.334275911805062442e+00
4.084279215071995168e+03 2.306999171820956818e+00
4.104327951114541065e+03 2.201642982380852764e+00
4.124376687157086053e+03 2.130089650660035083e+00
4.144425423199631041e+03 2.114905104949121650e+00
4.164474159242176029e+03 2.125419523401351984e+00
4.184522895284721926e+03 2.000122164768617150e+00
4.204571631327266914e+03 1.878750575433957737e+00
4.224620367369812811e+03 1.810614569040371213e+00
4.244669103412357799e+03 1.661782268051349210e+00
4.264717839454902787e+03 1.536117189006508399e+00
4.284766575497447775e+03 1.435129170293897527e+00
4.304815311539993672e+03 1.420807023136624991e+00
4.324864047582538660e+03 1.481384028739930470e+00
4.344912783625083648e+03 1.533805309931794758e+00
4.364961519667629545e+03 1.633901392076455350e+00
4.385010255710174533e+03 1.745680873522681198e+00
4.405058991752719521e+03 1.826896089724226124e+00
4.425107727795265419e+03 2.022511756687016327e+00
4.445156463837810406e+03 2.081262309828133095e+00
4.465205199880355394e+03 2.110240550900686518e+00
4.485253935922901292e+03 2.106624429163939993e+00
4.505302671965446280e+03 2.109188551734438644e+00
4.525351408007991267e+03 2.120205227894140343e+00
4.545400144050537165e+03 2.027929362904043575e+00
4.565448880093082153e+03 1.993096353002678178e+00
4.585497616135627140e+03 1.913195244045303500e+00
4.605546352178173038e+03 1.837426559021968275e+00
4.625595088220718026e+03 1.711263903766263805e+00
4.645643824263263014e+03 1.702118377214933087e+00
4.665692560305808911e+03 1.725607452050885504e+00
4.685741296348353899e+03 1.669109367563247348e+00
4.705790032390898887e+03 1.600708689415024644e+00
4.725838768433444784e+03 1.552854375360168460e+00
4.745887504475989772e+03 1.515499209161465632e+00
4.765936240518534760e+03 1.479456366779654086e+00
4.785984976561079748e+03 1.367598247336841322e+00
4.806033712603625645e+03 1.214598355457120249e+00
4.826082448646170633e+03 1.178453746256195922e+00
4.846131184688716530e+03 1.233770756028262694e+00
4.866179920731261518e+03 1.285814730886396751e+00
4.886228656773806506e+03 1.334557693315157056e+00
4.906277392816351494e+03 1.378573681740713930e+00
4.926326128858897391e+03 1.402830744948720731e+00
4.946374864901442379e+03 1.390765859405739713e+00
4.966423600943987367e+03 1.445608533253673444e+00
4.986472336986533264e+03 1.429325563535154053e+00
5.006521073029078252e+03 1.418939997703837275e+00
5.026569809071623240e+03 1.465071242346588809e+00
5.046618545114169137e+03 1.518722976896814236e+00
5.066667281156714125e+03 1.564901370898256427e+00
5.086716017199259113e+03 1.516199873153734723e+00
5.106764753241805010e+03 1.491942364088908235e+00
5.126813489284349998e+03 1.456984737206417080e+00
5.146862225326894986e+03 1.461010378432122003e+00
5.166910961369440884e+03 1.483312359485436494e+00
5.186959697411985871e+03 1.441254239819695249e+00
5.207008433454530859e+03 1.338937679248374257e+00
5.227057169497076757e+03 1.207409694487760587e+00
5.247105905539621745e+03 1.211432883500956903e+00
5.267154641582166732e+03 1.208484432351816462e+00
5.287203377624712630e+03 1.213047665437959388e+00
5.307252113667257618e+03 1.212563576395893961e+00
5.327300849709802606e+03 1.204763980119244238e+00
5.347349585752348503e+03 1.162021804627770605e+00
5.367398321794893491e+03 1.104827849108676485e+00
5.387447057837438479e+03 1.036941188141546011e+00
5.407495793879984376e+03 1.000000000000000000e+00
5.427544529922529364e+03 9.888208090294922092e-01
5.447593265965074352e+03 1.035518068904942135e+00
5.467642002007619340e+03 1.091826998636792556e+00
5.487690738050165237e+03 1.144481685873806942e+00
5.507739474092710225e+03 1.155700669565479011e+00
5.527788210135256122e+03 1.157150038622346777e+00
5.547836946177801110e+03 1.175023769741703861e+00
5.567885682220346098e+03 1.153281338997201200e+00
5.587934418262891086e+03 1.126180155135880323e+00
5.607983154305436983e+03 1.085346135368818077e+00
5.628031890347981971e+03 1.104594220135116878e+00
5.648080626390527868e+03 1.067421910964622356e+00
5.668129362433072856e+03 1.002651733435582893e+00
5.688178098475617844e+03 9.693603849527779870e-01
5.708226834518162832e+03 9.158809183312915936e-01
5.728275570560708729e+03 9.125184333928922920e-01
5.748324306603253717e+03 9.299127569667913207e-01
5.768373042645799615e+03 1.005114200651173739e+00
5.788421778688344602e+03 1.031335820471292797e+00
5.808470514730889590e+03 1.081710173003592512e+00
5.828519250773434578e+03 1.106699778966481418e+00
5.848567986815980476e+03 1.097117647124390416e+00
5.868616722858525463e+03 1.062666402124953668e+00
5.888665458901070451e+03 1.067239221132721294e+00
5.908714194943616349e+03 1.063190395352388462e+00
5.928762930986161336e+03 1.039868293895439777e+00
5.948811667028706324e+03 1.000659589432747465e+00
5.968860403071252222e+03 8.424490246324746190e-01
5.988909139113797210e+03 7.443378970494309854e-01
6.008957875156342197e+03 5.922344003058577222e-01
6.029006611198888095e+03 5.216737130621557084e-01
6.049055347241433083e+03 4.751091513226898821e-01
6.069104083283978071e+03 4.696480740657348329e-01
6.089152819326523968e+03 5.291370775645962699e-01
6.109201555369068956e+03 5.703310152494178720e-01
6.129250291411613944e+03 6.371944905472780585e-01
6.149299027454159841e+03 6.904796193274472804e-01
6.169347763496704829e+03 7.389619784450519591e-01
6.189396499539249817e+03 8.206386564550592899e-01
6.209445235581794805e+03 8.516715729494207521e-01
6.229493971624340702e+03 8.825513376261913123e-01
6.249542707666885690e+03 9.037204522325722467e-01
6.269591443709431587e+03 8.616895298328370867e-01
6.289640179751976575e+03 8.367031005997886961e-01
6.309688915794521563e+03 8.365757527456419984e-01
6.329737651837066551e+03 8.885098796298049884e-01
6.349786387879612448e+03 9.121449168421298381e-01
6.369835123922157436e+03 9.353108290819025505e-01
6.389883859964703333e+03 9.009881859089180489e-01
6.409932596007248321e+03 8.833711568535438374e-01
6.429981332049793309e+03 8.883553345096522058e-01
6.450030068092338297e+03 8.561770954434546610e-01
6.470078804134884194e+03 8.730227643345752631e-01
6.490127540177429182e+03 8.771361278895701830e-01
6.510176276219975080e+03 8.376842642637956082e-01
6.530225012262520067e+03 8.184547940197224314e-01
6.550273748305065055e+03 8.009044205589037624e-01
6.570322484347610043e+03 8.153401497410128762e-01
6.590371220390155941e+03 8.024337094507154600e-01
6.610419956432700928e+03 8.034164336135913853e-01
6.630468692475245916e+03 7.733193705839275234e-01
6.650517428517791814e+03 7.730461718176132591e-01
6.670566164560336802e+03 7.560648788551287414e-01
6.690614900602881789e+03 7.256875948142392785e-01
6.710663636645427687e+03 6.731596981103472599e-01
6.730712372687972675e+03 6.557452552474560825e-01
6.750761108730517662e+03 6.284871855176787925e-01
6.770809844773063560e+03 6.402107119330233687e-01
6.790858580815608548e+03 6.525815109864693264e-01
6.810907316858153536e+03 6.528613418729775075e-01
6.830956052900699433e+03 6.303274038091777332e-01
6.851004788943244421e+03 5.399498856934578095e-01
6.871053524985789409e+03 5.389572133502907869e-01
6.891102261028335306e+03 5.924820737692400030e-01
6.911150997070880294e+03 5.790151357243891184e-01
6.931199733113425282e+03 5.689162000960821253e-01
6.951248469155970270e+03 5.912175680962693525e-01
6.971297205198516167e+03 5.877229423429106703e-01
6.991345941241061155e+03 5.930148169367630562e-01
7.011394677283607052e+03 5.978630082628414444e-01
7.031443413326152040e+03 6.084429676675781051e-01
7.051492149368697028e+03 6.194287125104078751e-01
7.071540885411242016e+03 6.207130588118583425e-01
7.091589621453787913e+03 6.122972326781838115e-01
7.111638357496332901e+03 6.127686983990394687e-01
7.131687093538878798e+03 6.017543351215906000e-01
7.151735829581423786e+03 5.163692987452473959e-01
7.171784565623968774e+03 5.230844597720111233e-01
7.191833301666513762e+03 5.586948767707481389e-01
7.211882037709059659e+03 5.401255532804472015e-01
7.231930773751604647e+03 4.994806882691725791e-01
7.251979509794149635e+03 4.952549687955957736e-01
7.272028245836695532e+03 4.975216770012561018e-01
7.292076981879240520e+03 4.956377926074709839e-01
7.312125717921785508e+03 4.984834180275516391e-01
7.332174453964331406e+03 4.624163321811649574e-01
7.352223190006876393e+03 4.485314590998819018e-01
7.372271926049421381e+03 4.184563405855660223e-01
7.392320662091967279e+03 3.898835923575681983e-01
7.412369398134512267e+03 3.700694087604177174e-01
7.432418134177057254e+03 3.488657959826070853e-01
7.452466870219603152e+03 3.445181764679000058e-01
7.472515606262148140e+03 3.331263814594899730e-01
7.492564342304693128e+03 3.483895930330412893e-01
7.512613078347238115e+03 3.368396163847922620e-01
7.532661814389784013e+03 3.597459145582282969e-01
7.552710550432329001e+03 3.695206704794855024e-01
7.572759286474874898e+03 9.043181511655254412e-02
7.592808022517419886e+03 1.953895618230639397e-01
7.612856758559964874e+03 2.513878965478421046e-01
7.632905494602509862e+03 3.838234785972006180e-01
7.652954230645055759e+03 4.341777675726105068e-01
7.673002966687600747e+03 4.737570347846343788e-01
7.693051702730146644e+03 4.732173111712769664e-01
7.713100438772691632e+03 4.978977293626810074e-01
7.733149174815236620e+03 4.558090127726832086e-01
7.753197910857781608e+03 4.679470745662092090e-01
7.773246646900327505e+03 4.284430735585727512e-01
7.793295382942872493e+03 3.922020199543219121e-01
7.813344118985418390e+03 4.205322638714416028e-01
7.833392855027963378e+03 3.573877360393869496e-01
7.853441591070508366e+03 3.156468574339379440e-01
7.873490327113053354e+03 3.303048880397793097e-01
7.893539063155599251e+03 2.776852562952196180e-01
7.913587799198144239e+03 2.734717421520839742e-01
7.933636535240690137e+03 2.674720977228977059e-01
