3.610824874245961837e+03 2.200307998053881442e-01
3.640939492122804950e+03 2.830772180395326187e-01
3.671054109999648063e+03 3.414379014901003928e-01
3.701168727876492085e+03 3.700846066943191404e-01
3.731283345753335198e+03 3.635067660616656537e-01
3.761397963630178310e+03 4.127215153339325315e-01
3.791512581507022333e+03 4.461415719033207661e-01
3.821627199383865445e+03 4.608508497777631385e-01
3.851741817260708558e+03 4.493741083724343555e-01
3.881856435137552580e+03 4.767908829277544558e-01
3.911971053014395693e+03 4.648585352981438046e-01
3.942085670891238806e+03 3.479503904607189058e-01
3.972200288768082828e+03 3.955618593681710649e-01
4.002314906644925941e+03 5.657165593277644344e-01
4.032429524521769054e+03 6.443055406664633944e-01
4.062544142398613076e+03 6.584643802518410638e-01
4.092658760275456189e+03 7.548116965044074922e-01
4.122773378152299301e+03 7.659833260491313300e-01
4.152887996029143324e+03 7.839230788260616034e-01
4.183002613905986436e+03 7.968800250686501885e-01
4.213117231782829549e+03 8.351035318759432169e-01
4.243231849659672662e+03 8.837152729101899196e-01
4.273346467536516684e+03 9.663366785687781402e-01
4.303461085413359797e+03 8.870447030107119213e-01
4.333575703290203819e+03 1.002985148474028421e+00
4.363690321167046932e+03 1.029750467975623973e+00
4.393804939043890045e+03 9.928752257415456306e-01
4.423919556920733157e+03 1.039390353517444909e+00
4.454034174797577180e+03 1.073721622535397158e+00
4.484148792674420292e+03 1.133746196409575635e+00
4.514263410551264315e+03 1.202264424781680274e+00
4.544378028428107427e+03 1.204866121863326534e+00
4.574492646304950540e+03 1.252517172849992200e+00
4.604607264181793653e+03 1.318897556631235091e+00
4.634721882058637675e+03 1.386673621018084335e+00
4.664836499935480788e+03 1.367272217503525455e+00
4.694951117812324810e+03 1.423338583456340123e+00
4.725065735689167923e+03 1.435582227646432951e+00
4.755180353566011036e+03 1.509687301574212048e+00
4.785294971442854148e+03 1.502047135659330346e+00
4.815409589319697261e+03 1.513191964837919734e+00
4.845524207196541283e+03 1.552854445149958629e+00
4.875638825073385306e+03 1.561383146280521439e+00
4.905753442950228418e+03 1.559265917355916908e+00
4.935868060827071531e+03 1.530707034889953633e+00
4.965982678703914644e+03 1.632494825467769584e+00
4.996097296580757757e+03 1.614862246118070166e+00
5.026211914457601779e+03 1.588037141184328815e+00
5.056326532334445801e+03 1.656316227827850929e+00
5.086441150211288914e+03 1.657713970000082471e+00
5.116555768088132027e+03 1.645530111242135218e+00
5.146670385964975139e+03 1.711999142388283657e+00
5.176785003841818252e+03 1.726764082561620173e+00
5.206899621718662274e+03 1.674014777309573265e+00
5.237014239595506297e+03 1.742784516810014450e+00
5.267128857472349409e+03 1.704257959708741943e+00
5.297243475349192522e+03 1.732280834852020890e+00
5.327358093226035635e+03 1.765195807598110012e+00
5.357472711102878748e+03 1.828368393709748130e+00
5.387587328979722770e+03 1.815058919574162655e+00
5.417701946856566792e+03 1.778191923606587288e+00
5.447816564733409905e+03 1.818806847699703688e+00
5.477931182610253018e+03 1.767871721078281722e+00
5.508045800487096130e+03 1.791361211211623949e+00
5.538160418363939243e+03 1.825989345823678223e+00
5.568275036240783265e+03 1.852274320301483534e+00
5.598389654117627288e+03 1.873959939637329430e+00
5.628504271994470400e+03 1.842883884321373511e+00
5.658618889871313513e+03 1.754852927836921817e+00
5.688733507748156626e+03 1.802961646614495095e+00
5.718848125624999739e+03 1.820353022668986576e+00
5.748962743501843761e+03 1.790303627532634723e+00
5.779077361378687783e+03 1.782057361029793841e+00
5.809191979255530896e+03 1.774184238086206289e+00
5.839306597132374009e+03 1.750581361788450474e+00
5.869421215009217121e+03 1.694960294226788955e+00
5.899535832886060234e+03 1.551615443607906375e+00
5.929650450762904256e+03 1.634199741067231759e+00
5.959765068639748279e+03 1.560152391004972383e+00
5.989879686516591391e+03 1.535178572901118699e+00
6.019994304393434504e+03 1.480153298094287972e+00
6.050108922270277617e+03 1.440789744942976958e+00
6.080223540147120730e+03 1.423633387483816959e+00
6.110338158023963842e+03 1.391833722282236785e+00
6.140452775900808774e+03 1.340461543536163758e+00
6.170567393777651887e+03 1.287998796045090488e+00
6.200682011654495000e+03 1.278062044909167749e+00
6.230796629531338112e+03 1.246404627804761356e+00
6.260911247408181225e+03 1.189148737908911846e+00
6.291025865285024338e+03 1.173025225329232146e+00
6.321140483161869270e+03 1.135207847147204019e+00
6.351255101038712382e+03 1.083266676012435425e+00
6.381369718915555495e+03 1.020531142025447924e+00
6.411484336792398608e+03 1.000000000000000000e+00
6.441598954669241721e+03 9.860493786438190300e-01
6.471713572546084833e+03 9.553279127874855225e-01
6.501828190422929765e+03 9.156406936759383663e-01
6.531942808299772878e+03 8.797282030560664712e-01
6.562057426176615991e+03 8.601495048116964970e-01
6.592172044053459103e+03 8.535751688423066641e-01
6.622286661930302216e+03 9.855999571194141717e-01
6.652401279807145329e+03 7.291245763480583841e-01
6.682515897683990261e+03 6.429531529599973316e-01
6.712630515560833373e+03 5.573301062943752937e-01
6.742745133437676486e+03 4.748859953655982236e-01
6.772859751314519599e+03 3.732268465452266426e-01
6.802974369191362712e+03 2.545855426455672088e-01
6.833088987068205824e+03 1.680323171184246456e-01
6.863203604945050756e+03 1.031655355537780122e-01
6.893318222821893869e+03 5.661144416865264428e-02
6.923432840698736982e+03 5.208403770193045790e-02
6.953547458575580094e+03 6.135387203443640886e-02
6.983662076452423207e+03 6.266440993840038942e-02
7.013776694329266320e+03 6.745054301664921148e-02
7.043891312206110342e+03 6.065458863499550296e-02
7.074005930082954364e+03 6.434046360510278784e-02
7.104120547959797477e+03 6.832980118251462398e-02
7.134235165836640590e+03 7.139535075494569949e-02
7.164349783713483703e+03 6.960797249045494461e-02
7.194464401590326815e+03 7.404425771232074627e-02
7.224579019467170838e+03 7.728648354457519354e-02
7.254693637344014860e+03 7.616375436021341483e-02
7.284808255220857973e+03 7.128237690385677561e-02
7.314922873097701085e+03 7.594172363462442510e-02
7.345037490974544198e+03 8.293249606240774008e-02
7.375152108851387311e+03 7.456356634533713168e-02
7.405266726728231333e+03 8.318627491403265961e-02
7.435381344605075356e+03 7.511812776765319777e-02
7.465495962481918468e+03 7.747387995085225354e-02
7.495610580358761581e+03 8.893433497983788127e-02
7.646183669742978964e+03 6.246814879563277606e-02
7.676298287619822077e+03 6.917545581238095098e-02
7.706412905496665189e+03 5.791662199938977379e-02
7.736527523373508302e+03 5.476077580875259032e-02
7.766642141250352324e+03 6.430335540584000698e-02
7.796756759127196347e+03 5.473047077935464660e-02
7.826871377004039459e+03 6.324783329347638539e-02
