3.245073469011138513e+03 -3.583023068567416092e-02
3.265087422190277721e+03 5.604971010355406236e-01
3.285101375369416928e+03 -7.783678545453756592e-02
3.305115328548555681e+03 2.866092524984262813e-01
3.325129281727694888e+03 -2.369251289057693402e-02
3.345143234906834095e+03 -7.205547324166770851e-02
3.365157188085972848e+03 3.868202840813536048e-01
3.385171141265112055e+03 -1.351643758984519550e-01
3.405185094444251263e+03 4.809483664573634409e-01
3.425199047623390470e+03 -9.737802618594447457e-02
3.445213000802529677e+03 6.330264924324413567e-02
3.465226953981668885e+03 1.471202698889687299e-01
3.485240907160808092e+03 3.637658981930645963e-01
3.505254860339946845e+03 2.806989820627876428e-02
3.525268813519086052e+03 -1.958366904699333222e-01
3.545282766698225259e+03 2.381787467438848116e-01
3.565296719877364012e+03 4.062157951733889050e-01
3.585310673056503219e+03 3.381707945410369343e-01
3.605324626235642427e+03 1.434476885872723317e-01
3.625338579414781634e+03 1.453082500239332719e-01
3.645352532593920841e+03 1.546302198065732658e-01
3.665366485773060049e+03 1.044487439108859606e-01
3.685380438952198801e+03 2.387332582659947300e-01
3.705394392131338009e+03 1.912377548501701385e-01
3.725408345310477216e+03 8.635193246812498946e-02
3.745422298489615969e+03 1.728224797730085471e-01
3.765436251668755176e+03 1.880357341070125476e-01
3.785450204847894383e+03 1.298381892392175829e-01
3.805464158027033591e+03 4.685312005230823224e-02
3.825478111206172798e+03 2.501787533706941735e-01
3.845492064385312005e+03 1.338117724632230665e-01
3.865506017564451213e+03 1.139353408595884798e-01
3.885519970743589965e+03 1.664537206645155532e-01
3.905533923922729173e+03 1.201176152890048032e-01
3.925547877101867925e+03 6.473486582590438909e-02
3.945561830281007133e+03 3.067463727738973245e-01
3.965575783460146340e+03 3.392758304391776392e-01
3.985589736639285547e+03 3.056060268861661156e-01
4.005603689818424755e+03 3.851296236675005313e-01
4.025617642997563962e+03 2.959494902582975873e-01
4.045631596176703169e+03 2.672827709451129907e-01
4.065645549355841922e+03 2.980215471563272822e-01
4.085659502534981129e+03 3.384799143371053365e-01
4.105673455714119882e+03 4.090388271826546074e-01
4.125687408893259089e+03 2.522425046346519206e-01
4.145701362072398297e+03 2.962325886794430208e-01
4.165715315251537504e+03 3.445506370321796408e-01
4.185729268430676711e+03 2.433566027306256763e-01
4.205743221609815919e+03 1.638788305181543004e-01
4.225757174788955126e+03 2.844552437322240279e-01
4.245771127968094333e+03 2.714602398141829354e-01
4.265785081147232631e+03 2.848210008841343677e-01
4.285799034326371839e+03 2.132444821929068146e-01
4.305812987505511046e+03 2.927150642886244825e-01
4.325826940684650253e+03 2.599928982411126022e-01
4.345840893863789461e+03 2.893684239009958192e-01
4.365854847042928668e+03 3.614558274460596965e-01
4.385868800222067875e+03 2.226898436563885531e-01
4.405882753401207083e+03 2.978344715844374879e-01
4.425896706580346290e+03 2.026351833065449526e-01
4.445910659759485497e+03 3.468816264905498770e-01
4.465924612938624705e+03 3.651342514077930979e-01
4.485938566117763912e+03 4.050917071226122768e-01
4.505952519296902210e+03 4.010959902674077759e-01
4.525966472476041417e+03 4.394929808003588678e-01
4.545980425655180625e+03 4.091612469274585884e-01
4.565994378834319832e+03 4.100521587193722839e-01
4.586008332013459039e+03 3.854061173424265796e-01
4.606022285192598247e+03 4.483002000752483451e-01
4.626036238371736545e+03 4.110947366909097345e-01
4.646050191550875752e+03 3.679333826295925758e-01
4.666064144730014959e+03 3.147928533994754918e-01
4.686078097909154167e+03 2.916783289771240906e-01
4.706092051088293374e+03 4.600548591548346833e-01
4.726106004267432581e+03 5.293783641545034557e-01
4.746119957446571789e+03 4.420989618509933994e-01
4.766133910625710996e+03 4.722185044447039237e-01
4.786147863804850203e+03 4.451599856197984151e-01
4.806161816983989411e+03 3.772827212438187860e-01
4.826175770163128618e+03 4.242486963081105733e-01
4.846189723342267826e+03 4.178078096154426158e-01
4.866203676521407033e+03 4.732398323631227255e-01
4.886217629700545331e+03 2.831955043546618422e-01
4.906231582879684538e+03 3.479097800498149318e-01
4.926245536058823745e+03 3.072696498103466012e-01
4.946259489237962953e+03 3.181115727192979636e-01
4.966273442417102160e+03 4.399874752804644462e-01
4.986287395596241367e+03 4.975869150920299022e-01
5.006301348775379665e+03 5.511422621476954609e-01
5.026315301954518873e+03 5.673084499334016817e-01
5.046329255133658080e+03 6.053440349366425721e-01
5.066343208312797287e+03 4.770564479387024992e-01
5.086357161491936495e+03 5.282973505358338207e-01
5.106371114671075702e+03 4.969094315886823376e-01
5.126385067850214909e+03 5.631913736270682813e-01
5.146399021029354117e+03 5.112803874931985959e-01
5.166412974208493324e+03 5.564851705222536582e-01
5.186426927387632531e+03 5.011236573064679067e-01
5.206440880566771739e+03 5.915775568954975139e-01
5.226454833745910946e+03 5.379175279251547925e-01
5.246468786925050154e+03 5.131693007418276498e-01
5.266482740104188451e+03 6.514202468606531404e-01
5.286496693283327659e+03 6.240175743682521148e-01
5.306510646462466866e+03 5.842354868155993364e-01
5.326524599641606073e+03 7.574587189553521061e-01
5.346538552820745281e+03 6.560326128674285329e-01
5.366552505999883579e+03 5.814943183167621266e-01
5.386566459179022786e+03 6.379527495569826678e-01
5.406580412358161993e+03 6.765722692328548504e-01
5.426594365537301201e+03 6.839861963012037194e-01
5.446608318716440408e+03 8.432724419171935271e-01
5.466622271895579615e+03 7.912622520527764491e-01
5.486636225074718823e+03 9.570933815030084890e-01
5.506650178253858030e+03 1.145506602261518347e+00
5.526664131432997237e+03 1.033333094030917110e+00
5.546678084612136445e+03 1.121890812941324311e+00
5.566692037791275652e+03 1.101735999014705314e+00
5.586705990970414859e+03 1.154972727809672639e+00
5.606719944149554067e+03 1.073354410352272081e+00
5.626733897328693274e+03 9.516699349851953649e-01
5.646747850507832482e+03 8.709681972631753144e-01
5.666761803686970779e+03 1.073709255314688304e+00
5.686775756866109987e+03 9.133044881901689616e-01
5.706789710045249194e+03 8.350490689571914427e-01
5.726803663224388401e+03 6.998188333566446317e-01
5.746817616403526699e+03 6.738287150731155917e-01
5.766831569582665907e+03 6.663930519836289701e-01
5.786845522761805114e+03 6.392477216110026284e-01
5.806859475940944321e+03 8.154541342894717770e-01
5.826873429120083529e+03 1.003256979300502838e+00
5.846887382299222736e+03 1.251368535452768826e+00
5.866901335478361943e+03 1.314761817718658632e+00
5.886915288657501151e+03 1.365756687995677510e+00
5.906929241836640358e+03 1.361741930032875469e+00
5.926943195015779565e+03 1.307043232923621234e+00
5.946957148194918773e+03 1.218688869511173944e+00
5.966971101374057980e+03 1.194898882770629722e+00
5.986985054553197187e+03 1.195231284849529674e+00
6.006999007732336395e+03 1.063071063424909646e+00
6.027012960911475602e+03 1.051133746663834856e+00
6.047026914090613900e+03 1.139568604040398059e+00
6.067040867269753107e+03 1.173600983864188319e+00
6.087054820448892315e+03 1.077019757358182561e+00
6.107068773628031522e+03 1.044200839509600298e+00
6.127082726807169820e+03 9.869577025644010737e-01
6.147096679986309027e+03 9.896577405030465568e-01
6.167110633165448235e+03 1.044277092299123133e+00
6.187124586344587442e+03 1.069542742814518332e+00
6.207138539523726649e+03 1.008223660122803400e+00
6.227152492702865857e+03 1.116323299015580472e+00
6.247166445882005064e+03 1.182235971679278075e+00
6.267180399061144271e+03 1.352650883384384883e+00
6.287194352240283479e+03 1.328851619073784462e+00
6.307208305419422686e+03 1.289560049900303484e+00
6.327222258598561893e+03 1.183310976966660100e+00
6.347236211777701101e+03 1.128391252797520394e+00
6.367250164956840308e+03 1.081869805872820667e+00
6.387264118135979516e+03 1.096188100522535569e+00
6.407278071315118723e+03 1.108275846454071623e+00
6.427292024494257021e+03 1.016926197483015937e+00
6.447305977673396228e+03 1.048182242399712472e+00
6.467319930852535435e+03 1.060841972610146122e+00
6.487333884031674643e+03 1.055133218725933464e+00
6.507347837210812941e+03 1.109422863356169797e+00
6.527361790389952148e+03 1.035801192719915775e+00
6.547375743569091355e+03 1.028775156434675875e+00
6.567389696748230563e+03 1.015778827149461216e+00
6.587403649927369770e+03 8.324168898161461438e-01
6.607417603106508977e+03 9.385131479181058056e-01
6.627431556285648185e+03 1.017400855634974066e+00
6.647445509464787392e+03 1.239801879701704079e+00
6.667459462643926599e+03 1.434911252863964926e+00
6.687473415823065807e+03 1.359352646509148776e+00
6.707487369002205014e+03 1.220751052424375871e+00
6.727501322181344221e+03 1.198071900062549933e+00
6.747515275360483429e+03 1.224989444002645866e+00
6.767529228539622636e+03 1.207370852636338032e+00
6.787543181718761844e+03 1.305304262878075106e+00
6.807557134897900141e+03 1.235079508222120426e+00
6.827571088077039349e+03 1.172465232582452943e+00
6.847585041256178556e+03 9.951190483422289734e-01
6.867598994435317763e+03 9.909738300735159156e-01
6.887612947614456061e+03 9.292130466932191357e-01
6.907626900793595269e+03 1.027071882943529690e+00
6.927640853972734476e+03 9.666172930590644086e-01
6.947654807151873683e+03 1.049273196271945041e+00
6.967668760331012891e+03 1.022393602010962743e+00
6.987682713510152098e+03 1.072981363681787093e+00
7.007696666689291305e+03 1.215066022611607455e+00
7.027710619868430513e+03 1.375203595720639438e+00
7.047724573047569720e+03 1.415109428386071455e+00
7.067738526226708927e+03 1.390837979941518032e+00
7.087752479405848135e+03 1.256836293411905281e+00
7.107766432584987342e+03 1.269198876309439727e+00
7.127780385764126549e+03 1.362821485747274908e+00
7.147794338943265757e+03 1.424604446937856039e+00
7.167808292122404964e+03 1.569877055630605645e+00
7.187822245301543262e+03 1.478964026774864493e+00
7.207836198480682469e+03 1.412492446787450895e+00
7.227850151659821677e+03 1.453272579976439216e+00
7.247864104838960884e+03 1.617677923635497228e+00
7.267878058018099182e+03 1.924368145021678078e+00
7.287892011197238389e+03 2.138368373647304921e+00
7.307905964376377597e+03 2.265512787307998988e+00
7.327919917555516804e+03 2.137366749520738018e+00
7.347933870734656011e+03 2.039572591187056805e+00
7.367947823913795219e+03 1.942229234396204429e+00
7.387961777092934426e+03 1.878850707884233806e+00
7.407975730272073633e+03 1.772628363188426537e+00
7.427989683451212841e+03 1.538441379287714073e+00
7.448003636630352048e+03 1.186303346718116103e+00
7.468017589809491255e+03 1.214461390122825390e+00
7.488031542988630463e+03 1.011313532716366925e+00
7.508045496167769670e+03 9.232700562563085356e-01
7.528059449346907968e+03 8.969667758069349572e-01
7.548073402526047175e+03 9.649778139062529236e-01
7.568087355705186383e+03 1.034392857596468041e+00
7.588101308884325590e+03 1.122997538682813268e+00
7.608115262063464797e+03 1.063553055275115566e+00
7.628129215242604005e+03 1.094347518995623325e+00
7.648143168421743212e+03 1.075684405784954611e+00
7.668157121600882419e+03 1.053861528954531446e+00
7.688171074780020717e+03 1.045305798094661620e+00
7.708185027959159925e+03 1.174224834177230559e+00
7.728198981138299132e+03 1.315234620356819040e+00
7.748212934317438339e+03 1.313004469248487682e+00
7.768226887496577547e+03 1.239992688391266196e+00
7.788240840675716754e+03 1.235898231684150472e+00
7.808254793854855961e+03 1.128261720248775246e+00
7.828268747033995169e+03 1.125119451474710486e+00
7.848282700213134376e+03 1.113553325871177613e+00
7.868296653392273583e+03 1.069561872280127002e+00
7.888310606571412791e+03 1.180476149190140545e+00
7.908324559750551089e+03 1.192954569175962654e+00
7.928338512929690296e+03 1.316411192946695508e+00
7.948352466108829503e+03 1.279481604732701561e+00
7.968366419287968711e+03 1.213979751703862409e+00
7.988380372467107918e+03 1.175374192561679632e+00
8.008394325646247125e+03 1.121462321745394952e+00
8.028408278825386333e+03 1.051072470523017888e+00
8.048422232004525540e+03 1.040281817232958872e+00
8.068436185183663838e+03 1.008942892691137683e+00
8.088450138362803045e+03 1.034304499787053411e+00
8.108464091541942253e+03 1.221473863483796052e+00
8.128478044721081460e+03 1.127404119351640865e+00
8.148491997900220667e+03 1.179125511715461982e+00
8.168505951079359875e+03 1.123838351596849972e+00
8.188519904258499082e+03 9.856738635943420590e-01
8.208533857437638289e+03 1.024982530004359793e+00
8.228547810616777497e+03 8.496027488113971904e-01
8.248561763795916704e+03 8.193409059657565940e-01
8.268575716975055911e+03 6.388651322964816748e-01
8.288589670154195119e+03 6.227112704251338560e-01
8.308603623333334326e+03 6.148119718204702044e-01
8.328617576512473534e+03 7.448302674093439935e-01
8.348631529691612741e+03 7.762222949946862016e-01
8.368645482870751948e+03 8.991756326833293400e-01
8.388659436049891156e+03 9.986937402357802807e-01
8.408673389229030363e+03 9.950449161401629938e-01
8.428687342408169570e+03 1.009565461815931764e+00
8.448701295587306959e+03 9.994897999192400295e-01
8.468715248766446166e+03 1.193973864864134482e+00
8.488729201945585373e+03 1.165329058288109287e+00
8.508743155124724581e+03 1.474412450940352892e+00
8.528757108303863788e+03 1.725507850315482816e+00
8.548771061483002995e+03 1.876965682379008404e+00
8.568785014662142203e+03 2.181844480315673351e+00
8.588798967841281410e+03 2.205767003769858459e+00
8.608812921020420617e+03 2.295007154221119006e+00
8.628826874199559825e+03 2.341457208036912263e+00
8.648840827378699032e+03 2.573271166251600128e+00
8.668854780557836420e+03 2.617978450635119358e+00
8.688868733736975628e+03 2.721800467081731068e+00
8.708882686916114835e+03 2.513919281827536434e+00
8.728896640095254043e+03 2.270876636482824118e+00
8.748910593274393250e+03 2.122878366086834223e+00
8.768924546453532457e+03 1.952434384662609324e+00
8.788938499632671665e+03 1.736798564627147545e+00
8.808952452811810872e+03 1.593236474766101418e+00
8.828966405990950079e+03 1.403947274685832580e+00
8.848980359170089287e+03 1.371166704126959068e+00
8.868994312349228494e+03 1.360622790019284212e+00
8.889008265528367701e+03 1.197067271770552832e+00
8.909022218707506909e+03 1.171185855681667221e+00
8.929036171886646116e+03 1.099965396873330281e+00
8.949050125065785323e+03 1.063106053117357952e+00
8.969064078244924531e+03 1.060803802036512922e+00
8.989078031424063738e+03 1.064322563436761238e+00
9.009091984603202945e+03 1.043255852738448342e+00
9.029105937782342153e+03 1.007453356740767969e+00
9.049119890961481360e+03 9.858880429242121712e-01
9.069133844140620567e+03 9.411597293820943566e-01
9.089147797319759775e+03 9.789440910439213273e-01
9.109161750498898982e+03 1.000510200080759970e+00
9.129175703678038190e+03 1.118107375723587538e+00
9.149189656857177397e+03 1.174874705865089464e+00
9.169203610036316604e+03 1.074380951381855853e+00
9.189217563215455812e+03 1.061213340482962231e+00
9.209231516394593200e+03 1.021393921755830769e+00
9.229245469573732407e+03 1.117881621520128821e+00
9.249259422752871615e+03 1.140820634199140482e+00
9.269273375932010822e+03 9.983821905999378243e-01
9.289287329111150029e+03 1.021964094699696401e+00
9.309301282290289237e+03 1.102563823330769743e+00
9.329315235469428444e+03 1.060240874433044267e+00
9.349329188648567651e+03 1.028865899904993109e+00
9.369343141827706859e+03 1.163892006876839469e+00
9.389357095006846066e+03 8.894515906890501089e-01
9.409371048185985273e+03 9.133868818473817042e-01
9.429385001365122662e+03 8.654478664074087835e-01
9.449398954544261869e+03 8.643425985699768610e-01
9.469412907723401077e+03 7.783128407643071789e-01
9.489426860902540284e+03 8.183476758306318377e-01
9.509440814081679491e+03 7.302948776216985349e-01
9.529454767260818699e+03 7.199149114295613217e-01
9.549468720439957906e+03 7.681905701232405459e-01
9.569482673619097113e+03 7.014731124425143127e-01
9.589496626798236321e+03 7.025662531705119118e-01
9.609510579977375528e+03 7.216214099808181404e-01
9.629524533156514735e+03 7.114093678053658998e-01
9.649538486335653943e+03 9.376148582491790062e-01
9.669552439514793150e+03 9.050521338686856598e-01
9.689566392693932357e+03 9.094591563264466938e-01
9.709580345873071565e+03 1.064041939034154893e+00
9.729594299052210772e+03 9.168448088958001119e-01
9.749608252231349979e+03 9.863618616769621594e-01
9.769622205410489187e+03 1.075301374681927769e+00
9.789636158589628394e+03 9.475616061019740410e-01
9.809650111768767601e+03 8.677596601317023595e-01
9.829664064947906809e+03 1.117937993802952557e+00
9.849678018127046016e+03 1.014752948803864907e+00
9.869691971306185224e+03 1.185107423768431589e+00
9.889705924485324431e+03 1.758652631765106777e+00
9.909719877664463638e+03 1.135408983449062159e+00
9.929733830843602846e+03 1.251636347973318131e+00
9.949747784022742053e+03 1.057435955774744141e+00
9.969761737201879441e+03 1.055103751396433420e+00
9.989775690381018649e+03 1.105383365206906943e+00
