3.165998631342261888e+03 5.642136705364778765e-02
3.196109101573956195e+03 1.520008742467280072e-01
3.226219571805650048e+03 6.739614387650603999e-02
3.256330042037344356e+03 1.793765528021015188e-01
3.286440512269038663e+03 1.499629521391310782e-01
3.316550982500732971e+03 2.373427535625968199e-01
3.346661452732427279e+03 1.365043542619941985e-01
3.376771922964121131e+03 1.002393415994907028e-01
3.406882393195815439e+03 1.390005935936590997e-01
3.436992863427509747e+03 1.191012147558939277e-01
3.467103333659204054e+03 1.551380622685543664e-01
3.497213803890897907e+03 1.397332719594469030e-01
3.527324274122592215e+03 1.284727091796734333e-01
3.557434744354286522e+03 2.100400944782543911e-01
3.587545214585980830e+03 1.473150442463223575e-01
3.617655684817675137e+03 2.318903019048809688e-01
3.647766155049368990e+03 2.150559195030702364e-01
3.677876625281063298e+03 2.813592549695876910e-01
3.707987095512757605e+03 2.757228472295237265e-01
3.738097565744451913e+03 2.044694208198215846e-01
3.768208035976145766e+03 2.169949921226727307e-01
3.798318506207840073e+03 2.639546252702010820e-01
3.828428976439534381e+03 1.780285901860837461e-01
3.858539446671228689e+03 2.384656969923760472e-01
3.888649916902922541e+03 2.753546039107639398e-01
3.918760387134616849e+03 2.858463925318135979e-01
3.948870857366311157e+03 2.552535522482463071e-01
3.978981327598005464e+03 2.601314516055590609e-01
4.009091797829699772e+03 3.998155471865564858e-01
4.039202268061393625e+03 4.244865249272082308e-01
4.069312738293087932e+03 4.138217083079103742e-01
4.099423208524782240e+03 4.316195834578611668e-01
4.129533678756475638e+03 4.513381521768827231e-01
4.159644148988170855e+03 4.242944555703011544e-01
4.189754619219864253e+03 4.342936525216968824e-01
4.219865089451559470e+03 4.576184889936807387e-01
4.249975559683252868e+03 4.734277839915159158e-01
4.280086029914948085e+03 4.699208624576433069e-01
4.310196500146641483e+03 4.218935886089625331e-01
4.340306970378335791e+03 5.324526842934457216e-01
4.370417440610030098e+03 5.591900633911667251e-01
4.400527910841723497e+03 5.584449667479927104e-01
4.430638381073418714e+03 5.502455921324418409e-01
4.460748851305112112e+03 6.159515256681654671e-01
4.490859321536807329e+03 6.471214019076131363e-01
4.520969791768500727e+03 6.876927420135989788e-01
4.551080262000195944e+03 6.660700374286881997e-01
4.581190732231889342e+03 6.690918182593383889e-01
4.611301202463583650e+03 7.030384213223479506e-01
4.641411672695277957e+03 6.875288207521006445e-01
4.671522142926971355e+03 6.952016604064751304e-01
4.701632613158666572e+03 6.907592286428396733e-01
4.731743083390359971e+03 6.990596052477985323e-01
4.761853553622055188e+03 6.818544958717507321e-01
4.791964023853748586e+03 7.219026125571966768e-01
4.822074494085443803e+03 7.349964442332418413e-01
4.852184964317137201e+03 7.322147500987253865e-01
4.882295434548831508e+03 6.871844205259223237e-01
4.912405904780525816e+03 7.320110903495911092e-01
4.942516375012219214e+03 7.524581980086051392e-01
4.972626845243914431e+03 7.461828285027615193e-01
5.002737315475607829e+03 7.135923013303286933e-01
5.032847785707303046e+03 6.821442556774295340e-01
5.062958255938996444e+03 7.225500187515989658e-01
5.093068726170691662e+03 7.916684949130599058e-01
5.123179196402385060e+03 7.658732491263743336e-01
5.153289666634079367e+03 7.018975955731325822e-01
5.183400136865773675e+03 6.207184884141612180e-01
5.213510607097467073e+03 7.354435022191462279e-01
5.243621077329162290e+03 9.351476160632903323e-01
5.273731547560855688e+03 8.979408012438145903e-01
5.303842017792550905e+03 1.012460499529347580e+00
5.333952488024244303e+03 9.809776826997667065e-01
5.364062958255938611e+03 1.069697167887659450e+00
5.394173428487632918e+03 1.047882393945841484e+00
5.424283898719327226e+03 1.066445234982784207e+00
5.454394368951021534e+03 1.095070192243212892e+00
5.484504839182715841e+03 1.049433850733961560e+00
5.514615309414410149e+03 1.083304288362335610e+00
5.544725779646103547e+03 1.104100763558482301e+00
5.574836249877798764e+03 1.091857997825973481e+00
5.604946720109492162e+03 1.115040438050595606e+00
5.635057190341186470e+03 1.055729089483623317e+00
5.665167660572880777e+03 1.095593415663752790e+00
5.695278130804575085e+03 1.137171464123182707e+00
5.725388601036269392e+03 1.158734560976639738e+00
5.755499071267963700e+03 1.133586721384356455e+00
5.785609541499658008e+03 1.118605311545603831e+00
5.815720011731351406e+03 1.152455879930159632e+00
5.845830481963046623e+03 1.153550344110466419e+00
5.875940952194740021e+03 1.110897700714547964e+00
5.906051422426434328e+03 1.032366170294321650e+00
5.936161892658128636e+03 1.133604934857856517e+00
5.966272362889822944e+03 1.113883054598198363e+00
5.996382833121517251e+03 1.114563576198964068e+00
6.026493303353210649e+03 1.073305091410939882e+00
6.056603773584905866e+03 1.094080041592950581e+00
6.086714243816599264e+03 1.061385200890473390e+00
6.116824714048294481e+03 1.033210613156585467e+00
6.146935184279987880e+03 1.002022523443638180e+00
6.177045654511682187e+03 9.722335596495398358e-01
6.207156124743376495e+03 9.566444821040207547e-01
6.237266594975070802e+03 9.790106275617872500e-01
6.267377065206765110e+03 9.645839007796196407e-01
6.297487535438458508e+03 1.019981008314450710e+00
6.327598005670153725e+03 1.022769325530239914e+00
6.357708475901847123e+03 1.003516028270622584e+00
6.387818946133542340e+03 1.061012652568886550e+00
6.417929416365235738e+03 1.025372196470394570e+00
6.448039886596930046e+03 1.043492946832387247e+00
6.478150356828624354e+03 1.043870462464928872e+00
6.508260827060318661e+03 9.892648131421803992e-01
6.538371297292012969e+03 1.026021258435115158e+00
6.568481767523706367e+03 9.661982768398299504e-01
6.598592237755401584e+03 1.016662844596849080e+00
6.628702707987094982e+03 9.998335950830246066e-01
6.658813178218789290e+03 9.975420089626848563e-01
6.688923648450483597e+03 1.031508481269512334e+00
6.719034118682177905e+03 1.002040736917137798e+00
6.749144588913872212e+03 1.004145220991524923e+00
6.779255059145566520e+03 1.000166404916975615e+00
6.809365529377260827e+03 9.724885482785373680e-01
6.839475999608954226e+03 9.898592346864013569e-01
6.869586469840649443e+03 9.723792674375382195e-01
6.899696940072342841e+03 9.969807028248272029e-01
6.929807410304037148e+03 1.010639152179366285e+00
6.959917880535731456e+03 1.042900181058484366e+00
6.990028350767425763e+03 1.015417705317589236e+00
7.020138820999120071e+03 9.859880436825325667e-01
7.050249291230814379e+03 9.874235965483812993e-01
7.080359761462508686e+03 9.575750250228290961e-01
7.110470231694202084e+03 9.461733906119479398e-01
7.140580701925897301e+03 9.329321953775862042e-01
7.261022582852673622e+03 1.037886508535082131e+00
7.291133053084367930e+03 1.033675884615989693e+00
7.321243523316061328e+03 1.026574285721382207e+00
7.351353993547756545e+03 1.084796137419002049e+00
7.381464463779449943e+03 1.099332145042168252e+00
7.411574934011145160e+03 1.040908289365732431e+00
7.441685404242838558e+03 1.096894851133830340e+00
7.471795874474533775e+03 1.127920675355597480e+00
7.501906344706227173e+03 1.150031832184366776e+00
7.532016814937921481e+03 1.153345028591014065e+00
7.562127285169615789e+03 1.138603705448395065e+00
7.592237755401309187e+03 1.089299832684409441e+00
7.622348225633004404e+03 1.067822835887497046e+00
7.652458695864697802e+03 1.078187958079207309e+00
7.682569166096393019e+03 1.012771784349162374e+00
7.712679636328086417e+03 1.043572423807659355e+00
7.742790106559781634e+03 1.072410975439130887e+00
7.772900576791475032e+03 1.063945021802355839e+00
7.803011047023169340e+03 1.088735215005915524e+00
7.833121517254863647e+03 1.094199257055858521e+00
7.863231987486557045e+03 1.092530240575148470e+00
7.893342457718252263e+03 1.089210421087228653e+00
7.923452927949945661e+03 9.605984616237974727e-01
7.953563398181640878e+03 1.037734177665811108e+00
7.983673868413334276e+03 1.016118096162172968e+00
8.013784338645029493e+03 1.073469012672438216e+00
8.043894808876722891e+03 1.113048546357843671e+00
8.074005279108417199e+03 1.113700919863200411e+00
8.104115749340111506e+03 1.074111451555886054e+00
8.134226219571804904e+03 1.092218955755333454e+00
8.164336689803500121e+03 1.168420817337902262e+00
8.194447160035193519e+03 1.076591795492496617e+00
8.224557630266888737e+03 1.174805467684744809e+00
8.254668100498583954e+03 1.149783466636642215e+00
8.284778570730275533e+03 1.034868039245068205e+00
8.314889040961970750e+03 1.179097224349427098e+00
8.344999511193665967e+03 9.687879016174393287e-01
8.375109981425357546e+03 1.025469886919166296e+00
8.405220451657052763e+03 1.196946428379241034e+00
8.435330921888747980e+03 1.102337368169636900e+00
8.465441392120443197e+03 1.155308772188357258e+00
8.495551862352134776e+03 9.675162700130890414e-01
8.525662332583829993e+03 1.037777227694083315e+00
8.555772802815525210e+03 1.069405752311662461e+00
8.585883273047218609e+03 1.104274619441889538e+00
8.615993743278912007e+03 1.113384667732430833e+00
8.646104213510607224e+03 1.191204216915846548e+00
8.676214683742302441e+03 1.190719076212624294e+00
8.706325153973994020e+03 1.218320767416427364e+00
8.736435624205689237e+03 1.046241525560540397e+00
8.766546094437384454e+03 1.269886422435025697e+00
8.796656564669079671e+03 1.701598729030704193e+00
8.826767034900771250e+03 8.645637831702538412e-01
8.856877505132466467e+03 1.522210916990438978e+00
8.886987975364161684e+03 9.905943967076663581e-01
8.917098445595853264e+03 1.281498339676313547e+00
8.947208915827548481e+03 8.306238031885171402e-01
