2.851307829501342894e+03 7.706986577096718305e-01
2.881407470983769599e+03 9.071970068361733253e-01
2.911507112466195849e+03 5.344598784135395908e-01
2.941606753948622099e+03 8.287424233110476379e-01
2.971706395431048804e+03 6.760852721434859047e-01
3.001806036913475509e+03 8.787090739077934032e-01
3.031905678395901759e+03 7.698546553774119339e-01
3.062005319878328010e+03 7.712837191960757455e-01
3.092104961360754714e+03 6.812268785354896883e-01
3.122204602843181419e+03 7.478003638491264038e-01
3.152304244325607669e+03 7.023528362109298095e-01
3.182403885808033920e+03 7.175598099704494359e-01
3.212503527290460624e+03 7.433497949377594338e-01
3.242603168772887329e+03 8.033499408199213931e-01
3.272702810255313580e+03 8.064246189052970415e-01
3.302802451737739830e+03 7.061684741343587923e-01
3.332902093220166535e+03 7.654596644001768757e-01
3.363001734702593239e+03 7.641591988827995952e-01
3.393101376185019490e+03 8.611255158005226562e-01
3.423201017667445740e+03 8.073856969618198320e-01
3.453300659149872445e+03 7.982117700586014442e-01
3.483400300632299150e+03 8.555541648592516202e-01
3.513499942114725400e+03 7.737389794876328164e-01
3.543599583597151650e+03 7.672337448285015959e-01
3.573699225079578355e+03 8.148392449878886223e-01
3.603798866562005060e+03 8.307464531473367497e-01
3.633898508044431310e+03 8.957272857634689389e-01
3.663998149526857560e+03 8.184429309228513638e-01
3.694097791009284265e+03 8.756879916618925952e-01
3.724197432491710970e+03 8.292868914989364182e-01
3.754297073974137220e+03 9.056805194292510963e-01
3.784396715456563470e+03 9.148264855839298715e-01
3.814496356938990175e+03 9.324154878445148897e-01
3.844595998421416880e+03 9.975933142414693533e-01
3.874695639903843130e+03 1.050711812475424223e+00
3.904795281386269835e+03 1.038357390060180130e+00
3.934894922868696085e+03 1.066124844795384163e+00
3.964994564351122790e+03 1.020688258319698338e+00
3.995094205833549040e+03 1.037009618550310819e+00
4.025193847315975745e+03 1.067458133800230025e+00
4.055293488798401995e+03 1.058653880764265587e+00
4.085393130280828700e+03 1.115683818163376362e+00
4.115492771763254495e+03 1.129643948672966580e+00
4.145592413245682110e+03 1.111092599815260096e+00
4.175692054728107905e+03 1.092446110414067029e+00
4.205791696210533701e+03 1.075219435056491646e+00
4.235891337692961315e+03 1.017000135152449358e+00
4.265990979175387110e+03 1.110885351998076587e+00
4.296090620657814725e+03 1.069950340336217165e+00
4.326190262140240520e+03 1.134923614564704142e+00
4.356289903622666316e+03 1.088093377694902664e+00
4.386389545105093930e+03 1.051553647717470952e+00
4.416489186587519725e+03 1.049782342221653675e+00
4.446588828069945521e+03 1.068033416953084958e+00
4.476688469552373135e+03 9.774740492275151293e-01
4.506788111034798931e+03 1.160080782778278863e+00
4.536887752517226545e+03 1.142978265829990958e+00
4.566987393999652340e+03 1.146334401356383870e+00
4.597087035482078136e+03 1.238898221765108998e+00
4.627186676964505750e+03 1.194991336660706338e+00
4.657286318446931546e+03 1.223142630632829908e+00
4.687385959929357341e+03 1.215765538604599794e+00
4.717485601411784955e+03 1.170082168130349043e+00
4.747585242894210751e+03 1.220295549869841789e+00
4.777684884376638365e+03 1.448732011764650496e+00
4.807784525859064161e+03 1.443967954762008343e+00
4.837884167341489956e+03 1.480218986046007323e+00
4.867983808823917570e+03 1.609102603208611759e+00
4.898083450306343366e+03 1.397247816643657270e+00
4.928183091788770071e+03 1.296488166974137490e+00
4.958282733271196776e+03 1.230754138388933328e+00
4.988382374753622571e+03 1.229410436780143057e+00
5.018482016236050185e+03 1.249292273282279098e+00
5.048581657718475981e+03 1.149049236764064785e+00
5.078681299200901776e+03 1.122842879779495151e+00
5.108780940683329391e+03 1.141150668845919203e+00
5.138880582165755186e+03 1.176492156534293398e+00
5.168980223648181891e+03 1.166598649987385938e+00
5.199079865130608596e+03 1.229561287397371361e+00
5.229179506613034391e+03 1.231558657395629863e+00
5.259279148095462006e+03 1.193980785521542520e+00
5.289378789577887801e+03 1.208486917038903430e+00
5.319478431060313596e+03 1.190297630804859619e+00
5.349578072542741211e+03 1.169857530736089224e+00
5.379677714025167006e+03 1.190357516491444834e+00
5.409777355507593711e+03 1.134139973621777875e+00
5.439876996990020416e+03 1.143357506607328933e+00
5.469976638472446211e+03 1.098002635287368189e+00
5.500076279954873826e+03 1.135100153128685951e+00
5.530175921437299621e+03 1.072097768113789984e+00
5.560275562919725417e+03 1.093741554624996226e+00
5.590375204402153031e+03 1.005736023365281895e+00
5.620474845884578826e+03 9.966557570415507383e-01
5.650574487367005531e+03 9.738078612410422386e-01
5.680674128849432236e+03 9.434696033099004842e-01
5.710773770331858032e+03 9.568071975300899146e-01
5.740873411814285646e+03 9.655285197256769925e-01
5.770973053296711441e+03 9.851690163826258839e-01
5.801072694779137237e+03 9.789832425260756033e-01
5.831172336261564851e+03 1.016793204470431533e+00
5.861271977743990647e+03 1.038590008689015409e+00
5.891371619226417351e+03 1.094393214491897970e+00
5.921471260708844056e+03 1.046036183322930802e+00
5.951570902191269852e+03 1.078264408149980813e+00
5.981670543673697466e+03 1.002406685758530536e+00
6.011770185156123262e+03 1.006873428562321759e+00
6.041869826638549057e+03 1.026853841238627885e+00
6.071969468120976671e+03 1.008284679957042851e+00
6.102069109603402467e+03 1.030329008156095849e+00
6.132168751085829172e+03 1.043270394868609507e+00
6.252567317015535082e+03 9.932633095409312274e-01
6.282666958497960877e+03 1.028920505266100793e+00
6.312766599980388492e+03 1.058880738104493124e+00
6.342866241462814287e+03 1.040128801267761638e+00
6.372965882945240992e+03 1.143331765804820987e+00
6.403065524427667697e+03 1.248957537136888618e+00
6.433165165910093492e+03 1.555371241307104579e+00
6.463264807392521107e+03 1.900121246051543533e+00
6.493364448874946902e+03 2.030043797949356854e+00
6.523464090357372697e+03 2.091456384482472064e+00
6.553563731839800312e+03 2.386472515826008056e+00
6.583663373322226107e+03 2.132852669212751184e+00
6.613763014804652812e+03 1.476501686445438555e+00
6.643862656287079517e+03 1.328484618866723199e+00
6.673962297769505312e+03 1.184461551301406956e+00
6.704061939251932927e+03 1.062172442340729051e+00
6.734161580734358722e+03 1.008832108072930778e+00
6.764261222216785427e+03 1.074192762880849861e+00
6.794360863699212132e+03 1.020914957092406983e+00
6.824460505181637927e+03 9.739692301739792946e-01
6.854560146664065542e+03 9.680569325240625522e-01
6.884659788146491337e+03 8.797955789141382876e-01
6.914759429628917133e+03 9.219325856308411282e-01
6.944859071111344747e+03 8.902072842876680436e-01
6.974958712593770542e+03 9.391292388613643460e-01
7.005058354076197247e+03 8.281822569334833517e-01
7.035157995558623952e+03 8.933621447088864187e-01
7.065257637041049747e+03 8.817686087899694325e-01
7.095357278523476452e+03 9.288939134841698309e-01
7.125456920005903157e+03 8.606682597774274468e-01
7.155556561488329862e+03 8.690221544797652742e-01
7.185656202970756567e+03 9.022816235141936092e-01
7.215755844453182362e+03 8.988373244174465704e-01
7.245855485935609067e+03 8.759648770713011068e-01
7.275955127418035772e+03 8.530218142995247277e-01
7.306054768900461568e+03 8.959561516263269132e-01
7.336154410382888273e+03 8.221150916211413806e-01
7.366254051865314977e+03 8.273367217814052710e-01
7.396353693347741682e+03 8.092539665281343053e-01
7.426453334830168387e+03 8.334178410401396064e-01
7.456552976312594183e+03 7.998073298282870613e-01
7.486652617795020888e+03 8.189990538273099752e-01
7.516752259277447592e+03 7.719360397610903757e-01
7.546851900759873388e+03 8.365168856757241311e-01
7.576951542242300093e+03 7.231879281027236983e-01
7.607051183724726798e+03 7.435318040829644870e-01
7.637150825207153503e+03 6.986704214763425069e-01
7.667250466689580207e+03 7.703195754997891331e-01
7.697350108172006003e+03 8.303337281842260165e-01
7.727449749654432708e+03 8.505015413032336324e-01
7.757549391136859413e+03 7.627717590519391688e-01
7.787649032619285208e+03 7.764945667614115976e-01
7.817748674101711913e+03 7.362642558193248643e-01
7.847848315584138618e+03 7.111512751025959034e-01
7.877947957066565323e+03 7.075295124644069844e-01
7.908047598548992028e+03 6.990883791693025540e-01
7.938147240031417823e+03 8.076249754286217719e-01
7.968246881513844528e+03 7.675179507741811680e-01
7.998346522996271233e+03 7.029247101608820936e-01
8.028446164478697028e+03 6.535182787975828411e-01
8.058545805961123733e+03 7.603157059224679992e-01
8.088645447443550438e+03 7.630911669987017198e-01
