2.686637502571913501e+03 2.511378886787663411e+00
2.706672273336734179e+03 2.634254849917148533e+00
2.726707044101553947e+03 2.800765403787360608e+00
2.746741814866374625e+03 2.714557783967677107e+00
2.766776585631194393e+03 2.711676409963045487e+00
2.786811356396015071e+03 2.856241008924222502e+00
2.806846127160834840e+03 3.077574232819313416e+00
2.826880897925655518e+03 3.055623245036106717e+00
2.846915668690475286e+03 3.055132807510418491e+00
2.866950439455295964e+03 3.110290859703519040e+00
2.886985210220115732e+03 3.065025617731093721e+00
2.907019980984935501e+03 2.983470675918481252e+00
2.927054751749756178e+03 2.961803884902344031e+00
2.947089522514575947e+03 2.940662226118951672e+00
2.967124293279396625e+03 2.943046095157568764e+00
2.987159064044216393e+03 2.971999363609123090e+00
3.007193834809037071e+03 2.988419115594973530e+00
3.027228605573856839e+03 2.980772627032621358e+00
3.047263376338677517e+03 2.942480592849018972e+00
3.067298147103497286e+03 2.857839856674451617e+00
3.087332917868317963e+03 2.781620403978636968e+00
3.107367688633137732e+03 2.802323935002999811e+00
3.127402459397958410e+03 2.744150227439063894e+00
3.147437230162778178e+03 2.690239578463592185e+00
3.167472000927598856e+03 2.643476949342595361e+00
3.187506771692418624e+03 2.554188460952699913e+00
3.207541542457239302e+03 2.569981191774430851e+00
3.227576313222059071e+03 2.593934139112550330e+00
3.247611083986879748e+03 2.686885114286801102e+00
3.267645854751699517e+03 2.810830777342674835e+00
3.287680625516519740e+03 2.813602873728318965e+00
3.307715396281339963e+03 2.814604308606099003e+00
3.327750167046160186e+03 2.852115069386335300e+00
3.347784937810980409e+03 2.905246051194878110e+00
3.367819708575800178e+03 2.968740256335525185e+00
3.387854479340620856e+03 2.932800555415143062e+00
3.407889250105440624e+03 2.881268742604117694e+00
3.427924020870261302e+03 2.924656829592850560e+00
3.447958791635081070e+03 2.965397303519871741e+00
3.467993562399901748e+03 2.941745525513847603e+00
3.488028333164721516e+03 2.850302859895946117e+00
3.508063103929542194e+03 2.777778339960530918e+00
3.528097874694361963e+03 2.760822372710514117e+00
3.548132645459182640e+03 2.764933213625885955e+00
3.568167416224002409e+03 2.716007412352830386e+00
3.588202186988823087e+03 2.665413480997861129e+00
3.608236957753642855e+03 2.621643323901780676e+00
3.628271728518463533e+03 2.587965096803452880e+00
3.648306499283283301e+03 2.609785765270335567e+00
3.668341270048103979e+03 2.639131972695800687e+00
3.688376040812923748e+03 2.648496491752069470e+00
3.708410811577743971e+03 2.656442864657366343e+00
3.728445582342564194e+03 2.666032363897361979e+00
3.748480353107384417e+03 2.684379278361336940e+00
3.768515123872204640e+03 2.713893765824272997e+00
3.788549894637024863e+03 2.724837857793516616e+00
3.808584665401845086e+03 2.722941481513784456e+00
3.828619436166665309e+03 2.715209808879012421e+00
3.848654206931485533e+03 2.721234480510074327e+00
3.868688977696305301e+03 2.683581193016586930e+00
3.888723748461125979e+03 2.594247355217929485e+00
3.908758519225945747e+03 2.538593297212823785e+00
3.928793289990766425e+03 2.541478526184906439e+00
3.948828060755586193e+03 2.547546030787643634e+00
3.968862831520406871e+03 2.540414662250908506e+00
3.988897602285226640e+03 2.533926109536597249e+00
4.008932373050047318e+03 2.505649066625375454e+00
4.028967143814867086e+03 2.485830357713405991e+00
4.049001914579687764e+03 2.440255433355764225e+00
4.069036685344507532e+03 2.364698820896632636e+00
4.089071456109327755e+03 2.281872703567110694e+00
4.109106226874147978e+03 2.192394411571477075e+00
4.129140997638967747e+03 2.133434718977289979e+00
4.149175768403788425e+03 2.099617177638586352e+00
4.169210539168609102e+03 2.061573628231918143e+00
4.189245309933428871e+03 2.052139987467607618e+00
4.209280080698248639e+03 2.073175259857599873e+00
4.229314851463069317e+03 2.071592260306891475e+00
4.249349622227889995e+03 2.076068841259159470e+00
4.269384392992709763e+03 2.061573199902201114e+00
4.289419163757529532e+03 2.047850907848850266e+00
4.309453934522350210e+03 2.048889500329559521e+00
4.329488705287169978e+03 2.077668759833680490e+00
4.349523476051990656e+03 2.088291765138999168e+00
4.369558246816810424e+03 2.091091756497446941e+00
4.389593017581631102e+03 2.083027807084899763e+00
4.409627788346450870e+03 2.085095247545261987e+00
4.429662559111271548e+03 2.084248653860089728e+00
4.449697329876091317e+03 2.066526351205578038e+00
4.469732100640911995e+03 2.040141936689066071e+00
4.489766871405731763e+03 2.041662078853840878e+00
4.509801642170552441e+03 2.041140373258829577e+00
4.529836412935372209e+03 2.008050403485254432e+00
4.549871183700191978e+03 1.948844849633648124e+00
4.569905954465012655e+03 1.916328199185953984e+00
4.589940725229833333e+03 1.885974720890317258e+00
4.609975495994653102e+03 1.861781052251379798e+00
4.630010266759472870e+03 1.816566942138892582e+00
4.650045037524293548e+03 1.775405313017868858e+00
4.670079808289114226e+03 1.725759061161227015e+00
4.690114579053933994e+03 1.678554181607677220e+00
4.710149349818753763e+03 1.640292505292749725e+00
4.730184120583574440e+03 1.613438534324241891e+00
4.750218891348394209e+03 1.585717624009015614e+00
4.770253662113214887e+03 1.558988082823225874e+00
4.790288432878034655e+03 1.538344357335565071e+00
4.810323203642855333e+03 1.512326539515383983e+00
4.830357974407675101e+03 1.493853535491038720e+00
4.850392745172495779e+03 1.478753146115232786e+00
4.870427515937315547e+03 1.455806398822992564e+00
4.890462286702136225e+03 1.447480418706218686e+00
4.910497057466955994e+03 1.433545300324852834e+00
4.930531828231776672e+03 1.412955062510572679e+00
4.950566598996596440e+03 1.401886433676181820e+00
4.970601369761417118e+03 1.407967858994713772e+00
4.990636140526236886e+03 1.422111520406925900e+00
5.010670911291057564e+03 1.414091581872775949e+00
5.030705682055877332e+03 1.402307053458038189e+00
5.050740452820697101e+03 1.384928003530293328e+00
5.070775223585517779e+03 1.372229740747281435e+00
5.090809994350337547e+03 1.365650917545164100e+00
5.110844765115158225e+03 1.357126245981029156e+00
5.130879535879977993e+03 1.336588853345553662e+00
5.150914306644798671e+03 1.323557938996264616e+00
5.170949077409618440e+03 1.300162837573007657e+00
5.190983848174439117e+03 1.286447827124841181e+00
5.211018618939258886e+03 1.280866476750624150e+00
5.231053389704079564e+03 1.264068670248520432e+00
5.251088160468899332e+03 1.252130371465466574e+00
5.271122931233720010e+03 1.239509957608475599e+00
5.291157701998539778e+03 1.237927172222624828e+00
5.311192472763360456e+03 1.226042039865663735e+00
5.331227243528180225e+03 1.198662561875908361e+00
5.351262014293000902e+03 1.180589564265801084e+00
5.371296785057820671e+03 1.168408456074559787e+00
5.391331555822641349e+03 1.153972138383372537e+00
5.411366326587461117e+03 1.136186817719282649e+00
5.431401097352281795e+03 1.119566072013843838e+00
5.451435868117101563e+03 1.112839742765517670e+00
5.471470638881921332e+03 1.112040211807974188e+00
5.491505409646742009e+03 1.113608969395600612e+00
5.511540180411561778e+03 1.111099010796612774e+00
5.531574951176382456e+03 1.099952479494986424e+00
5.551609721941202224e+03 1.085811120355001824e+00
5.571644492706022902e+03 1.077155326356324050e+00
5.591679263470842670e+03 1.069779060304032026e+00
5.611714034235663348e+03 1.053825812920945904e+00
5.631748805000483117e+03 1.037763983954661740e+00
5.651783575765303794e+03 1.017503667104713960e+00
5.671818346530123563e+03 1.008920849781528961e+00
5.691853117294944241e+03 1.009945253840370816e+00
5.711887888059764009e+03 1.005176177232770751e+00
5.731922658824584687e+03 9.948238227672289158e-01
5.751957429589404455e+03 9.727275241276120976e-01
5.771992200354225133e+03 9.454834518695668377e-01
5.792026971119044902e+03 9.229527733559427238e-01
5.812061741883865579e+03 9.061243412790904728e-01
5.832096512648685348e+03 8.927843334979457257e-01
5.852131283413506026e+03 8.843188785171525179e-01
5.872166054178325794e+03 8.768427580996412951e-01
5.892200824943145562e+03 8.696315060707304756e-01
5.912235595707966240e+03 8.667439212852053876e-01
5.932270366472786009e+03 8.531676896652685693e-01
5.952305137237606687e+03 8.455677819596142397e-01
5.972339908002426455e+03 8.340556177035203245e-01
5.992374678767247133e+03 8.259464795058552022e-01
6.012409449532066901e+03 8.265144982514911476e-01
6.032444220296887579e+03 8.259693951457017791e-01
6.052478991061707347e+03 8.351658483293573632e-01
6.072513761826528025e+03 8.441698208465447939e-01
6.092548532591347794e+03 8.460349290569536551e-01
6.112583303356168472e+03 8.517300009709698472e-01
6.132618074120988240e+03 8.519985637033772319e-01
6.152652844885808918e+03 8.565053419006771751e-01
6.172687615650628686e+03 8.592178469144773345e-01
6.192722386415449364e+03 8.570588509771578378e-01
6.212757157180269132e+03 8.552090555541232986e-01
6.232791927945089810e+03 8.558750547224676097e-01
6.252826698709909579e+03 8.542522205081002351e-01
6.272861469474730256e+03 8.518369763177302545e-01
6.292896240239550025e+03 8.467140458228735733e-01
6.312931011004370703e+03 8.374873418529720226e-01
6.332965781769190471e+03 8.255281084550116777e-01
6.353000552534010239e+03 8.187400461862578416e-01
6.373035323298830917e+03 8.136523458106047491e-01
6.393070094063650686e+03 8.098028395636700516e-01
6.413104864828471364e+03 8.042235237556077943e-01
6.433139635593291132e+03 8.015317927330702918e-01
6.453174406358111810e+03 8.013128091653778373e-01
6.473209177122931578e+03 7.993979611666105489e-01
6.493243947887752256e+03 7.936624120943606142e-01
6.513278718652572024e+03 7.895531238742122815e-01
6.533313489417392702e+03 7.741494235177268646e-01
6.553348260182212471e+03 7.731398503753279527e-01
6.573383030947033149e+03 7.672368243838255664e-01
6.593417801711852917e+03 7.634891535270501572e-01
6.613452572476673595e+03 7.503272238256476490e-01
6.633487343241493363e+03 7.423605052588047037e-01
6.653522114006314041e+03 7.283880686508664715e-01
6.673556884771133809e+03 7.219130083226337202e-01
6.693591655535954487e+03 7.106502925853367403e-01
6.713626426300774256e+03 7.036392846990104921e-01
6.733661197065594934e+03 6.902684371782590311e-01
6.753695967830414702e+03 6.832607488472374202e-01
6.773730738595235380e+03 6.786892928627071830e-01
6.793765509360055148e+03 6.708689559765661503e-01
6.813800280124874917e+03 6.589354759028259734e-01
6.833835050889695594e+03 6.463522196487637705e-01
6.853869821654516272e+03 6.310791598558894711e-01
6.873904592419336041e+03 6.218986619541829741e-01
6.893939363184155809e+03 6.169017674784826877e-01
6.913974133948976487e+03 6.145056910429376185e-01
6.934008904713797165e+03 6.119991055404689906e-01
6.954043675478616933e+03 6.053496079350864090e-01
6.974078446243436701e+03 6.032320528978631913e-01
6.994113217008256470e+03 6.007130458336087386e-01
7.014147987773077148e+03 5.916737896560032572e-01
7.034182758537897826e+03 5.841848728882038655e-01
7.054217529302717594e+03 5.751616790749768393e-01
7.074252300067537362e+03 5.645653372945265147e-01
7.094287070832358040e+03 5.597286381328935301e-01
7.114321841597178718e+03 5.575835629113687908e-01
7.134356612361998486e+03 5.520757781660051711e-01
7.154391383126818255e+03 5.472267645250153967e-01
7.174426153891638933e+03 5.423281181780963411e-01
7.194460924656459611e+03 5.341325109188606035e-01
7.214495695421279379e+03 5.262893654753023620e-01
7.234530466186099147e+03 5.197075439651674955e-01
7.254565236950919825e+03 5.118277227896118609e-01
7.274600007715740503e+03 5.076856138049168354e-01
7.294634778480560271e+03 5.051056768384534212e-01
7.314669549245380040e+03 5.027837014439074936e-01
7.334704320010200718e+03 4.944935939409121350e-01
7.354739090775021396e+03 4.911579762716580255e-01
7.374773861539841164e+03 4.843165869531678713e-01
7.394808632304660932e+03 4.811420212574147870e-01
7.414843403069480701e+03 4.824411988295568832e-01
7.434878173834301379e+03 4.845328934601306758e-01
7.454912944599122056e+03 4.862301499627847412e-01
7.474947715363941825e+03 4.847695991698541262e-01
7.494982486128761593e+03 4.810453258238566732e-01
7.515017256893582271e+03 4.759338531489234470e-01
7.535052027658402949e+03 4.711133234340981746e-01
7.555086798423222717e+03 4.693032020510782276e-01
7.575121569188042486e+03 4.694159598490147967e-01
7.595156339952863163e+03 4.707120320307103256e-01
7.615191110717683841e+03 4.713551155592080599e-01
7.635225881482503610e+03 4.711908511128313215e-01
7.655260652247323378e+03 4.709977814930025874e-01
7.675295423012144056e+03 4.661535865613264384e-01
7.695330193776964734e+03 4.627867008227490864e-01
7.715364964541784502e+03 4.580039712054276846e-01
7.735399735306604271e+03 4.512484619951475096e-01
7.755434506071424948e+03 4.478532529540494300e-01
7.775469276836245626e+03 4.433492053586938764e-01
7.795504047601065395e+03 4.390941244112038788e-01
7.815538818365885163e+03 4.323052590242311144e-01
7.835573589130704931e+03 4.277589138693456139e-01
7.855608359895525609e+03 4.213150680692215877e-01
7.875643130660346287e+03 4.148002801597595046e-01
7.895677901425166056e+03 4.106491227097979202e-01
7.915712672189985824e+03 4.076514571870660797e-01
7.935747442954806502e+03 4.076402670732158229e-01
7.955782213719627180e+03 4.117271215244489579e-01
7.975816984484446948e+03 4.160890171950555327e-01
7.995851755249266716e+03 4.174760559003475313e-01
8.015886526014087394e+03 4.160067243482233890e-01
8.035921296778908072e+03 4.130353475618575021e-01
8.055956067543727841e+03 4.124816243205184363e-01
8.075990838308547609e+03 4.120563999942067901e-01
8.096025609073368287e+03 4.149039359512149416e-01
8.116060379838188965e+03 4.134055315195657720e-01
8.136095150603008733e+03 4.108722289510143288e-01
8.156129921367828501e+03 4.084215940177972626e-01
8.176164692132649179e+03 4.010137386488943911e-01
8.196199462897469857e+03 3.950207634168728110e-01
8.216234233662289625e+03 3.906013644817915575e-01
8.236269004427109394e+03 3.846623587940815603e-01
8.256303775191929162e+03 3.795301121278855661e-01
8.276338545956750750e+03 3.749231583180787641e-01
8.296373316721570518e+03 3.699701676383460036e-01
8.316408087486390286e+03 3.636568553194039488e-01
8.336442858251210055e+03 3.580420952272799218e-01
8.356477629016029823e+03 3.518596911780220160e-01
8.376512399780851410e+03 3.463685042091826927e-01
8.396547170545671179e+03 3.427177429508239115e-01
8.416581941310490947e+03 3.376871175099286915e-01
8.436616712075312535e+03 3.289595782836940430e-01
8.456651482840132303e+03 3.237151092317073764e-01
8.476686253604952071e+03 3.186675112257856823e-01
8.496721024369771840e+03 3.147064250876355773e-01
8.516755795134591608e+03 3.086721695791614373e-01
8.536790565899413195e+03 3.039042708782828117e-01
8.556825336664232964e+03 3.006123963813527311e-01
8.576860107429052732e+03 2.951639353017599943e-01
8.596894878193874320e+03 2.898414567001087461e-01
8.616929648958694088e+03 2.859321449164717865e-01
8.636964419723513856e+03 2.808889908313614847e-01
8.656999190488333625e+03 2.743671354815728214e-01
8.677033961253153393e+03 2.678895587162540837e-01
8.697068732017974980e+03 2.615842775795012565e-01
8.717103502782794749e+03 2.563494459461416186e-01
8.737138273547614517e+03 2.486790780020806391e-01
8.757173044312434286e+03 2.358925257562020372e-01
