3.137512787298011972e+03 8.864884826662973172e-01
3.147514869333348543e+03 1.289572081429164907e+00
3.157516951368684204e+03 1.162165904999307608e+00
3.167519033404019865e+03 1.340165258736093712e+00
3.177521115439356436e+03 1.166320454230715953e+00
3.187523197474692097e+03 1.295296127036883238e+00
3.197525279510028213e+03 1.336749296034713375e+00
3.207527361545364329e+03 1.241563956977334682e+00
3.217529443580699990e+03 1.284032682453953855e+00
3.227531525616036561e+03 1.181830771361307209e+00
3.237533607651372222e+03 1.262429026450630154e+00
3.247535689686708338e+03 1.160781055255504679e+00
3.257537771722044454e+03 1.297050270045700060e+00
3.267539853757380115e+03 1.214974841896321101e+00
3.277541935792716686e+03 1.308775331209896864e+00
3.287544017828052347e+03 1.267876102109587677e+00
3.297546099863388008e+03 1.213497668836264642e+00
3.307548181898724579e+03 1.201587961039560559e+00
3.317550263934060240e+03 1.253842958039052657e+00
3.327552345969396356e+03 1.191709366200433884e+00
3.337554428004732472e+03 1.336841619350966903e+00
3.347556510040068133e+03 1.236578497899644580e+00
3.357558592075404704e+03 1.198725938235701394e+00
3.367560674110740365e+03 1.307205834833587321e+00
3.377562756146076481e+03 1.296957946729446531e+00
3.387564838181412597e+03 1.314868670082629309e+00
3.397566920216748258e+03 1.255043161150348530e+00
3.407569002252084829e+03 1.253565988090292294e+00
3.417571084287420490e+03 1.300096939482066061e+00
3.427573166322756151e+03 1.214420901998799707e+00
3.437575248358092722e+03 1.315053316715136367e+00
3.447577330393428383e+03 1.390481466094261931e+00
3.457579412428764499e+03 1.323916355075474449e+00
3.467581494464100615e+03 1.275815907307390473e+00
3.477583576499436276e+03 1.231408392189447421e+00
3.487585658534772847e+03 1.254766191201588166e+00
3.497587740570108508e+03 1.379310344827586299e+00
3.507589822605444624e+03 1.310806444167474494e+00
3.517591904640780740e+03 1.328624844204403743e+00
3.527593986676116401e+03 1.347735770668882171e+00
3.537596068711452972e+03 1.367123667082121630e+00
3.547598150746788633e+03 1.326132114665558692e+00
3.557600232782124749e+03 1.325670498084291271e+00
3.567602314817460865e+03 1.308959977842404143e+00
3.577604396852796526e+03 1.392789549000599925e+00
3.587606478888133097e+03 1.345427687762544400e+00
3.597608560923468758e+03 1.355121635969163796e+00
3.607610642958804419e+03 1.362230531320685056e+00
3.617612724994140990e+03 1.264829432673221454e+00
3.627614807029476651e+03 1.245995476157503390e+00
3.637616889064812767e+03 1.158472972349166685e+00
3.647618971100148883e+03 1.120805059317730779e+00
3.657621053135484544e+03 1.231223745556940363e+00
3.667623135170821115e+03 1.180722891566265087e+00
3.677625217206156776e+03 1.226607579744264376e+00
3.687627299241492892e+03 1.292618750865531130e+00
3.697629381276829008e+03 1.306190278354798506e+00
3.707631463312164669e+03 1.254581544569080886e+00
3.717633545347501240e+03 1.287171675206573385e+00
3.727635627382836901e+03 1.719983381803074085e+00
3.737637709418173017e+03 1.273692471033559537e+00
3.747639791453509133e+03 1.255874070996630065e+00
3.757641873488844794e+03 1.207588976596039254e+00
3.767643955524180910e+03 1.134468910123251462e+00
3.777646037559517026e+03 1.248580529012601970e+00
3.787648119594852687e+03 1.166689747495729845e+00
3.797650201630189258e+03 1.132068503900660161e+00
3.807652283665524919e+03 1.219406361076489809e+00
3.817654365700861035e+03 1.218298481281447687e+00
3.827656447736197151e+03 1.146470941236209296e+00
3.837658529771532812e+03 1.123944052070350308e+00
3.847660611806869383e+03 1.164012371324377959e+00
3.857662693842205044e+03 1.207773623228546089e+00
3.867664775877541160e+03 1.191340072935419769e+00
3.877666857912877276e+03 1.188108756866546711e+00
3.887668939948212937e+03 1.224761113419194025e+00
3.897671021983549053e+03 1.289295111480404321e+00
3.907673104018885169e+03 1.392974195633107204e+00
3.917675186054220831e+03 1.423071596731754651e+00
3.927677268089557401e+03 1.427133822646909467e+00
3.937679350124893062e+03 1.370724276416008802e+00
3.947681432160229178e+03 1.435073627844712041e+00
3.957683514195565294e+03 1.436366154272261220e+00
3.967685596230900956e+03 1.312006647278770144e+00
3.977687678266237526e+03 1.388173383187924159e+00
3.987689760301573187e+03 1.376909938604994776e+00
3.997691842336909303e+03 1.386142270230346529e+00
4.007693924372245419e+03 1.355029312652910489e+00
4.017696006407581081e+03 1.409961685823754696e+00
4.027698088442917197e+03 1.398882887873332370e+00
4.037700170478253312e+03 1.442828786410007780e+00
4.047702252513589428e+03 1.428057055809444531e+00
4.057704334548925544e+03 1.474126390619951099e+00
4.067706416584261206e+03 1.470341134653556647e+00
4.077708498619597322e+03 1.508655310898767477e+00
4.087710580654933437e+03 1.490836910861838005e+00
4.097712662690269099e+03 1.486405391681669075e+00
4.107714744725604760e+03 1.415131791533951855e+00
4.117716826760941331e+03 1.461478096293219009e+00
4.127718908796277901e+03 1.398698241240825091e+00
4.137720990831613562e+03 1.473110834141162284e+00
4.147723072866949224e+03 1.431749988459585232e+00
4.157725154902285794e+03 1.423256243364261486e+00
4.167727236937621456e+03 1.418824724184092778e+00
4.177729318972957117e+03 1.317361399621474360e+00
4.187731401008293687e+03 1.318930895997784125e+00
4.197733483043629349e+03 1.252735078244010536e+00
4.207735565078965010e+03 1.265014079305728512e+00
4.217737647114301581e+03 1.210912615981166063e+00
4.227739729149638151e+03 1.181461478096293316e+00
4.237741811184973812e+03 1.202788164150856209e+00
4.247743893220309474e+03 1.265844989152010269e+00
4.257745975255646044e+03 1.279970456538798818e+00
4.267748057290981706e+03 1.339611318838572540e+00
4.277750139326317367e+03 1.369801043253473738e+00
4.287752221361653937e+03 1.415316438166458912e+00
4.297754303396989599e+03 1.450953238240317411e+00
4.307756385432325260e+03 1.408484512763698460e+00
4.317758467467661831e+03 1.415316438166458912e+00
4.327760549502997492e+03 1.354844666020403210e+00
4.337762631538333153e+03 1.440797673452430372e+00
4.347764713573669724e+03 1.277570050316207295e+00
4.357766795609006294e+03 1.312468263860037565e+00
4.367768877644341956e+03 1.272769237871024250e+00
4.377770959679677617e+03 1.267137515579559448e+00
4.387773041715014188e+03 1.282924802658911290e+00
4.397775123750349849e+03 1.308959977842404143e+00
4.407777205785685510e+03 1.279785809906291982e+00
4.417779287821022081e+03 1.245810829524996333e+00
4.427781369856357742e+03 1.279324193325024117e+00
4.437783451891693403e+03 1.286617735309052213e+00
4.447785533927029974e+03 1.282555509393897397e+00
4.457787615962365635e+03 1.262613673083136989e+00
4.467789697997701296e+03 1.303974518764714041e+00
4.477791780033037867e+03 1.295850066934404188e+00
4.487793862068374438e+03 1.341550108479896419e+00
4.497795944103710099e+03 1.338503439043530419e+00
4.507798026139045760e+03 1.358814568619304497e+00
4.517800108174382331e+03 1.368231546877163751e+00
4.527802190209717992e+03 1.337210912615981018e+00
4.537804272245053653e+03 1.312468263860037565e+00
4.547806354280390224e+03 1.309144624474910978e+00
4.557808436315725885e+03 1.331948483589530330e+00
4.567810518351061546e+03 1.318746249365277290e+00
4.577812600386398117e+03 1.314868670082629309e+00
4.587814682421733778e+03 1.298712089738263353e+00
4.597816764457069439e+03 1.307482804782347907e+00
4.607818846492406010e+03 1.318561602732770011e+00
4.617820928527742581e+03 1.297696533259474538e+00
4.627823010563078242e+03 1.272030651340996021e+00
4.637825092598413903e+03 1.274800350828601658e+00
4.647827174633750474e+03 1.253012048192771122e+00
4.657829256669086135e+03 1.249873055440151370e+00
4.667831338704421796e+03 1.206942713382264554e+00
4.677833420739758367e+03 1.199279878133222343e+00
4.687835502775094028e+03 1.185800673960208718e+00
4.697837584810429689e+03 1.177491575497391807e+00
4.707839666845766260e+03 1.151825693578913290e+00
4.717841748881101921e+03 1.131052947421871346e+00
4.727843830916438492e+03 1.119327886257674320e+00
4.737845912951774153e+03 1.135761436550800862e+00
4.747847994987110724e+03 1.142131745372293894e+00
4.757850077022446385e+03 1.167336010709504546e+00
4.767852159057782046e+03 1.186169967225222610e+00
4.777854241093118617e+03 1.243410423302404810e+00
4.787856323128454278e+03 1.258736093800489231e+00
4.797858405163789939e+03 1.309513917739925093e+00
4.807860487199126510e+03 1.309513917739925093e+00
4.817862569234462171e+03 1.344596777916262642e+00
4.827864651269797832e+03 1.327793934358121986e+00
4.837866733305134403e+03 1.318192309467756118e+00
4.847868815340470974e+03 1.269445598485897664e+00
4.857870897375806635e+03 1.622674606471864234e+00
4.867872979411142296e+03 1.244887596362461268e+00
4.877875061446478867e+03 1.268891658588376492e+00
4.887877143481814528e+03 1.235101324839588122e+00
4.897879225517150189e+03 1.261136500023080753e+00
4.907881307552486760e+03 1.249319115542630199e+00
4.917883389587822421e+03 1.211281909246180177e+00
4.927885471623158082e+03 1.247288002585052791e+00
4.937887553658494653e+03 1.205373217005954789e+00
4.947889635693830314e+03 1.224853436735447554e+00
4.957891717729165975e+03 1.275354290726122608e+00
4.967893799764502546e+03 1.206019480219729489e+00
4.977895881799839117e+03 1.208512209758574540e+00
4.987897963835174778e+03 1.208696856391081598e+00
4.997900045870510439e+03 1.166320454230715953e+00
5.007902127905847010e+03 1.260951853390573696e+00
5.017904209941182671e+03 1.168166920555786303e+00
5.027906291976518332e+03 1.174352582744772056e+00
5.037908374011854903e+03 1.141116188893505079e+00
5.047910456047190564e+03 1.149794580621335882e+00
5.057912538082526225e+03 1.177491575497391807e+00
5.067914620117862796e+03 1.156441859391589277e+00
5.077916702153198457e+03 1.141485482158518971e+00
5.087918784188534119e+03 1.158934588930434550e+00
5.097920866223870689e+03 1.128560217883026295e+00
5.107922948259207260e+03 1.151364076997645869e+00
5.117925030294542921e+03 1.153856806536490698e+00
5.127927112329878582e+03 1.128560217883026295e+00
5.137929194365215153e+03 1.140746895628490964e+00
5.147931276400550814e+03 1.158472972349166685e+00
5.157933358435886475e+03 1.150071550570096468e+00
5.167935440471223046e+03 1.096616350459308498e+00
5.177937522506558707e+03 1.124221022019110894e+00
5.187939604541894369e+03 1.110280201264829403e+00
5.197941686577230939e+03 1.182661681207588966e+00
5.207943768612566600e+03 1.138346489405899442e+00
5.217945850647903171e+03 1.128929511148040410e+00
5.227947932683238832e+03 1.125421225130406544e+00
5.237950014718574494e+03 1.124682638600378315e+00
5.247952096753911064e+03 1.166874394128237125e+00
5.257954178789246726e+03 1.187277847020264954e+00
5.267956260824583296e+03 1.126159811660434773e+00
5.277958342859918957e+03 1.155887919494068328e+00
5.287960424895254619e+03 1.175091169274800285e+00
5.297962506930591189e+03 1.132437797165674276e+00
5.307964588965926851e+03 1.152102663527673876e+00
5.317966671001262512e+03 1.132253150533166997e+00
5.327968753036599082e+03 1.132068503900660161e+00
5.337970835071934744e+03 1.151641046946406233e+00
5.347972917107271314e+03 1.153672159903983863e+00
5.357974999142606976e+03 1.167336010709504546e+00
5.367977081177942637e+03 1.114342427179983996e+00
5.377979163213279207e+03 1.151271753681392118e+00
5.387981245248614869e+03 1.142962655218575208e+00
5.397983327283951439e+03 1.140931542260998022e+00
5.407985409319287101e+03 1.125882841711674187e+00
5.417987491354622762e+03 1.161796611734293494e+00
5.427989573389959332e+03 1.150533167151363889e+00
5.437991655425294994e+03 1.178230162027419814e+00
5.447993737460630655e+03 1.148502054193786481e+00
5.457995819495967226e+03 1.125975165027927716e+00
5.467997901531302887e+03 1.138715782670913557e+00
5.477999983566639457e+03 1.135392143285786748e+00
5.488002065601975119e+03 1.123020818907815244e+00
5.498004147637311689e+03 1.118035359830124920e+00
5.508006229672647351e+03 1.104371509024604014e+00
5.518008311707983012e+03 1.127913954669251595e+00
5.528010393743319582e+03 1.119697179522688435e+00
5.538012475778655244e+03 1.128190924618012181e+00
5.548014557813990905e+03 1.124497991967871480e+00
5.558016639849327476e+03 1.121451322531505257e+00
5.568018721884663137e+03 1.109541614734801174e+00
5.578020803919998798e+03 1.126713751557955945e+00
5.588022885955335369e+03 1.106217975349674587e+00
5.598024967990671030e+03 1.096708673775562026e+00
5.608027050026007601e+03 1.093662004339195803e+00
5.618029132061343262e+03 1.089415131791533931e+00
5.628031214096679832e+03 1.119512532890181378e+00
5.638033296132015494e+03 1.112311314222406589e+00
5.648035378167351155e+03 1.090523011586576052e+00
5.658037460202687726e+03 1.096800997091815555e+00
5.668039542238023387e+03 1.106864238563449065e+00
5.678041624273359048e+03 1.086091492406407122e+00
5.688043706308695619e+03 1.060056317222914712e+00
5.698045788344031280e+03 1.059687023957900598e+00
5.708047870379367851e+03 1.044546000092323457e+00
5.718049952414703512e+03 1.064857129668097535e+00
5.728052034450039173e+03 1.065226422933111650e+00
5.738054116485375744e+03 1.062456723445506013e+00
5.748056198520711405e+03 1.079074920371139612e+00
5.758058280556047976e+03 1.092000184646632510e+00
5.768060362591383637e+03 1.053778331717675210e+00
5.778062444626719298e+03 1.088861191894012759e+00
5.788064526662055869e+03 1.072427641600886217e+00
5.798066608697391530e+03 1.124867285232885594e+00
5.808068690732727191e+03 1.127544661404237702e+00
5.818070772768063762e+03 1.118220006462632199e+00
5.828072854803399423e+03 1.129298804413054524e+00
5.838074936838735994e+03 1.138346489405899442e+00
5.848077018874071655e+03 1.101601809536998378e+00
5.858079100909407316e+03 1.086091492406407122e+00
5.868081182944743887e+03 1.135022850020772633e+00
5.878083264980079548e+03 1.156441859391589277e+00
5.888085347015416119e+03 9.795503854498452956e-01
5.898087429050751780e+03 1.023680930619027762e+00
5.908089511086087441e+03 1.109726261367308231e+00
5.918091593121424012e+03 1.093569681022942275e+00
5.928093675156759673e+03 1.085352905876379115e+00
5.938095757192095334e+03 1.075381987720998689e+00
5.948097839227431905e+03 1.083598762867562071e+00
5.958099921262767566e+03 1.066703595993168108e+00
5.968102003298104137e+03 1.075935927618520083e+00
5.978104085333439798e+03 1.056178737940266732e+00
5.988106167368775459e+03 1.067719152471956701e+00
5.998108249404112030e+03 1.047500346212435929e+00
6.008110331439447691e+03 1.071689055070857988e+00
6.018112413474784262e+03 1.049716105802520394e+00
6.028114495510119923e+03 1.049900752435027451e+00
6.038116577545455584e+03 1.120066472787702549e+00
6.048118659580792155e+03 1.078890273738632777e+00
6.058120741616127816e+03 1.040668420809675476e+00
6.068122823651463477e+03 1.070211882010801752e+00
6.078124905686800048e+03 1.055717121358999089e+00
6.088126987722135709e+03 1.042330240502238770e+00
6.098129069757472280e+03 1.041407007339703483e+00
6.108131151792807941e+03 1.040483774177168419e+00
6.118133233828143602e+03 1.015925772053732246e+00
6.128135315863480173e+03 1.052855098555139923e+00
6.138137397898815834e+03 1.021834464293957190e+00
6.148139479934152405e+03 9.999538383418733467e-01
6.158141561969488066e+03 9.753035129021834226e-01
6.168143644004823727e+03 9.935835295203803152e-01
6.178145726040160298e+03 9.775192724922678877e-01
6.188147808075495959e+03 9.686562341319300273e-01
6.198149890110831620e+03 9.597931957715919449e-01
6.208151972146168191e+03 9.885980704426903243e-01
6.218154054181503852e+03 9.788117989198170665e-01
6.228156136216840423e+03 9.692101740294510881e-01
6.238158218252176084e+03 9.736416932096200183e-01
6.248160300287512655e+03 9.499146009324653805e-01
6.258162382322848316e+03 9.738263398421269645e-01
6.268164464358183977e+03 9.789964455523241238e-01
6.278166546393520548e+03 9.759497761159579010e-01
6.288168628428856209e+03 1.000600101555647825e+00
6.298170710464191870e+03 1.052670451922633088e+00
6.308172792499528441e+03 1.011863546138577208e+00
6.318174874534864102e+03 9.832433180999859967e-01
6.328176956570200673e+03 9.865669574851128054e-01
6.338179038605536334e+03 9.862899875363522195e-01
6.348181120640871995e+03 1.006878087060887106e+00
6.358183202676208566e+03 9.952453492129436086e-01
6.368185284711544227e+03 9.948760559479297161e-01
6.378187366746880798e+03 1.000046161658126653e+00
6.388189448782216459e+03 1.005400914000830648e+00
6.398191530817552120e+03 9.927526196740985576e-01
6.408193612852888691e+03 1.022573050823985641e+00
6.418195694888224352e+03 1.038637307852097846e+00
6.428197776923560014e+03 1.044546000092323457e+00
6.438199858958896584e+03 1.063010663343027185e+00
6.448201940994232245e+03 1.060240963855421770e+00
6.458204023029568816e+03 1.083044822970040899e+00
6.468206105064904477e+03 1.104740802289618129e+00
6.478208187100240139e+03 1.113973133914970104e+00
6.488210269135576709e+03 1.125144255181646180e+00
6.498212351170912370e+03 1.116742833402575741e+00
6.508214433206248941e+03 1.110095554632322346e+00
6.518216515241584602e+03 1.134561233439505212e+00
6.528218597276920264e+03 1.110649494529843517e+00
6.538220679312256834e+03 1.150163873886349997e+00
6.548222761347592495e+03 1.479850436227669208e+00
6.558224843382928157e+03 3.190693809721645291e+00
6.568226925418264727e+03 1.178414808659927093e+00
6.578229007453600389e+03 1.825139639015833648e+00
6.588231089488936959e+03 1.236578497899644580e+00
6.598233171524272620e+03 1.063195309975534242e+00
6.608235253559608282e+03 1.057932880949083554e+00
6.618237335594944852e+03 1.049162165904999222e+00
6.628239417630280514e+03 1.044915293357337349e+00
6.638241499665617084e+03 1.047684992844942764e+00
6.648243581700952745e+03 1.017033651848774367e+00
6.658245663736288407e+03 1.021095877763929405e+00
6.668247745771624977e+03 1.020264967917647647e+00
6.678249827806960639e+03 1.028112449799196693e+00
6.688251909842296300e+03 1.001338688085676054e+00
6.698253991877632870e+03 9.756728061671973151e-01
6.708256073912968532e+03 1.008724553385957456e+00
6.718258155948305102e+03 1.112495960854913868e+00
6.728260237983640764e+03 1.269907215067165085e+00
6.738262320018976425e+03 9.555463232239302940e-01
6.748264402054312995e+03 9.280339749803813154e-01
6.758266484089648657e+03 9.359737801781841116e-01
6.768268566124985227e+03 9.308036744679869523e-01
6.778270648160320889e+03 9.507455107787472492e-01
6.788272730195656550e+03 9.232331625351983817e-01
6.798274812230993120e+03 9.282186216128882617e-01
6.808276894266328782e+03 9.101232516271983153e-01
6.818278976301664443e+03 8.988598070442689325e-01
6.828281058337001014e+03 8.988598070442691546e-01
6.838283140372336675e+03 9.032913262244379737e-01
6.848285222407673245e+03 8.900890920001846007e-01
6.858287304443008907e+03 8.549139085075936340e-01
6.868289386478344568e+03 8.835341365461846230e-01
6.878291468513681139e+03 8.893505054701563717e-01
6.888293550549016800e+03 8.912892951114803619e-01
6.898295632584353370e+03 8.933204080690576587e-01
6.908297714619689032e+03 9.057840557632829137e-01
6.918299796655024693e+03 9.019987997968887949e-01
6.928301878690361264e+03 9.104002215759591232e-01
6.938303960725696925e+03 8.951668743941282314e-01
6.948306042761032586e+03 9.003369801043251686e-01
6.958308124796369157e+03 9.022757697456491588e-01
6.968310206831704818e+03 9.154780039699026428e-01
6.978312288867041389e+03 8.929511148040437662e-01
6.988314370902377050e+03 9.125236578497898376e-01
6.998316452937713620e+03 9.182477034575081687e-01
7.008318534973049282e+03 9.184323500900151149e-01
7.018320617008384943e+03 9.238794257489728601e-01
7.028322699043721514e+03 9.308036744679869523e-01
7.038324781079057175e+03 9.175091169274800507e-01
7.048326863114392836e+03 9.259105387065503789e-01
7.058328945149729407e+03 9.010755666343535086e-01
7.068331027185065068e+03 8.916585883764944764e-01
7.078333109220401639e+03 8.878733324101001356e-01
7.088335191255737300e+03 8.820569634861282760e-01
7.098337273291072961e+03 8.779024142547199316e-01
7.108339355326409532e+03 8.783640308359875748e-01
7.118341437361745193e+03 8.855652495037622529e-01
7.128343519397081764e+03 8.701472556894243038e-01
7.138345601432417425e+03 8.781793842034805175e-01
7.148347683467753086e+03 8.567603748326640956e-01
7.158349765503089657e+03 8.790102940497622752e-01
7.168351847538425318e+03 8.792872639985228611e-01
7.178353929573760979e+03 8.486359230023542422e-01
7.188356011609097550e+03 8.517749157549737715e-01
7.198358093644433211e+03 8.534367354475372869e-01
7.208360175679769782e+03 8.750403914508607661e-01
7.218362257715105443e+03 8.621151271753679790e-01
7.228364339750441104e+03 8.696856391081567716e-01
7.238366421785777675e+03 8.856575728200156705e-01
7.248368503821113336e+03 8.521442090199879971e-01
7.258370585856448997e+03 8.547292618750864657e-01
7.268372667891785568e+03 8.579605779439597457e-01
7.278374749927121229e+03 8.617458339103539755e-01
7.288376831962456890e+03 8.709781655357058394e-01
7.298378913997793461e+03 8.543599686100723511e-01
7.308380996033130032e+03 8.545446152425795194e-01
7.318383078068465693e+03 8.754096847158748806e-01
7.328385160103801354e+03 8.707935189031988932e-01
7.338387242139137925e+03 8.635923002354243261e-01
7.348389324174473586e+03 8.676545261505792528e-01
7.358391406209809247e+03 8.574989613626921026e-01
7.368393488245145818e+03 8.761482712459032207e-01
7.378395570280481479e+03 8.646078567142130300e-01
7.388397652315817140e+03 8.695009924756498254e-01
7.398399734351153711e+03 8.653464432442413701e-01
7.408401816386490282e+03 8.719013986982411257e-01
7.418403898421825943e+03 8.447583437197063727e-01
7.428405980457161604e+03 8.707011955869454756e-01
7.528426800810521854e+03 8.366338918893967413e-01
7.538428882845858425e+03 8.124451830309743494e-01
7.548430964881194086e+03 8.279555001615658272e-01
7.558433046916529747e+03 8.142916493560448110e-01
7.568435128951866318e+03 8.163227623136223299e-01
7.578437210987201979e+03 8.177999353736785659e-01
7.588439293022537640e+03 8.058902275769745938e-01
7.598441375057874211e+03 8.085676037483264800e-01
7.608443457093209872e+03 8.157688224161011581e-01
7.618445539128545533e+03 8.209389281262980953e-01
7.628447621163882104e+03 8.118912431334532886e-01
7.638449703199217765e+03 8.078290172182983619e-01
7.648451785234553427e+03 8.190001384849743271e-01
7.658453867269889997e+03 7.864100078474818289e-01
7.668455949305226568e+03 7.931496099339887529e-01
7.678458031340562229e+03 7.941651664127774568e-01
7.688460113375897890e+03 8.115219498684392851e-01
7.698462195411234461e+03 8.090292203295942342e-01
7.708464277446570122e+03 8.179845820061855122e-01
7.718466359481905783e+03 8.140146794072842251e-01
7.728468441517242354e+03 8.113373032359321169e-01
7.738470523552578015e+03 8.153995291510870436e-01
7.748472605587913677e+03 8.130914462447490498e-01
7.758474687623250247e+03 8.128144762959884639e-01
7.768476769658585908e+03 8.141070027235377538e-01
7.778478851693921570e+03 8.169690255273968083e-01
7.788480933729258140e+03 8.323870193417347574e-01
7.798483015764594711e+03 8.252781239902136079e-01
7.808485097799930372e+03 8.128144762959884639e-01
7.818487179835266033e+03 8.360799519918754585e-01
7.828489261870602604e+03 8.199233716475096134e-01
7.838491343905938265e+03 8.170613488436504479e-01
7.848493425941273927e+03 8.142916493560448110e-01
7.858495507976610497e+03 8.104140700733970526e-01
7.868497590011946158e+03 8.024742648755942565e-01
7.878499672047281820e+03 8.226930711351150283e-01
7.888501754082618390e+03 8.085676037483264800e-01
7.898503836117954052e+03 7.841942482573972528e-01
7.908505918153289713e+03 7.988736555417070839e-01
7.918508000188626283e+03 7.949037529428056859e-01
7.928510082223962854e+03 7.753312098970593924e-01
7.938512164259298515e+03 7.817938420348058415e-01
7.948514246294634177e+03 7.965655726353690902e-01
7.958516328329970747e+03 8.070904306882704660e-01
7.968518410365306408e+03 8.229700410838757252e-01
7.978520492400642070e+03 8.139223560910308075e-01
7.988522574435978640e+03 8.019203249780730847e-01
7.998524656471314302e+03 7.928726399852281670e-01
8.008526738506649963e+03 8.055209343119604792e-01
8.018528820541986533e+03 8.089368970133408165e-01
8.028530902577322195e+03 7.950883995753127431e-01
8.038532984612657856e+03 8.169690255273968083e-01
8.048535066647994427e+03 8.163227623136221078e-01
8.058537148683330997e+03 7.819784886673128987e-01
8.068539230718666659e+03 7.949037529428056859e-01
8.078541312754002320e+03 8.028435581406083710e-01
8.088543394789338890e+03 7.996122420717352020e-01
8.098545476824674552e+03 8.056132576282140079e-01
8.108547558860010213e+03 8.011817384480450777e-01
8.118549640895346784e+03 8.017356783455661384e-01
8.128551722930682445e+03 7.971195125328901510e-01
8.138553804966018106e+03 8.059825508932280114e-01
8.148555887001354677e+03 7.984120389604394408e-01
8.158557969036691247e+03 8.054286109957070616e-01
8.168560051072026909e+03 7.961039560541014470e-01
8.178562133107362570e+03 7.921340534552000490e-01
8.188564215142699140e+03 7.788394959146932583e-01
8.198566297178034802e+03 7.742233301020171599e-01
8.208568379213371372e+03 7.631445321515948343e-01
8.218570461248706124e+03 7.750542399482989175e-01
8.228572543284042695e+03 7.734847435719891529e-01
8.238574625319379265e+03 7.881641508562986509e-01
8.248576707354714017e+03 7.816091954022987842e-01
8.258578789390050588e+03 7.648063518441582387e-01
8.268580871425387159e+03 7.636061487328624775e-01
8.278582953460721910e+03 7.603748326639893085e-01
8.288585035496060300e+03 7.588976596039329614e-01
8.298587117531395052e+03 7.466186585422147637e-01
8.308589199566729803e+03 7.461570419609471205e-01
8.318591281602068193e+03 7.591746295526935473e-01
8.328593363637402945e+03 7.293541984028066860e-01
8.338595445672737696e+03 7.347089507455107915e-01
8.348597527708076086e+03 7.352628906430318523e-01
8.358599609743410838e+03 7.398790564557078397e-01
8.368601691778745590e+03 7.374786502331163174e-01
8.378603773814083979e+03 7.263998522826938808e-01
8.388605855849418731e+03 7.254766191201587056e-01
8.398607937884753483e+03 7.297234916678205785e-01
8.408610019920091872e+03 7.557586668513133210e-01
8.418612101955426624e+03 7.295388450353136323e-01
8.428614183990763195e+03 7.313853113603839828e-01
8.438616266026099765e+03 7.411715828832571296e-01
8.448618348061434517e+03 7.354475372755390206e-01
8.458620430096771088e+03 7.254766191201587056e-01
8.468622512132107659e+03 7.225222730000461224e-01
8.478624594167442410e+03 7.483728015510316967e-01
8.488626676202778981e+03 7.278770253427502279e-01
8.498628758238115552e+03 6.835618335410607038e-01
8.508630840273450303e+03 7.304620781978488075e-01
8.518632922308786874e+03 7.200295434612009604e-01
8.528635004344123445e+03 7.114434750496236859e-01
8.538637086379458196e+03 6.458939205096245750e-01
8.548639168414796586e+03 6.985182107741308988e-01
8.558641250450131338e+03 7.260305590176798773e-01
8.568643332485466090e+03 7.323085445229191581e-01
8.578645414520804479e+03 7.399713797719613684e-01
8.588647496556139231e+03 7.480035082860175821e-01
8.598649578591473983e+03 7.255689424364122342e-01
8.608651660626812372e+03 7.232608595300742405e-01
8.618653742662147124e+03 7.398790564557078397e-01
8.628655824697481876e+03 7.474495683884965214e-01
8.638657906732820265e+03 7.310160180953699793e-01
8.648659988768155017e+03 7.260305590176798773e-01
8.658662070803489769e+03 6.660204034528920403e-01
8.668664152838828159e+03 6.831925402760467003e-01
8.678666234874162910e+03 7.239071227438489409e-01
8.688668316909499481e+03 7.193832802474264820e-01
8.698670398944836052e+03 7.368323870193417280e-01
8.708672480980170803e+03 7.300927849328346930e-01
8.718674563015507374e+03 7.245533859576235303e-01
8.728676645050843945e+03 7.520657342011725088e-01
8.738678727086178696e+03 7.162442874948068416e-01
8.748680809121515267e+03 7.396020865069472539e-01
8.758682891156851838e+03 7.369247103355952566e-01
8.768684973192186590e+03 7.275077320777362244e-01
8.778687055227523160e+03 7.344319807967502056e-01
8.788689137262859731e+03 7.273230854452291672e-01
8.798691219298194483e+03 7.492960347135668719e-01
8.808693301333532872e+03 7.481881549185246394e-01
8.818695383368867624e+03 7.256612657526657628e-01
8.828697465404202376e+03 7.493883580298204006e-01
8.838699547439540765e+03 7.341550108479896197e-01
8.848701629474875517e+03 7.386788533444120786e-01
8.858703711510210269e+03 7.177214605548630777e-01
8.868705793545548659e+03 6.974103309790887772e-01
8.878707875580883410e+03 7.072889258182153416e-01
8.888709957616218162e+03 7.077505423994829847e-01
8.898712039651556552e+03 7.068273092369476984e-01
8.908714121686891303e+03 7.168905507085814310e-01
8.918716203722227874e+03 6.950099247564972549e-01
8.928718285757564445e+03 6.923325485851452576e-01
8.938720367792899197e+03 6.811614273184692925e-01
8.948722449828235767e+03 6.785763744633707129e-01
8.958724531863572338e+03 7.191986336149194248e-01
8.968726613898907090e+03 6.889165858837649203e-01
8.978728695934243660e+03 7.038729631168350043e-01
8.988730777969580231e+03 6.915016387388635000e-01
8.998732860004914983e+03 6.828232470110325858e-01
9.008734942040251553e+03 6.809767806859622352e-01
9.018737024075588124e+03 6.794996076259058881e-01
9.028739106110922876e+03 7.135669113234547334e-01
9.038741188146261266e+03 7.487420948160457002e-01
9.048743270181596017e+03 7.084891289295111028e-01
9.058745352216930769e+03 7.229838895813137656e-01
9.068747434252269159e+03 8.622997738078751473e-01
9.078749516287603910e+03 7.224299496837924828e-01
9.088751598322938662e+03 6.946406314914831404e-01
9.098753680358277052e+03 7.291695517702996288e-01
9.108755762393611803e+03 7.397867331394543111e-01
9.118757844428946555e+03 7.404329963532290115e-01
9.128759926464284945e+03 7.311083414116233969e-01
9.138762008499619697e+03 7.762544430595946787e-01
9.148764090534954448e+03 7.127360014771730867e-01
9.158766172570292838e+03 7.159673175460462557e-01
9.168768254605627590e+03 7.851174814199325391e-01
9.178770336640964160e+03 7.452338087984119452e-01
9.188772418676300731e+03 6.945483081752296117e-01
9.198774500711635483e+03 7.252919724876516483e-01
9.208776582746972053e+03 7.312929880441305652e-01
9.218778664782308624e+03 7.182754004523842495e-01
9.228780746817643376e+03 7.310160180953699793e-01
9.238782828852979947e+03 7.226145963162996511e-01
9.248784910888316517e+03 7.055347828093984086e-01
9.258786992923651269e+03 6.667589899829200473e-01
9.268789074958987840e+03 7.145824678022434373e-01
9.278791156994324410e+03 7.009186169967225322e-01
9.288793239029659162e+03 7.460647186446937029e-01
9.298795321064997552e+03 6.837464801735677611e-01
9.308797403100332303e+03 7.000877071504408855e-01
9.318799485135667055e+03 7.332317776854543334e-01
9.328801567171005445e+03 7.249226792226376448e-01
9.338803649206340197e+03 7.436643124221021806e-01
9.348805731241674948e+03 7.714536306144116340e-01
9.358807813277013338e+03 7.142131745372293228e-01
9.368809895312348090e+03 6.468171536721598613e-01
9.378811977347682841e+03 6.933481050639338505e-01
9.388814059383021231e+03 6.855929464986382227e-01
9.398816141418355983e+03 7.012879102617365357e-01
9.408818223453690734e+03 6.767299081383003623e-01
9.418820305489029124e+03 7.232608595300742405e-01
9.428822387524363876e+03 6.770992014033143658e-01
9.438824469559700447e+03 6.453399806121036253e-01
9.448826551595037017e+03 6.713751557955961458e-01
9.458828633630371769e+03 7.049808429118773478e-01
9.468830715665708340e+03 6.856852698148916403e-01
9.478832797701044910e+03 6.556801920324977218e-01
9.488834879736379662e+03 6.730369754881594391e-01
9.498836961771716233e+03 6.468171536721598613e-01
9.508839043807052803e+03 6.680515164104694481e-01
9.518841125842387555e+03 6.666666666666666297e-01
9.528843207877725945e+03 1.077228454046069261e+00
9.538845289913060697e+03 6.742371785994553113e-01
9.548847371948395448e+03 6.913169921063564427e-01
9.558849453983733838e+03 6.734062687531735536e-01
9.568851536019068590e+03 6.391543184231177621e-01
9.578853618054403341e+03 6.896551724137931494e-01
9.588855700089741731e+03 6.804228407884410634e-01
9.598857782125076483e+03 6.752527350782439042e-01
9.608859864160411234e+03 6.614042376402159418e-01
9.618861946195749624e+03 6.618658542214834739e-01
9.628864028231084376e+03 6.654664635553708685e-01
9.638866110266419128e+03 6.569727184600470116e-01
9.648868192301757517e+03 6.487559433134837406e-01
9.658870274337092269e+03 6.778377879333424838e-01
9.668872356372428840e+03 6.279831971564419080e-01
9.678874438407765410e+03 6.543876656049484319e-01
9.688876520443100162e+03 6.468171536721598613e-01
9.698878602478436733e+03 6.518026127498499633e-01
9.708880684513773303e+03 6.464478604071458578e-01
9.718882766549108055e+03 6.566957485112864257e-01
9.728884848584444626e+03 6.181969256335686502e-01
9.738886930619781197e+03 6.017633753404421082e-01
9.748889012655115948e+03 6.697133361030328524e-01
9.758891094690452519e+03 6.569727184600470116e-01
9.768893176725789090e+03 6.052716613580759741e-01
9.778895258761123841e+03 6.247518810875685169e-01
9.788897340796462231e+03 6.143193463509210028e-01
9.798899422831796983e+03 6.609426210589482986e-01
9.808901504867131734e+03 6.194894520611179400e-01
9.818903586902470124e+03 6.241056178737940385e-01
9.828905668937804876e+03 6.367539122005262398e-01
9.838907750973139628e+03 6.130268199233716020e-01
9.848909833008478017e+03 6.712828324793426171e-01
9.858911915043812769e+03 6.139500530859067773e-01
9.868913997079147521e+03 6.194894520611179400e-01
9.878916079114485910e+03 6.354613857729769499e-01
9.888918161149820662e+03 6.525411992798780814e-01
9.898920243185155414e+03 6.194894520611179400e-01
9.908922325220493803e+03 6.414624013294556448e-01
9.918924407255828555e+03 6.156118727784701816e-01
9.928926489291165126e+03 6.071181276831463247e-01
9.938928571326501697e+03 6.298296634815122585e-01
9.948930653361836448e+03 6.196740986936251083e-01
9.958932735397173019e+03 5.803443659696255752e-01
9.968934817432509590e+03 6.558648386650047790e-01
9.978936899467844341e+03 6.453399806121036253e-01
