3.082543937524695139e+03 -2.224707077378389533e-02
3.092555074084858461e+03 1.128538166678510341e-01
3.102566210645022238e+03 -1.590447566537221691e-02
3.112577347205186015e+03 2.070686001162075907e-01
3.122588483765349338e+03 1.164739765996312820e-01
3.132599620325513570e+03 6.245198075468070403e-02
3.142610756885676892e+03 1.510302766828158783e-01
3.152621893445840669e+03 9.423585130440960411e-02
3.162633030006004446e+03 6.657174984429015119e-02
3.172644166566167769e+03 3.097292529689374060e-02
3.182655303126332001e+03 4.027956710571967136e-02
3.192666439686495323e+03 8.776400657116462112e-02
3.202677576246659100e+03 6.585761640617489310e-02
3.212688712806822878e+03 9.549841782073092977e-02
3.222699849366986200e+03 7.369017711211525712e-02
3.232710985927150432e+03 6.155057748498288239e-02
3.242722122487313754e+03 5.376583746817874959e-02
3.252733259047477532e+03 5.496520041634095355e-02
3.262744395607641309e+03 5.487089667972259999e-02
3.272755532167804631e+03 5.318647142672022071e-02
3.282766668727968863e+03 4.772538216840072067e-02
3.292777805288132186e+03 4.951464508604797726e-02
3.302788941848295963e+03 3.901766941022543483e-02
3.312800078408459740e+03 3.986506539813649413e-02
3.322811214968623062e+03 6.350537355733257283e-02
3.332822351528787294e+03 9.581293081466556172e-02
3.342833488088950617e+03 5.085579804955125960e-02
3.352844624649114394e+03 5.640818135076725720e-02
3.362855761209278171e+03 7.857858853724704329e-02
3.372866897769441493e+03 7.234016227265316346e-02
3.382878034329605725e+03 6.654131849665796683e-02
3.392889170889769048e+03 6.313819092326534987e-02
3.402900307449932825e+03 5.572748895400601865e-02
3.412911444010096602e+03 8.656648288027687932e-02
3.422922580570259925e+03 5.388505478060587328e-02
3.432933717130424156e+03 7.091105937038878759e-02
3.442944853690587479e+03 6.145075597654110766e-02
3.452955990250751256e+03 5.003281402182863796e-02
3.462967126810915033e+03 5.956066831921145305e-02
3.472978263371078356e+03 6.890526570997418387e-02
3.482989399931242588e+03 6.569626338164169521e-02
3.493000536491405910e+03 7.844248349893614969e-02
3.503011673051569687e+03 7.806041960146638259e-02
3.513022809611733464e+03 6.888637152160917432e-02
3.523033946171896787e+03 7.286435059587755003e-02
3.533045082732061019e+03 6.397354813628895742e-02
3.543056219292224341e+03 6.836536009731342123e-02
3.553067355852388118e+03 8.040162690666186052e-02
3.563078492412551896e+03 5.769215013355515065e-02
3.573089628972715218e+03 8.174211104933806760e-02
3.583100765532879450e+03 6.891880933172257750e-02
3.593111902093042772e+03 7.220489326037611566e-02
3.603123038653206549e+03 7.216677047323252769e-02
3.613134175213370327e+03 6.173400159680972332e-02
3.623145311773533649e+03 7.786328466268438442e-02
3.633156448333697426e+03 5.987518131314608499e-02
3.643167584893861203e+03 7.165177843638048660e-02
3.653178721454024981e+03 5.981565625953592230e-02
3.663189858014188758e+03 6.056155868693750832e-02
3.673200994574352080e+03 6.417870892499592805e-02
3.683212131134515857e+03 6.596813904784994131e-02
3.693223267694679635e+03 7.201043360490244627e-02
3.703234404254843412e+03 5.583767718526753965e-02
3.713245540815007189e+03 7.008640329059846741e-02
3.723256677375170511e+03 1.511725683137772891e-01
3.733267813935334289e+03 8.044075292504607178e-02
3.743278950495498066e+03 7.376859635409045712e-02
3.753290087055661843e+03 6.333415542559994726e-02
3.763301223615825620e+03 6.454589155906315101e-02
3.773312360175988943e+03 7.282171326815116419e-02
3.783323496736152720e+03 7.411320628524371845e-02
3.793334633296316497e+03 7.164559184373001099e-02
3.803345769856480274e+03 7.566988676027371075e-02
3.813356906416644051e+03 7.355875381959393888e-02
3.823368042976807374e+03 7.952045546698323364e-02
3.833379179536971151e+03 7.378632010600809366e-02
3.843390316097134928e+03 7.218064850539446242e-02
3.853401452657298250e+03 8.356130369899718302e-02
3.863412589217462482e+03 8.231963783352212738e-02
3.873423725777625805e+03 7.582037144636682990e-02
3.883434862337789582e+03 8.854318283471347695e-02
3.893445998897953359e+03 9.799796845673773571e-02
3.903457135458116682e+03 8.128095908906603217e-02
3.913468272018280913e+03 8.438779903606198618e-02
3.923479408578444236e+03 8.567243663967695488e-02
3.933490545138608013e+03 7.178671303824400718e-02
3.943501681698771790e+03 8.501582179269061290e-02
3.953512818258935113e+03 8.526144624143594530e-02
3.963523954819099345e+03 8.375860584298594480e-02
3.973535091379262667e+03 9.863267942163718438e-02
3.983546227939426444e+03 9.068524873864571012e-02
3.993557364499590221e+03 8.259000865286944548e-02
4.003568501059753544e+03 8.823218115012099183e-02
4.013579637619917776e+03 8.871975153306273232e-02
4.023590774180081098e+03 9.402885125842817826e-02
4.033601910740244875e+03 9.641202707052295984e-02
4.043613047300408653e+03 9.076333357020736903e-02
4.053624183860571975e+03 8.621418150961220050e-02
4.063635320420736207e+03 9.641269589135005591e-02
4.073646456980899529e+03 9.386950469637622696e-02
4.083657593541063306e+03 9.765804027137403587e-02
4.093668730101227084e+03 9.723233581493727351e-02
4.103679866661390406e+03 1.387425332424851721e-01
4.113691003221554638e+03 9.691615076893493608e-02
4.123702139781717960e+03 9.950047444477420899e-02
4.133713276341881283e+03 9.864037086114861574e-02
4.143724412902045515e+03 9.355783419095668740e-02
4.153735549462209747e+03 9.080379723024574468e-02
4.163746686022373069e+03 9.373473729971949775e-02
4.173757822582536392e+03 9.318162247572388257e-02
4.183768959142700623e+03 9.510581999523463892e-02
4.193780095702863946e+03 9.617944462790570248e-02
4.203791232263027268e+03 9.525379660322620679e-02
4.213802368823191500e+03 9.166456963469842012e-02
4.223813505383354823e+03 9.932474177245878555e-02
4.233824641943518145e+03 1.040536394303318429e-01
4.243835778503682377e+03 1.103258411466932903e-01
4.253846915063845699e+03 1.082690498982138150e-01
4.263858051624009931e+03 1.126055169357973451e-01
4.273869188184173254e+03 1.182224414468266427e-01
4.283880324744337486e+03 1.181055650072943275e-01
4.293891461304500808e+03 1.202364281623729686e-01
4.303902597864664131e+03 1.207144678485287947e-01
4.313913734424828363e+03 1.199658901378188869e-01
4.323924870984991685e+03 1.153262800603610666e-01
4.333936007545155007e+03 1.198493481087000989e-01
4.343947144105319239e+03 1.853235629757510605e-01
4.353958280665482562e+03 1.178311812629845440e-01
4.363969417225646794e+03 1.237229911339438881e-01
4.373980553785810116e+03 1.295858745041320315e-01
4.383991690345974348e+03 1.286786190521972684e-01
4.394002826906137670e+03 1.297473947338720068e-01
4.404013963466300993e+03 1.355867021699055652e-01
4.414025100026465225e+03 1.315915009593398577e-01
4.424036236586628547e+03 1.268487252693048795e-01
4.434047373146791870e+03 1.298743034858105272e-01
4.444058509706956102e+03 1.347464960058856187e-01
4.454069646267119424e+03 1.408688818569810153e-01
4.464080782827283656e+03 1.404936733729887921e-01
4.474091919387446978e+03 1.491154426548842449e-01
4.484103055947611210e+03 1.540590317982502011e-01
4.494114192507774533e+03 1.498914420195044672e-01
4.504125329067937855e+03 1.478578922947660357e-01
4.514136465628102087e+03 1.488358755491646090e-01
4.524147602188265409e+03 1.520527365222152927e-01
4.534158738748428732e+03 1.555994933682234849e-01
4.544169875308592964e+03 1.538112336818168169e-01
4.554181011868756286e+03 1.579132790195086344e-01
4.564192148428919609e+03 1.543640140953989326e-01
4.574203284989083841e+03 1.580863364085157430e-01
4.584214421549248073e+03 1.614210770523393790e-01
4.594225558109411395e+03 1.601668707963565808e-01
4.604236694669574717e+03 1.568214290192996574e-01
4.614247831229738949e+03 1.609853402834963976e-01
4.624258967789902272e+03 1.679292053154534947e-01
4.634270104350065594e+03 1.685361602160291017e-01
4.644281240910229826e+03 1.644235809503107881e-01
4.654292377470393149e+03 1.695644722376654645e-01
4.664303514030556471e+03 1.667280867126202104e-01
4.674314650590720703e+03 1.624241410877534375e-01
4.684325787150884935e+03 1.636392213253520522e-01
4.694336923711048257e+03 1.718150543207915271e-01
4.704348060271211580e+03 1.792891270634167367e-01
4.714359196831375812e+03 1.784497569254306359e-01
4.724370333391539134e+03 1.811400887023621731e-01
4.734381469951702456e+03 1.971466431464675428e-01
4.744392606511866688e+03 1.997065548621183850e-01
4.754403743072030011e+03 2.124776885552215888e-01
4.764414879632193333e+03 2.199149761523573887e-01
4.774426016192357565e+03 2.250030305943726550e-01
4.784437152752521797e+03 2.328633473646369023e-01
4.794448289312685120e+03 2.431180426958495511e-01
4.804459425872848442e+03 2.331459241640784219e-01
4.814470562433012674e+03 2.468233100778758071e-01
4.824481698993175996e+03 2.515167602319136053e-01
4.834492835553339319e+03 2.469286493581410169e-01
4.844503972113503551e+03 2.574107437705610013e-01
4.854515108673666873e+03 2.657158263908337426e-01
4.864526245233830196e+03 2.951773838237322645e-01
4.874537381793994427e+03 2.589389993604400697e-01
4.884548518354158659e+03 2.629117950732985376e-01
4.894559654914321982e+03 2.614337010454505505e-01
4.904570791474485304e+03 2.604973518875377536e-01
4.914581928034649536e+03 2.731748506648496999e-01
4.924593064594812859e+03 2.791490927027467372e-01
4.934604201154976181e+03 2.814515083999715173e-01
4.944615337715140413e+03 2.737517086282066359e-01
4.954626474275303735e+03 2.835683263176814739e-01
4.964637610835467058e+03 2.820634794567503101e-01
4.974648747395631290e+03 2.777077838203881321e-01
4.984659883955795522e+03 2.774636642185037694e-01
4.994671020515958844e+03 2.856232783088865079e-01
5.004682157076122166e+03 3.213600471518682777e-01
5.014693293636286398e+03 3.001684592458208622e-01
5.024704430196449721e+03 3.041780401041688231e-01
5.034715566756613043e+03 2.993625301491887880e-01
5.044726703316777275e+03 3.148540925564421444e-01
5.054737839876940598e+03 3.195141016691259717e-01
5.064748976437103920e+03 3.121905136125938673e-01
5.074760112997268152e+03 3.128208772421172679e-01
5.084771249557432384e+03 3.293457678272100897e-01
5.094782386117595706e+03 3.338302114727852432e-01
5.104793522677759029e+03 3.428860454714559580e-01
5.114804659237923261e+03 3.411838964665359630e-01
5.124815795798086583e+03 3.465595438641959070e-01
5.134826932358249906e+03 3.508032120120220254e-01
5.144838068918414137e+03 3.625159367462702509e-01
5.154849205478577460e+03 3.609692885836464638e-01
5.164860342038741692e+03 3.682661238070953358e-01
5.174871478598905014e+03 3.680855421837835872e-01
5.184882615159068337e+03 3.799303590313802270e-01
5.194893751719232569e+03 3.837643744226194586e-01
5.204904888279395891e+03 3.854046575010345310e-01
5.214916024839560123e+03 3.931228498455441311e-01
5.224927161399723445e+03 3.971073499228766068e-01
5.234938297959886768e+03 3.978012515309726216e-01
5.244949434520051000e+03 4.084087498484701984e-01
5.254960571080214322e+03 4.001906139357179204e-01
5.264971707640378554e+03 4.082382005375647105e-01
5.274982844200541876e+03 4.053254858356288848e-01
5.284993980760705199e+03 4.229422264209307114e-01
5.295005117320869431e+03 4.098901879804536796e-01
5.305016253881032753e+03 4.258148118732417164e-01
5.315027390441196985e+03 4.213721695293590752e-01
5.325038527001360308e+03 4.346047895931478555e-01
5.335049663561523630e+03 4.367700970208212019e-01
5.345060800121687862e+03 4.409335066693976235e-01
5.355071936681851184e+03 4.477237101163329402e-01
5.365083073242014507e+03 4.476317472526094576e-01
5.375094209802178739e+03 4.569417331655707959e-01
5.385105346362342061e+03 4.692848215293423664e-01
5.395116482922506293e+03 4.631550786491491212e-01
5.405127619482669616e+03 4.733612844703983802e-01
5.415138756042833847e+03 4.733295154811119620e-01
5.425149892602997170e+03 4.774527958800636185e-01
5.435161029163160492e+03 4.803337415927131926e-01
5.445172165723324724e+03 4.822549294185020097e-01
5.455183302283488047e+03 4.991811124998432048e-01
5.465194438843651369e+03 4.980391009376030631e-01
5.475205575403815601e+03 5.211167635760177719e-01
5.485216711963978923e+03 5.158899288123832694e-01
5.495227848524143155e+03 5.142713824108482434e-01
5.505238985084306478e+03 5.251096239136886501e-01
5.515250121644470710e+03 5.265893899936043843e-01
5.525261258204634032e+03 5.312928724600484154e-01
5.535272394764797355e+03 5.377486654934434673e-01
5.545283531324961587e+03 5.417749668724682888e-01
5.555294667885124909e+03 5.522754538576329919e-01
5.565305804445288231e+03 5.718585276745516977e-01
5.575316941005452463e+03 6.128355076977096694e-01
5.585328077565615786e+03 5.932206648915046010e-01
5.595339214125780018e+03 5.966483716302924956e-01
5.605350350685943340e+03 5.968657383990937371e-01
5.615361487246107572e+03 5.944312305885204317e-01
5.625372623806270894e+03 5.994189619064738128e-01
5.635383760366434217e+03 6.057827920761451601e-01
5.645394896926598449e+03 6.041073959043083974e-01
5.655406033486761771e+03 6.107989482792492986e-01
5.665417170046925094e+03 6.067291735464641622e-01
5.675428306607089326e+03 6.054149406212508966e-01
5.685439443167252648e+03 6.177178997353977019e-01
5.695450579727416880e+03 6.327095185744082695e-01
5.705461716287580202e+03 6.488364607673882123e-01
5.715472852847744434e+03 6.674798413222586824e-01
5.725483989407907757e+03 6.849628177421444031e-01
5.735495125968071079e+03 7.010646791541087497e-01
5.745506262528235311e+03 7.242092238752313449e-01
5.755517399088398633e+03 7.399733307695200990e-01
5.765528535648561956e+03 7.540118799299408980e-01
5.775539672208726188e+03 7.500792134667072508e-01
5.785550808768889510e+03 7.578709761021956703e-01
5.795561945329053742e+03 7.943752168442524964e-01
5.805573081889217065e+03 8.003494588821494782e-01
5.815584218449381297e+03 8.090190488531812107e-01
5.825595355009544619e+03 8.281506686118205174e-01
5.835606491569707941e+03 8.396644191500122201e-01
5.845617628129872173e+03 8.418247104214824361e-01
5.855628764690035496e+03 8.444816011570599468e-01
5.865639901250198818e+03 8.511664653237301925e-01
5.875651037810363050e+03 8.789793794178748509e-01
5.885662174370526373e+03 8.209558285645014442e-01
5.895673310930690604e+03 7.108645763229066716e-01
5.905684447490853927e+03 8.802735477182759283e-01
5.915695584051018159e+03 8.724567043017718015e-01
5.925706720611181481e+03 8.689504111158020683e-01
5.935717857171344804e+03 8.872426607364551909e-01
5.945728993731509036e+03 8.821596224506431660e-01
5.955740130291672358e+03 8.984905549958824844e-01
5.965751266851835680e+03 9.152211079853024289e-01
5.975762403411999912e+03 8.889632023141200712e-01
5.985773539972163235e+03 8.933439787314976233e-01
5.995784676532327467e+03 9.059378749054244340e-01
6.005795813092490789e+03 9.062956940479125478e-01
6.015806949652654112e+03 9.215448089053491776e-01
6.025818086212818343e+03 9.295857072989252012e-01
6.035829222772981666e+03 9.359612418330707229e-01
6.045840359333145898e+03 9.222019253679559769e-01
6.055851495893309220e+03 9.544390892332385024e-01
6.065862632453472543e+03 9.544792184828635451e-01
6.075873769013636775e+03 9.658826135845869354e-01
6.085884905573800097e+03 9.720758944433527393e-01
6.095896042133964329e+03 9.677034782863137563e-01
6.105907178694127651e+03 9.664410789751991526e-01
6.115918315254290974e+03 9.534943798149873029e-01
6.125929451814455206e+03 9.565659394633547752e-01
6.135940588374618528e+03 9.659745764483104180e-01
6.145951724934782760e+03 9.778728989620736334e-01
6.155962861494946083e+03 9.756574299723693722e-01
6.165973998055109405e+03 9.743348367868173154e-01
6.175985134615273637e+03 9.825412683350956966e-01
6.185996271175436959e+03 9.986297533305186214e-01
6.196007407735601191e+03 1.013715007085320474e+00
6.206018544295764514e+03 1.001370246669481157e+00
6.216029680855927836e+03 1.037916288713230273e+00
6.226040817416092068e+03 1.063326463986088211e+00
6.236051953976255390e+03 1.082247405184197264e+00
6.246063090536419622e+03 1.080709953307945836e+00
6.256074227096582945e+03 1.091298223026664793e+00
6.266085363656746267e+03 1.088925581142596632e+00
6.276096500216910499e+03 1.067399582823008952e+00
6.286107636777073822e+03 9.927591785208189634e-01
6.296118773337238054e+03 1.182491942799098528e+00
6.306129909897401376e+03 1.130121599986623426e+00
6.316141046457564698e+03 1.141807571887788475e+00
6.326152183017728930e+03 1.162400565153598686e+00
6.336163319577892253e+03 1.215428024428680587e+00
6.346174456138056485e+03 1.227167501996012211e+00
6.356185592698219807e+03 1.269953642356422829e+00
6.366196729258383129e+03 1.340836945662487789e+00
6.376207865818547361e+03 1.389796302256852245e+00
6.386219002378710684e+03 1.483136936884214441e+00
6.396230138938874916e+03 1.553990143253060729e+00
6.406241275499038238e+03 1.593097769064528491e+00
6.416252412059201561e+03 1.640883345107366553e+00
6.426263548619365793e+03 1.663653350165324118e+00
6.436274685179529115e+03 1.707315645809210247e+00
6.446285821739693347e+03 1.731677444435619551e+00
6.456296958299856669e+03 1.764449664962566722e+00
6.466308094860019992e+03 1.794262353329682869e+00
6.476319231420184224e+03 1.817520597591408604e+00
6.486330367980347546e+03 1.841113252266675548e+00
6.496341504540511778e+03 1.832435302035305247e+00
6.506352641100675100e+03 1.850292818118356220e+00
6.516363777660838423e+03 1.877814795152720873e+00
6.526374914221002655e+03 1.882596864066346853e+00
6.536386050781165977e+03 1.892729499596617293e+00
6.546397187341330209e+03 2.035556187219670132e+00
6.556408323901493532e+03 2.030606913099273658e+00
6.566419460461656854e+03 2.402120162021845307e+00
6.576430597021821086e+03 1.960715136669355374e+00
6.586441733581984408e+03 2.151546439156114765e+00
6.596452870142147731e+03 1.906022313534843526e+00
6.606464006702311963e+03 1.893933377085362357e+00
6.616475143262475285e+03 1.867264146605524866e+00
6.626486279822639517e+03 1.861194597599769240e+00
6.636497416382802840e+03 1.857198393157962757e+00
6.646508552942967071e+03 1.830010826537138424e+00
6.656519689503130394e+03 1.819426736948588808e+00
6.666530826063293716e+03 1.814193213976682983e+00
6.676541962623457948e+03 1.831147821943175380e+00
6.686553099183621271e+03 1.818339903104582600e+00
6.696564235743784593e+03 1.793075196361614498e+00
6.706575372303948825e+03 1.797422531737638218e+00
6.716586508864112147e+03 1.901775301282881747e+00
6.726597645424276379e+03 1.837852750734657814e+00
6.736608781984439702e+03 1.782808796665928286e+00
6.746619918544603934e+03 1.763580197887361978e+00
6.756631055104767256e+03 1.770335288240875826e+00
6.766642191664930579e+03 1.758146028667332494e+00
6.776653328225094810e+03 1.759985285941804145e+00
6.786664464785258133e+03 1.759617434486909771e+00
6.796675601345421455e+03 1.761640617488828386e+00
6.806686737905585687e+03 1.761640617488828386e+00
6.816697874465749010e+03 1.773395143524769235e+00
6.826709011025913242e+03 1.770736580737124033e+00
6.836720147586076564e+03 1.769114690231453402e+00
6.846731284146240796e+03 1.761523573844089308e+00
6.856742420706404118e+03 1.777658876297407931e+00
6.866753557266567441e+03 1.796887475075973573e+00
6.876764693826731673e+03 1.811434328064976063e+00
6.886775830386894995e+03 1.828890551651778384e+00
6.896786966947058318e+03 1.840929326539228361e+00
6.906798103507222550e+03 1.852784175699230929e+00
6.916809240067385872e+03 1.857399039406086638e+00
6.926820376627550104e+03 1.847617534810033657e+00
6.936831513187713426e+03 1.847299844917170697e+00
6.946842649747877658e+03 1.878149205566261193e+00
6.956853786308040981e+03 1.904433864070527171e+00
6.966864922868204303e+03 1.906273121344998378e+00
6.976876059428368535e+03 1.941921271428392215e+00
6.986887195988531857e+03 1.939128944475330574e+00
6.996898332548695180e+03 1.935082578471493342e+00
7.006909469108859412e+03 1.950064164998097871e+00
7.016920605669022734e+03 1.957672001906139103e+00
7.026931742229186966e+03 1.967002052443912685e+00
7.036942878789350289e+03 1.971048418447750139e+00
7.046954015349514520e+03 1.987601733917994107e+00
7.056965151909677843e+03 1.985127096857795870e+00
7.066976288469841165e+03 2.019387443724997233e+00
7.076987425030005397e+03 2.022079447553996712e+00
7.086998561590168720e+03 2.037646252304296635e+00
7.097009698150332042e+03 2.059165562415613326e+00
7.107020834710496274e+03 2.075718877885857072e+00
7.117031971270659596e+03 2.105330920004848672e+00
7.127043107830823828e+03 2.100883261504763233e+00
7.137054244390987151e+03 2.135009844206548379e+00
7.147065380951151383e+03 2.131130683409481197e+00
7.157076517511314705e+03 2.122854025674358880e+00
7.167087654071478028e+03 2.120362668093484171e+00
7.177098790631642260e+03 2.119543362580310397e+00
7.187109927191805582e+03 2.140310249261161868e+00
7.197121063751968904e+03 2.151713644362885258e+00
7.207132200312133136e+03 2.145460169629682223e+00
7.217143336872297368e+03 2.166277217872564442e+00
7.227154473432459781e+03 2.140694821236733159e+00
7.237165609992624013e+03 2.197795399348735579e+00
7.247176746552788245e+03 2.197929163514151796e+00
7.257187883112951567e+03 2.208245724771869423e+00
7.267199019673114890e+03 2.208346047895931363e+00
7.277210156233279122e+03 2.210202025691079708e+00
7.287221292793442444e+03 2.228193305939546676e+00
7.297232429353605767e+03 2.243576184962399633e+00
7.307243565913769999e+03 2.228210026460223592e+00
7.317254702473934231e+03 2.262888386344350078e+00
7.327265839034096643e+03 2.260062618349935271e+00
7.337276975594260875e+03 2.258507609926973192e+00
7.347288112154425107e+03 2.276181200282576533e+00
7.357299248714588430e+03 2.245114472864684796e+00
7.367310385274751752e+03 2.273589519577639884e+00
7.377321521834915984e+03 2.281765854188698928e+00
7.387332658395079307e+03 2.308217717899735177e+00
7.397343794955242629e+03 2.299941060164613749e+00
7.407354931515406861e+03 2.302566181910904231e+00
7.417366068075571093e+03 2.292701074711466447e+00
7.427377204635733506e+03 2.274392104570135853e+00
7.437388341195897738e+03 2.299322400899563856e+00
7.447399477756061970e+03 2.288922237038461205e+00
7.457410614316225292e+03 2.275261571645340819e+00
7.467421750876388614e+03 2.277100828919812248e+00
7.477432887436552846e+03 2.277936854953662937e+00
7.487444023996716169e+03 2.268188791398964010e+00
7.497455160556879491e+03 2.270947677310671153e+00
7.507466297117043723e+03 2.297600187269831284e+00
7.517477433677207955e+03 2.312782420044559917e+00
7.527488570237370368e+03 2.351557307494555271e+00
7.537499706797534600e+03 2.356255773804795783e+00
7.547510843357698832e+03 2.354767647464541813e+00
7.557521979917861245e+03 2.337695995853310560e+00
7.567533116478025477e+03 2.363696405506066966e+00
7.577544253038189709e+03 2.397087285298063808e+00
7.587555389598353031e+03 2.399444878713522744e+00
7.687666755199989893e+03 2.513127698796540077e+00
7.697677891760153216e+03 2.457348041818022022e+00
7.707689028320317448e+03 2.513930283789036935e+00
7.717700164880480770e+03 2.557353475987242053e+00
7.727711301440644093e+03 2.584808570938898598e+00
7.737722438000808324e+03 2.621376349659528149e+00
7.747733574560972556e+03 2.651272640630028654e+00
7.757744711121134969e+03 2.654750508930848074e+00
7.767755847681299201e+03 2.696735736350829526e+00
7.777766984241463433e+03 2.691385169734184846e+00
7.787778120801626756e+03 2.719893657488493766e+00
7.797789257361790078e+03 2.772780664389888461e+00
7.807800393921954310e+03 2.764687932382213997e+00
7.817811530482117632e+03 2.795420249386566081e+00
7.827822667042280955e+03 2.814807693111563314e+00
7.837833803602445187e+03 2.836903861186237386e+00
7.847844940162609419e+03 2.858740861190417260e+00
7.857856076722771832e+03 2.881229961501000858e+00
7.867867213282936063e+03 2.888603711119563933e+00
7.877878349843100295e+03 2.883453790751043577e+00
7.887889486403263618e+03 2.867920427042097486e+00
7.897900622963426940e+03 2.844645462259694391e+00
7.907911759523591172e+03 2.919336028123915128e+00
7.917922896083754495e+03 2.871030443888022532e+00
7.927934032643917817e+03 2.853256530408356362e+00
7.937945169204082049e+03 2.900826411734461097e+00
7.947956305764246281e+03 2.857169132246777821e+00
7.957967442324408694e+03 2.944283044974020047e+00
7.967978578884572926e+03 2.957124404853966659e+00
7.977989715444737158e+03 2.937143382644935130e+00
7.988000852004900480e+03 2.966370852788355439e+00
7.998011988565063803e+03 2.937344028893059011e+00
8.008023125125228034e+03 2.951405986782428048e+00
8.018034261685391357e+03 2.988843232578262565e+00
8.028045398245554679e+03 3.016649458464136124e+00
8.038056534805718911e+03 3.022769169031923386e+00
8.048067671365883143e+03 3.018371672093869140e+00
8.058078807926045556e+03 3.065523540403047864e+00
8.068089944486209788e+03 3.044974020490997635e+00
8.078101081046374020e+03 3.064670793848520258e+00
8.088112217606537342e+03 3.111521692785513160e+00
8.098123354166700665e+03 3.089099474557637226e+00
8.108134490726864897e+03 3.040810610842421546e+00
8.118145627287028219e+03 3.088096243317016487e+00
8.128156763847191542e+03 3.054889289252467055e+00
8.138167900407355773e+03 3.073148097831766457e+00
8.148179036967520005e+03 3.048134198898953873e+00
8.158190173527682418e+03 3.072780246376872082e+00
8.168201310087846650e+03 3.131502714994544689e+00
8.178212446648010882e+03 3.145932524338807657e+00
8.188223583208174205e+03 3.139645608564250789e+00
8.198234719768337527e+03 3.145664996007975223e+00
8.208245856328499940e+03 3.183135682845163572e+00
8.218256992888665991e+03 3.145372386896127637e+00
8.228268129448828404e+03 3.118477429387150668e+00
8.238279266008992636e+03 3.165946987589193462e+00
8.248290402569156868e+03 3.198334636140569120e+00
8.258301539129319281e+03 3.209637708118230570e+00
8.268312675689483513e+03 3.191796912555856736e+00
8.278323812249647744e+03 3.176497636136388802e+00
8.288334948809810157e+03 3.217396029712364935e+00
8.298346085369976208e+03 3.256053873517620989e+00
8.308357221930138621e+03 3.240169378874457884e+00
8.318368358490301034e+03 3.228247647631746986e+00
8.328379495050467085e+03 3.201394491424462529e+00
8.338390631610629498e+03 3.202949499847425052e+00
8.348401768170791911e+03 3.202865897244039584e+00
8.358412904730957962e+03 3.278141681331956381e+00
8.368424041291120375e+03 3.275416236461603070e+00
8.378435177851282788e+03 3.278158401852633297e+00
8.388446314411448839e+03 3.340642987622634230e+00
8.398457450971611252e+03 3.298022380416925525e+00
8.408468587531773665e+03 3.288792653003214106e+00
8.418479724091939715e+03 3.351494605542015837e+00
8.428490860652102128e+03 3.315545486086436622e+00
8.438501997212266360e+03 3.390236051950657359e+00
8.448513133772430592e+03 3.411588156855204446e+00
8.458524270332593005e+03 3.395703662212041340e+00
8.468535406892757237e+03 3.436267645374476931e+00
8.478546543452921469e+03 3.509085512922871519e+00
8.488557680013083882e+03 3.422907949353542811e+00
8.498568816573249933e+03 3.467518298519815190e+00
8.508579953133412346e+03 3.538914921810664804e+00
8.518591089693574759e+03 3.541205633143416076e+00
8.528602226253740810e+03 3.487382277084107862e+00
8.538613362813903223e+03 3.503551020578780317e+00
8.548624499374065635e+03 3.517546096385441246e+00
8.558635635934231686e+03 3.540202401902794893e+00
8.568646772494394099e+03 3.498568305417030011e+00
8.578657909054556512e+03 3.479724278614034993e+00
8.588669045614722563e+03 3.543529785517521180e+00
8.598680182174884976e+03 3.651126336074104639e+00
8.608691318735047389e+03 3.658148954758450699e+00
8.618702455295213440e+03 3.539717506803161218e+00
8.628713591855375853e+03 3.593039247242158840e+00
8.638724728415540085e+03 3.650992571908688866e+00
8.648735864975704317e+03 3.596968569601257215e+00
8.658747001535866730e+03 3.666609538221020426e+00
8.668758138096030962e+03 3.731234350637677721e+00
8.678769274656195194e+03 3.767501159986121007e+00
8.688780411216357606e+03 3.784322003787197186e+00
8.698791547776523657e+03 3.797715140849485582e+00
8.708802684336686070e+03 3.787030728136873581e+00
8.718813820896848483e+03 3.790759404247848074e+00
8.728824957457014534e+03 3.732622153853870195e+00
8.738836094017176947e+03 3.698228042821253059e+00
8.748847230577339360e+03 3.750312464730151341e+00
8.758858367137505411e+03 3.766180238852637086e+00
8.768869503697667824e+03 3.850953278685097292e+00
8.778880640257830237e+03 3.839332516814573548e+00
8.788891776817996288e+03 3.774390014505051294e+00
8.798902913378158701e+03 3.796695189088187483e+00
8.808914049938321114e+03 3.775292922621610092e+00
8.818925186498487164e+03 3.795909324616367986e+00
8.828936323058649577e+03 3.896466535967930245e+00
8.838947459618813809e+03 3.840770481592796770e+00
8.848958596178978041e+03 3.848980257245210090e+00
8.858969732739140454e+03 3.931947480844553588e+00
8.868980869299304686e+03 3.797965948659641100e+00
8.878992005859468918e+03 3.774022163050156919e+00
8.889003142419631331e+03 3.758589122465272769e+00
8.899014278979795563e+03 3.750228862126766316e+00
8.909025415539959795e+03 3.785392117110526478e+00
8.919036552100122208e+03 3.800206498430361179e+00
8.929047688660288259e+03 3.778336057384826585e+00
8.939058825220450672e+03 3.811743657697500343e+00
8.949069961780613085e+03 3.853595120952066022e+00
8.959081098340779135e+03 3.864446738871448073e+00
8.969092234900941548e+03 3.891634305492272183e+00
8.979103371461103961e+03 3.953232703666392123e+00
8.989114508021270012e+03 4.000986510719943823e+00
8.999125644581432425e+03 4.126290092673484899e+00
9.009136781141594838e+03 4.239070004639943434e+00
9.019147917701760889e+03 4.152624912739782737e+00
9.029159054261923302e+03 4.070560597256998925e+00
9.039170190822085715e+03 4.036333691431151394e+00
9.049181327382251766e+03 4.100975224368486494e+00
9.059192463942414179e+03 4.084271424212150059e+00
9.069203600502578411e+03 4.227282037562648753e+00
9.079214737062742643e+03 4.220159095754240752e+00
9.089225873622905056e+03 4.154313685328160588e+00
9.099237010183069287e+03 4.160868129433549889e+00
9.109248146743233519e+03 4.168174996969404411e+00
9.119259283303395932e+03 4.120471351477884348e+00
9.129270419863561983e+03 4.094002767246172070e+00
9.139281556423724396e+03 4.140435653166239405e+00
9.149292692983886809e+03 4.115120784861240111e+00
9.159303829544052860e+03 4.126056005384007186e+00
9.169314966104215273e+03 4.087230956371981527e+00
9.179326102664377686e+03 4.101192591137287735e+00
9.189337239224543737e+03 4.095106321610854749e+00
9.199348375784706150e+03 4.137894134023333059e+00
9.209359512344868563e+03 4.273949010772194690e+00
9.219370648905034614e+03 4.471652447257207008e+00
9.229381785465197026e+03 4.375726820133178485e+00
9.239392922025359439e+03 4.274751595764691992e+00
9.249404058585525490e+03 4.200897055934321500e+00
9.259415195145687903e+03 4.169479197582212748e+00
9.269426331705852135e+03 4.193824275687944692e+00
9.279437468266016367e+03 4.091110117169047378e+00
9.289448604826178780e+03 4.173625886710111033e+00
9.299459741386343012e+03 4.150735493903279227e+00
9.309470877946507244e+03 4.307189405878098398e+00
9.319482014506669657e+03 4.300317271879846359e+00
9.329493151066835708e+03 4.317990862235449256e+00
9.339504287626998121e+03 4.293194330071437470e+00
9.349515424187160534e+03 4.268732208320966670e+00
9.359526560747326585e+03 4.163810941072703997e+00
9.369537697307488997e+03 4.231428726690547926e+00
9.379548833867651410e+03 4.296438111082778732e+00
9.389559970427817461e+03 4.341483193786654482e+00
9.399571106987979874e+03 4.303109598832906890e+00
9.409582243548142287e+03 4.308100674254995432e+00
