3.104541177533932114e+03 3.300085488031676006e-01
3.114553393122718717e+03 1.051390305357249977e+00
3.124565608711504865e+03 9.731837542744016245e-01
3.134577824300291468e+03 6.874505069290299808e-01
3.144590039889078071e+03 -2.151141340212369968e-01
3.154602255477864674e+03 2.232167496550482577e-01
3.164614471066651276e+03 1.943225448437218839e-01
3.174626686655437879e+03 -9.487296778451016765e-02
3.184638902244224028e+03 3.113226648269242225e-01
3.194651117833010630e+03 2.899154118423420967e-01
3.204663333421797233e+03 3.559121722958785705e-01
3.214675549010583836e+03 4.362326774251604894e-02
3.224687764599369984e+03 9.164841922130902152e-02
3.234699980188156587e+03 9.585383046373507909e-02
3.244712195776943190e+03 6.714387485751995011e-02
3.254724411365729793e+03 -1.161489891415201821e-02
3.264736626954516396e+03 2.540839282500449992e-01
3.274748842543302544e+03 7.901493790869278111e-02
3.284761058132089147e+03 -7.731192633031375161e-02
3.294773273720875750e+03 6.401126342312075945e-02
3.304785489309662353e+03 4.927372667826505209e-02
3.314797704898448501e+03 -1.728950446937428664e-02
3.324809920487235104e+03 2.730667706521087146e-01
3.334822136076021707e+03 1.295068690383346377e-01
3.344834351664808310e+03 -1.091719659247705407e-02
3.354846567253594912e+03 6.588000179974802528e-02
3.364858782842381515e+03 8.996790449337092876e-02
3.374870998431167664e+03 1.661422400863879212e-01
3.384883214019954266e+03 2.671815945767592321e-02
3.394895429608740869e+03 1.076399304097426374e-01
3.404907645197527472e+03 -9.767457555942167524e-03
3.414919860786313620e+03 1.118348431219629152e-01
3.424932076375100223e+03 6.198092267082608298e-02
3.434944291963886826e+03 1.134516167736516895e-01
3.444956507552673429e+03 8.150908872757814394e-02
3.454968723141460032e+03 9.030985662007318115e-02
3.464980938730246180e+03 4.791431699562061566e-03
3.474993154319032783e+03 1.149259103725478459e-01
3.485005369907819386e+03 5.530010798488212143e-02
3.495017585496605989e+03 5.619293298938148745e-02
3.505029801085392592e+03 7.896394504769332912e-02
3.515042016674178740e+03 4.646431999520066886e-02
3.525054232262965343e+03 6.286519887215789859e-02
3.535066447851751946e+03 1.055852180694702852e-01
3.545078663440538548e+03 1.024664047033415487e-01
3.555090879029325151e+03 2.924245605615214197e-02
3.565103094618111299e+03 2.214942408062871293e-02
3.575115310206897902e+03 7.938838562601235882e-02
3.585127525795684505e+03 9.184039234507168636e-02
3.595139741384471108e+03 9.437878696982421323e-02
3.605151956973257711e+03 4.849061131441598227e-02
3.615164172562043859e+03 1.030393244945707609e-01
3.625176388150830462e+03 5.136698362229288189e-02
3.635188603739617065e+03 9.332218489411482631e-02
3.645200819328403668e+03 3.038132161497390099e-02
3.655213034917189816e+03 3.646664466974623708e-02
3.665225250505976419e+03 -2.102180694702741534e-02
3.675237466094763022e+03 6.151021357010019036e-02
3.685249681683549625e+03 1.899094126822245196e-02
3.695261897272336228e+03 5.920488631591577788e-02
3.705274112861122376e+03 -5.603740476333312921e-04
3.715286328449908979e+03 4.559594156818045502e-02
3.725298544038695582e+03 2.205606215129881642e-01
3.735310759627482184e+03 1.179052432659427746e-01
3.745322975216268787e+03 5.572469854220409025e-02
3.755335190805054935e+03 3.679254904313395552e-02
3.765347406393841538e+03 5.551615273861659067e-02
3.775359621982628141e+03 6.253869458275841675e-02
3.785371837571414744e+03 4.214237506749055062e-02
3.795384053160201347e+03 7.183101865738795999e-02
3.805396268748987495e+03 -3.677770112184293883e-03
3.815408484337774098e+03 4.166416701661767447e-02
3.825420699926560701e+03 2.217154598356230188e-02
3.835432915515347304e+03 4.236164436978823167e-02
3.845445131104133907e+03 3.052237686723858947e-03
3.855457346692920055e+03 2.271169536264923058e-02
3.865469562281706658e+03 5.881494090827284194e-02
3.875481777870493261e+03 2.810141580178775189e-02
3.885493993459279864e+03 8.411122442858000314e-02
3.895506209048066466e+03 5.857474953506509180e-02
3.905518424636852615e+03 2.460742995980563091e-02
3.915530640225639218e+03 1.684189213510108377e-02
3.925542855814425820e+03 1.561303917451556736e-02
3.935555071403212423e+03 5.118085967964484950e-02
3.945567286991998571e+03 2.585653008578799039e-02
3.955579502580785174e+03 -2.370065690803288203e-02
3.965591718169571777e+03 6.684654148419222341e-02
3.975603933758358380e+03 -7.496235527026215602e-03
3.985616149347144983e+03 3.485684504169415943e-02
3.995628364935931131e+03 2.372337872697822050e-02
4.005640580524717734e+03 1.722238886555882073e-02
4.015652796113504337e+03 1.992711020457136120e-02
4.025665011702290940e+03 -3.720709100725898277e-02
4.035677227291077543e+03 -5.901823744675746032e-03
4.045689442879863691e+03 9.440953266542684297e-02
4.055701658468650294e+03 2.118745875577419252e-02
4.065713874057436897e+03 1.766430199772032073e-03
4.075726089646223500e+03 -1.032455456236127007e-02
4.085738305235010102e+03 1.529058431819545205e-02
4.095750520823796705e+03 2.622232887395764545e-02
4.105762736412582854e+03 3.077359169716240364e-02
4.115774952001369456e+03 -4.505069290299357904e-02
4.125787167590156059e+03 2.820362649229107843e-02
4.135799383178942662e+03 -1.530003299538064757e-02
4.145811598767728356e+03 2.307449457076009292e-02
4.155823814356515868e+03 6.868693382926390617e-03
4.165836029945301561e+03 1.700101985721998860e-02
4.175848245534089074e+03 1.490296358509808627e-02
4.185860461122874767e+03 -1.634238706581078726e-02
4.195872676711661370e+03 -3.763940548323235075e-02
4.205884892300447973e+03 2.952636630871677617e-02
4.215897107889234576e+03 -6.936521387005818197e-03
4.225909323478021179e+03 -1.616143739876417171e-02
4.235921539066806872e+03 1.988024176615274183e-03
4.245933754655594385e+03 -9.803377527146198492e-03
4.255945970244380078e+03 -5.840317355570220220e-02
4.265958185833167590e+03 -3.020839582458455935e-02
4.275970401421953284e+03 -2.403728478013078193e-02
4.285982617010740796e+03 -9.769407282980382967e-03
4.295994832599526490e+03 -9.564310996460495410e-04
4.306007048188313092e+03 -2.008286339912412205e-02
4.316019263777099695e+03 3.595334153218549683e-02
4.326031479365885389e+03 1.416266722658827753e-03
4.336043694954672901e+03 2.524229107924890261e-02
4.346055910543458594e+03 5.185464035035095010e-02
4.356068126132246107e+03 3.235047093406922397e-02
4.366080341721031800e+03 -9.270577119203310748e-03
4.376092557309819313e+03 8.504934309196712089e-03
4.386104772898605006e+03 -1.986869338292639176e-02
4.396116988487391609e+03 -2.787472253884456727e-02
4.406129204076178212e+03 -1.316478193052972659e-02
4.416141419664964815e+03 -8.876357309976603063e-03
4.426153635253751418e+03 -4.333598296238526382e-02
4.436165850842537111e+03 -7.215722298878157748e-02
4.446178066431324623e+03 -1.148794168816365778e-02
4.456190282020110317e+03 1.143919851220829079e-02
4.466202497608897829e+03 1.739254004439378526e-02
4.476214713197683523e+03 -2.445272661827344041e-02
4.486226928786470125e+03 -2.735751994720738919e-02
4.496239144375256728e+03 2.320857579938808736e-03
4.506251359964043331e+03 -1.848566200731897521e-02
4.516263575552829934e+03 2.333358329833823061e-02
4.526275791141615628e+03 2.547858299838022533e-02
4.536288006730403140e+03 3.629214409982602779e-02
4.546300222319188833e+03 2.932209490671306221e-02
4.556312437907976346e+03 1.605244015837782937e-02
4.566324653496762039e+03 1.188096166536684734e-02
4.576336869085549552e+03 2.092492051112844042e-03
4.586349084674335245e+03 2.825664406983022583e-02
4.596361300263121848e+03 6.443217949487071994e-02
4.606373515851908451e+03 2.407762913192152895e-02
4.616385731440694144e+03 4.363781570580119173e-02
4.626397947029481657e+03 5.423210750494930621e-02
4.636410162618267350e+03 1.890305357249984913e-02
4.646422378207054862e+03 4.586252924590557278e-02
4.656434593795840556e+03 6.025683904253404527e-02
4.666446809384628068e+03 2.906353110564520795e-02
4.676459024973413761e+03 4.131674065630811660e-02
4.686471240562200364e+03 5.061228927950086470e-02
4.696483456150986967e+03 -1.134726138340632316e-03
4.706495671739773570e+03 1.951016857639930463e-02
4.716507887328560173e+03 2.256959025736397090e-02
4.726520102917345866e+03 4.582240986261924137e-03
4.736532318506133379e+03 -1.919288799568060616e-02
4.746544534094919072e+03 4.290396844441777928e-03
4.756556749683706585e+03 5.355622712820205626e-03
4.766568965272492278e+03 2.817115603815465927e-02
4.776581180861278881e+03 1.018357429959805723e-02
4.786593396450065484e+03 1.969006839042533943e-02
4.796605612038852087e+03 4.626634771132041163e-02
4.806617827627638690e+03 3.240843781870537954e-02
4.816630043216424383e+03 2.935209070730097555e-02
4.826642258805211895e+03 4.551300317955486729e-02
4.836654474393997589e+03 5.481740056392105098e-02
4.846666689982785101e+03 8.122337872697822647e-02
4.856678905571570795e+03 1.060936468894354834e-01
4.866691121160358307e+03 1.376387305777191372e-01
4.876703336749144000e+03 9.934609154718337942e-02
4.886715552337930603e+03 8.305462235287060235e-02
4.896727767926717206e+03 8.228298038274642345e-02
4.906739983515502900e+03 6.545653608494811371e-02
4.916752199104290412e+03 9.356290119383285642e-02
4.926764414693076105e+03 9.291724158617793716e-02
4.936776630281863618e+03 8.231222628831963428e-02
4.946788845870649311e+03 8.459040734297199049e-02
4.956801061459436823e+03 7.221099046133541699e-02
4.966813277048222517e+03 7.075701901733758015e-02
4.976825492637009120e+03 8.201001859739635858e-02
4.986837708225795723e+03 8.748125262463254947e-02
4.996849923814582326e+03 8.851160837482752175e-02
5.006862139403368928e+03 1.093504409382686504e-01
5.016874354992154622e+03 1.001747255384246305e-01
5.026886570580942134e+03 8.960345551622772575e-02
5.036898786169727828e+03 8.747075409442678362e-02
5.046911001758515340e+03 5.762373267742516847e-02
5.056923217347301033e+03 6.764600455936169154e-02
5.066935432936087636e+03 6.347651328813966320e-02
5.076947648524874239e+03 7.276576279320895457e-02
5.086959864113660842e+03 4.970986561881336752e-02
5.096972079702447445e+03 6.077306677065211910e-02
5.106984295291233138e+03 7.287427260183573785e-02
5.116996510880020651e+03 7.566590677305178037e-02
5.127008726468806344e+03 8.464364988901554310e-02
5.137020942057593857e+03 8.745200671905932477e-02
5.147033157646379550e+03 8.623792669026336677e-02
5.157045373235166153e+03 1.012935689003539586e-01
5.167057588823952756e+03 1.180972163897054533e-01
5.177069804412739359e+03 1.118798368228448026e-01
5.187082020001525962e+03 1.092994480772691707e-01
5.197094235590312564e+03 1.279163417121602919e-01
5.207106451179099167e+03 1.287614733937248734e-01
5.217118666767884861e+03 1.286504889315495670e-01
5.227130882356672373e+03 1.390935269062331392e-01
5.237143097945458067e+03 1.328506509088727694e-01
5.247155313534244669e+03 1.401493790869278444e-01
5.257167529123031272e+03 1.295961065450836891e-01
5.267179744711817875e+03 1.758871258023876616e-01
5.277191960300604478e+03 1.603927950086987686e-01
5.287204175889391081e+03 1.688823564700941970e-01
5.297216391478177684e+03 1.731200131981522616e-01
5.307228607066963377e+03 1.740161377407163090e-01
5.317240822655750890e+03 1.636045953566500621e-01
5.327253038244536583e+03 1.946075049493070919e-01
5.337265253833324095e+03 2.011675865378847183e-01
5.347277469422109789e+03 1.969171815945768012e-01
5.357289685010896392e+03 2.000397444357790155e-01
5.367301900599682995e+03 2.391865138880556740e-01
5.377314116188469598e+03 1.763490611314416090e-01
5.387326331777256200e+03 2.050805387245785982e-01
5.397338547366042803e+03 2.131396604475373491e-01
5.407350762954829406e+03 2.078071569980202982e-01
5.417362978543615100e+03 1.764727938088667680e-01
5.427375194132402612e+03 1.878127062211290554e-01
5.437387409721188305e+03 2.212295278660987574e-01
5.447399625309974908e+03 2.063471114044033994e-01
5.457411840898761511e+03 2.541514188013678233e-01
5.467424056487548114e+03 2.248530205771192281e-01
5.477436272076334717e+03 2.634373687683724263e-01
5.487448487665121320e+03 2.663904553362529404e-01
5.497460703253907923e+03 2.652941088247645074e-01
5.507472918842693616e+03 2.290546823444717939e-01
5.517485134431481129e+03 2.545526126342312345e-01
5.527497350020266822e+03 2.162899694042834109e-01
5.537509565609053425e+03 2.612671725958365943e-01
5.547521781197840028e+03 2.342034615153878729e-01
5.557533996786626631e+03 2.407807906893034977e-01
5.567546212375413234e+03 2.541086747855300088e-01
5.577558427964199836e+03 2.680252264682944086e-01
5.587570643552986439e+03 2.556107144999699710e-01
5.597582859141772133e+03 2.610549523066770239e-01
5.607595074730559645e+03 2.728208050872877877e-01
5.617607290319345339e+03 2.922625832383466404e-01
5.627619505908132851e+03 3.038379626852240611e-01
5.637631721496918544e+03 3.057231987521746852e-01
5.647643937085705147e+03 2.991991121243026130e-01
5.657656152674491750e+03 3.102525646409502458e-01
5.667668368263278353e+03 2.687023816665666809e-01
5.677680583852064956e+03 2.843901853740476438e-01
5.687692799440851559e+03 2.688666086747855122e-01
5.697705015029638162e+03 3.030123282740416757e-01
5.707717230618423855e+03 3.023771671965924668e-01
5.717729446207211367e+03 2.791521686963825410e-01
5.727741661795997061e+03 3.061701361809346378e-01
5.737753877384783664e+03 2.674088127662127556e-01
5.747766092973570267e+03 2.682119503269542182e-01
5.757778308562356870e+03 2.808656788049673225e-01
5.767790524151143472e+03 2.577696622472854249e-01
5.777802739739930075e+03 2.858434819125322823e-01
5.787814955328716678e+03 2.577246685464035236e-01
5.797827170917502372e+03 2.660267562541244191e-01
5.807839386506289884e+03 2.813036174935509282e-01
5.817851602095075577e+03 3.089245005699202129e-01
5.827863817683862180e+03 3.599728538004679512e-01
5.837876033272648783e+03 3.744878217049613101e-01
5.847888248861435386e+03 3.732557441958125888e-01
5.857900464450221989e+03 4.234117223588697576e-01
5.867912680039008592e+03 4.401606275121483502e-01
5.877924895627795195e+03 4.535312556242125925e-01
5.887937111216580888e+03 4.305304757333973109e-01
5.897949326805368401e+03 3.142382566440698466e-01
5.907961542394154094e+03 4.025818885356050592e-01
5.917973757982941606e+03 4.534300197972283564e-01
5.927985973571727300e+03 4.333523306737057101e-01
5.937998189160513903e+03 4.721406503089566886e-01
5.948010404749300506e+03 4.749062631231627529e-01
5.958022620338087108e+03 4.824299598056271399e-01
5.968034835926873711e+03 4.818862859199711801e-01
5.978047051515660314e+03 4.877444657747915246e-01
5.988059267104446917e+03 4.727038214649948999e-01
5.998071482693232610e+03 4.796418501409802082e-01
6.008083698282020123e+03 4.737664227008219209e-01
6.018095913870805816e+03 4.504934309196713116e-01
6.028108129459592419e+03 4.678812466254723690e-01
6.038120345048379022e+03 4.905708200851880973e-01
6.048132560637165625e+03 4.649199112124302591e-01
6.058144776225952228e+03 4.835735497030415608e-01
6.068156991814738831e+03 4.865746295518628139e-01
6.078169207403525434e+03 5.084918111464394874e-01
6.088181422992311127e+03 5.243235946967425010e-01
6.098193638581098639e+03 5.195865078888954880e-01
6.108205854169884333e+03 5.024266602675625526e-01
6.118218069758670936e+03 4.909307696922430297e-01
6.128230285347457539e+03 5.029620853080569720e-01
6.138242500936244141e+03 4.880279260903473970e-01
6.148254716525030744e+03 5.306512088307636654e-01
6.158266932113817347e+03 5.595139180514727695e-01
6.168279147702603950e+03 5.481845041694162202e-01
6.178291363291389644e+03 5.216914631951526937e-01
6.188303578880177156e+03 5.657425460435538955e-01
6.198315794468962849e+03 5.745125682404463863e-01
6.208328010057750362e+03 5.977818105465235732e-01
6.218340225646536055e+03 5.923113264143019530e-01
6.228352441235322658e+03 5.939550962865198791e-01
6.238364656824109261e+03 6.093376927230187423e-01
6.248376872412895864e+03 5.695002699622053743e-01
6.258389088001682467e+03 5.821240026396304890e-01
6.268401303590469070e+03 5.591449697042414346e-01
6.278413519179255672e+03 5.338585098086268133e-01
6.288425734768041366e+03 5.150451436798847427e-01
6.298437950356828878e+03 5.714132521446997348e-01
6.308450165945614572e+03 5.219786729857820440e-01
6.318462381534401175e+03 5.167271581978523098e-01
6.328474597123187777e+03 4.607182494450776655e-01
6.338486812711974380e+03 4.451414301997720924e-01
6.348499028300760983e+03 3.899919011338412456e-01
6.358511243889547586e+03 3.292616533685284175e-01
6.368523459478334189e+03 2.881914032035515216e-01
6.378535675067119882e+03 2.883038874557561915e-01
6.388547890655907395e+03 2.714882416461695258e-01
6.398560106244693088e+03 3.277176195332653363e-01
6.408572321833479691e+03 3.512530745695602863e-01
6.418584537422266294e+03 4.002377167196592422e-01
6.428596753011052897e+03 4.912749715039894105e-01
6.438608968599839500e+03 5.944522766812646575e-01
6.448621184188626103e+03 7.474833523306737559e-01
6.458633399777412706e+03 9.272226888235647335e-01
6.468645615366198399e+03 1.083733277341172085e+00
6.478657830954985911e+03 1.236794348791169229e+00
6.488670046543771605e+03 1.340549823024776543e+00
6.498682262132559117e+03 1.480232767412562156e+00
6.508694477721344811e+03 1.580756194132821424e+00
6.518706693310131413e+03 1.603582998380226776e+00
6.528718908898918016e+03 1.616218729377887353e+00
6.538731124487704619e+03 1.632558941748155190e+00
6.548743340076491222e+03 1.747802807606934961e+00
6.558755555665277825e+03 2.155708200851880640e+00
6.568767771254064428e+03 1.869368288439618775e+00
6.578779986842850121e+03 1.761735856980022774e+00
6.588792202431637634e+03 1.651283820265162960e+00
6.598804418020423327e+03 1.516970124182614565e+00
6.608816633609209930e+03 1.465279860819485247e+00
6.618828849197996533e+03 1.382701421800947905e+00
6.628841064786783136e+03 1.368520907073009774e+00
6.638853280375569739e+03 1.292549043133961240e+00
6.648865495964356342e+03 1.272856800047993397e+00
6.658877711553142944e+03 1.249677545143679680e+00
6.668889927141928638e+03 1.190518327434159307e+00
6.678902142730716150e+03 1.169228807966884665e+00
6.688914358319501844e+03 1.155378247045413698e+00
6.698926573908288447e+03 1.115566320715099868e+00
6.708938789497075049e+03 1.126822244885715918e+00
6.718951005085861652e+03 1.160650008998740157e+00
6.728963220674648255e+03 1.116136240926270506e+00
6.738975436263434858e+03 1.059309196712460377e+00
6.748987651852221461e+03 1.026373807666926430e+00
6.758999867441007154e+03 1.034375187473753677e+00
6.769012083029794667e+03 1.025728897954286678e+00
6.779024298618580360e+03 1.000000000000000000e+00
6.789036514207367873e+03 1.024011638370628141e+00
6.799048729796153566e+03 9.863069170316156598e-01
6.809060945384940169e+03 9.769632251484791086e-01
6.819073160973726772e+03 1.006194132821405018e+00
6.829085376562513375e+03 9.660822484852119585e-01
6.839097592151299978e+03 9.818150458935749336e-01
6.849109807740086580e+03 9.901688763573101015e-01
6.859122023328873183e+03 9.546313516107746144e-01
6.869134238917658877e+03 9.588832563441119783e-01
6.879146454506446389e+03 9.447927290179375381e-01
6.889158670095232083e+03 9.538889555462235492e-01
6.899170885684018685e+03 9.887365768792369947e-01
6.909183101272805288e+03 9.686543883856261195e-01
6.919195316861591891e+03 1.011615873777671037e+00
6.929207532450378494e+03 9.877692123102765898e-01
6.939219748039165097e+03 9.798503209550663007e-01
6.949231963627951700e+03 1.006351610774491645e+00
6.959244179216737393e+03 1.062931189633451456e+00
6.969256394805524906e+03 1.042721518987341778e+00
6.979268610394310599e+03 1.059661647369368076e+00
6.989280825983097202e+03 1.067947987281780531e+00
6.999293041571883805e+03 1.068225448437218894e+00
7.009305257160670408e+03 1.082563441118243430e+00
7.019317472749457011e+03 1.097958785769992396e+00
7.029329688338243614e+03 1.062323774671546150e+00
7.039341903927030216e+03 1.075724398584198216e+00
7.049354119515815910e+03 1.123747675325454498e+00
7.059366335104603422e+03 1.059436678864958736e+00
7.069378550693389116e+03 1.071285020097186402e+00
7.079390766282176628e+03 1.101550782890395208e+00
7.089402981870962321e+03 1.133286339912412455e+00
7.099415197459748924e+03 1.102285680004799318e+00
7.109427413048535527e+03 1.154643349931009810e+00
7.119439628637322130e+03 1.197124902513648115e+00
7.129451844226108733e+03 1.161594876717259694e+00
7.139464059814895336e+03 1.213960045593617032e+00
7.149476275403681939e+03 1.196989921411002245e+00
7.159488490992467632e+03 1.185561521387005879e+00
7.169500706581255145e+03 1.191523186753854491e+00
7.179512922170040838e+03 1.231230127782110495e+00
7.189525137758827441e+03 1.222553842462055451e+00
7.199537353347614044e+03 1.213570100185973999e+00
7.209549568936400647e+03 1.239696442498050111e+00
7.219561784525187250e+03 1.281285620013198123e+00
7.229574000113972943e+03 1.239501469794228816e+00
7.239586215702760455e+03 1.277641130241766065e+00
7.249598431291546149e+03 1.337977683124362605e+00
7.259610646880333661e+03 1.314273501709760650e+00
7.269622862469119355e+03 1.308281840542323993e+00
7.279635078057906867e+03 1.288642090107384952e+00
7.289647293646692560e+03 1.295713600095986573e+00
7.299659509235480073e+03 1.330988661587377830e+00
7.309671724824265766e+03 1.354902813606094991e+00
7.319683940413051459e+03 1.360796988421621112e+00
7.329696156001838972e+03 1.364981402603635541e+00
7.339708371590624665e+03 1.321487491751154764e+00
7.349720587179412178e+03 1.307831903533505313e+00
7.359732802768197871e+03 1.370815585817985349e+00
7.369745018356985383e+03 1.333328334033235363e+00
7.379757233945771077e+03 1.341569680244765639e+00
7.389769449534558589e+03 1.375014997900293912e+00
7.399781665123344283e+03 1.367403563501109920e+00
7.409793880712129976e+03 1.282800407942887855e+00
7.419806096300917488e+03 1.339897414361989503e+00
7.429818311889703182e+03 1.415696802447657499e+00
7.439830527478490694e+03 1.434804127422161013e+00
7.449842743067276388e+03 1.434054232407462992e+00
7.459854958656063900e+03 1.359424680544723874e+00
7.469867174244849593e+03 1.438666086747855344e+00
7.479879389833637106e+03 1.473577449157118080e+00
7.489891605422422799e+03 1.422408362829204131e+00
7.499903821011209402e+03 1.345581618573399751e+00
7.509916036599996005e+03 1.358307336972824020e+00
7.519928252188781698e+03 1.442595536624872388e+00
7.529940467777569211e+03 1.396686963825064520e+00
7.539952683366354904e+03 1.364328993940848500e+00
7.549964898955142417e+03 1.412344771731957493e+00
7.559977114543928110e+03 1.439970904073429869e+00
7.569989330132715622e+03 1.366931129641850262e+00
7.580001545721501316e+03 1.326286819845221565e+00
7.690135917198153038e+03 1.318652888595596595e+00
7.700148132786938731e+03 1.404298398224248734e+00
7.710160348375726244e+03 1.478950446937428831e+00
7.720172563964511937e+03 1.461050452936588862e+00
7.730184779553299450e+03 1.472486351910732516e+00
7.740196995142085143e+03 1.589882416461695369e+00
7.750209210730872655e+03 1.659892615033895069e+00
7.760221426319658349e+03 1.614351490791289256e+00
7.770233641908445861e+03 1.560861479392885220e+00
7.780245857497231555e+03 1.626507288979542887e+00
7.790258073086018157e+03 1.713367628532005194e+00
7.800270288674804760e+03 1.706528585997960201e+00
7.810282504263590454e+03 1.681219629251905046e+00
7.820294719852377966e+03 1.646776951226827990e+00
7.830306935441163660e+03 1.694957705921171343e+00
7.840319151029951172e+03 1.779560861479392964e+00
7.850331366618736865e+03 1.740371348011278352e+00
7.860343582207524378e+03 1.627504649349091226e+00
7.870355797796310071e+03 1.707788409622652548e+00
7.880368013385097584e+03 1.722088907552942416e+00
7.890380228973883277e+03 1.717327074209610949e+00
7.900392444562668970e+03 1.642607534945107473e+00
7.910404660151456483e+03 1.677297678325034624e+00
7.920416875740242176e+03 1.704128921950926800e+00
7.930429091329029688e+03 1.713270142180094657e+00
7.940441306917815382e+03 1.753127062211290443e+00
7.950453522506602894e+03 1.752437158797768291e+00
7.960465738095388588e+03 1.656968024476573209e+00
7.970477953684176100e+03 1.686378906953026391e+00
7.980490169272961793e+03 1.820977563141160438e+00
7.990502384861747487e+03 1.804142420061191299e+00
8.000514600450534999e+03 1.771514487971683982e+00
8.010526816039320693e+03 1.698932149499069899e+00
8.020539031628108205e+03 1.759096226528286122e+00
8.030551247216893898e+03 1.805754694342792011e+00
8.040563462805681411e+03 1.804374887515747927e+00
8.050575678394467104e+03 1.768852360669506352e+00
8.060587893983254617e+03 1.712055312256283823e+00
8.070600109572040310e+03 1.679817325574419540e+00
8.080612325160826913e+03 1.736681864538964781e+00
8.090624540749613516e+03 1.782560441538184604e+00
8.100636756338399209e+03 1.783797768312436416e+00
8.110648971927186722e+03 1.696142540044393465e+00
8.120661187515972415e+03 1.841509688643589993e+00
8.130673403104759927e+03 1.812413762073309620e+00
8.140685618693545621e+03 1.776598776171336214e+00
8.150697834282333133e+03 1.828559001739756162e+00
8.160710049871118827e+03 1.869750734897114297e+00
8.170722265459906339e+03 1.879409382686423768e+00
8.180734481048692032e+03 1.729775331453596632e+00
8.190746696637477726e+03 1.750532425460435304e+00
8.200758912226265238e+03 1.867111104445377645e+00
8.210771127815052751e+03 1.851243325934369022e+00
8.220783343403836625e+03 1.713712580238766936e+00
8.230795558992624137e+03 1.604610354550363160e+00
8.240807774581411650e+03 1.551817745515627900e+00
8.250819990170199162e+03 1.529973303737476753e+00
8.260832205758983037e+03 1.374160117583538288e+00
8.270844421347770549e+03 1.227323174755534430e+00
8.280856636936558061e+03 9.333943247945287736e-01
8.290868852525341936e+03 7.872772811806347804e-01
8.300881068114129448e+03 8.253344531765552938e-01
8.310893283702916960e+03 6.264195512628232265e-01
8.320905499291704473e+03 5.558506809046732666e-01
8.330917714880488347e+03 5.235077089207510470e-01
8.340929930469275860e+03 4.934541664167017005e-01
8.350942146058063372e+03 5.823587197792309267e-01
8.360954361646850884e+03 6.706138640590317834e-01
8.370966577235634759e+03 8.132086507888895976e-01
8.380978792824422271e+03 9.743985841982121254e-01
8.390991008413209784e+03 1.037524746535484876e+00
8.401003224001993658e+03 1.049770532125502642e+00
8.411015439590781170e+03 1.235444537764712747e+00
8.421027655179568683e+03 1.315390845281660503e+00
8.431039870768356195e+03 1.305882176495290592e+00
8.441052086357140070e+03 1.361426900233967396e+00
8.451064301945927582e+03 1.323107264982902320e+00
8.461076517534715094e+03 1.294476273321734983e+00
8.471088733123500788e+03 1.272939288499610022e+00
8.481100948712286481e+03 1.329946307516947535e+00
8.491113164301073994e+03 1.548855660207570928e+00
8.501125379889861506e+03 1.661819845221669034e+00
8.511137595478645380e+03 1.780438238646589566e+00
8.521149811067432893e+03 1.870500629911812096e+00
8.531162026656220405e+03 2.098206251124842492e+00
8.541174242245007918e+03 2.343759373687683389e+00
8.551186457833791792e+03 2.743520907073009774e+00
8.561198673422579304e+03 2.770712100305956938e+00
8.571210889011366817e+03 2.781510588517607463e+00
8.581223104600150691e+03 2.884546163537105024e+00
8.591235320188938204e+03 3.084948107264982475e+00
8.601247535777725716e+03 3.455381246625472969e+00
8.611259751366513228e+03 3.522481852540644276e+00
8.621271966955297103e+03 3.284712640230368130e+00
8.631284182544084615e+03 3.095619113324134641e+00
8.641296398132872127e+03 3.425272961785350123e+00
8.651308613721659640e+03 3.492913492111104468e+00
8.661320829310443514e+03 3.590707300977863170e+00
8.671333044899231027e+03 3.563681084648149255e+00
8.681345260488018539e+03 3.444342792009118526e+00
8.691357476076802413e+03 3.285687503749475269e+00
8.701369691665589926e+03 3.237754214409982900e+00
8.711381907254377438e+03 3.371452996580478700e+00
8.721394122843164951e+03 3.440458335832984105e+00
8.731406338431948825e+03 3.238744075829383728e+00
8.741418554020736337e+03 2.826916731657568072e+00
8.751430769609523850e+03 2.851018357429960126e+00
8.761442985198309543e+03 2.906938028675985386e+00
8.771455200787095237e+03 2.979872817805507168e+00
8.781467416375882749e+03 2.802890095386645797e+00
8.791479631964670261e+03 2.713142660027596076e+00
8.801491847553454136e+03 2.586545383646289498e+00
8.811504063142241648e+03 2.486696862439258471e+00
8.821516278731029161e+03 2.572912292279081026e+00
8.831528494319816673e+03 2.731200131981522894e+00
8.841540709908600547e+03 2.606867538544603846e+00
8.851552925497388060e+03 2.599826024356590271e+00
8.861565141086175572e+03 2.543913852060711633e+00
8.871577356674959447e+03 2.314131021656967935e+00
8.881589572263746959e+03 2.387200791889135587e+00
8.891601787852534471e+03 2.482902393664886631e+00
8.901614003441321984e+03 2.510581018657388253e+00
8.911626219030105858e+03 2.481582578439018860e+00
8.921638434618893370e+03 2.419738736576879212e+00
8.931650650207680883e+03 2.301135341052253036e+00
8.941662865796468395e+03 2.208429569860219210e+00
8.951675081385252270e+03 2.193870358149859090e+00
8.961687296974039782e+03 2.318870358149859090e+00
8.971699512562827294e+03 2.469494270802087499e+00
8.981711728151611169e+03 2.565803287539744293e+00
8.991723943740398681e+03 2.672033415321855010e+00
9.001736159329186194e+03 2.498867658527806235e+00
9.011748374917973706e+03 2.409675145479633240e+00
9.021760590506757580e+03 2.327771611974323918e+00
9.031772806095545093e+03 2.624310096586477847e+00
9.041785021684332605e+03 2.534015237866698911e+00
9.051797237273118299e+03 2.367673525706400994e+00
9.061809452861903992e+03 2.251259823624692569e+00
9.071821668450691504e+03 2.328401523786669536e+00
9.081833884039479017e+03 2.432756914032035755e+00
9.091846099628262891e+03 2.407013018177455166e+00
9.101858315217050404e+03 2.244855720199172122e+00
9.111870530805837916e+03 2.162502249685044120e+00
9.121882746394625428e+03 2.423795668606395282e+00
9.131894961983409303e+03 2.378254544363788803e+00
9.141907177572196815e+03 2.703821464994900392e+00
9.151919393160984328e+03 2.616316215729797889e+00
9.161931608749768202e+03 2.676457795908572468e+00
9.171943824338555714e+03 2.622840302357669628e+00
9.181956039927343227e+03 2.466997120403143562e+00
9.191968255516130739e+03 2.670886075949367111e+00
9.201980471104914614e+03 2.760236066950626732e+00
9.211992686693702126e+03 2.774851520787089854e+00
9.222004902282489638e+03 2.804584858119863355e+00
9.232017117871277151e+03 2.566958125862379259e+00
9.242029333460061025e+03 2.352638130661707461e+00
9.252041549048848537e+03 2.801315315855779975e+00
9.262053764637636050e+03 2.740873777671125833e+00
9.272065980226419924e+03 2.690990761293418743e+00
9.282078195815207437e+03 2.485736996820445022e+00
9.292090411403994949e+03 2.885476033355330205e+00
9.302102626992782461e+03 2.795451136840842121e+00
9.312114842581566336e+03 2.875434939108524990e+00
9.322127058170353848e+03 2.789324494570760038e+00
9.332139273759141361e+03 2.873492711020456891e+00
9.342151489347927054e+03 2.737439258503809203e+00
9.352163704936712747e+03 3.036249925010498618e+00
9.362175920525500260e+03 3.066155738196651992e+00
9.372188136114287772e+03 3.043538904553362734e+00
9.382200351703071647e+03 2.945040194372788189e+00
9.392212567291859159e+03 3.026523786669865768e+00
9.402224782880646671e+03 2.735189573459715362e+00
9.412236998469434184e+03 2.681264622952786780e+00
9.422249214058218058e+03 2.784390185374047810e+00
9.432261429647005571e+03 2.786152438658588082e+00
9.442273645235793083e+03 2.577921590977263033e+00
9.452285860824576957e+03 3.281300617913491813e+00
9.462298076413364470e+03 2.660065090887275829e+00
9.472310292002151982e+03 2.762530745695602530e+00
9.482322507590939495e+03 2.758736276921231134e+00
9.492334723179723369e+03 3.009486171935928489e+00
9.502346938768510881e+03 2.777498650188973794e+00
9.512359154357298394e+03 3.169198812166296619e+00
9.522371369946085906e+03 2.907597936288919271e+00
9.532383585534869781e+03 3.453611494390785630e+00
9.542395801123657293e+03 2.885101085847981306e+00
9.552408016712444805e+03 2.706806047153398342e+00
9.562420232301228680e+03 2.980247765312856068e+00
9.572432447890016192e+03 2.847088907552942860e+00
9.582444663478803704e+03 2.761285919971204095e+00
9.592456879067591217e+03 2.614366488691583168e+00
9.602469094656375091e+03 2.802350170976063204e+00
9.612481310245162604e+03 3.066808146859439255e+00
9.622493525833950116e+03 2.964409982602435711e+00
9.632505741422735809e+03 3.058626792249085291e+00
9.642517957011521503e+03 2.782972883796268171e+00
9.652530172600309015e+03 2.818765372847801487e+00
9.662542388189096528e+03 2.806609574659547857e+00
9.672554603777880402e+03 2.716682164496970309e+00
9.682566819366667914e+03 2.606432599436078856e+00
9.692579034955455427e+03 2.908070370148179151e+00
9.702591250544242939e+03 2.791776651268822462e+00
9.712603466133026814e+03 2.775676405303257432e+00
9.722615681721814326e+03 2.617231087647729382e+00
9.732627897310601838e+03 2.635970964065030842e+00
9.742640112899385713e+03 2.673390725298458115e+00
9.752652328488173225e+03 2.744210810486531926e+00
9.762664544076960738e+03 2.692370568120463048e+00
9.772676759665748250e+03 2.930132281480592571e+00
9.782688975254532124e+03 2.705148779170916118e+00
9.792701190843319637e+03 2.597298878157058066e+00
9.802713406432107149e+03 2.757056512088307709e+00
9.812725622020894662e+03 2.807501949727038149e+00
9.822737837609678536e+03 2.782028016077749299e+00
9.832750053198466048e+03 2.713427620133181062e+00
9.842762268787253561e+03 2.686131441598176295e+00
9.852774484376037435e+03 2.642705021297018231e+00
9.862786699964824948e+03 2.686348911152438568e+00
9.872798915553612460e+03 2.766077749115123829e+00
9.882811131142399972e+03 2.715969764233007400e+00
9.892823346731183847e+03 2.656713060171576046e+00
9.902835562319971359e+03 2.604160417541544259e+00
9.912847777908758871e+03 2.749272601835742957e+00
9.922859993497544565e+03 2.871737956686063686e+00
9.932872209086330258e+03 2.840174875517427644e+00
9.942884424675117771e+03 2.951114343991840805e+00
9.952896640263905283e+03 2.985617013618093285e+00
9.962908855852689157e+03 3.139975403443517887e+00
9.972921071441476670e+03 3.047228388025676082e+00
9.982933287030264182e+03 3.085600515927769738e+00
9.992945502619051695e+03 3.106402603635491033e+00
1.000295771820783557e+04 3.295601115843782125e+00
1.001296993379662308e+04 3.102098206251124868e+00
1.002298214938541059e+04 3.035844981702561451e+00
1.003299436497419447e+04 2.991901133841261995e+00
1.004300658056298198e+04 3.130594216809647001e+00
1.005301879615176949e+04 3.137433259343691994e+00
1.006303101174055701e+04 3.046178535005099608e+00
1.007304322732934088e+04 3.085060591517187589e+00
1.008305544291812839e+04 2.996070550122982734e+00
1.009306765850691590e+04 3.018162457255984421e+00
1.010307987409570342e+04 3.016302717619533169e+00
1.011309208968448729e+04 3.072672325874377997e+00
1.012310430527327480e+04 2.922093406923030656e+00
1.013311652086206232e+04 2.795706101145839728e+00
1.014312873645084619e+04 2.870965564820925131e+00
1.015314095203963370e+04 2.892510048593196714e+00
1.016315316762842122e+04 2.925257963885055990e+00
1.017316538321720873e+04 2.724346091547183324e+00
1.018317759880599260e+04 2.797640830283760316e+00
1.019318981439478011e+04 2.914309496670465904e+00
1.020320202998356763e+04 2.773846661467394892e+00
1.021321424557235332e+04 2.706596076549283136e+00
1.022322646116113901e+04 2.749827524146619684e+00
1.023323867674992653e+04 2.643229947807306690e+00
1.024325089233871404e+04 2.608112364269002281e+00
1.025326310792749791e+04 2.743430919671245860e+00
1.026327532351628543e+04 2.623057771911932345e+00
1.027328753910507294e+04 2.652993580898674431e+00
1.028329975469386045e+04 2.779613354130421765e+00
1.029331197028264432e+04 2.967327074209610505e+00
1.030332418587143184e+04 2.660665006899034069e+00
1.031333640146021935e+04 2.580261263423120788e+00
1.032334861704900322e+04 2.537044813726078374e+00
1.033336083263779074e+04 2.425250464934908923e+00
1.034337304822657825e+04 2.138453116563681089e+00
1.035338526381536576e+04 2.556639570460135680e+00
1.036339747940414964e+04 2.264675445437638768e+00
1.037340969499293715e+04 2.094419281300617719e+00
1.038342191058172466e+04 2.054659847621333135e+00
1.039343412617051217e+04 1.979059181714559967e+00
