3.735042993413323529e+03 3.198542334430888867e-01
3.745052255012193200e+03 3.200822311859112257e-01
3.755061516611063325e+03 3.311882545696130387e-01
3.765070778209933451e+03 4.041209325361012072e-01
3.775080039808803122e+03 4.188964529251160696e-01
3.785089301407672792e+03 5.019395641316484191e-01
3.795098563006542918e+03 5.814588435574487013e-01
3.805107824605413043e+03 7.092515784093738063e-01
3.815117086204282714e+03 8.568927834281107048e-01
3.825126347803152385e+03 9.455509723787067777e-01
3.835135609402022510e+03 1.026667502658390241e+00
3.845144871000892635e+03 1.110766370079602883e+00
3.855154132599762306e+03 1.199986320135430606e+00
3.865163394198631977e+03 1.237304484018941331e+00
3.875172655797501648e+03 1.347422327185627600e+00
3.885181917396371773e+03 1.382983641795279661e+00
3.895191178995241899e+03 1.353926596126698412e+00
3.905200440594111569e+03 1.295502174528472272e+00
3.915209702192981240e+03 1.328593513590881958e+00
3.925218963791851365e+03 1.272848065470818524e+00
3.935228225390721491e+03 1.169314290455191419e+00
3.945237486989591162e+03 1.163963943423626857e+00
3.955246748588460832e+03 1.073800969370403147e+00
3.965256010187330958e+03 9.983413164209673507e-01
3.975265271786200628e+03 9.924615079644045768e-01
3.985274533385070754e+03 8.853291685745644513e-01
3.995283794983940425e+03 8.027610526655785117e-01
4.005293056582810550e+03 7.810290678122286945e-01
4.015302318181680221e+03 7.220504850335314195e-01
4.025311579780550346e+03 7.029259077001803746e-01
4.035320841379420017e+03 6.884455177227079004e-01
4.045330102978289688e+03 6.820501810365410256e-01
4.055339364577159813e+03 6.711290891553507443e-01
4.065348626176029939e+03 6.910814249605594650e-01
4.075357887774899609e+03 7.063161074705360809e-01
4.085367149373769280e+03 7.222208500135848253e-01
4.095376410972639405e+03 7.454424201200406941e-01
4.105385672571508621e+03 7.907113719574175859e-01
4.115394934170379202e+03 7.862717492430157940e-01
4.125404195769248872e+03 8.004323090534737339e-01
4.135413457368118543e+03 8.109993711062261079e-01
4.145422718966989123e+03 8.324159590820050525e-01
4.155431980565857884e+03 8.638144149039591602e-01
4.165441242164728465e+03 8.419652645438809868e-01
4.175450503763599045e+03 8.738418822986985246e-01
4.185459765362467806e+03 8.925193307252924368e-01
4.195469026961338386e+03 9.079528779331752508e-01
4.205478288560208057e+03 9.054385694914952598e-01
4.215487550159077728e+03 9.246245795499957731e-01
4.225496811757948308e+03 9.565594633946457037e-01
4.235506073356817069e+03 9.340890191853767899e-01
4.245515334955687649e+03 9.366071275894368720e-01
4.255524596554557320e+03 9.026354639089072540e-01
4.265533858153426991e+03 8.631671546451690213e-01
4.275543119752297571e+03 8.351215322968301713e-01
4.285552381351166332e+03 8.035210451416531230e-01
4.295561642950036912e+03 7.223874150312578069e-01
4.305570904548907492e+03 7.001785348991712565e-01
4.315580166147776254e+03 6.435172958454377090e-01
4.325589427746646834e+03 5.785702388213023184e-01
4.335598689345516505e+03 5.404509162025962210e-01
4.345607950944386175e+03 5.068465822188359393e-01
4.355617212543256755e+03 5.059079915108839476e-01
4.365626474142125517e+03 5.209457093041445219e-01
4.375635735740996097e+03 5.370550164886700450e-01
4.385644997339865768e+03 5.530344916251995757e-01
4.395654258938735438e+03 5.783770740669667010e-01
4.405663520537606018e+03 6.231165644793450475e-01
4.415672782136474780e+03 6.727928393508905147e-01
4.425682043735345360e+03 7.661876814086207022e-01
4.435691305334215940e+03 8.390924929843194269e-01
4.445700566933084701e+03 9.332314943415394026e-01
4.455709828531955282e+03 9.798494328239484297e-01
4.465719090130824952e+03 1.062955243409756889e+00
4.475728351729694623e+03 1.164874667740789516e+00
4.485737613328565203e+03 1.213759917110153852e+00
4.495746874927433964e+03 1.293969523035055191e+00
4.505756136526304545e+03 1.373395070055472900e+00
4.515765398125174215e+03 1.498312500039582940e+00
4.525774659724043886e+03 1.613603358660082865e+00
4.535783921322914466e+03 1.666232837628240926e+00
4.545793182921783227e+03 1.767451168900094682e+00
4.555802444520653808e+03 1.822575956498030614e+00
4.565811706119524388e+03 1.834419172583524826e+00
4.575820967718393149e+03 1.848795696922600262e+00
4.585830229317263729e+03 1.753137977267358538e+00
4.595839490916133400e+03 1.675998740945797927e+00
4.605848752515003071e+03 1.609752730114638375e+00
4.615858014113873651e+03 1.503531115041960797e+00
4.625867275712742412e+03 1.411293361529054158e+00
4.635876537311612992e+03 1.294066422075754952e+00
4.645885798910482663e+03 1.120898969766866093e+00
4.655895060509352334e+03 9.421246729657376529e-01
4.665904322108222914e+03 8.576616424830727503e-01
4.675913583707091675e+03 7.812785986752064371e-01
4.685922845305962255e+03 7.289467834268441582e-01
4.695932106904832835e+03 6.958655775974484925e-01
4.705941368503701597e+03 6.820489143824142175e-01
4.715950630102572177e+03 6.497201011043324259e-01
4.725959891701441848e+03 6.279178169469454840e-01
4.735969153300311518e+03 6.002243244458546068e-01
4.745978414899182098e+03 5.902899561294342456e-01
4.755987676498050860e+03 5.975149512686490638e-01
4.765996938096921440e+03 6.063523971112686484e-01
4.776006199695791111e+03 6.384063464438369806e-01
4.786015461294660781e+03 6.765503688180153352e-01
4.796024722893531361e+03 7.006851965498874790e-01
4.806033984492401032e+03 7.223658819111024032e-01
4.816043246091270703e+03 7.658203517118513659e-01
4.826052507690140374e+03 7.924859543890514502e-01
4.836061769289010044e+03 8.359556240393219984e-01
4.846071030887880625e+03 8.835140532108732847e-01
4.856080292486750295e+03 8.943578791903293856e-01
4.866089554085619966e+03 9.039261844641071075e-01
4.876098815684490546e+03 8.872456162683989289e-01
4.886108077283359307e+03 8.770921167880437741e-01
4.896117338882229888e+03 8.161464201504404770e-01
4.906126600481099558e+03 8.267071489325589218e-01
4.916135862079969229e+03 7.957982549306095166e-01
4.926145123678839809e+03 7.848758963952923162e-01
4.936154385277709480e+03 7.585978898808901638e-01
4.946163646876579151e+03 7.417665898440938266e-01
4.956172908475448821e+03 7.255090841267337609e-01
4.966182170074318492e+03 7.261500111148898595e-01
4.976191431673189072e+03 7.083471873628451876e-01
4.986200693272058743e+03 7.191669469138922688e-01
4.996209954870928414e+03 7.313458263429858386e-01
5.006219216469798994e+03 7.374973321097453294e-01
5.016228478068667755e+03 7.464874097746432291e-01
5.026237739667538335e+03 7.577948311645047452e-01
5.036247001266408006e+03 7.778269661797015955e-01
5.046256262865277677e+03 7.777332337743189106e-01
5.056265524464148257e+03 8.157024578790003089e-01
5.066274786063017928e+03 8.331499851484802655e-01
5.076284047661887598e+03 8.444073737003335856e-01
5.086293309260757269e+03 8.659176940814952150e-01
5.096302570859626940e+03 9.087242702963906904e-01
5.106311832458497520e+03 9.237784545932995472e-01
5.116321094057367191e+03 9.489576386527107665e-01
5.126330355656236861e+03 9.655413078077192957e-01
5.136339617255107441e+03 1.026045575482136041e+00
5.146348878853976203e+03 1.076598375009420794e+00
5.156358140452846783e+03 1.131091735525151742e+00
5.166367402051716454e+03 1.212261465278160255e+00
5.176376663650586124e+03 1.249578995834607742e+00
5.186385925249456704e+03 1.315116313681827798e+00
5.196395186848326375e+03 1.352229279596798506e+00
5.206404448447196046e+03 1.418487956969226138e+00
5.216413710046065717e+03 1.477159376122176182e+00
5.226422971644935387e+03 1.534564141148335947e+00
5.236432233243805968e+03 1.596921523810247656e+00
5.246441494842675638e+03 1.663876860952409942e+00
5.256450756441545309e+03 1.681268022113247662e+00
5.266460018040415889e+03 1.729761875357433976e+00
5.276469279639284650e+03 1.768793822274492999e+00
5.286478541238155231e+03 1.839314790783571185e+00
5.296487802837024901e+03 1.882045367750859288e+00
5.306497064435894572e+03 1.950368691349955386e+00
5.316506326034765152e+03 1.968108182395660766e+00
5.326515587633634823e+03 2.019300008929911350e+00
5.336524849232504494e+03 2.021060658166150770e+00
5.346534110831374164e+03 1.981142053360338329e+00
5.356543372430243835e+03 1.977171092672849184e+00
5.366552634029114415e+03 1.964947880349317666e+00
5.376561895627984086e+03 1.917302685370081416e+00
5.386571157226853757e+03 1.882400030906360655e+00
5.396580418825724337e+03 1.884376011344154334e+00
5.406589680424593098e+03 1.907809112689784259e+00
5.416598942023463678e+03 1.990546960251760256e+00
5.426608203622333349e+03 2.058540953777890703e+00
5.436617465221203020e+03 2.134438869055196530e+00
5.446626726820073600e+03 2.250679718270788943e+00
5.456635988418942361e+03 2.364355592879630930e+00
5.466645250017812941e+03 2.451735727816294563e+00
5.476654511616682612e+03 2.510913808619961163e+00
5.486663773215552283e+03 2.560148654528319856e+00
5.496673034814422863e+03 2.579211799136522210e+00
5.506682296413292534e+03 2.585697068265691012e+00
5.516691558012162204e+03 2.555892696662302566e+00
5.526700819611032784e+03 2.515106433779638717e+00
5.536710081209901546e+03 2.420297372389346613e+00
5.546719342808772126e+03 2.355964009289640781e+00
5.556728604407641797e+03 2.273872155332328671e+00
5.566737866006511467e+03 2.198683566366026021e+00
5.576747127605382047e+03 2.098674889785257847e+00
5.586756389204250809e+03 1.994448254962275957e+00
5.596765650803121389e+03 1.933952853866746535e+00
5.606774912401991060e+03 1.798629860231050426e+00
5.616784174000860730e+03 1.773366443672207637e+00
5.626793435599731311e+03 1.675922741698190332e+00
5.636802697198600981e+03 1.595274873445419406e+00
5.646811958797470652e+03 1.604762112855082634e+00
5.656821220396341232e+03 1.564450845269965251e+00
5.666830481995209993e+03 1.574197748775620465e+00
5.676839743594080574e+03 1.596085532086565673e+00
5.686849005192950244e+03 1.627618886573022783e+00
5.696858266791819915e+03 1.693744565262137014e+00
5.706867528390690495e+03 1.752580649451570327e+00
5.716876789989559256e+03 1.839036126875677191e+00
5.726886051588429837e+03 1.902831161971496154e+00
5.736895313187299507e+03 1.955067978160349496e+00
5.746904574786169178e+03 2.092949613132163211e+00
5.756913836385039758e+03 2.157833970777022436e+00
5.766923097983909429e+03 2.212819426421011926e+00
5.776932359582779100e+03 2.235638200515148277e+00
5.786941621181648770e+03 2.192286963025732671e+00
5.796950882780518441e+03 2.279249102100556090e+00
5.806960144379389021e+03 2.275607471486032374e+00
5.816969405978258692e+03 2.236518525133267765e+00
5.826978667577128363e+03 2.156864980370027496e+00
5.836987929175998943e+03 2.089890643415963201e+00
5.846997190774868614e+03 2.009888768767855716e+00
5.857006452373738284e+03 1.942224105314690474e+00
5.867015713972607955e+03 1.874420109907578569e+00
5.877024975571477626e+03 1.789579616495130088e+00
5.887034237170348206e+03 1.702022149980715104e+00
5.897043498769217877e+03 1.624243253325125202e+00
5.907052760368087547e+03 1.570790449174553016e+00
5.917062021966957218e+03 1.493416881839536581e+00
5.927071283565826889e+03 1.407873395386719073e+00
5.937080545164697469e+03 1.346377337531025065e+00
5.947089806763567140e+03 1.277420686868533384e+00
5.957099068362436810e+03 1.216545289534966878e+00
5.967108329961307390e+03 1.171824165607427304e+00
5.977117591560177061e+03 1.156969479335487661e+00
5.987126853159046732e+03 1.131997393225807169e+00
5.997136114757916403e+03 1.125616623062098309e+00
6.007145376356786073e+03 1.137655537210181533e+00
6.017154637955656654e+03 1.136542148232732474e+00
6.027163899554526324e+03 1.133722576146496186e+00
6.037173161153395995e+03 1.139845582195402773e+00
6.047182422752265666e+03 1.127298106415413059e+00
6.057191684351135336e+03 1.133265314006724589e+00
6.067200945950005917e+03 1.141954561316509631e+00
6.077210207548875587e+03 1.144775400056872838e+00
6.087219469147745258e+03 1.177084580195989494e+00
6.097228730746615838e+03 1.220300919020901542e+00
6.107237992345485509e+03 1.229273896855087589e+00
6.117247253944355180e+03 1.261137214741574031e+00
6.127256515543224850e+03 1.316648965175244657e+00
6.137265777142094521e+03 1.348017654625219164e+00
6.147275038740965101e+03 1.377689027545293987e+00
6.157284300339834772e+03 1.392128884590709159e+00
6.167293561938704443e+03 1.396004846218688922e+00
6.177302823537574113e+03 1.404478762326919483e+00
6.187312085136443784e+03 1.406860072085286184e+00
6.197321346735314364e+03 1.322019578672837703e+00
6.207330608334184035e+03 1.294533184121477110e+00
6.217339869933053706e+03 1.234436779075887225e+00
6.227349131531924286e+03 1.173297284356884962e+00
6.237358393130793957e+03 1.107891698538851166e+00
6.247367654729663627e+03 1.057290132827684914e+00
6.257376916328533298e+03 1.036282674134859416e+00
6.267386177927402969e+03 1.046998568047509792e+00
6.277395439526273549e+03 1.069657743721670551e+00
6.287404701125143220e+03 1.095038959114304822e+00
6.297413962724012890e+03 1.126272116572712534e+00
6.307423224322882561e+03 1.185182933355626522e+00
6.317432485921752232e+03 1.221996968896674529e+00
6.327441747520622812e+03 1.298979140106512942e+00
6.337451009119492483e+03 1.366175141532765425e+00
6.347460270718362153e+03 1.465176828082735083e+00
6.357469532317232733e+03 1.526748885186036686e+00
6.367478793916102404e+03 1.584888309605734902e+00
6.377488055514972075e+03 1.653870293350762521e+00
6.387497317113841746e+03 1.726690239099966329e+00
6.397506578712711416e+03 1.774899095165624496e+00
6.407515840311581997e+03 1.870265484371704590e+00
6.417525101910451667e+03 1.918018344951718301e+00
6.427534363509321338e+03 1.981420717268232101e+00
6.437543625108191009e+03 2.020629995763041808e+00
6.447552886707060679e+03 2.046875069270147396e+00
6.457562148305931260e+03 2.088269326133671111e+00
6.467571409904800930e+03 2.092765948283778599e+00
6.477580671503670601e+03 2.104520498580397359e+00
6.487589933102541181e+03 2.094273266694659519e+00
6.497599194701410852e+03 2.104216501589967425e+00
6.507608456300280523e+03 2.027887923909553081e+00
6.517617717899150193e+03 1.995993572996960674e+00
6.527626979498019864e+03 1.935700836561718097e+00
6.537636241096890444e+03 1.868314837016446850e+00
6.547645502695760115e+03 1.801334166791748626e+00
6.557654764294629786e+03 1.713390370768662851e+00
6.567664025893499456e+03 1.640082763180644498e+00
6.577673287492369127e+03 1.539795422691982107e+00
6.587682549091239707e+03 1.486646615531839410e+00
6.597691810690109378e+03 1.401369126445648039e+00
6.607701072288979049e+03 1.317890286219499885e+00
6.617710333887849629e+03 1.241872038800149181e+00
6.627719595486719300e+03 1.163137451605895878e+00
6.637728857085588970e+03 1.072954844413706921e+00
6.647738118684458641e+03 1.001130488808160912e+00
6.657747380283328312e+03 9.459024688988911800e-01
6.667756641882198892e+03 8.872228164941167172e-01
6.677765903481068563e+03 8.520174316940929415e-01
6.687775165079938233e+03 7.994056858837097490e-01
6.697784426678807904e+03 7.742144686100941309e-01
6.707793688277677575e+03 7.602097072572315817e-01
6.717802949876548155e+03 7.571095712819110313e-01
6.727812211475417826e+03 7.315725574316813695e-01
6.737821473074287496e+03 7.230587417184569654e-01
6.747830734673158076e+03 7.628019149277089905e-01
6.757839996272027747e+03 7.407798662793237954e-01
6.767849257870897418e+03 7.471568364806521201e-01
6.777858519469767089e+03 7.478313298031682432e-01
6.787867781068636759e+03 7.340817992568540173e-01
6.797877042667507340e+03 7.738040726730138763e-01
6.807886304266377010e+03 7.686044574825375841e-01
6.817895565865246681e+03 7.830354479490653219e-01
6.827904827464116352e+03 7.617632585437404957e-01
6.837914089062986022e+03 7.462720785730887485e-01
6.847923350661856603e+03 7.369153045384850831e-01
6.857932612260726273e+03 7.439819679118510054e-01
6.867941873859595944e+03 7.302577704480726073e-01
6.877951135458466524e+03 7.318030884827574356e-01
6.887960397057336195e+03 6.971322317242392153e-01
6.897969658656205866e+03 7.249960892053834982e-01
6.907978920255075536e+03 7.201543038057256485e-01
6.917988181853945207e+03 7.031817718337921574e-01
6.927997443452815787e+03 7.015237215818230787e-01
6.938006705051685458e+03 6.882289198670266117e-01
6.948015966650555129e+03 6.843960244793577674e-01
6.958025228249424799e+03 6.710961561480540682e-01
6.968034489848294470e+03 6.765193357919090378e-01
6.978043751447165050e+03 6.977174259308166482e-01
6.988053013046034721e+03 6.641726246910154563e-01
6.998062274644904392e+03 6.543104556598223764e-01
7.008071536243774972e+03 6.695419715344818057e-01
7.018080797842644643e+03 6.643752893513021895e-01
7.028090059441514313e+03 6.649060174304274318e-01
7.038099321040383984e+03 6.817588505873790616e-01
7.048108582639253655e+03 7.073097976330033898e-01
7.058117844238124235e+03 7.278371944117753012e-01
7.068127105836993906e+03 7.493247150186546079e-01
7.078136367435863576e+03 7.548821599999493426e-01
7.088145629034733247e+03 7.818308598744871940e-01
7.098154890633602918e+03 7.962213174089576295e-01
7.108164152232473498e+03 8.333779828913027155e-01
7.118173413831343169e+03 8.628333912827595986e-01
7.128182675430212839e+03 8.873684817186976437e-01
7.138191937029083419e+03 9.219050731397758769e-01
7.148201198627953090e+03 9.636425932716597975e-01
7.158210460226822761e+03 9.876317557789511259e-01
7.168219721825692432e+03 9.979942531902267211e-01
7.178228983424562102e+03 1.024656055905046381e+00
7.188238245023432683e+03 1.043075106889775006e+00
7.198247506622302353e+03 1.049433077279201543e+00
7.208256768221172024e+03 1.067115568889201338e+00
7.218266029820041695e+03 1.053625702438879319e+00
7.228275291418911365e+03 1.048346288038415119e+00
7.238284553017781946e+03 1.074645827672972676e+00
7.248293814616651616e+03 9.981310518359202133e-01
7.258303076215521287e+03 1.005339580471486638e+00
7.268312337814391867e+03 1.001386352941772362e+00
7.278321599413261538e+03 9.762179354424391775e-01
7.288330861012131209e+03 9.842396560274052630e-01
7.298340122611000879e+03 9.865854994702220049e-01
7.308349384209870550e+03 9.733179308191515222e-01
7.318358645808741130e+03 9.829324689685571270e-01
7.328367907407610801e+03 9.765865317933350997e-01
7.338377169006480472e+03 1.010278898238907264e+00
7.348386430605350142e+03 1.039762173021153702e+00
7.358395692204219813e+03 1.065328319916299504e+00
7.368404953803090393e+03 1.071814855699595226e+00
7.378414215401960064e+03 1.098161261536844124e+00
7.388423477000829735e+03 1.140491575800066215e+00
7.398432738599700315e+03 1.123246079863809310e+00
7.408442000198569986e+03 1.139731583323991826e+00
7.418451261797439656e+03 1.132290623656159179e+00
7.428460523396309327e+03 1.147703904398012842e+00
7.438469784995178998e+03 1.092454984695651499e+00
7.448479046594049578e+03 1.080455970152562228e+00
7.458488308192919249e+03 9.159555987062393267e-01
7.468497569791788919e+03 1.034292760501670960e+00
7.478506831390658590e+03 1.021643319064474476e+00
7.488516092989528261e+03 9.583353124804064871e-01
7.498525354588398841e+03 9.341865515531395658e-01
7.508534616187268512e+03 9.152393057975393154e-01
7.518543877786138182e+03 8.982579072467182790e-01
7.618636493774836708e+03 1.195257266953057007e+00
7.628645755373707289e+03 1.202075032790508757e+00
7.638655016972576959e+03 1.255999032276247096e+00
7.648664278571446630e+03 1.291822544290144759e+00
7.658673540170317210e+03 1.302601770909134649e+00
7.668682801769186881e+03 1.322323575663267636e+00
7.678692063368056552e+03 1.356200240284287872e+00
7.688701324966926222e+03 1.320372928308009675e+00
7.698710586565795893e+03 1.327472524688672273e+00
7.708719848164666473e+03 1.311671014456956996e+00
7.718729109763536144e+03 1.338220084954492073e+00
7.728738371362405815e+03 1.287610919318565195e+00
7.738747632961275485e+03 1.264538814399070787e+00
7.748756894560145156e+03 1.254890709915305047e+00
7.758766156159015736e+03 1.219618825773624904e+00
7.768775417757885407e+03 1.180788910189789265e+00
7.778784679356755078e+03 1.158513530716045903e+00
7.788793940955625658e+03 1.105296324233056682e+00
7.798803202554495329e+03 1.071114395967480037e+00
7.808812464153364999e+03 1.040187768807755431e+00
7.818821725752234670e+03 9.917249485896756367e-01
7.828830987351104341e+03 9.430695969443235738e-01
7.838840248949974011e+03 9.124102338053520223e-01
7.848849510548844592e+03 8.590460954436551777e-01
7.858858772147714262e+03 7.920692251813373774e-01
7.868868033746583933e+03 7.563856784484500606e-01
7.878877295345454513e+03 7.072426649642834517e-01
7.888886556944324184e+03 6.806264617980282150e-01
7.898895818543193855e+03 6.226162360992625322e-01
7.908905080142063525e+03 5.759754978425712935e-01
7.918914341740933196e+03 5.385952679068476412e-01
7.928923603339803776e+03 4.911508376067077464e-01
7.938932864938673447e+03 4.521093907836978842e-01
7.948942126537543118e+03 4.067948393977566801e-01
7.958951388136412788e+03 3.691549453660408764e-01
7.968960649735282459e+03 3.187307112326254188e-01
7.978969911334153039e+03 2.914330481461566702e-01
7.988979172933022710e+03 2.589503363916697554e-01
7.998988434531892381e+03 2.529622290072661150e-01
8.008997696130762961e+03 2.261724942256404802e-01
8.019006957729632632e+03 2.061631589847260637e-01
8.029016219328502302e+03 1.904604477749003710e-01
8.039025480927371973e+03 1.713719700841628280e-01
8.049034742526241644e+03 1.601063482804853666e-01
8.059044004125112224e+03 1.469306120536073013e-01
8.069053265723981895e+03 1.480186679485206436e-01
8.079062527322851565e+03 1.550397317733220870e-01
8.089071788921721236e+03 1.413079343847829517e-01
8.099081050520590907e+03 1.342583075094223310e-01
8.109090312119461487e+03 1.404022766841274972e-01
8.119099573718331158e+03 1.433497808371697324e-01
8.129108835317200828e+03 1.378867015883209479e-01
8.139118096916071408e+03 1.441946391397391780e-01
8.149127358514941079e+03 1.470002780305808276e-01
8.159136620113810750e+03 1.410077373567334980e-01
8.169145881712680421e+03 1.513449016854733209e-01
8.179155143311550091e+03 1.489167257244153331e-01
8.189164404910420672e+03 1.572747429800445129e-01
8.199173666509290342e+03 1.767387836193755057e-01
8.209182928108159103e+03 1.736044479826316100e-01
8.219192189707029684e+03 1.833747845896325779e-01
8.229201451305900264e+03 1.925288939639497321e-01
8.239210712904769025e+03 2.134160205147302147e-01
8.249219974503639605e+03 2.377725127187907128e-01
8.259229236102510185e+03 2.619858730065238728e-01
8.269238497701378947e+03 3.132391322659238697e-01
8.279247759300249527e+03 3.343042237215184675e-01
8.289257020899120107e+03 3.863143088216760002e-01
8.299266282497988868e+03 4.764836161455335284e-01
8.309275544096857629e+03 5.566856221456740750e-01
8.319284805695730029e+03 6.360592363468934307e-01
8.329294067294598790e+03 6.968345680044434332e-01
8.339303328893467551e+03 7.424087834863768443e-01
8.349312590492338131e+03 7.921173580381554169e-01
8.359321852091208711e+03 9.009400473601978376e-01
8.369331113690077473e+03 9.145420127007408695e-01
8.379340375288948053e+03 9.395755315355711623e-01
8.389349636887818633e+03 9.870984943915721566e-01
8.399358898486687394e+03 9.710575865298933795e-01
8.409368160085557975e+03 9.903157958736207300e-01
8.419377421684428555e+03 1.014557022552143417e+00
8.429386683283297316e+03 9.988695111918393099e-01
8.439395944882166077e+03 9.826088388391621686e-01
8.449405206481038476e+03 1.003488998792245068e+00
8.459414468079907238e+03 1.002943070863598463e+00
8.469423729678775999e+03 1.001708716417040845e+00
8.479432991277646579e+03 1.014721687588626242e+00
8.489442252876517159e+03 1.017414594262183503e+00
8.499451514475385920e+03 1.050289968795975692e+00
8.509460776074256501e+03 1.030316733197674584e+00
8.519470037673127081e+03 1.014235292403938615e+00
8.529479299271995842e+03 1.024045528615933343e+00
8.539488560870866422e+03 1.016430404005667087e+00
8.549497822469737002e+03 1.042402513548449150e+00
8.559507084068605764e+03 1.043362004049493308e+00
8.569516345667474525e+03 1.061149627952016505e+00
8.579525607266346924e+03 1.025150684341558316e+00
8.589534868865215685e+03 1.053429371049226626e+00
8.599544130464084446e+03 1.078847319411537775e+00
8.609553392062955027e+03 1.074591361545520485e+00
8.619562653661825607e+03 1.079341314520986250e+00
8.629571915260694368e+03 1.122630485958188817e+00
8.639581176859564948e+03 1.117921699241843925e+00
8.649590438458435528e+03 1.123205546931752119e+00
8.659599700057304290e+03 1.129609750196806317e+00
8.669608961656174870e+03 1.151424700895461006e+00
8.679618223255045450e+03 1.109996877697577489e+00
8.689627484853914211e+03 1.076906805289294278e+00
8.699636746452782972e+03 1.069235314570385675e+00
8.709646008051655372e+03 1.095715352418010990e+00
8.719655269650524133e+03 1.060202170665176968e+00
8.729664531249392894e+03 1.045647048094223930e+00
8.739673792848263474e+03 1.012160512944255020e+00
8.749683054447134054e+03 1.034956487264109493e+00
8.759692316046002816e+03 1.065783048747817263e+00
8.769701577644873396e+03 1.040733696736402258e+00
8.779710839243743976e+03 9.912448866756220500e-01
8.789720100842612737e+03 1.002907604548048282e+00
8.799729362441483318e+03 9.979828533030855597e-01
8.809738624040353898e+03 9.520976742330250486e-01
8.819747885639222659e+03 8.745765416922373081e-01
8.829757147238091420e+03 9.478423496940713289e-01
8.839766408836963819e+03 8.960279626565029742e-01
8.849775670435832581e+03 8.140900071755955425e-01
8.859784932034701342e+03 8.169349123443678806e-01
8.869794193633571922e+03 7.910825016165673462e-01
8.879803455232442502e+03 7.649944932211837356e-01
8.889812716831311263e+03 7.448762257253652708e-01
8.899821978430181844e+03 7.086043181505836674e-01
8.909831240029052424e+03 6.851446170682911063e-01
8.919840501627921185e+03 6.868318003651763259e-01
8.929849763226791765e+03 6.491830397545730325e-01
8.939859024825662345e+03 6.228125674889151142e-01
8.949868286424531107e+03 6.583054827757205407e-01
8.959877548023399868e+03 6.796790045111885670e-01
8.969886809622272267e+03 7.078455923286358642e-01
8.979896071221141028e+03 6.813927875447366445e-01
8.989905332820009789e+03 6.127553337221960383e-01
8.999914594418880370e+03 6.685273815789224416e-01
9.009923856017750950e+03 6.613220195786728706e-01
9.019933117616619711e+03 6.772153622345805646e-01
9.029942379215490291e+03 6.707706260374689533e-01
9.039951640814360871e+03 6.988681812050059339e-01
9.049960902413229633e+03 6.999480038480951904e-01
9.059970164012100213e+03 7.115302891834703880e-01
