MJD,Mag,Mag_err,band,Instr,source
53467.17,18.221,0.008,Bessell_B,SITe3,2
53467.17,18.026,0.009,Bessell_V,SITe3,2
53467.17,18.06,0.006,sdss_g,SITe3,2
53467.17,18.2,0.010,sdss_i,SITe3,2
53467.17,18.055,0.006,sdss_r,SITe3,2
53467.17,18.65,0.019,sdss_u,SITe3,2
53468.09,18.105,0.008,Bessell_B,SITe3,2
53468.09,17.937,0.009,Bessell_V,SITe3,2
53468.09,17.948,0.008,sdss_g,SITe3,2
53468.09,18.095,0.009,sdss_i,SITe3,2
53468.09,17.967,0.008,sdss_r,SITe3,2
53468.09,18.44,0.015,sdss_u,SITe3,2
53471.23,17.89,0.05,Bessell_B,,11;14
53471.23,17.25,0.08,Bessell_U,,11;14
53471.23,17.71,0.05,Bessell_V,,11;14
53471.23,17.93,0.09,Bessell_I,,11;14
53471.23,17.78,0.05,Bessell_R,,11;14
53471.23516,17.71,0.021,Standard;;CfA3_MINI;r',,5
53471.23685,17.772,0.030,Standard;;CfA3_MINI;i',,5
53471.23865,17.7,0.022,Bessell_V,,5
53471.24108,17.273,0.038,Bessell_U,,5
53471.24492,17.804,0.020,Bessell_B,,5
53472.09,17.765,0.007,Bessell_B,SITe3,2
53472.09,17.614,0.007,Bessell_V,SITe3,2
53472.09,17.612,0.007,sdss_g,SITe3,2
53472.09,17.706,0.009,sdss_i,SITe3,2
53472.09,17.621,0.008,sdss_r,SITe3,2
53472.09,17.987,0.012,sdss_u,SITe3,2
53472.24,17.78,0.05,Bessell_B,,11;14
53472.24,17.19,0.07,Bessell_U,,11;14
53472.24,17.62,0.05,Bessell_V,,11;14
53472.24,17.83,0.09,Bessell_I,,11;14
53472.24,17.72,0.04,Bessell_R,,11;14
53472.24146,17.619,0.018,Bessell_V,,5
53472.24389,17.162,0.032,Bessell_U,,5
53472.24774,17.716,0.019,Bessell_B,,5
53473.1,17.725,0.008,Bessell_B,SITe3,2
53473.1,17.553,0.008,Bessell_V,SITe3,2
53473.1,17.555,0.008,sdss_g,SITe3,2
53473.1,17.641,0.009,sdss_i,SITe3,2
53473.1,17.574,0.008,sdss_r,SITe3,2
53473.1,17.925,0.012,sdss_u,SITe3,2
53473.2,17.74,0.05,Bessell_B,,11;14
53473.2,17.13,0.07,Bessell_U,,11;14
53473.2,17.57,0.04,Bessell_V,,11;14
53473.2,17.77,0.09,Bessell_I,,11;14
53473.2,17.66,0.04,Bessell_R,,11;14
53473.2029,17.605,0.021,Standard;;CfA3_MINI;r',,5
53473.2046,17.628,0.032,Standard;;CfA3_MINI;i',,5
53473.20638,17.546,0.019,Bessell_V,,5
53473.20879,17.165,0.030,Bessell_U,,5
53473.21264,17.681,0.020,Bessell_B,,5
53473.21631,17.583,0.020,Standard;;CfA3_MINI;r',,5
53473.21801,17.655,0.025,Standard;;CfA3_MINI;i',,5
53473.2198,17.579,0.019,Bessell_V,,5
53473.22221,17.195,0.033,Bessell_U,,5
53473.22608,17.669,0.020,Bessell_B,,5
53474.06,17.694,0.008,Bessell_B,SITe3,2
53474.06,17.496,0.009,Bessell_V,SITe3,2
53474.06,17.521,0.006,sdss_g,SITe3,2
53474.06,17.583,0.009,sdss_i,SITe3,2
53474.06,17.503,0.008,sdss_r,SITe3,2
53474.06,17.934,0.012,sdss_u,SITe3,2
53474.2,17.7,0.05,Bessell_B,,11;14
53474.2,17.11,0.07,Bessell_U,,11;14
53474.2,17.54,0.04,Bessell_V,,11;14
53474.2,17.72,0.08,Bessell_I,,11;14
53474.2,17.6,0.04,Bessell_R,,11;14
53474.20131,17.553,0.018,Standard;;CfA3_MINI;r',,5
53474.203,17.581,0.022,Standard;;CfA3_MINI;i',,5
53474.20478,17.528,0.019,Bessell_V,,5
53474.20719,17.173,0.032,Bessell_U,,5
53474.21104,17.647,0.019,Bessell_B,,5
53474.2147,17.53,0.018,Standard;;CfA3_MINI;r',,5
53474.21638,17.585,0.031,Standard;;CfA3_MINI;i',,5
53474.21816,17.526,0.017,Bessell_V,,5
53474.22057,17.194,0.032,Bessell_U,,5
53474.22442,17.682,0.019,Bessell_B,,5
53475.14,17.68,0.009,Bessell_B,SITe3,2
53475.14,17.481,0.009,Bessell_V,SITe3,2
53475.14,17.523,0.007,sdss_g,SITe3,2
53475.14,17.469,0.008,sdss_r,SITe3,2
53475.14,18.002,0.013,sdss_u,SITe3,2
53476.06,17.715,0.009,Bessell_B,SITe3,2
53476.06,17.471,0.011,Bessell_V,SITe3,2
53476.06,17.539,0.009,sdss_g,SITe3,2
53476.06,17.513,0.013,sdss_i,SITe3,2
53476.06,17.443,0.011,sdss_r,SITe3,2
53476.06,18.101,0.015,sdss_u,SITe3,2
53476.21,17.77,0.06,Bessell_B,,11;14
53476.21,17.3,0.08,Bessell_U,,11;14
53476.21,17.46,0.05,Bessell_V,,11;14
53476.21,17.62,0.09,Bessell_I,,11;14
53476.21,17.51,0.05,Bessell_R,,11;14
53476.21237,17.469,0.020,Standard;;CfA3_MINI;r',,5
53476.21406,17.479,0.023,Standard;;CfA3_MINI;i',,5
53476.21587,17.43,0.019,Bessell_V,,5
53476.22215,17.696,0.021,Bessell_B,,5
53477.06,17.752,0.010,Bessell_B,SITe3,2
53477.06,17.483,0.010,Bessell_V,SITe3,2
53477.06,17.563,0.010,sdss_g,SITe3,2
53477.06,17.463,0.011,sdss_i,SITe3,2
53477.06,17.407,0.009,sdss_r,SITe3,2
53477.06,18.247,0.014,sdss_u,SITe3,2
53477.18966,17.437,0.017,Standard;;CfA3_MINI;r',,5
53477.19,17.8,0.05,Bessell_B,,11;14
53477.19,17.6,0.08,Bessell_U,,11;14
53477.19,17.49,0.04,Bessell_V,,11;14
53477.19,17.61,0.08,Bessell_I,,11;14
53477.19,17.45,0.04,Bessell_R,,11;14
53477.19134,17.46,0.021,Standard;;CfA3_MINI;i',,5
53477.19315,17.504,0.016,Bessell_V,,5
53477.19557,17.523,0.040,Bessell_U,,5
53477.19942,17.761,0.020,Bessell_B,,5
53477.20295,17.44,0.017,Standard;;CfA3_MINI;r',,5
53477.20463,17.486,0.022,Standard;;CfA3_MINI;i',,5
53477.20631,17.498,0.020,Bessell_V,,5
53477.20873,17.533,0.038,Bessell_U,,5
53477.21258,17.739,0.021,Bessell_B,,5
53478.08,17.79,0.009,Bessell_B,SITe3,2
53478.08,17.47,0.010,Bessell_V,SITe3,2
53478.08,17.579,0.009,sdss_g,SITe3,2
53478.08,17.43,0.012,sdss_i,SITe3,2
53478.08,17.376,0.011,sdss_r,SITe3,2
53478.08,18.346,0.017,sdss_u,SITe3,2
53478.16,17.86,0.07,Bessell_B,,11;14
53478.16,17.6,0.14,Bessell_U,,11;14
53478.16,17.51,0.06,Bessell_V,,11;14
53478.16,17.54,0.10,Bessell_I,,11;14
53478.16,17.44,0.05,Bessell_R,,11;14
53478.16307,17.402,0.024,Standard;;CfA3_MINI;r',,5
53478.16473,17.421,0.026,Standard;;CfA3_MINI;i',,5
53478.16898,17.719,0.047,Bessell_U,,5
53479.02,17.777,0.010,Bessell_B,SITe3,2
53479.02,17.406,0.016,Bessell_V,SITe3,2
53479.02,17.559,0.014,sdss_g,SITe3,2
53479.02,17.348,0.012,sdss_i,SITe3,2
53479.02,17.304,0.013,sdss_r,SITe3,2
53479.02,18.439,0.025,sdss_u,SITe3,2
53480.04,17.77,0.011,Bessell_B,SITe3,2
53480.04,17.376,0.010,Bessell_V,SITe3,2
53480.04,17.541,0.009,sdss_g,SITe3,2
53480.04,17.306,0.009,sdss_i,SITe3,2
53480.04,17.285,0.009,sdss_r,SITe3,2
53480.04,18.529,0.020,sdss_u,SITe3,2
53481.02,17.345,0.010,Bessell_V,SITe3,2
53481.02,17.508,0.010,sdss_g,SITe3,2
53481.02,17.273,0.009,sdss_i,SITe3,2
53481.02,17.222,0.009,sdss_r,SITe3,2
53481.02,18.574,0.028,sdss_u,SITe3,2
53481.154,16.844,0.082,H,,5
53481.154,16.768,0.018,J,,5
53481.154,16.572,0.056,Ks,,5
53481.64,16.225,0.260,H,,11;14
53481.64,16.564,0.100,J,,11;14
53481.64,16.441,0.111,K,,11;14
53482.03,17.708,0.024,Bessell_B,SITe3,2
53482.03,17.278,0.022,Bessell_V,SITe3,2
53482.03,17.461,0.031,sdss_g,SITe3,2
53482.03,17.162,0.024,sdss_i,SITe3,2
53482.03,17.142,0.027,sdss_r,SITe3,2
53482.03,18.578,0.049,sdss_u,SITe3,2
53482.142,16.742,0.092,H,,5
53482.142,16.794,0.030,J,,5
53482.142,16.522,0.080,Ks,,5
53482.19,17.75,0.07,Bessell_B,,11;14
53482.19,17.62,0.14,Bessell_U,,11;14
53482.19,17.29,0.05,Bessell_V,,11;14
53482.19,17.34,0.08,Bessell_I,,11;14
53482.19,17.22,0.04,Bessell_R,,11;14
53482.19314,17.198,0.022,Standard;;CfA3_MINI;r',,5
53482.19482,17.216,0.031,Standard;;CfA3_MINI;i',,5
53482.19648,17.326,0.023,Bessell_V,,5
53482.19891,17.858,0.058,Bessell_U,,5
53482.20677,17.184,0.021,Standard;;CfA3_MINI;r',,5
53482.20846,17.226,0.021,Standard;;CfA3_MINI;i',,5
53482.21025,17.28,0.029,Bessell_V,,5
53482.21267,17.835,0.064,Bessell_U,,5
53482.22008,17.206,0.023,Standard;;CfA3_MINI;r',,5
53482.22176,17.243,0.022,Standard;;CfA3_MINI;i',,5
53482.22357,17.228,0.019,Bessell_V,,5
53482.22597,17.832,0.059,Bessell_U,,5
53482.2335,17.196,0.019,Standard;;CfA3_MINI;r',,5
53482.23517,17.295,0.027,Standard;;CfA3_MINI;i',,5
53482.23696,17.279,0.024,Bessell_V,,5
53482.64,16.334,0.057,H,,11;14
53482.64,16.524,0.051,J,,11;14
53482.64,16.369,0.131,K,,11;14
53483.04,17.628,0.011,Bessell_B,SITe3,2
53483.04,17.222,0.011,Bessell_V,SITe3,2
53483.04,17.388,0.009,sdss_g,SITe3,2
53483.04,17.151,0.010,sdss_i,SITe3,2
53483.04,17.122,0.009,sdss_r,SITe3,2
53483.04,18.46,0.038,sdss_u,SITe3,2
53483.26834,17.098,0.035,Standard;;CfA3_MINI;r',,5
53483.27,17.84,0.31,Bessell_B,,11;14
53483.27,17.53,0.13,Bessell_U,,11;14
53483.27,17.25,0.13,Bessell_V,,11;14
53483.27,17.23,0.11,Bessell_I,,11;14
53483.27,17.26,0.13,Bessell_R,,11;14
53483.27005,17.116,0.033,Standard;;CfA3_MINI;i',,5
53483.27183,17.23,0.040,Bessell_V,,5
53484.1,17.587,0.013,Bessell_B,SITe3,2
53484.1,17.168,0.013,Bessell_V,SITe3,2
53484.1,17.331,0.011,sdss_g,SITe3,2
53484.1,17.107,0.011,sdss_i,SITe3,2
53484.1,17.074,0.010,sdss_r,SITe3,2
53484.1,18.334,0.038,sdss_u,SITe3,2
53485.154,16.591,0.071,H,,5
53485.154,16.615,0.024,J,,5
53485.154,16.381,0.052,Ks,,5
53485.18927,17.016,0.024,Standard;;CfA3_MINI;r',,5
53485.19,17.65,0.06,Bessell_B,,11;14
53485.19,17.53,0.13,Bessell_U,,11;14
53485.19,17.07,0.05,Bessell_V,,11;14
53485.19,17.18,0.08,Bessell_I,,11;14
53485.19,17.09,0.04,Bessell_R,,11;14
53485.19096,17.058,0.022,Standard;;CfA3_MINI;i',,5
53485.20661,17.013,0.021,Standard;;CfA3_MINI;r',,5
53485.20829,17.108,0.016,Standard;;CfA3_MINI;i',,5
53485.21623,17.514,0.122,Bessell_U,,5
53485.64,16.19,0.061,H,,11;14
53485.64,16.374,0.079,J,,11;14
53486.147,16.502,0.067,H,,5
53486.147,16.605,0.041,J,,5
53486.147,16.404,0.063,Ks,,5
53486.21,17.46,0.09,Bessell_B,,11;14
53486.21,17.48,0.13,Bessell_U,,11;14
53486.21,17.01,0.05,Bessell_V,,11;14
53486.21,17.12,0.08,Bessell_I,,11;14
53486.21,17.0,0.04,Bessell_R,,11;14
53486.2123,16.949,0.018,Standard;;CfA3_MINI;r',,5
53486.21579,17.005,0.019,Bessell_V,,5
53486.21818,17.523,0.102,Bessell_U,,5
53486.64,16.315,0.147,H,,11;14
53486.64,16.348,0.057,J,,11;14
53486.64,16.192,0.069,K,,11;14
53487.145,16.354,0.048,H,,5
53487.145,16.439,0.020,J,,5
53487.145,16.238,0.041,Ks,,5
53487.64,16.074,0.108,H,,11;14
53487.64,16.333,0.086,J,,11;14
53488.146,16.272,0.049,H,,5
53488.146,16.408,0.019,J,,5
53488.146,16.272,0.046,Ks,,5
53488.64,16.001,0.293,H,,11;14
53488.64,16.235,0.099,J,,11;14
53488.64,15.975,0.100,K,,11;14
53489.02,17.143,0.006,Bessell_B,SITe3,2
53489.02,16.823,0.006,Bessell_V,SITe3,2
53489.02,16.935,0.006,sdss_g,SITe3,2
53489.02,16.784,0.007,sdss_i,SITe3,2
53489.02,16.735,0.006,sdss_r,SITe3,2
53489.02,17.874,0.013,sdss_u,SITe3,2
53489.136,16.231,0.055,H,,5
53489.136,16.285,0.020,J,,5
53489.63,16.186,0.063,J,,11;14
53489.63,16.045,0.131,K,,11;14
53490.01,17.03,0.007,Bessell_B,SITe3,2
53490.01,16.737,0.008,Bessell_V,SITe3,2
53490.01,16.813,0.007,sdss_g,SITe3,2
53490.01,16.715,0.010,sdss_i,SITe3,2
53490.01,16.652,0.009,sdss_r,SITe3,2
53490.13,16.247,0.050,H,,5
53490.13,16.346,0.010,J,,5
53490.13,16.076,0.032,Ks,,5
53490.23475,16.698,0.029,Bessell_V,,5
53490.24553,16.693,0.016,Bessell_V,,5
53490.24799,16.64,0.017,Standard;;CfA3_MINI;r',,5
53490.24961,16.731,0.022,Standard;;CfA3_MINI;i',,5
53490.25,17.06,0.05,Bessell_B,,11;14
53490.25,16.92,0.11,Bessell_U,,11;14
53490.25,16.72,0.04,Bessell_V,,11;14
53490.25,16.84,0.08,Bessell_I,,11;14
53490.25,16.68,0.04,Bessell_R,,11;14
53490.25125,16.982,0.019,Bessell_B,,5
53490.25441,16.916,0.038,Bessell_U,,5
53490.25815,16.864,0.041,Bessell_U,,5
53490.62,15.908,0.161,H,,11;14
53490.62,16.098,0.079,J,,11;14
53490.62,16.006,0.076,K,,11;14
53490.99,16.927,0.010,Bessell_B,SITe3,2
53490.99,16.646,0.011,Bessell_V,SITe3,2
53490.99,16.725,0.009,sdss_g,SITe3,2
53490.99,16.682,0.014,sdss_i,SITe3,2
53490.99,16.59,0.011,sdss_r,SITe3,2
53490.99,17.496,0.013,sdss_u,SITe3,2
53492.14,16.275,0.055,H,,5
53492.14,16.175,0.016,J,,5
53492.14,16.028,0.175,Ks,,5
53492.1691,16.547,0.018,Standard;;CfA3_MINI;r',,5
53492.17,16.91,0.05,Bessell_B,,11;14
53492.17,16.6,0.07,Bessell_U,,11;14
53492.17,16.59,0.04,Bessell_V,,11;14
53492.17,16.71,0.08,Bessell_I,,11;14
53492.17,16.6,0.04,Bessell_R,,11;14
53492.17079,16.65,0.020,Standard;;CfA3_MINI;i',,5
53492.17258,16.579,0.017,Bessell_V,,5
53492.17501,16.575,0.030,Bessell_U,,5
53492.17874,16.627,0.030,Bessell_U,,5
53492.1826,16.865,0.017,Bessell_B,,5
53492.18612,16.529,0.018,Standard;;CfA3_MINI;r',,5
53492.18781,16.624,0.018,Standard;;CfA3_MINI;i',,5
53492.18961,16.56,0.018,Bessell_V,,5
53492.19205,16.613,0.030,Bessell_U,,5
53492.19579,16.624,0.030,Bessell_U,,5
53492.19964,16.861,0.018,Bessell_B,,5
53492.63,15.964,0.142,H,,11;14
53492.63,15.964,0.053,J,,11;14
53492.63,15.867,0.089,K,,11;14
53493.02,16.801,0.024,Bessell_B,SITe3,2
53493.02,16.529,0.020,Bessell_V,SITe3,2
53493.02,16.587,0.019,sdss_g,SITe3,2
53493.02,17.258,0.034,sdss_u,SITe3,2
53493.13889,16.515,0.019,Standard;;CfA3_MINI;r',,5
53493.14,16.84,0.05,Bessell_B,,11;14
53493.14,16.52,0.07,Bessell_U,,11;14
53493.14,16.56,0.04,Bessell_V,,11;14
53493.14,16.68,0.08,Bessell_I,,11;14
53493.14,16.54,0.04,Bessell_R,,11;14
53493.14057,16.574,0.019,Standard;;CfA3_MINI;i',,5
53493.141,16.188,0.023,H,,5
53493.141,16.114,0.011,J,,5
53493.141,16.096,0.032,Ks,,5
53493.14235,16.532,0.018,Bessell_V,,5
53493.14478,16.549,0.028,Bessell_U,,5
53493.14851,16.533,0.028,Bessell_U,,5
53493.15237,16.809,0.018,Bessell_B,,5
53493.15641,16.498,0.018,Standard;;CfA3_MINI;r',,5
53493.1581,16.582,0.018,Standard;;CfA3_MINI;i',,5
53493.1599,16.528,0.017,Bessell_V,,5
53493.16233,16.537,0.030,Bessell_U,,5
53493.16605,16.533,0.030,Bessell_U,,5
53493.1699,16.799,0.018,Bessell_B,,5
53493.63,15.903,0.099,H,,11;14
53493.63,15.969,0.035,J,,11;14
53493.63,15.788,0.118,K,,11;14
53493.73,15.915,0.238,H,,11;14
53493.73,15.966,0.064,J,,11;14
53493.73,15.87,0.088,K,,11;14
53494.126,16.154,0.027,H,,5
53494.126,16.084,0.009,J,,5
53494.126,16.013,0.031,Ks,,5
53494.14829,16.473,0.017,Standard;;CfA3_MINI;r',,5
53494.14999,16.545,0.018,Standard;;CfA3_MINI;i',,5
53494.15,16.8,0.05,Bessell_B,,11;14
53494.15,16.45,0.06,Bessell_U,,11;14
53494.15,16.53,0.04,Bessell_V,,11;14
53494.15,16.64,0.08,Bessell_I,,11;14
53494.15,16.51,0.04,Bessell_R,,11;14
53494.15177,16.509,0.017,Bessell_V,,5
53494.15419,16.456,0.028,Bessell_U,,5
53494.15793,16.432,0.028,Bessell_U,,5
53494.16177,16.786,0.017,Bessell_B,,5
53494.16713,16.555,0.018,Standard;;CfA3_MINI;i',,5
53494.16891,16.503,0.017,Bessell_V,,5
53494.17134,16.451,0.028,Bessell_U,,5
53494.17508,16.442,0.030,Bessell_U,,5
53494.17895,16.774,0.017,Bessell_B,,5
53494.63,15.819,0.055,H,,11;14
53494.63,15.946,0.048,J,,11;14
53494.63,15.876,0.056,K,,11;14
53494.69,15.75,0.148,H,,11;14
53494.69,15.89,0.074,J,,11;14
53494.69,15.875,0.137,K,,11;14
53495.04,16.744,0.008,Bessell_B,SITe3,2
53495.04,16.479,0.009,Bessell_V,SITe3,2
53495.04,16.56,0.006,sdss_g,SITe3,2
53495.04,17.165,0.014,sdss_u,SITe3,2
53495.14,16.76,0.05,Bessell_B,,11;14
53495.14,16.51,0.06,Bessell_U,,11;14
53495.14,16.5,0.05,Bessell_V,,11;14
53495.14,16.5,0.10,Bessell_I,,11;14
53495.14,16.47,0.04,Bessell_R,,11;14
53495.15281,16.588,0.036,Bessell_U,,5
53495.15654,16.439,0.029,Bessell_U,,5
53495.16038,16.736,0.019,Bessell_B,,5
53495.16414,16.426,0.018,Standard;;CfA3_MINI;r',,5
53495.166,15.895,0.039,H,,5
53495.166,16.08,0.050,J,,5
53495.166,16.212,0.098,Ks,,5
53495.16763,16.453,0.018,Bessell_V,,5
53495.17004,16.507,0.032,Bessell_U,,5
53495.17376,16.541,0.033,Bessell_U,,5
53495.65,16.007,0.054,J,,11;14
53495.65,15.91,0.140,K,,11;14
53495.66,16.077,0.047,H,,11;14
53495.73,16.215,0.150,H,,11;14
53495.73,15.812,0.066,J,,11;14
53496.05,16.716,0.010,Bessell_B,SITe3,2
53496.05,16.465,0.009,Bessell_V,SITe3,2
53496.05,16.504,0.009,sdss_g,SITe3,2
53496.05,17.144,0.019,sdss_u,SITe3,2
53496.13,16.78,0.05,Bessell_B,,11;14
53496.13,16.36,0.06,Bessell_U,,11;14
53496.13,16.47,0.04,Bessell_V,,11;14
53496.13,16.56,0.08,Bessell_I,,11;14
53496.13,16.45,0.04,Bessell_R,,11;14
53496.13176,16.409,0.017,Standard;;CfA3_MINI;r',,5
53496.13344,16.466,0.017,Standard;;CfA3_MINI;i',,5
53496.13523,16.446,0.017,Bessell_V,,5
53496.13766,16.364,0.028,Bessell_U,,5
53496.15645,16.396,0.018,Standard;;CfA3_MINI;r',,5
53496.15813,16.451,0.019,Standard;;CfA3_MINI;i',,5
53496.15994,16.453,0.017,Bessell_V,,5
53496.16236,16.38,0.029,Bessell_U,,5
53496.16609,16.377,0.030,Bessell_U,,5
53496.16993,16.725,0.018,Bessell_B,,5
53496.97,16.694,0.008,Bessell_B,SITe3,2
53496.97,16.44,0.007,Bessell_V,SITe3,2
53496.97,16.508,0.006,sdss_g,SITe3,2
53496.97,17.113,0.013,sdss_u,SITe3,2
53497.14638,16.383,0.017,Standard;;CfA3_MINI;r',,5
53497.14807,16.483,0.025,Standard;;CfA3_MINI;i',,5
53497.14987,16.424,0.018,Bessell_V,,5
53497.15,16.75,0.05,Bessell_B,,11;14
53497.15,16.33,0.06,Bessell_U,,11;14
53497.15,16.45,0.04,Bessell_V,,11;14
53497.15,16.53,0.08,Bessell_I,,11;14
53497.15,16.43,0.04,Bessell_R,,11;14
53497.15229,16.3,0.028,Bessell_U,,5
53497.153,15.903,0.039,H,,5
53497.153,16.035,0.012,J,,5
53497.153,15.83,0.026,Ks,,5
53497.15602,16.297,0.029,Bessell_U,,5
53497.15987,16.703,0.018,Bessell_B,,5
53497.16389,16.385,0.018,Standard;;CfA3_MINI;r',,5
53497.16557,16.518,0.030,Standard;;CfA3_MINI;i',,5
53497.16735,16.431,0.017,Bessell_V,,5
53497.16977,16.341,0.030,Bessell_U,,5
53497.17351,16.343,0.028,Bessell_U,,5
53497.17735,16.7,0.019,Bessell_B,,5
53497.64,15.883,0.017,J,,11;14
53497.64,15.736,0.096,K,,11;14
53497.72,15.702,0.096,H,,11;14
53497.72,15.838,0.027,J,,11;14
53497.72,15.63,0.098,K,,11;14
53498.132,16.013,0.030,H,,5
53498.132,16.009,0.016,J,,5
53498.132,15.751,0.021,Ks,,5
53498.13703,16.365,0.017,Standard;;CfA3_MINI;r',,5
53498.1387,16.398,0.019,Standard;;CfA3_MINI;i',,5
53498.14,16.73,0.04,Bessell_B,,11;14
53498.14,16.32,0.06,Bessell_U,,11;14
53498.14,16.45,0.04,Bessell_V,,11;14
53498.14,16.5,0.08,Bessell_I,,11;14
53498.14,16.43,0.04,Bessell_R,,11;14
53498.1405,16.42,0.022,Bessell_V,,5
53498.14667,16.321,0.029,Bessell_U,,5
53498.15053,16.698,0.017,Bessell_B,,5
53498.15413,16.369,0.017,Standard;;CfA3_MINI;r',,5
53498.15581,16.413,0.018,Standard;;CfA3_MINI;i',,5
53498.15759,16.419,0.017,Bessell_V,,5
53498.16001,16.329,0.029,Bessell_U,,5
53498.16375,16.335,0.030,Bessell_U,,5
53498.16762,16.709,0.018,Bessell_B,,5
53498.62,15.357,0.183,H,,11;14
53498.62,15.828,0.165,J,,11;14
53498.62,15.746,0.129,K,,11;14
53498.69,15.732,0.080,H,,11;14
53498.69,15.846,0.044,J,,11;14
53498.69,15.627,0.149,K,,11;14
53498.96,16.72,0.009,Bessell_B,SITe3,2
53498.96,16.437,0.008,Bessell_V,SITe3,2
53498.96,16.506,0.008,sdss_g,SITe3,2
53498.96,17.11,0.013,sdss_u,SITe3,2
53499.13,16.75,0.04,Bessell_B,,11;14
53499.13,16.32,0.06,Bessell_U,,11;14
53499.13,16.45,0.04,Bessell_V,,11;14
53499.13,16.5,0.08,Bessell_I,,11;14
53499.13,16.42,0.04,Bessell_R,,11;14
53499.13255,16.372,0.018,Standard;;CfA3_MINI;r',,5
53499.13421,16.399,0.018,Standard;;CfA3_MINI;i',,5
53499.13601,16.437,0.017,Bessell_V,,5
53499.13843,16.329,0.031,Bessell_U,,5
53499.14216,16.291,0.030,Bessell_U,,5
53499.14599,16.724,0.017,Bessell_B,,5
53499.14964,16.372,0.018,Standard;;CfA3_MINI;r',,5
53499.15132,16.424,0.019,Standard;;CfA3_MINI;i',,5
53499.1531,16.412,0.018,Bessell_V,,5
53499.15552,16.355,0.029,Bessell_U,,5
53499.15925,16.348,0.031,Bessell_U,,5
53499.1631,16.721,0.018,Bessell_B,,5
53499.227,15.899,0.048,H,,5
53499.227,15.922,0.018,J,,5
53499.227,15.868,0.036,Ks,,5
53499.64,15.759,0.042,H,,11;14
53499.64,15.797,0.037,J,,11;14
53499.64,15.647,0.108,K,,11;14
53499.72,15.639,0.177,H,,11;14
53499.72,15.807,0.166,J,,11;14
53499.72,15.61,0.098,K,,11;14
53499.97,16.734,0.011,Bessell_B,SITe3,2
53499.97,16.436,0.010,Bessell_V,SITe3,2
53499.97,16.53,0.009,sdss_g,SITe3,2
53499.97,17.144,0.014,sdss_u,SITe3,2
53500.143,15.967,0.050,H,,5
53500.143,15.953,0.021,J,,5
53500.143,15.806,0.033,Ks,,5
53500.64,15.674,0.068,H,,11;14
53500.64,15.821,0.053,J,,11;14
53500.64,15.82,0.238,K,,11;14
53500.96,16.781,0.009,Bessell_B,SITe3,2
53500.96,16.462,0.008,Bessell_V,SITe3,2
53500.96,16.568,0.007,sdss_g,SITe3,2
53500.96,17.215,0.016,sdss_u,SITe3,2
53501.14,15.995,0.033,H,,5
53501.14,15.913,0.012,J,,5
53501.14,15.635,0.027,Ks,,5
53501.15575,16.445,0.018,Bessell_V,,5
53501.15823,16.363,0.020,Standard;;CfA3_MINI;r',,5
53501.15992,16.366,0.018,Standard;;CfA3_MINI;i',,5
53501.16,16.84,0.06,Bessell_B,,11;14
53501.16,16.46,0.07,Bessell_U,,11;14
53501.16,16.54,0.06,Bessell_V,,11;14
53501.16,16.45,0.08,Bessell_I,,11;14
53501.16,16.47,0.06,Bessell_R,,11;14
53501.1648,16.527,0.031,Bessell_U,,5
53501.16854,16.539,0.031,Bessell_U,,5
53501.63,15.699,0.221,H,,11;14
53501.63,15.752,0.055,J,,11;14
53501.63,15.48,0.101,K,,11;14
53501.97,16.818,0.010,Bessell_B,SITe3,2
53501.97,16.478,0.009,Bessell_V,SITe3,2
53501.97,16.599,0.007,sdss_g,SITe3,2
53501.97,17.276,0.014,sdss_u,SITe3,2
53502.131,15.872,0.038,H,,5
53502.131,15.92,0.012,J,,5
53502.131,15.748,0.030,Ks,,5
53502.17749,16.467,0.017,Bessell_V,,5
53502.17997,16.384,0.019,Standard;;CfA3_MINI;r',,5
53502.18,16.89,0.05,Bessell_B,,11;14
53502.18,16.53,0.06,Bessell_U,,11;14
53502.18,16.49,0.04,Bessell_V,,11;14
53502.18,16.46,0.08,Bessell_I,,11;14
53502.18,16.46,0.04,Bessell_R,,11;14
53502.18166,16.36,0.017,Standard;;CfA3_MINI;i',,5
53502.18652,16.556,0.028,Bessell_U,,5
53502.19026,16.535,0.029,Bessell_U,,5
53502.62,15.538,0.428,H,,11;14
53502.62,15.78,0.107,J,,11;14
53502.62,15.666,0.067,K,,11;14
53502.97,16.862,0.009,Bessell_B,SITe3,2
53502.97,16.502,0.010,Bessell_V,SITe3,2
53502.97,16.639,0.007,sdss_g,SITe3,2
53502.97,17.361,0.013,sdss_u,SITe3,2
53503.131,15.735,0.175,H,,5
53503.131,15.942,0.014,J,,5
53503.131,15.779,0.035,Ks,,5
53503.17371,16.497,0.016,Bessell_V,,5
53503.17616,16.406,0.017,Standard;;CfA3_MINI;r',,5
53503.17784,16.374,0.018,Standard;;CfA3_MINI;i',,5
53503.1796,16.881,0.018,Bessell_B,,5
53503.18,16.89,0.05,Bessell_B,,11;14
53503.18,16.59,0.07,Bessell_U,,11;14
53503.18,16.52,0.04,Bessell_V,,11;14
53503.18,16.44,0.08,Bessell_I,,11;14
53503.18,16.43,0.04,Bessell_R,,11;14
53503.18262,16.573,0.029,Bessell_U,,5
53503.18635,16.576,0.029,Bessell_U,,5
53503.62,15.523,0.179,H,,11;14
53503.62,15.761,0.125,J,,11;14
53503.98,16.916,0.009,Bessell_B,SITe3,2
53503.98,16.518,0.007,Bessell_V,SITe3,2
53503.98,16.673,0.006,sdss_g,SITe3,2
53503.98,17.422,0.016,sdss_u,SITe3,2
53504.62,15.535,0.185,K,,11;14
53505.99,17.026,0.016,Bessell_B,SITe3,2
53505.99,16.563,0.011,Bessell_V,SITe3,2
53505.99,16.763,0.007,sdss_g,SITe3,2
53505.99,17.611,0.015,sdss_u,SITe3,2
53507.0,17.053,0.062,Bessell_B,SITe3,2
53507.0,16.672,0.050,Bessell_V,SITe3,2
53507.0,16.395,0.023,sdss_i,SITe3,2
53507.0,16.407,0.039,sdss_r,SITe3,2
53508.15,17.155,0.014,Bessell_B,SITe3,2
53508.15,16.66,0.012,Bessell_V,SITe3,2
53508.15,16.385,0.011,sdss_i,SITe3,2
53508.15,16.493,0.009,sdss_r,SITe3,2
53508.16858,16.435,0.055,Standard;;CfA3_MINI;r',,5
53508.17027,16.389,0.080,Standard;;CfA3_MINI;i',,5
53508.97,17.227,0.010,Bessell_B,SITe3,2
53508.97,16.681,0.009,Bessell_V,SITe3,2
53508.97,16.414,0.009,sdss_i,SITe3,2
53508.97,16.492,0.008,sdss_r,SITe3,2
53509.141,15.778,0.250,H,,5
53509.141,15.898,0.014,J,,5
53509.141,15.526,0.024,Ks,,5
53509.15366,16.526,0.018,Standard;;CfA3_MINI;r',,5
53509.15535,16.447,0.020,Standard;;CfA3_MINI;i',,5
53509.15714,16.697,0.017,Bessell_V,,5
53509.15957,17.219,0.039,Bessell_U,,5
53509.16,17.3,0.08,Bessell_B,,11;14
53509.16,17.08,0.12,Bessell_U,,11;14
53509.16,16.67,0.05,Bessell_V,,11;14
53509.16,16.52,0.09,Bessell_I,,11;14
53509.16,16.49,0.05,Bessell_R,,11;14
53509.1633,17.171,0.048,Bessell_U,,5
53509.16714,17.302,0.083,Bessell_B,,5
53509.17348,16.503,0.022,Standard;;CfA3_MINI;r',,5
53509.17698,16.659,0.019,Bessell_V,,5
53509.17941,17.177,0.052,Bessell_U,,5
53509.18314,17.223,0.066,Bessell_U,,5
53509.63,15.509,0.337,H,,11;14
53509.63,15.731,0.086,J,,11;14
53509.63,15.463,0.112,K,,11;14
53510.02,17.259,0.026,Bessell_B,SITe3,2
53510.02,16.701,0.020,Bessell_V,SITe3,2
53510.02,16.496,0.038,sdss_i,SITe3,2
53510.02,16.525,0.020,sdss_r,SITe3,2
53510.15,17.2,0.06,Bessell_B,,11;14
53510.15,17.09,0.15,Bessell_U,,11;14
53510.15,16.76,0.05,Bessell_V,,11;14
53510.15,16.49,0.08,Bessell_I,,11;14
53510.15,16.6,0.04,Bessell_R,,11;14
53510.1503,16.541,0.021,Standard;;CfA3_MINI;r',,5
53510.15199,16.434,0.018,Standard;;CfA3_MINI;i',,5
53510.1538,16.721,0.021,Bessell_V,,5
53510.15622,17.164,0.075,Bessell_U,,5
53510.15996,17.315,0.058,Bessell_U,,5
53510.16382,17.322,0.022,Bessell_B,,5
53510.98,17.391,0.011,Bessell_B,SITe3,2
53510.98,16.787,0.010,Bessell_V,SITe3,2
53510.98,16.478,0.011,sdss_i,SITe3,2
53510.98,16.567,0.010,sdss_r,SITe3,2
53511.15,17.62,0.12,Bessell_B,,11;14
53511.15,17.12,0.23,Bessell_U,,11;14
53511.15,16.77,0.06,Bessell_V,,11;14
53511.15,16.53,0.09,Bessell_I,,11;14
53511.15,16.63,0.05,Bessell_R,,11;14
53511.15421,16.573,0.019,Standard;;CfA3_MINI;r',,5
53511.15766,16.754,0.022,Bessell_V,,5
53511.16008,17.27,0.049,Bessell_U,,5
53511.16381,17.285,0.050,Bessell_U,,5
53511.16765,17.502,0.034,Bessell_B,,5
53512.15,17.46,0.10,Bessell_B,,11;14
53512.15,17.537,0.016,Bessell_B,SITe3,2
53512.15,17.42,0.25,Bessell_U,,11;14
53512.15,16.854,0.010,Bessell_V,SITe3,2
53512.15,16.88,0.05,Bessell_V,,11;14
53512.15,17.144,0.015,sdss_g,SITe3,2
53512.15,16.473,0.009,sdss_i,SITe3,2
53512.15,16.59,0.09,Bessell_I,,11;14
53512.15,16.601,0.009,sdss_r,SITe3,2
53512.15,16.65,0.05,Bessell_R,,11;14
53512.15,18.295,0.061,sdss_u,SITe3,2
53512.15308,16.601,0.022,Standard;;CfA3_MINI;r',,5
53512.15478,16.498,0.023,Standard;;CfA3_MINI;i',,5
53512.15657,16.794,0.022,Bessell_V,,5
53512.16274,17.487,0.072,Bessell_U,,5
53512.16661,17.53,0.028,Bessell_B,,5
53512.96,17.545,0.012,Bessell_B,SITe3,2
53512.96,16.91,0.011,Bessell_V,SITe3,2
53512.96,16.506,0.009,sdss_i,SITe3,2
53512.96,16.641,0.008,sdss_r,SITe3,2
53513.14,15.71,0.053,H,,5
53513.14,16.074,0.022,J,,5
53513.14,15.943,0.073,Ks,,5
53513.15544,16.697,0.021,Standard;;CfA3_MINI;r',,5
53513.15712,16.496,0.018,Standard;;CfA3_MINI;i',,5
53513.16,17.65,0.18,Bessell_B,,11;14
53513.16,17.43,0.45,Bessell_U,,11;14
53513.16,16.9,0.07,Bessell_V,,11;14
53513.16,16.54,0.09,Bessell_I,,11;14
53513.16,16.67,0.05,Bessell_R,,11;14
53513.16135,17.443,0.255,Bessell_U,,5
53513.16508,17.438,0.189,Bessell_U,,5
53513.17255,16.636,0.031,Standard;;CfA3_MINI;r',,5
53513.17425,16.421,0.036,Standard;;CfA3_MINI;i',,5
53513.63,15.5,0.091,H,,11;14
53513.63,15.815,0.034,J,,11;14
53513.63,15.774,0.120,K,,11;14
53515.141,15.94,0.061,H,,5
53515.141,16.02,0.017,J,,5
53515.141,15.542,0.027,Ks,,5
53515.63,15.54,0.177,H,,11;14
53515.63,15.784,0.052,J,,11;14
53515.63,15.603,0.078,K,,11;14
53515.96,17.845,0.010,Bessell_B,SITe3,2
53515.96,17.104,0.009,Bessell_V,SITe3,2
53515.96,17.446,0.015,sdss_g,SITe3,2
53515.96,18.654,0.022,sdss_u,SITe3,2
53516.145,15.902,0.037,H,,5
53516.145,15.968,0.018,J,,5
53516.145,15.713,0.034,Ks,,5
53516.15816,16.833,0.017,Standard;;CfA3_MINI;r',,5
53516.16,17.9,0.05,Bessell_B,,11;14
53516.16,17.92,0.10,Bessell_U,,11;14
53516.16,17.1,0.05,Bessell_V,,11;14
53516.16,16.7,0.08,Bessell_I,,11;14
53516.16,16.81,0.04,Bessell_R,,11;14
53516.16166,17.09,0.017,Bessell_V,,5
53516.16409,18.18,0.053,Bessell_U,,5
53516.16782,18.166,0.068,Bessell_U,,5
53516.17168,17.891,0.019,Bessell_B,,5
53516.63,15.742,0.060,H,,11;14
53516.63,15.813,0.054,J,,11;14
53516.63,15.61,0.105,K,,11;14
53516.95,17.957,0.013,Bessell_B,SITe3,2
53516.95,17.178,0.010,Bessell_V,SITe3,2
53516.95,17.53,0.030,sdss_g,SITe3,2
53516.95,18.772,0.064,sdss_u,SITe3,2
53519.96,18.291,0.014,Bessell_B,SITe3,2
53519.96,17.435,0.012,Bessell_V,SITe3,2
53519.96,17.848,0.012,sdss_g,SITe3,2
53519.96,19.238,0.036,sdss_u,SITe3,2
53520.16678,18.744,0.093,Bessell_U,,5
53520.95,18.356,0.014,Bessell_B,SITe3,2
53520.95,17.506,0.014,Bessell_V,SITe3,2
53520.95,17.881,0.017,sdss_g,SITe3,2
53520.95,19.319,0.043,sdss_u,SITe3,2
53521.95,18.422,0.025,Bessell_B,SITe3,2
53521.95,17.579,0.016,Bessell_V,SITe3,2
53521.95,16.942,0.013,sdss_i,SITe3,2
53521.95,17.215,0.013,sdss_r,SITe3,2
53522.15679,17.299,0.027,Standard;;CfA3_MINI;r',,5
53522.15723,17.215,0.022,Standard;;CfA3_MINI;r',,5
53522.16,18.52,0.10,Bessell_B,,11;14
53522.16,18.13,0.33,Bessell_U,,11;14
53522.16,17.5,0.16,Bessell_V,,11;14
53522.16,17.06,0.18,Bessell_I,,11;14
53522.16,17.17,0.05,Bessell_R,,11;14
53522.16139,18.531,0.027,Bessell_B,,5
53522.16999,18.684,0.123,Bessell_U,,5
53522.1748,17.224,0.027,Standard;;CfA3_MINI;r',,5
53522.97,18.575,0.017,Bessell_B,SITe3,2
53522.97,17.685,0.016,Bessell_V,SITe3,2
53522.97,17.029,0.012,sdss_i,SITe3,2
53522.97,17.303,0.011,sdss_r,SITe3,2
53523.96,18.69,0.018,Bessell_B,SITe3,2
53523.96,17.746,0.013,Bessell_V,SITe3,2
53523.96,17.077,0.029,sdss_i,SITe3,2
53523.96,17.381,0.019,sdss_r,SITe3,2
53524.14,18.7,0.08,Bessell_B,,11;14
53524.14,18.72,0.18,Bessell_U,,11;14
53524.14,17.7,0.05,Bessell_V,,11;14
53524.14,17.2,0.09,Bessell_I,,11;14
53524.14,17.34,0.05,Bessell_R,,11;14
53524.14587,17.368,0.022,Standard;;CfA3_MINI;r',,5
53524.14756,17.172,0.025,Standard;;CfA3_MINI;i',,5
53524.14938,17.689,0.024,Bessell_V,,5
53524.15557,18.845,0.090,Bessell_U,,5
53524.15944,18.698,0.025,Bessell_B,,5
53524.95,18.757,0.034,Bessell_B,SITe3,2
53524.95,17.787,0.027,Bessell_V,SITe3,2
53524.95,17.146,0.013,sdss_i,SITe3,2
53524.95,17.438,0.011,sdss_r,SITe3,2
53525.147,16.289,0.054,H,,5
53525.147,16.427,0.175,J,,5
53525.147,15.941,0.049,Ks,,5
53525.64,16.17,0.290,J,,11;14
53525.64,15.74,0.085,K,,11;14
53525.95,18.916,0.045,Bessell_B,SITe3,2
53525.95,17.922,0.017,Bessell_V,SITe3,2
53525.95,17.222,0.013,sdss_i,SITe3,2
53525.95,17.486,0.011,sdss_r,SITe3,2
53526.14727,17.531,0.019,Standard;;CfA3_MINI;r',,5
53526.14896,17.261,0.020,Standard;;CfA3_MINI;i',,5
53526.15,19.01,0.09,Bessell_B,,11;14
53526.15,19.4,0.44,Bessell_U,,11;14
53526.15,17.86,0.05,Bessell_V,,11;14
53526.15,17.28,0.09,Bessell_I,,11;14
53526.15,17.42,0.04,Bessell_R,,11;14
53526.15076,17.91,0.019,Bessell_V,,5
53526.16081,18.943,0.031,Bessell_B,,5
53527.0,18.955,0.016,Bessell_B,SITe3,2
53527.0,18.001,0.014,Bessell_V,SITe3,2
53527.0,17.329,0.015,sdss_i,SITe3,2
53527.0,17.56,0.013,sdss_r,SITe3,2
53527.97,19.0,0.014,Bessell_B,SITe3,2
53527.97,18.086,0.012,Bessell_V,SITe3,2
53528.99,19.096,0.016,Bessell_B,SITe3,2
53528.99,18.15,0.014,Bessell_V,SITe3,2
53528.99,18.632,0.011,sdss_g,SITe3,2
53528.99,20.202,0.047,sdss_u,SITe3,2
53529.98,19.166,0.016,Bessell_B,SITe3,2
53529.98,18.205,0.017,Bessell_V,SITe3,2
53529.98,18.677,0.015,sdss_g,SITe3,2
53529.98,20.182,0.038,sdss_u,SITe3,2
53537.98,19.545,0.041,Bessell_B,SITe3,2
53537.98,18.536,0.015,Bessell_V,SITe3,2
53538.96,18.586,0.019,Bessell_V,SITe3,2
53541.96,18.66,0.020,Bessell_V,SITe3,2
53564.98,20.486,0.064,Bessell_B,SITe3,2
53564.98,19.569,0.026,Bessell_V,SITe3,2
53564.98,18.386,0.118,sdss_i,SITe3,2
53568.98,20.74,0.150,Bessell_B,SITe3,2
53568.98,19.75,0.044,Bessell_V,SITe3,2
