3.411014078226261518e+03 3.274335362609825939e+00
3.441082013469896992e+03 3.432806849988571773e+00
3.471149948713532467e+03 2.838086746424200779e+00
3.501217883957167487e+03 3.003326604645598419e+00
3.531285819200802962e+03 2.978418409148989809e+00
3.561353754444438437e+03 2.903135110188204138e+00
3.591421689688073457e+03 2.892462946239430899e+00
3.621489624931708931e+03 2.811064948589787171e+00
3.651557560175344406e+03 2.877475212606954269e+00
3.681625495418979881e+03 2.847077032141299924e+00
3.711693430662615356e+03 2.858886023546113542e+00
3.741761365906250376e+03 2.593228199199798745e+00
3.771829301149885850e+03 2.554173826869586161e+00
3.801897236393521325e+03 2.421820430712922967e+00
3.831965171637156800e+03 2.341920732263962801e+00
3.862033106880791820e+03 2.539679512978002318e+00
3.892101042124427295e+03 2.911374456840879255e+00
3.922168977368062770e+03 2.882873108302562937e+00
3.952236912611698244e+03 2.913692966441480792e+00
3.982304847855333719e+03 2.726048436559765253e+00
4.012372783098968739e+03 2.565123421336149345e+00
4.042440718342604214e+03 2.565261982174285471e+00
4.072508653586239689e+03 2.546159825521256970e+00
4.102576588829875618e+03 2.585291153890586724e+00
4.132644524073510183e+03 2.520177515563659654e+00
4.162712459317146568e+03 2.385548193601410460e+00
4.192780394560781133e+03 2.248476098745934681e+00
4.222848329804415698e+03 2.196214282455877687e+00
4.252916265048052082e+03 2.129271393992338446e+00
4.282984200291686648e+03 2.010544866742424830e+00
4.313052135535323032e+03 1.981794446604417503e+00
4.343120070778957597e+03 1.860607360823341105e+00
4.373188006022593981e+03 1.848993321084194452e+00
4.403255941266228547e+03 1.880936399485266364e+00
4.433323876509864931e+03 1.887504695526501575e+00
4.463391811753499496e+03 1.925683029810854707e+00
4.493459746997134062e+03 1.965193452058431545e+00
4.523527682240770446e+03 1.982419069488487340e+00
4.553595617484405011e+03 2.001160372079905603e+00
4.583663552728041395e+03 1.948659694127358399e+00
4.613731487971675961e+03 1.981834596001596172e+00
4.643799423215312345e+03 1.891809855434374299e+00
4.673867358458946910e+03 1.810488450480887135e+00
4.703935293702583294e+03 1.749031023366531379e+00
4.734003228946217860e+03 1.700198456108524603e+00
4.764071164189852425e+03 1.626563244484049431e+00
4.794139099433488809e+03 1.558004769712050486e+00
4.824207034677123374e+03 1.592377231818241201e+00
4.854274969920759759e+03 1.454276494873330661e+00
4.884342905164394324e+03 1.359874161978982254e+00
4.914410840408030708e+03 1.424761855485678463e+00
4.944478775651665273e+03 1.485608339578441628e+00
4.974546710895300748e+03 1.497502716579065085e+00
5.004614646138936223e+03 1.502222105629503535e+00
5.034682581382570788e+03 1.454122001446359169e+00
5.064750516626207173e+03 1.501740476367692478e+00
5.094818451869841738e+03 1.507169310716420796e+00
5.124886387113478122e+03 1.525014228056170040e+00
5.154954322357112687e+03 1.518423168578434845e+00
5.185022257600749072e+03 1.529495245957114502e+00
5.215090192844383637e+03 1.505829374545242239e+00
5.245158128088019112e+03 1.460033028238487907e+00
5.275226063331654586e+03 1.352194127313157024e+00
5.305293998575289152e+03 1.270561918790922507e+00
5.335361933818925536e+03 1.290490281002724116e+00
5.365429869062560101e+03 1.301801201876746417e+00
5.395497804306196485e+03 1.307843322809165043e+00
5.425565739549831051e+03 1.259787582801546124e+00
5.455633674793467435e+03 1.231124074299783988e+00
5.485701610037102000e+03 1.175856230858524976e+00
5.515769545280737475e+03 1.134282856281890073e+00
5.545837480524372950e+03 1.176993803167634800e+00
5.575905415768007515e+03 1.196696020720577014e+00
5.605973351011643899e+03 1.173114553878519928e+00
5.636041286255278465e+03 1.159500311139660900e+00
5.666109221498914849e+03 1.134458132926224438e+00
5.696177156742549414e+03 1.137299347710366115e+00
5.726245091986185798e+03 1.044399074616346512e+00
5.756313027229820364e+03 1.056165936404844574e+00
5.786380962473455838e+03 1.086827177174184644e+00
5.816448897717091313e+03 1.084646737898721902e+00
5.846516832960725878e+03 1.105520155151804351e+00
5.876584768204362263e+03 1.122939361711423834e+00
5.906652703447996828e+03 1.124787687353483223e+00
5.936720638691633212e+03 1.075520343908472620e+00
5.966788573935267777e+03 1.062373142211544774e+00
5.996856509178904162e+03 1.017595427895652271e+00
6.026924444422538727e+03 1.026882383140319766e+00
6.056992379666174202e+03 1.002419337272249633e+00
6.087060314909809676e+03 9.239379480711329418e-01
6.117128250153444242e+03 8.510719153277191973e-01
6.147196185397080626e+03 8.407910899149746431e-01
6.177264120640715191e+03 8.222685561203095794e-01
6.207332055884351576e+03 8.810174794669897169e-01
6.237399991127986141e+03 9.480992194430342135e-01
6.267467926371621616e+03 9.852627186704671081e-01
6.297535861615257090e+03 9.630033478602088026e-01
6.327603796858892565e+03 9.923571716533701181e-01
6.357671732102528040e+03 9.596519632246781617e-01
6.387739667346162605e+03 9.817854538661353603e-01
6.417807602589798989e+03 9.913872094521199996e-01
6.447875537833433555e+03 9.603242385380693635e-01
6.477943473077069939e+03 9.919383825566456814e-01
6.508011408320704504e+03 9.874125826357708080e-01
6.538079343564339979e+03 1.010043798632206391e+00
6.568147278807975454e+03 1.035951169104119662e+00
6.598215214051610928e+03 9.979803399847321232e-01
6.628283149295246403e+03 9.678679287578194623e-01
6.658351084538880968e+03 9.757742534196885975e-01
6.688419019782517353e+03 1.002019660015267988e+00
6.718486955026151918e+03 8.858232896406762480e-01
6.748554890269788302e+03 8.135362984068882364e-01
6.778622825513422868e+03 8.044783400633230830e-01
6.808690760757058342e+03 7.723180189059333234e-01
6.838758696000693817e+03 7.832084248041667474e-01
6.868826631244329292e+03 7.858098150669715620e-01
6.898894566487964767e+03 7.996766538322427342e-01
6.928962501731599332e+03 7.787790561051128879e-01
6.959030436975235716e+03 6.560684369547187256e-01
6.989098372218870281e+03 6.213442406952364161e-01
7.019166307462506666e+03 6.234593509063308669e-01
7.049234242706141231e+03 6.140035865220326849e-01
7.079302177949776706e+03 5.964582091192434099e-01
7.109370113193412180e+03 6.741147189633941439e-01
7.139438048437047655e+03 7.192093773440730864e-01
7.169505983680683130e+03 7.492434881629130849e-01
7.199573918924317695e+03 7.756386465598243962e-01
7.229641854167954079e+03 7.834788791371068983e-01
7.259709789411588645e+03 7.504133798283941781e-01
7.289777724655225029e+03 7.256630386811464550e-01
7.319845659898859594e+03 7.081613896037005640e-01
7.349913595142495069e+03 6.902059433352482065e-01
7.470185336117036059e+03 5.675514606723119915e-01
7.500253271360672443e+03 5.110041958300109988e-01
7.530321206604307008e+03 4.901872784073471601e-01
7.560389141847942483e+03 5.205558645888366254e-01
7.590457077091577958e+03 5.212640381867639228e-01
7.620525012335213432e+03 5.291859865959511744e-01
7.650592947578848907e+03 5.368163159447263411e-01
7.680660882822484382e+03 5.573943353706033443e-01
7.710728818066119857e+03 6.008524788882751988e-01
7.740796753309755331e+03 6.279582271138035576e-01
7.770864688553390806e+03 6.323303692965170919e-01
7.800932623797025371e+03 6.623304712142175088e-01
7.831000559040660846e+03 6.813671897999893368e-01
7.861068494284296321e+03 6.632706937941185155e-01
7.891136429527931796e+03 5.190810191762786907e-01
7.921204364771567271e+03 4.612015755350138413e-01
7.951272300015202745e+03 5.219515012359201567e-01
7.981340235258838220e+03 4.584037257332546633e-01
8.011408170502473695e+03 5.257232191757590378e-01
8.041476105746109170e+03 4.752714685139797224e-01
8.071544040989743735e+03 5.035653300544780109e-01
8.101611976233379210e+03 4.971869170446054920e-01
8.131679911477014684e+03 5.522115750421392466e-01
8.161747846720650159e+03 5.428746964746449244e-01
8.191815781964285634e+03 5.334649313091957001e-01
8.221883717207922018e+03 5.046187521338451054e-01
8.251951652451556583e+03 4.714104227072055120e-01
8.282019587695191149e+03 5.106225040495935286e-01
8.312087522938827533e+03 5.277257839047171384e-01
8.342155458182462098e+03 5.192820205022442570e-01
8.372223393426098482e+03 5.341528848713492650e-01
8.402291328669733048e+03 5.382964843316614401e-01
8.432359263913367613e+03 5.541507727587176024e-01
8.462427199157003997e+03 5.517667705894148122e-01
8.492495134400640382e+03 5.965805466941758173e-01
8.522563069644274947e+03 5.635527442176555546e-01
8.552631004887909512e+03 6.074231003244597860e-01
8.582698940131545896e+03 5.868389949039878317e-01
8.612766875375180462e+03 6.232600572922813997e-01
8.642834810618816846e+03 5.610424440351466924e-01
8.672902745862451411e+03 5.364027408194905755e-01
8.702970681106085976e+03 3.951033504526608175e-01
8.733038616349722361e+03 3.470012297160839920e-01
8.763106551593358745e+03 4.302009906073482881e-01
8.793174486836993310e+03 4.136596751426888652e-01
8.823242422080627875e+03 3.375673440281759530e-01
8.853310357324262441e+03 3.497576438865829807e-01
8.883378292567898825e+03 3.286664733803228988e-01
8.913446227811535209e+03 3.327180580525038733e-01
8.943514163055169774e+03 3.732511054300823861e-01
8.973582098298804340e+03 3.305454415509890276e-01
9.003650033542440724e+03 2.558527020716889200e-01
