3.726134884479990433e+03 6.018717131474102811e-01
3.756264360435216986e+03 5.752083665338645346e-01
3.786393836390443539e+03 5.419223107569720588e-01
3.816523312345670092e+03 5.664127490039840840e-01
3.846652788300896646e+03 7.256633466135458121e-01
3.876782264256123199e+03 8.613027888446214142e-01
3.906911740211349752e+03 1.054784860557768766e+00
3.937041216166576305e+03 1.196629482071713158e+00
3.967170692121802858e+03 1.213235059760956025e+00
3.997300168077029412e+03 1.316705179282868343e+00
4.027429644032255965e+03 1.292239043824701117e+00
4.057559119987482518e+03 1.272478087649402401e+00
4.087688595942709071e+03 1.206175298804780693e+00
4.117818071897936534e+03 1.123374501992031815e+00
4.147947547853162177e+03 1.047625498007968003e+00
4.178077023808389640e+03 9.515258964143425979e-01
4.208206499763615284e+03 9.113346613545815211e-01
4.238335975718842747e+03 8.905139442231077007e-01
4.268465451674068390e+03 9.202629482071713607e-01
4.298594927629295853e+03 9.063585657370517579e-01
4.328724403584521497e+03 1.015741035856573715e+00
4.358853879539748959e+03 1.002701195219123598e+00
4.388983355494974603e+03 9.902868525896413310e-01
4.419112831450202066e+03 1.000000000000000000e+00
4.449242307405427709e+03 1.043270916334661402e+00
4.479371783360655172e+03 1.102274900398406476e+00
4.509501259315880816e+03 1.161000000000000032e+00
4.539630735271108279e+03 1.211717131474103537e+00
4.569760211226333922e+03 1.318916334661354606e+00
4.599889687181561385e+03 1.418856573705179036e+00
4.630019163136787029e+03 1.370621513944223047e+00
4.660148639092014491e+03 1.231410358565737218e+00
4.690278115047240135e+03 1.194749003984063807e+00
4.720407591002467598e+03 1.082725099601593355e+00
4.750537066957693241e+03 1.015011952191235078e+00
4.780666542912920704e+03 9.612231075697210692e-01
4.810796018868146348e+03 9.499043824701193239e-01
4.840925494823373811e+03 9.229601593625497147e-01
4.871054970778599454e+03 9.358565737051792732e-01
4.901184446733826917e+03 9.782231075697211953e-01
4.931313922689052561e+03 1.037689243027888342e+00
4.961443398644280023e+03 1.103127490039840453e+00
4.991572874599505667e+03 1.000326693227091779e+00
5.021702350554733130e+03 1.022756972111553697e+00
5.051831826509958773e+03 9.826693227091634064e-01
5.081961302465186236e+03 9.895139442231074556e-01
5.112090778420411880e+03 1.039195219123505876e+00
5.142220254375639342e+03 1.073382470119521814e+00
5.172349730330864986e+03 1.137780876494023818e+00
5.202479206286092449e+03 1.236059760956175202e+00
5.232608682241318093e+03 1.287545816733067783e+00
5.262738158196545555e+03 1.310111553784860439e+00
5.292867634151771199e+03 1.331418326693226906e+00
5.322997110106998662e+03 1.344039840637450078e+00
5.353126586062224305e+03 1.275888446215139416e+00
5.383256062017451768e+03 1.249681274900398265e+00
5.413385537972678321e+03 1.206462151394422255e+00
5.443515013927904874e+03 1.169003984063744950e+00
5.473644489883131428e+03 1.145123505976095579e+00
5.503773965838357981e+03 1.050235059760956213e+00
5.533903441793584534e+03 1.003111553784860499e+00
5.564032917748811087e+03 9.656414342629482395e-01
5.594162393704037640e+03 9.913426294820717466e-01
5.624291869659264194e+03 9.935617529880477194e-01
5.654421345614490747e+03 9.942390438247010742e-01
5.684550821569717300e+03 8.736454183266931794e-01
5.714680297524943853e+03 7.679816733067729162e-01
5.744809773480170406e+03 6.780816733067729363e-01
5.774939249435396960e+03 6.531852589641434781e-01
5.805068725390623513e+03 7.390868525896413521e-01
5.835198201345850066e+03 8.167131474103583866e-01
5.865327677301076619e+03 9.282749003984063219e-01
5.895457153256303172e+03 9.646294820717131735e-01
5.925586629211529726e+03 1.006426294820716993e+00
5.955716105166756279e+03 9.804661354581672983e-01
5.985845581121982832e+03 8.962470119521913636e-01
6.015975057077209385e+03 8.549960159362549605e-01
6.046104533032435938e+03 8.630956175298805100e-01
6.076234008987662492e+03 8.799999999999998934e-01
6.106363484942889045e+03 9.414422310756971335e-01
6.136492960898115598e+03 9.855458167330675145e-01
6.166622436853342151e+03 1.033254980079681307e+00
6.196751912808569614e+03 1.070741035856573653e+00
6.226881388763795258e+03 1.096589641434262852e+00
6.257010864719022720e+03 1.147314741035856622e+00
6.287140340674248364e+03 1.157745019920318530e+00
6.317269816629475827e+03 1.214749003984063824e+00
6.347399292584701470e+03 1.201549800796812839e+00
6.377528768539928933e+03 1.160422310756971997e+00
6.407658244495154577e+03 1.133653386454183121e+00
6.437787720450382039e+03 1.123318725099601512e+00
6.467917196405607683e+03 1.161924302788844621e+00
6.498046672360835146e+03 1.129482071713147295e+00
6.528176148316060790e+03 1.140334661354581502e+00
6.558305624271288252e+03 1.235936254980079418e+00
6.588435100226513896e+03 1.117179282868525636e+00
6.618564576181741359e+03 1.060804780876493991e+00
6.648694052136967002e+03 1.024525896414342663e+00
6.678823528092194465e+03 9.422470119521911824e-01
6.708953004047420109e+03 9.152310756972110717e-01
6.739082480002647571e+03 8.667011952191233659e-01
6.769211955957873215e+03 8.291195219123504989e-01
6.799341431913100678e+03 7.542262948207170137e-01
6.829470907868326321e+03 7.473900398406373435e-01
6.859600383823553784e+03 7.004501992031871849e-01
6.889729859778779428e+03 7.126960159362548675e-01
6.919859335734006891e+03 7.255916334661354217e-01
6.949988811689232534e+03 7.022239043824700655e-01
6.980118287644459997e+03 7.208119521912350613e-01
7.010247763599685641e+03 7.681494023904381629e-01
7.040377239554913103e+03 7.886063745019920024e-01
7.070506715510139657e+03 7.723338645418326154e-01
7.100636191465366210e+03 8.482270916334659905e-01
7.130765667420592763e+03 9.425577689243026525e-01
7.160895143375819316e+03 1.108203187250995869e+00
7.191024619331045869e+03 1.253737051792828794e+00
7.221154095286272423e+03 1.284438247011951972e+00
7.251283571241498976e+03 1.524334661354581621e+00
7.281413047196725529e+03 1.672772908366533695e+00
7.311542523151952082e+03 1.720015936254980060e+00
7.341671999107178635e+03 1.594458167330677245e+00
7.492319378883311401e+03 6.987557768924302914e-01
7.522448854838537954e+03 6.708067729083665443e-01
7.552578330793764508e+03 6.539693227091631922e-01
7.582707806748991061e+03 6.657609561752988458e-01
7.612837282704217614e+03 7.009099601593624662e-01
7.642966758659444167e+03 6.420239043824700342e-01
7.673096234614670720e+03 7.239262948207171311e-01
7.703225710569897274e+03 8.267689243027888102e-01
7.733355186525123827e+03 9.350278884462149831e-01
7.763484662480350380e+03 1.045585657370517563e+00
7.793614138435576933e+03 1.030509960159362359e+00
7.823743614390803486e+03 9.504541832669320955e-01
7.853873090346030040e+03 8.685019920318723941e-01
7.884002566301256593e+03 8.288247011952190046e-01
7.914132042256483146e+03 7.696119521912350159e-01
7.944261518211709699e+03 7.135223107569720336e-01
7.974390994166936252e+03 7.295430278884461606e-01
8.004520470122162806e+03 7.564330677290835858e-01
8.034649946077389359e+03 7.072884462151394214e-01
8.064779422032615912e+03 6.966215139442231141e-01
8.094908897987842465e+03 6.978996015936255182e-01
8.125038373943069018e+03 6.950820717131473980e-01
8.155167849898295572e+03 6.637071713147409957e-01
8.185297325853522125e+03 6.449111553784859785e-01
8.215426801808749588e+03 5.724633466135456983e-01
8.245556277763975231e+03 5.029386454183265576e-01
8.275685753719200875e+03 5.199980079681274514e-01
8.305815229674428338e+03 5.370235059760956053e-01
8.335944705629655800e+03 6.046605577689242450e-01
8.366074181584881444e+03 7.428278884462150566e-01
8.396203657540107088e+03 9.167490039840637817e-01
8.426333133495334550e+03 1.176326693227091491e+00
8.456462609450562013e+03 1.276490039840637580e+00
8.486592085405787657e+03 1.586087649402390332e+00
8.516721561361013300e+03 1.957151394422310675e+00
8.546851037316242582e+03 2.204159362549800605e+00
8.576980513271468226e+03 2.597063745019920322e+00
8.607109989226693870e+03 2.764494023904382480e+00
8.637239465181921332e+03 2.937027888446214874e+00
8.667368941137148795e+03 2.807019920318724715e+00
8.697498417092374439e+03 2.496565737051792855e+00
8.727627893047600082e+03 2.103569721115537750e+00
8.757757369002827545e+03 1.999266932270915786e+00
8.787886844958055008e+03 1.755406374501991662e+00
8.818016320913280651e+03 1.435227091633465957e+00
8.848145796868506295e+03 1.231055776892430176e+00
8.878275272823733758e+03 1.056756972111553727e+00
8.908404748778961221e+03 9.667490039840637150e-01
