3.247768303013453988e+03 7.068129248827341726e+00
3.277796031578441216e+03 7.328175965717203866e+00
3.307823760143429354e+03 7.589157191351064924e+00
3.337851488708416582e+03 6.939655095045664801e+00
3.367879217273404720e+03 6.761858538453966005e+00
3.397906945838391948e+03 6.461002565482923288e+00
3.427934674403379631e+03 6.608238121945128718e+00
3.457962402968367314e+03 6.394653584304013982e+00
3.487990131533354543e+03 5.990632974397452237e+00
3.518017860098342680e+03 6.042139791396563986e+00
3.548045588663329909e+03 5.787017194818433907e+00
3.578073317228318047e+03 5.430519317620576381e+00
3.608101045793305275e+03 5.294127766434353788e+00
3.638128774358293413e+03 5.351989527803842961e+00
3.668156502923280641e+03 5.422254641951379739e+00
3.698184231488268779e+03 5.558154635840033997e+00
3.728211960053256007e+03 5.496179440494230128e+00
3.758239688618244145e+03 5.275238894481854679e+00
3.788267417183231373e+03 4.983088725194740221e+00
3.818295145748219056e+03 4.857469495625972300e+00
3.848322874313206739e+03 4.831313393632890474e+00
3.878350602878194422e+03 4.963295260174500179e+00
3.908378331443182105e+03 4.937386689034094722e+00
3.938406060008169788e+03 4.487304285591569908e+00
3.968433788573157472e+03 4.231175753030992581e+00
3.998461517138144700e+03 4.424948733790511568e+00
4.028489245703132838e+03 4.546791265933124215e+00
4.058516974268120066e+03 4.438734333267187360e+00
4.088544702833108204e+03 4.161337179444625001e+00
4.118572431398095432e+03 3.764463196666653300e+00
4.148600159963083570e+03 3.541496846531583920e+00
4.178627888528070798e+03 3.361267661111230431e+00
4.208655617093058027e+03 3.350903047424467207e+00
4.238683345658046164e+03 3.501773045149450869e+00
4.268711074223034302e+03 3.582877862413816228e+00
4.298738802788021530e+03 3.651571292404224955e+00
4.328766531353008759e+03 3.636055512668505241e+00
4.358794259917996897e+03 3.490664642277602869e+00
4.388821988482985034e+03 3.240774724843444865e+00
4.418849717047972263e+03 3.055572243437818525e+00
4.448877445612959491e+03 3.047938874010984289e+00
4.478905174177947629e+03 2.929146316290466956e+00
4.508932902742934857e+03 2.961669727800110952e+00
4.538960631307922995e+03 3.085182380920294065e+00
4.568988359872910223e+03 3.327077690014047739e+00
4.599016088437898361e+03 3.391744726400484744e+00
4.629043817002885589e+03 3.293801970474367291e+00
4.659071545567872818e+03 3.110216616562657688e+00
4.689099274132860955e+03 2.985212396315470862e+00
4.719127002697849093e+03 2.878746607241787547e+00
4.749154731262836322e+03 2.799851105405605889e+00
4.779182459827823550e+03 2.706870505436747010e+00
4.809210188392811688e+03 2.669975900785941381e+00
4.839237916957799825e+03 2.627735906119479381e+00
4.869265645522787054e+03 2.548324116693360786e+00
4.899293374087774282e+03 2.452985905015448775e+00
4.929321102652762420e+03 2.410686933730081360e+00
4.959348831217749648e+03 2.337834142077524380e+00
4.989376559782737786e+03 2.272662157567006513e+00
5.019404288347725014e+03 2.290968072708199355e+00
5.049432016912713152e+03 2.332002636568267118e+00
5.079459745477700380e+03 2.321570783837727969e+00
5.109487474042687609e+03 2.296323833491625610e+00
5.139515202607675747e+03 2.252033389883458803e+00
5.169542931172663884e+03 2.193167345016497016e+00
5.199570659737651113e+03 2.149839616361367778e+00
5.229598388302638341e+03 2.076646469786378013e+00
5.259626116867626479e+03 2.067065247941837214e+00
5.289653845432613707e+03 1.990434505253833697e+00
5.319681573997601845e+03 1.925328734106762862e+00
5.349709302562589073e+03 1.914153120682259734e+00
5.379737031127577211e+03 1.861734701799826697e+00
5.409764759692564439e+03 1.836510715296640228e+00
5.439792488257552577e+03 1.769723797108464725e+00
5.589931131082490538e+03 1.689503429689827252e+00
5.619958859647477766e+03 1.706248800701906987e+00
5.649986588212465904e+03 1.693772339709313624e+00
5.680014316777453132e+03 1.647526949394499729e+00
5.710042045342441270e+03 1.585621329364330423e+00
5.740069773907428498e+03 1.583526434275045469e+00
5.770097502472416636e+03 1.599482430309651537e+00
5.800125231037403864e+03 1.588221770891220963e+00
5.830152959602392002e+03 1.531062344126861818e+00
5.860180688167379230e+03 1.521324905470024635e+00
5.890208416732367368e+03 1.485650148132456883e+00
5.920236145297354597e+03 1.460981795456264498e+00
5.950263873862342734e+03 1.418389080721184303e+00
5.980291602427329963e+03 1.395349650862689694e+00
6.010319330992317191e+03 1.368193880933614048e+00
6.040347059557305329e+03 1.338824863801761245e+00
6.070374788122292557e+03 1.308656499800348705e+00
6.100402516687280695e+03 1.271457723949820817e+00
6.130430245252267923e+03 1.240768542270352048e+00
6.160457973817256061e+03 1.216856543363271426e+00
6.190485702382243289e+03 1.203657889454738505e+00
6.220513430947231427e+03 1.186016102326428179e+00
6.250541159512218655e+03 1.172042290509422546e+00
6.280568888077206793e+03 1.114218479312098831e+00
6.310596616642194022e+03 1.105417344339832963e+00
6.340624345207182159e+03 1.085612397398133755e+00
6.370652073772169388e+03 1.062118420207269986e+00
6.400679802337157525e+03 1.101626429844676514e+00
6.430707530902144754e+03 1.108254433111468318e+00
6.460735259467131982e+03 1.127481865045825593e+00
6.490762988032120120e+03 1.121877006398108501e+00
6.520790716597107348e+03 1.116482497691150710e+00
6.550818445162095486e+03 1.138802612236850642e+00
6.580846173727082714e+03 1.158868623313343393e+00
6.610873902292070852e+03 1.113873565810427735e+00
6.640901630857058080e+03 1.115612749263469095e+00
6.670929359422046218e+03 1.095522207332446207e+00
6.700957087987033447e+03 1.083397896586065556e+00
6.730984816552021584e+03 1.070220212142032334e+00
6.761012545117008813e+03 1.042335667848240943e+00
6.791040273681996950e+03 1.016196033722659653e+00
6.821068002246984179e+03 9.838039662773403471e-01
6.851095730811972317e+03 9.542124904786237760e-01
6.881123459376959545e+03 9.403266877320513029e-01
6.911151187941946773e+03 9.498991058204366844e-01
6.941178916506934911e+03 9.402112417128234423e-01
6.971206645071922139e+03 9.097213554194598650e-01
7.001234373636910277e+03 9.103447411303937642e-01
7.031262102201897505e+03 9.209788523235434843e-01
7.061289830766885643e+03 9.199396956948920900e-01
7.091317559331872872e+03 9.315217634407927383e-01
7.121345287896861009e+03 9.420319952431226440e-01
7.151373016461848238e+03 9.106355784858422009e-01
7.181400745026836375e+03 8.873067073367910673e-01
7.211428473591823604e+03 8.581946801095370336e-01
7.241456202156811742e+03 8.502549171756010882e-01
7.271483930721798970e+03 8.246581528551450990e-01
7.301511659286787108e+03 8.134479797017862834e-01
7.331539387851774336e+03 8.160320958167771588e-01
7.481678030676712297e+03 7.269290518397357737e-01
7.511705759241700434e+03 7.159822506019104527e-01
7.541733487806687663e+03 7.029571361067825652e-01
7.571761216371674891e+03 7.036208652439815969e-01
7.601788944936663029e+03 7.035658488907908792e-01
7.631816673501651167e+03 7.097412707125102527e-01
7.661844402066638395e+03 6.930336789258733088e-01
7.691872130631625623e+03 6.865549691291590317e-01
7.721899859196613761e+03 6.839846712074865165e-01
7.751927587761601899e+03 6.930223394600162345e-01
7.781955316326589127e+03 6.769438885906027270e-01
7.811983044891576355e+03 6.710860003040002297e-01
7.842010773456564493e+03 6.540858901858204177e-01
7.872038502021552631e+03 6.395259875342801381e-01
7.902066230586539859e+03 6.259993723406210853e-01
7.932093959151527088e+03 6.222627619206491101e-01
7.962121687716515225e+03 6.269022274500262171e-01
7.992149416281502454e+03 6.183237505824653590e-01
8.022177144846489682e+03 6.141482059640176461e-01
8.052204873411477820e+03 6.294500743689466216e-01
8.082232601976465958e+03 6.341182589475294895e-01
8.112260330541453186e+03 6.215226195989561608e-01
8.142288059106440414e+03 6.125887160063541170e-01
8.172315787671428552e+03 5.976829311550541091e-01
8.202343516236416690e+03 5.926153580528941145e-01
8.232371244801404828e+03 5.852765868093806612e-01
8.262398973366391147e+03 5.690671109761897828e-01
8.292426701931379284e+03 5.630079927564175524e-01
8.322454430496367422e+03 5.578561856572566979e-01
8.352482159061353741e+03 5.520377347792956302e-01
8.382509887626341879e+03 5.467363863373112531e-01
8.412537616191330017e+03 5.470110179435649922e-01
8.442565344756316335e+03 5.321774181945148063e-01
8.472593073321306292e+03 5.308991811794497861e-01
8.502620801886292611e+03 5.189184599808739362e-01
8.532648530451278930e+03 5.219844976965641870e-01
8.562676259016268887e+03 5.191186784792750641e-01
8.592703987581255205e+03 5.145970465250021553e-01
8.622731716146243343e+03 5.064781399743095713e-01
8.652759444711231481e+03 5.056246229378305035e-01
8.682787173276217800e+03 5.057346983808924668e-01
8.712814901841207757e+03 4.912832984625764010e-01
8.742842630406194075e+03 4.932285553392287691e-01
8.772870358971180394e+03 4.797764073865508627e-01
8.802898087536170351e+03 4.739120715594372646e-01
8.832925816101156670e+03 4.766371076042656973e-01
8.862953544666142989e+03 4.686861903967545762e-01
8.892981273231132946e+03 4.575751862856282659e-01
8.923009001796119264e+03 4.599079081520360268e-01
8.953036730361107402e+03 4.562608111336460270e-01
8.983064458926095540e+03 4.601932239283813009e-01
9.013092187491081859e+03 4.588721419666936252e-01
9.043119916056071816e+03 4.634686343394069930e-01
9.073147644621058134e+03 4.824927166012487056e-01
9.103175373186044453e+03 4.699377654214954569e-01
9.133203101751034410e+03 4.664774419418635798e-01
9.163230830316020729e+03 4.674571660936865380e-01
9.193258558881008867e+03 4.619125319759403991e-01
9.223286287445997004e+03 4.479502818555297639e-01
9.253314016010983323e+03 4.562203281008915812e-01
9.283341744575971461e+03 4.460513145019374681e-01
9.313369473140959599e+03 4.384619296665356880e-01
9.343397201705945918e+03 4.324209973288150044e-01
9.373424930270935874e+03 4.149033175202867518e-01
9.403452658835922193e+03 4.187737279391475775e-01
9.433480387400908512e+03 4.045427153832532596e-01
9.463508115965898469e+03 4.144423254965183268e-01
9.493535844530884788e+03 4.101431180197645521e-01
9.523563573095872925e+03 4.139060314419455988e-01
9.553591301660861063e+03 4.001096594727062694e-01
9.583619030225847382e+03 3.897768390270225369e-01
9.613646758790837339e+03 3.787501173478015071e-01
9.643674487355823658e+03 3.704624635901290208e-01
9.673702215920809977e+03 3.719872969491281323e-01
9.703729944485799933e+03 3.717890329415757256e-01
9.733757673050786252e+03 3.551912174412381051e-01
9.763785401615772571e+03 3.635316225080419961e-01
9.793813130180762528e+03 3.575864830148050011e-01
9.823840858745748847e+03 3.531602535766684148e-01
9.853868587310736984e+03 3.479091036394414416e-01
9.883896315875725122e+03 3.486051787454533812e-01
9.913924044440711441e+03 3.576328437656656756e-01
9.943951773005701398e+03 3.223723900531230702e-01
9.973979501570687717e+03 3.205724492861620756e-01
1.000400723013567404e+04 3.212417626829290329e-01
1.003403495870066399e+04 3.273475294138764036e-01
1.006406268726565031e+04 3.238836046566457294e-01
1.009409041583063663e+04 2.897712576165668019e-01
1.012411814439562659e+04 3.059358228969172866e-01
1.015414587296061291e+04 2.763333751677948813e-01
1.018417360152560104e+04 2.861051598700862231e-01
1.021420133009058918e+04 3.050821861977331961e-01
1.024422905865557550e+04 2.638986394207983310e-01
1.027425678722056546e+04 2.821871151472898909e-01
1.030428451578555178e+04 2.407707275392746704e-01
1.033431224435053809e+04 2.742192314776734641e-01
1.036433997291552805e+04 2.434665573367412461e-01
