3.915324536343626278e+03 3.516941363111374841e+00
3.945449693245488561e+03 2.870595945164926999e+00
3.975574850147351754e+03 2.860486589739438035e+00
4.005700007049214491e+03 3.088878494904029992e+00
4.035825163951077229e+03 3.112729727352655296e+00
4.065950320852940422e+03 3.033295904628386719e+00
4.096075477754802705e+03 2.826854935228035881e+00
4.126200634656665898e+03 2.582324058411155754e+00
4.156325791558529090e+03 2.484041417508864313e+00
4.186450948460391373e+03 2.399163743487918055e+00
4.216576105362253656e+03 2.414262605305138365e+00
4.246701262264116849e+03 2.493471897237538037e+00
4.276826419165980042e+03 2.596927572607077739e+00
4.306951576067842325e+03 2.525620968942462685e+00
4.337076732969705517e+03 2.407710872629589272e+00
4.367201889871568710e+03 2.371317740076964498e+00
4.397327046773430993e+03 2.210955101196838246e+00
4.427452203675293276e+03 2.136675997426297435e+00
4.457577360577156469e+03 2.151129983272590973e+00
4.487702517479019662e+03 2.173675157999792606e+00
4.517827674380881945e+03 2.230174912118167541e+00
4.547952831282745137e+03 2.418166337391441711e+00
4.578077988184608330e+03 2.545407441961939909e+00
4.608203145086470613e+03 2.500567874154189685e+00
4.638328301988333806e+03 2.373210453641497963e+00
4.668453458890196998e+03 2.199441314680930404e+00
4.698578615792059281e+03 2.076215554947110409e+00
4.728703772693921564e+03 1.978997037092747657e+00
4.758828929595784757e+03 1.929388349903797151e+00
4.788954086497647950e+03 1.861903762957475061e+00
4.819079243399510233e+03 1.846382069692393602e+00
4.849204400301373425e+03 1.814925796789584878e+00
4.879329557203236618e+03 1.736647985464443877e+00
4.909454714105098901e+03 1.654873692883024328e+00
4.939579871006961184e+03 1.582367961774445719e+00
4.969705027908824377e+03 1.570586528421833661e+00
4.999830184810687570e+03 1.564289141044889364e+00
5.029955341712549853e+03 1.568867750079016909e+00
5.060080498614413045e+03 1.591479018118580280e+00
5.090205655516276238e+03 1.580847815590128214e+00
5.120330812418138521e+03 1.567425693454037372e+00
5.150455969320000804e+03 1.552990375342677698e+00
5.180581126221863997e+03 1.494955288081376343e+00
5.210706283123727189e+03 1.426045965516073322e+00
5.240831440025589472e+03 1.443009694687226840e+00
5.270956596927452665e+03 1.363902691997187722e+00
5.301081753829315858e+03 1.333322062248090578e+00
5.331206910731178141e+03 1.309353933727883446e+00
5.361332067633041333e+03 1.264533634503361093e+00
5.391457224534903617e+03 1.251061414050878673e+00
5.421582381436766809e+03 1.205661772757310457e+00
5.451707538338629092e+03 1.142593918027096089e+00
5.481832695240492285e+03 1.102935734405992463e+00
5.511957852142355478e+03 1.074449578934838945e+00
5.542083009044217761e+03 1.047499191703652466e+00
5.572208165946080953e+03 1.043984850749801740e+00
5.602333322847944146e+03 1.062415789298664093e+00
5.632458479749806429e+03 1.054909184370195652e+00
5.662583636651668712e+03 1.035997463591442402e+00
5.692708793553531905e+03 1.019777045916930414e+00
5.722833950455395097e+03 1.010432528932140306e+00
5.752959107357257380e+03 1.000000000000000000e+00
5.783084264259120573e+03 1.014094595690736789e+00
5.813209421160983766e+03 9.919440539793820122e-01
5.843334578062846049e+03 9.726245229601225839e-01
5.873459734964708332e+03 9.381898036251662409e-01
5.903584891866571525e+03 9.188044486393323051e-01
5.933710048768434717e+03 8.915715591153399178e-01
5.963835205670297000e+03 8.813621106516003056e-01
5.993960362572160193e+03 8.571545544456091736e-01
6.024085519474023386e+03 8.314099039896224452e-01
6.054210676375885669e+03 8.127823637351175856e-01
6.084335833277748861e+03 7.815161660823416456e-01
6.114460990179611144e+03 7.685295139271973719e-01
6.144586147081474337e+03 7.336081281928483744e-01
6.174711303983336620e+03 7.292822691015112824e-01
6.204836460885199813e+03 6.980886704977996571e-01
6.234961617787063005e+03 6.947191132639436439e-01
6.265086774688925289e+03 6.764754114748972036e-01
6.295211931590788481e+03 6.494420243034847440e-01
6.325337088492650764e+03 6.531057692935237080e-01
6.355462245394513957e+03 6.469465355864315592e-01
6.385587402296376240e+03 6.604653528600741286e-01
6.415712559198239433e+03 6.736743810407914701e-01
6.445837716100102625e+03 6.731978876245866550e-01
6.475962873001964908e+03 6.791757687413647604e-01
6.506088029903828101e+03 6.872404995784220372e-01
6.536213186805690384e+03 6.949448664713081536e-01
6.566338343707553577e+03 6.985071095374411065e-01
6.596463500609416769e+03 6.924618712549929223e-01
6.626588657511279052e+03 6.883520689226862999e-01
6.656713814413142245e+03 6.810532124716630609e-01
6.686838971315004528e+03 5.714887746517436362e-01
6.716964128216867721e+03 6.049474677300438197e-01
6.747089285118730913e+03 6.207402264514344514e-01
6.777214442020593197e+03 6.188360346125911793e-01
6.807339598922456389e+03 5.966197725291952914e-01
6.837464755824318672e+03 5.873358790653990802e-01
6.867589912726181865e+03 5.768677136137408956e-01
6.897715069628044148e+03 5.776925954460464530e-01
6.927840226529907341e+03 5.768033399706351538e-01
6.957965383431770533e+03 5.394176474738110461e-01
6.988090540333632816e+03 4.976390495035801775e-01
7.018215697235496009e+03 5.184845072821260281e-01
7.048340854137358292e+03 5.293943791056455739e-01
7.078466011039221485e+03 5.285250966562895503e-01
7.108591167941083768e+03 5.514159249039083388e-01
7.138716324842946960e+03 5.561576124526430576e-01
7.168841481744810153e+03 5.651751436519497629e-01
7.198966638646672436e+03 5.368061121603510122e-01
7.229091795548535629e+03 5.324246020856273631e-01
7.259216952450397912e+03 5.245507752548710378e-01
7.289342109352261105e+03 5.173645260617429908e-01
7.319467266254124297e+03 5.131161556814506364e-01
7.349592423155986580e+03 5.101544501259139830e-01
7.470093050763438441e+03 4.136766539048560842e-01
7.500218207665300724e+03 4.234110385569530566e-01
7.530343364567163917e+03 4.497641618648010597e-01
7.560468521469026200e+03 4.104942671303143387e-01
7.590593678370889393e+03 3.970978633731063745e-01
7.620718835272751676e+03 3.730271534739545980e-01
7.650843992174614868e+03 4.251317023202793588e-01
7.680969149076478061e+03 3.992957540019345664e-01
7.711094305978340344e+03 3.940655208489696748e-01
7.741219462880203537e+03 4.415590189970619583e-01
